Channel1	Channel2	Channel3	Channel4	Channel5	Channel6	Channel7	Channel8	FilteredChannel1	FilteredChannel2	FilteredChannel3	FilteredChannel4	FilteredChannel5	FilteredChannel6	FilteredChannel7	FilteredChannel8	GyroX	GyroY	GyroZ	AccX	AccY	AccZ	PPG1	PPG2	rawPPG1	rawPPG2	rawPPG3	Hr	Hrv	Battery	Trigger	PhysicalTrigger	AutoTrigger	NumMeasurements	Timestamp
8176.095000	14117.535000	21937.725000	16988.850000	-9593.955000	-6544.080000	1847.070000	12697.380000	-0.153536	-0.245762	3.806316	0.241547	9.189855	2.440883	1.503614	-2.746218	-1.632820	5.508860	-2.014320	0.952695	-0.280944	0.208068	-1.000000	-1.000000	-1.000000	-1.000000	-1.000000	-1.000000	-1.000000	83.310345	0.000000	-1.000000	-1.000000	906770.000000	1770063309.524271
8192.205000	14147.640000	21967.830000	17015.760000	-9604.305000	-6556.365000	1839.915000	12695.445000	-8.364819	-2.507499	5.086853	-3.974145	-4.515512	-3.516041	0.474616	-6.707181	2.472120	5.508860	-1.281840	0.954893	-0.278991	0.207031	-1.000000	-1.000000	-1.000000	-1.000000	-1.000000	-1.000000	-1.000000	83.310345	0.000000	-1.000000	-1.000000	906771.000000	1770063309.527388
8194.950000	14134.140000	21957.570000	17015.220000	-9582.345000	-6540.480000	1854.405000	12727.665000	-12.380720	-4.671195	4.905288	-6.347636	-19.341547	-9.389057	-1.328606	-7.710271	2.472120	5.508860	-1.281840	0.954893	-0.278991	0.207031	-1.000000	-1.000000	-1.000000	-1.000000	-1.000000	-1.000000	-1.000000	83.310345	0.000000	-1.000000	-1.000000	906772.000000	1770063309.527399
8173.800000	14105.340000	21934.485000	16999.020000	-9614.565000	-6551.415000	1856.385000	12730.005000	-9.695995	-4.595266	4.444814	-4.610813	-24.940688	-11.333839	-2.781437	-2.548979	2.472120	5.508860	-1.281840	0.954893	-0.278991	0.207031	-1.000000	-1.000000	-1.000000	-1.000000	-1.000000	-1.000000	-1.000000	83.310345	0.000000	-1.000000	-1.000000	906773.000000	1770063309.531452
8162.730000	14106.285000	21935.655000	16999.380000	-9624.690000	-6565.185000	1843.110000	12697.335000	-3.352699	-3.599362	2.308733	-0.912109	-18.867452	-8.507880	-2.995654	5.927701	2.472120	5.508860	-1.281840	0.954893	-0.278991	0.207031	-1.000000	-1.000000	-1.000000	-1.000000	-1.000000	-1.000000	-1.000000	83.310345	0.000000	-1.000000	-1.000000	906774.000000	1770063309.531462
8175.645000	14134.320000	21955.860000	17012.790000	-9597.600000	-6560.190000	1837.035000	12702.330000	1.807820	-2.673054	-1.811950	1.631936	-6.479009	-3.314406	-2.300999	10.499275	2.472120	5.508860	-1.281840	0.954893	-0.278991	0.207031	-1.000000	-1.000000	-1.000000	-1.000000	-1.000000	-1.000000	-1.000000	83.310345	0.000000	-1.000000	-1.000000	906775.000000	1770063309.535635
8157.510000	14121.855000	21930.255000	16993.755000	-9599.850000	-6563.790000	1829.385000	12720.240000	3.733695	-0.574407	-5.519321	2.107877	6.424745	1.850014	-1.514374	8.163415	2.472120	5.508860	-1.281840	0.954893	-0.278991	0.207031	-1.000000	-1.000000	-1.000000	-1.000000	-1.000000	-1.000000	-1.000000	83.310345	0.000000	-1.000000	-1.000000	906776.000000	1770063309.535644
8162.640000	14092.695000	21893.490000	16986.240000	-9582.165000	-6542.730000	1842.165000	12715.695000	3.523128	2.172761	-7.527732	0.755877	15.726796	5.938481	-0.849156	2.360042	2.472120	5.508860	-1.281840	0.954893	-0.278991	0.207031	-1.000000	-1.000000	-1.000000	-1.000000	-1.000000	-1.000000	-1.000000	83.310345	0.000000	-1.000000	-1.000000	906777.000000	1770063309.539631
8181.135000	14110.695000	21910.095000	17009.595000	-9548.055000	-6525.090000	1855.530000	12751.380000	3.403210	2.919753	-8.245312	-1.200341	19.682064	8.848306	0.293068	-2.022432	2.472120	5.508860	-1.281840	0.954893	-0.278991	0.207031	-1.000000	-1.000000	-1.000000	-1.000000	-1.000000	-1.000000	-1.000000	83.310345	0.000000	-1.000000	-1.000000	906778.000000	1770063309.539641
8216.010000	14158.800000	21944.430000	17012.115000	-9554.580000	-6527.970000	1862.415000	12780.405000	4.802397	1.733619	-6.549758	-1.604455	19.446831	10.413945	2.396398	-1.697496	2.472120	5.508860	-1.281840	0.954893	-0.278991	0.207031	-1.000000	-1.000000	-1.000000	-1.000000	-1.000000	-1.000000	-1.000000	83.310345	0.000000	-1.000000	-1.000000	906779.000000	1770063309.543774
8204.085000	14135.355000	21951.225000	17010.045000	-9568.575000	-6526.665000	1866.960000	12757.995000	6.872990	1.230133	-0.817453	-0.082261	15.512026	9.487485	4.669920	2.731753	2.472120	5.508860	-1.281840	0.954893	-0.278991	0.207031	-1.000000	-1.000000	-1.000000	-1.000000	-1.000000	-1.000000	-1.000000	83.310345	0.000000	-1.000000	-1.000000	906780.000000	1770063309.543824
8174.655000	14070.105000	21945.195000	16991.370000	-9594.450000	-6549.255000	1858.095000	12724.020000	6.576367	1.216849	7.360508	1.456153	6.470521	4.793506	5.151084	5.218053	-1.724380	5.127360	-1.648080	0.950498	-0.270751	0.206176	-1.000000	-1.000000	-1.000000	-1.000000	-1.000000	-1.000000	-1.000000	83.241379	0.000000	-1.000000	-1.000000	906781.000000	1770063309.547632
8189.235000	14111.055000	21969.135000	17003.115000	-9602.145000	-6558.840000	1854.045000	12732.660000	2.222239	-0.266433	13.943325	1.725113	-6.563737	-3.114656	2.532624	0.692874	-1.724380	5.127360	-1.648080	0.950498	-0.270751	0.206176	-1.000000	-1.000000	-1.000000	-1.000000	-1.000000	-1.000000	-1.000000	83.241379	0.000000	-1.000000	-1.000000	906782.000000	1770063309.547642
8209.800000	14132.565000	21968.280000	17015.040000	-9580.815000	-6547.725000	1856.790000	12745.305000	-3.503594	-1.652698	15.575880	1.360902	-17.957669	-10.680854	-1.808268	-7.542628	-1.724380	5.127360	-1.648080	0.950498	-0.270751	0.206176	-1.000000	-1.000000	-1.000000	-1.000000	-1.000000	-1.000000	-1.000000	83.241379	0.000000	-1.000000	-1.000000	906783.000000	1770063309.555244
8218.845000	14131.755000	21957.660000	17007.030000	-9589.770000	-6556.005000	1854.270000	12749.580000	-6.493804	-0.374198	10.724949	1.217909	-22.080676	-13.533550	-4.784062	-12.098939	-1.724380	5.127360	-1.648080	0.950498	-0.270751	0.206176	-1.000000	-1.000000	-1.000000	-1.000000	-1.000000	-1.000000	-1.000000	83.241379	0.000000	-1.000000	-1.000000	906784.000000	1770063309.555252
8196.795000	14118.570000	21949.110000	17002.170000	-9595.575000	-6559.560000	1849.050000	12727.710000	-5.664619	2.525875	1.001253	1.122269	-18.141210	-10.588499	-4.840396	-10.387926	-1.724380	5.127360	-1.648080	0.950498	-0.270751	0.206176	-1.000000	-1.000000	-1.000000	-1.000000	-1.000000	-1.000000	-1.000000	83.241379	0.000000	-1.000000	-1.000000	906785.000000	1770063309.555467
8190.045000	14122.620000	21951.405000	17006.715000	-9583.470000	-6547.725000	1852.965000	12722.670000	-3.398196	4.384104	-8.533552	0.651545	-9.534433	-4.474037	-3.072513	-5.493114	-1.724380	5.127360	-1.648080	0.950498	-0.270751	0.206176	-1.000000	-1.000000	-1.000000	-1.000000	-1.000000	-1.000000	-1.000000	83.241379	0.000000	-1.000000	-1.000000	906786.000000	1770063309.555475
8189.235000	14127.345000	21953.610000	17010.135000	-9577.845000	-6545.880000	1851.660000	12726.180000	-2.822903	3.426934	-13.562724	-0.376890	-0.124851	1.568718	-1.387205	-1.254664	-1.724380	5.127360	-1.648080	0.950498	-0.270751	0.206176	-1.000000	-1.000000	-1.000000	-1.000000	-1.000000	-1.000000	-1.000000	83.241379	0.000000	-1.000000	-1.000000	906787.000000	1770063309.561221
8205.930000	14130.900000	21957.705000	17013.555000	-9575.775000	-6546.915000	1850.760000	12733.785000	-4.486434	-0.794361	-13.796951	-1.838273	7.797813	5.710400	-0.633408	1.191516	-1.724380	5.127360	-1.648080	0.950498	-0.270751	0.206176	-1.000000	-1.000000	-1.000000	-1.000000	-1.000000	-1.000000	-1.000000	83.241379	0.000000	-1.000000	-1.000000	906788.000000	1770063309.561233
8194.320000	14138.280000	21957.930000	17006.670000	-9586.215000	-6552.720000	1848.870000	12734.460000	-5.564491	-5.492878	-10.733298	-2.894524	12.983733	7.370613	-0.467736	3.418207	-1.724380	5.127360	-1.648080	0.950498	-0.270751	0.206176	-1.000000	-1.000000	-1.000000	-1.000000	-1.000000	-1.000000	-1.000000	83.241379	0.000000	-1.000000	-1.000000	906789.000000	1770063309.564930
8190.630000	14157.585000	21973.815000	17013.465000	-9591.975000	-6566.490000	1838.835000	12732.885000	-3.098893	-5.446176	-5.102165	-2.423849	14.477719	6.717361	-0.194674	6.898549	-1.724380	5.127360	-1.648080	0.950498	-0.270751	0.206176	-1.000000	-1.000000	-1.000000	-1.000000	-1.000000	-1.000000	-1.000000	83.241379	0.000000	-1.000000	-1.000000	906790.000000	1770063309.564937
8188.965000	14133.105000	21954.105000	17005.095000	-9583.830000	-6553.305000	1852.470000	12734.685000	2.210678	-0.138740	1.658595	-0.545008	12.020539	4.620666	0.768603	10.377910	-7.202720	4.196500	-2.563680	0.949827	-0.265136	0.203857	-1.000000	-1.000000	-1.000000	-1.000000	-1.000000	-1.000000	-1.000000	83.241379	0.000000	-1.000000	-1.000000	906791.000000	1770063309.567607
8177.175000	14106.465000	21929.625000	16990.155000	-9586.665000	-6547.545000	1854.000000	12724.155000	6.354462	3.721583	6.109721	0.784285	6.208878	2.341475	2.696987	10.692391	-7.202720	4.196500	-2.563680	0.949827	-0.265136	0.203857	-1.000000	-1.000000	-1.000000	-1.000000	-1.000000	-1.000000	-1.000000	83.241379	0.000000	-1.000000	-1.000000	906792.000000	1770063309.567613
8183.655000	14106.195000	21929.400000	16992.720000	-9583.875000	-6542.280000	1856.520000	12730.455000	6.509433	1.084345	6.134121	0.223197	-1.231693	0.813258	4.952695	6.280249	-7.202720	4.196500	-2.563680	0.949827	-0.265136	0.203857	-1.000000	-1.000000	-1.000000	-1.000000	-1.000000	-1.000000	-1.000000	83.241379	0.000000	-1.000000	-1.000000	906793.000000	1770063309.571466
8178.885000	14110.425000	21935.205000	16999.785000	-9580.050000	-6550.965000	1846.710000	12728.925000	4.085935	-4.795448	3.887849	-0.845054	-7.397351	-0.125150	5.879710	-0.511677	-7.202720	4.196500	-2.563680	0.949827	-0.265136	0.203857	-1.000000	-1.000000	-1.000000	-1.000000	-1.000000	-1.000000	-1.000000	83.241379	0.000000	-1.000000	-1.000000	906794.000000	1770063309.571475
8173.530000	14124.375000	21948.210000	17006.220000	-9582.840000	-6555.600000	1842.435000	12715.110000	1.883507	-7.430365	2.854318	-0.483975	-10.186847	-1.722836	3.938802	-5.954732	-7.202720	4.196500	-2.563680	0.949827	-0.265136	0.203857	-1.000000	-1.000000	-1.000000	-1.000000	-1.000000	-1.000000	-1.000000	83.241379	0.000000	-1.000000	-1.000000	906795.000000	1770063309.576210
8209.395000	14152.365000	21971.385000	17021.835000	-9576.405000	-6552.765000	1850.265000	12727.485000	0.855164	-4.232847	3.948749	1.379141	-9.433143	-4.378356	-0.465127	-8.493903	-7.202720	4.196500	-2.563680	0.949827	-0.265136	0.203857	-1.000000	-1.000000	-1.000000	-1.000000	-1.000000	-1.000000	-1.000000	83.241379	0.000000	-1.000000	-1.000000	906796.000000	1770063309.576220
8242.515000	14161.185000	21980.970000	17035.830000	-9556.425000	-6528.330000	1878.570000	12771.045000	1.423282	2.888564	5.786304	3.769288	-5.518765	-6.038986	-4.327986	-7.475548	-7.202720	4.196500	-2.563680	0.949827	-0.265136	0.203857	-1.000000	-1.000000	-1.000000	-1.000000	-1.000000	-1.000000	-1.000000	83.241379	0.000000	-1.000000	-1.000000	906797.000000	1770063309.580994
8216.730000	14122.755000	21945.735000	17005.860000	-9578.340000	-6546.690000	1858.095000	12757.545000	3.642332	9.459443	5.908074	5.304841	0.633276	-4.338554	-4.772196	-2.372087	-7.202720	4.196500	-2.563680	0.949827	-0.265136	0.203857	-1.000000	-1.000000	-1.000000	-1.000000	-1.000000	-1.000000	-1.000000	83.241379	0.000000	-1.000000	-1.000000	906798.000000	1770063309.581004
8187.525000	14102.820000	21921.075000	16986.690000	-9591.390000	-6554.115000	1846.485000	12742.155000	4.705616	10.197251	1.667483	3.798153	6.000263	-0.065900	-2.518619	4.039558	-7.202720	4.196500	-2.563680	0.949827	-0.265136	0.203857	-1.000000	-1.000000	-1.000000	-1.000000	-1.000000	-1.000000	-1.000000	83.241379	0.000000	-1.000000	-1.000000	906799.000000	1770063309.583484
8160.930000	14115.330000	21939.030000	17007.390000	-9571.320000	-6534.810000	1855.890000	12709.260000	0.803575	3.903952	-5.986621	-1.094243	7.260332	3.565847	-0.567115	6.352034	-7.202720	4.196500	-2.563680	0.949827	-0.265136	0.203857	-1.000000	-1.000000	-1.000000	-1.000000	-1.000000	-1.000000	-1.000000	83.241379	0.000000	-1.000000	-1.000000	906800.000000	1770063309.583491
8169.300000	14123.655000	21950.370000	17008.245000	-9575.280000	-6541.560000	1852.245000	12703.185000	-7.332858	-3.839851	-10.954980	-5.617898	4.448949	4.522111	-0.251829	2.116031	-5.722500	4.867940	-0.274680	0.946043	-0.268676	0.206909	-1.000000	-1.000000	-1.000000	-1.000000	-1.000000	-1.000000	-1.000000	83.241379	0.000000	-1.000000	-1.000000	906801.000000	1770063309.587443
8180.775000	14135.895000	21956.355000	17014.995000	-9563.355000	-6533.370000	1856.655000	12718.440000	-13.634158	-6.566427	-8.389316	-5.973620	0.402251	3.036508	-0.671057	-5.128754	-5.722500	4.867940	-0.274680	0.946043	-0.268676	0.206909	-1.000000	-1.000000	-1.000000	-1.000000	-1.000000	-1.000000	-1.000000	83.241379	0.000000	-1.000000	-1.000000	906802.000000	1770063309.587452
8212.095000	14141.610000	21966.930000	17032.410000	-9543.285000	-6522.255000	1860.975000	12740.805000	-12.103703	-3.320023	-0.219800	-2.360638	-2.138131	0.724775	-0.478669	-8.682541	-5.722500	4.867940	-0.274680	0.946043	-0.268676	0.206909	-1.000000	-1.000000	-1.000000	-1.000000	-1.000000	-1.000000	-1.000000	83.241379	0.000000	-1.000000	-1.000000	906803.000000	1770063309.591386
8243.235000	14146.155000	21972.960000	17032.455000	-9560.745000	-6536.070000	1862.820000	12776.400000	-2.175728	1.705061	7.332838	2.233519	-2.245299	-0.842248	0.791054	-4.472838	-5.722500	4.867940	-0.274680	0.946043	-0.268676	0.206909	-1.000000	-1.000000	-1.000000	-1.000000	-1.000000	-1.000000	-1.000000	83.241379	0.000000	-1.000000	-1.000000	906804.000000	1770063309.591395
8188.425000	14131.350000	21969.135000	17034.480000	-9550.080000	-6515.415000	1883.205000	12770.370000	9.268532	3.401054	9.076752	4.512805	-1.290595	-1.490855	2.341074	4.922604	-5.722500	4.867940	-0.274680	0.946043	-0.268676	0.206909	-1.000000	-1.000000	-1.000000	-1.000000	-1.000000	-1.000000	-1.000000	83.241379	0.000000	-1.000000	-1.000000	906805.000000	1770063309.595574
8148.420000	14124.735000	21960.135000	17025.525000	-9557.865000	-6523.155000	1874.745000	12711.780000	12.130583	0.236812	4.307277	3.039329	-0.982815	-1.715260	2.909472	11.067985	-5.722500	4.867940	-0.274680	0.946043	-0.268676	0.206909	-1.000000	-1.000000	-1.000000	-1.000000	-1.000000	-1.000000	-1.000000	83.241379	0.000000	-1.000000	-1.000000	906806.000000	1770063309.595580
8181.495000	14123.610000	21940.245000	16994.295000	-9600.075000	-6570.495000	1839.195000	12708.495000	4.328958	-4.252391	-3.052489	-0.795017	-1.683508	-2.071582	1.626858	7.400918	-5.722500	4.867940	-0.274680	0.946043	-0.268676	0.206909	-1.000000	-1.000000	-1.000000	-1.000000	-1.000000	-1.000000	-1.000000	83.241379	0.000000	-1.000000	-1.000000	906807.000000	1770063309.599472
8196.435000	14109.165000	21929.760000	16989.480000	-9592.920000	-6559.065000	1843.065000	12704.265000	-4.603817	-5.585640	-8.111811	-4.565364	-3.141051	-3.286483	-1.442829	-2.928239	-5.722500	4.867940	-0.274680	0.946043	-0.268676	0.206909	-1.000000	-1.000000	-1.000000	-1.000000	-1.000000	-1.000000	-1.000000	83.241379	0.000000	-1.000000	-1.000000	906808.000000	1770063309.599480
8187.885000	14120.370000	21942.180000	17001.360000	-9583.515000	-6555.465000	1841.130000	12683.520000	-5.457380	-3.030841	-8.557580	-6.379181	-4.343892	-4.721215	-4.712728	-10.831133	-5.722500	4.867940	-0.274680	0.946043	-0.268676	0.206909	-1.000000	-1.000000	-1.000000	-1.000000	-1.000000	-1.000000	-1.000000	83.241379	0.000000	-1.000000	-1.000000	906809.000000	1770063309.607307
8180.100000	14144.760000	21960.720000	17014.815000	-9580.635000	-6563.700000	1832.985000	12679.920000	0.648955	1.402302	-4.651736	-4.867820	-3.507576	-4.425467	-5.999020	-11.173781	-5.722500	4.867940	-0.274680	0.946043	-0.268676	0.206909	-1.000000	-1.000000	-1.000000	-1.000000	-1.000000	-1.000000	-1.000000	83.241379	0.000000	-1.000000	-1.000000	906810.000000	1770063309.607318
8181.720000	14108.715000	21932.685000	17011.620000	-9560.790000	-6532.020000	1857.195000	12730.455000	6.208496	5.100050	1.293143	-0.336592	-0.111059	-1.400019	-4.161350	-4.915991	2.456860	7.477400	-0.137340	0.944395	-0.273498	0.209533	-1.000000	-1.000000	-1.000000	-1.000000	-1.000000	-1.000000	-1.000000	83.241379	0.000000	-1.000000	-1.000000	906811.000000	1770063309.607433
8192.070000	14100.660000	21915.225000	17006.805000	-9562.905000	-6537.510000	1853.415000	12759.255000	5.963874	5.006531	4.986033	4.268606	4.279567	3.663659	0.410284	4.671888	2.456860	7.477400	-0.137340	0.944395	-0.273498	0.209533	-1.000000	-1.000000	-1.000000	-1.000000	-1.000000	-1.000000	-1.000000	83.241379	0.000000	-1.000000	-1.000000	906812.000000	1770063309.607443
8166.960000	14111.640000	21900.285000	17011.305000	-9552.735000	-6535.620000	1847.205000	12713.985000	0.112038	0.530695	3.371024	5.863423	7.503159	8.418297	5.260807	12.402548	2.456860	7.477400	-0.137340	0.944395	-0.273498	0.209533	-1.000000	-1.000000	-1.000000	-1.000000	-1.000000	-1.000000	-1.000000	83.241379	0.000000	-1.000000	-1.000000	906813.000000	1770063309.611406
8171.595000	14137.380000	21928.185000	17009.955000	-9567.450000	-6550.470000	1839.870000	12698.235000	-6.749311	-4.018896	-1.423159	4.192380	7.917488	9.543381	6.791289	12.447313	2.456860	7.477400	-0.137340	0.944395	-0.273498	0.209533	-1.000000	-1.000000	-1.000000	-1.000000	-1.000000	-1.000000	-1.000000	83.241379	0.000000	-1.000000	-1.000000	906814.000000	1770063309.611412
8190.135000	14130.855000	21920.220000	17004.060000	-9571.770000	-6541.695000	1857.555000	12730.860000	-8.528012	-3.658590	-3.619690	1.533030	5.188020	6.053700	4.389035	5.419888	2.456860	7.477400	-0.137340	0.944395	-0.273498	0.209533	-1.000000	-1.000000	-1.000000	-1.000000	-1.000000	-1.000000	-1.000000	83.241379	0.000000	-1.000000	-1.000000	906815.000000	1770063309.615654
8191.080000	14110.695000	21928.050000	16990.065000	-9595.890000	-6552.495000	1862.955000	12756.600000	-3.318083	1.289104	0.073945	0.267424	0.934366	1.089783	1.768099	-1.020402	2.456860	7.477400	-0.137340	0.944395	-0.273498	0.209533	-1.000000	-1.000000	-1.000000	-1.000000	-1.000000	-1.000000	-1.000000	83.241379	0.000000	-1.000000	-1.000000	906816.000000	1770063309.615664
8196.480000	14117.805000	21950.145000	17000.055000	-9581.175000	-6547.545000	1860.480000	12756.060000	4.457279	5.982092	7.466917	0.677901	-2.959613	-2.237735	1.661606	-1.514239	2.456860	7.477400	-0.137340	0.944395	-0.273498	0.209533	-1.000000	-1.000000	-1.000000	-1.000000	-1.000000	-1.000000	-1.000000	83.241379	0.000000	-1.000000	-1.000000	906817.000000	1770063309.619453
8197.560000	14126.085000	21964.410000	17004.555000	-9564.615000	-6542.325000	1854.945000	12750.120000	9.299156	6.613587	13.358481	1.228347	-5.313836	-3.719467	2.458258	2.046388	2.456860	7.477400	-0.137340	0.944395	-0.273498	0.209533	-1.000000	-1.000000	-1.000000	-1.000000	-1.000000	-1.000000	-1.000000	83.241379	0.000000	-1.000000	-1.000000	906818.000000	1770063309.619462
8197.785000	14144.985000	22003.245000	17029.980000	-9546.075000	-6537.420000	1847.295000	12729.240000	8.970788	3.303901	13.871058	0.903913	-5.044406	-3.984723	1.378033	3.707459	2.456860	7.477400	-0.137340	0.944395	-0.273498	0.209533	-1.000000	-1.000000	-1.000000	-1.000000	-1.000000	-1.000000	-1.000000	83.241379	0.000000	-1.000000	-1.000000	906819.000000	1770063309.625587
8198.820000	14140.215000	21990.195000	17022.285000	-9570.195000	-6546.420000	1853.820000	12726.540000	4.085590	-0.797745	9.110574	0.099903	-2.790816	-3.829487	-2.279145	-1.355737	2.456860	7.477400	-0.137340	0.944395	-0.273498	0.209533	-1.000000	-1.000000	-1.000000	-1.000000	-1.000000	-1.000000	-1.000000	83.241379	0.000000	-1.000000	-1.000000	906820.000000	1770063309.625596
8187.570000	14118.210000	21960.585000	17009.730000	-9589.590000	-6548.805000	1860.120000	12733.695000	-3.157811	-3.274722	1.041956	-0.962270	-1.392780	-4.044299	-6.447361	-11.740224	-0.640920	6.378680	-0.137340	0.941648	-0.267761	0.206420	-1.000000	-1.000000	-1.000000	-1.000000	-1.000000	-1.000000	-1.000000	83.241379	0.000000	-1.000000	-1.000000	906821.000000	1770063309.627639
8187.840000	14135.625000	21975.255000	17029.485000	-9564.345000	-6535.665000	1865.160000	12743.415000	-9.248665	-4.677677	-8.555800	-2.486830	-2.127335	-3.948556	-7.921017	-19.100202	-0.640920	6.378680	-0.137340	0.941648	-0.267761	0.206420	-1.000000	-1.000000	-1.000000	-1.000000	-1.000000	-1.000000	-1.000000	83.241379	0.000000	-1.000000	-1.000000	906822.000000	1770063309.627645
8210.160000	14187.195000	22018.095000	17056.845000	-9557.550000	-6534.540000	1878.120000	12763.755000	-10.413414	-5.001628	-15.965363	-3.085253	-2.430513	-2.041815	-5.291528	-15.594689	-0.640920	6.378680	-0.137340	0.941648	-0.267761	0.206420	-1.000000	-1.000000	-1.000000	-1.000000	-1.000000	-1.000000	-1.000000	83.241379	0.000000	-1.000000	-1.000000	906823.000000	1770063309.634337
8210.070000	14165.595000	21991.725000	17038.350000	-9563.850000	-6533.370000	1875.285000	12740.535000	-5.825896	-2.386599	-16.736285	-0.898916	0.560300	1.874771	0.010944	-2.630554	-0.640920	6.378680	-0.137340	0.941648	-0.267761	0.206420	-1.000000	-1.000000	-1.000000	-1.000000	-1.000000	-1.000000	-1.000000	83.241379	0.000000	-1.000000	-1.000000	906824.000000	1770063309.634348
8175.600000	14113.845000	21944.520000	17000.325000	-9589.905000	-6558.120000	1844.055000	12701.970000	0.584319	1.794717	-11.751669	2.301026	5.433348	5.632600	4.383770	9.661799	-0.640920	6.378680	-0.137340	0.941648	-0.267761	0.206420	-1.000000	-1.000000	-1.000000	-1.000000	-1.000000	-1.000000	-1.000000	83.241379	0.000000	-1.000000	-1.000000	906825.000000	1770063309.636113
8168.805000	14099.625000	21924.135000	16977.060000	-9612.855000	-6577.830000	1828.980000	12712.680000	3.578853	2.392476	-7.126913	1.832187	7.101386	5.791941	4.350724	12.983197	-0.640920	6.378680	-0.137340	0.941648	-0.267761	0.206420	-1.000000	-1.000000	-1.000000	-1.000000	-1.000000	-1.000000	-1.000000	83.241379	0.000000	-1.000000	-1.000000	906826.000000	1770063309.636123
8177.310000	14116.635000	21943.440000	17004.105000	-9577.980000	-6548.895000	1839.690000	12718.260000	2.034311	-2.400442	-6.173489	-3.522942	2.818550	1.585271	0.348454	8.657202	-0.640920	6.378680	-0.137340	0.941648	-0.267761	0.206420	-1.000000	-1.000000	-1.000000	-1.000000	-1.000000	-1.000000	-1.000000	83.241379	0.000000	-1.000000	-1.000000	906827.000000	1770063309.639495
8185.770000	14116.635000	21952.755000	17011.620000	-9573.480000	-6542.775000	1843.650000	12714.615000	-0.633718	-7.971618	-5.734224	-8.966497	-3.786407	-3.197533	-3.373630	3.106995	-0.640920	6.378680	-0.137340	0.941648	-0.267761	0.206420	-1.000000	-1.000000	-1.000000	-1.000000	-1.000000	-1.000000	-1.000000	83.241379	0.000000	-1.000000	-1.000000	906828.000000	1770063309.639502
8235.630000	14112.585000	21958.425000	17015.535000	-9573.345000	-6543.270000	1853.370000	12740.445000	-0.400211	-8.570984	-0.942363	-8.903375	-6.716343	-4.445923	-3.474430	0.259669	-0.640920	6.378680	-0.137340	0.941648	-0.267761	0.206420	-1.000000	-1.000000	-1.000000	-1.000000	-1.000000	-1.000000	-1.000000	83.241379	0.000000	-1.000000	-1.000000	906829.000000	1770063309.643444
8249.985000	14086.800000	21936.240000	16996.275000	-9586.395000	-6556.140000	1847.475000	12743.280000	4.424006	-3.244355	8.662451	-2.750144	-4.020792	-2.046789	-0.298322	0.587980	-0.640920	6.378680	-0.137340	0.941648	-0.267761	0.206420	-1.000000	-1.000000	-1.000000	-1.000000	-1.000000	-1.000000	-1.000000	83.241379	0.000000	-1.000000	-1.000000	906830.000000	1770063309.643450
8213.805000	14100.120000	21946.095000	17001.495000	-9583.020000	-6554.430000	1845.450000	12736.170000	10.701031	3.626142	17.473463	4.750573	0.951093	0.951618	3.271623	2.424283	-5.814060	6.409200	-0.747740	0.940183	-0.263671	0.204345	-1.000000	-1.000000	-1.000000	-1.000000	-1.000000	-1.000000	-1.000000	83.241379	0.000000	-1.000000	-1.000000	906831.000000	1770063309.648038
8104.680000	14116.185000	21960.315000	17023.230000	-9558.045000	-6537.780000	1850.805000	12717.360000	10.036772	7.411116	19.294471	8.893841	4.361620	2.382282	4.604000	2.668319	-5.814060	6.409200	-0.747740	0.940183	-0.263671	0.204345	-1.000000	-1.000000	-1.000000	-1.000000	-1.000000	-1.000000	-1.000000	83.241379	0.000000	-1.000000	-1.000000	906832.000000	1770063309.648046
8137.080000	14136.795000	21955.365000	17017.335000	-9562.860000	-6541.605000	1846.260000	12713.355000	-2.216271	8.440801	14.041787	9.566664	5.879711	2.806197	3.515714	-0.187552	-5.814060	6.409200	-0.747740	0.940183	-0.263671	0.204345	-1.000000	-1.000000	-1.000000	-1.000000	-1.000000	-1.000000	-1.000000	83.241379	0.000000	-1.000000	-1.000000	906833.000000	1770063309.651519
8184.195000	14140.530000	21944.745000	17002.575000	-9577.215000	-6548.625000	1845.810000	12724.470000	-16.766413	10.156163	6.379905	8.836269	6.288498	3.243251	1.882808	-3.628974	-5.814060	6.409200	-0.747740	0.940183	-0.263671	0.204345	-1.000000	-1.000000	-1.000000	-1.000000	-1.000000	-1.000000	-1.000000	83.241379	0.000000	-1.000000	-1.000000	906834.000000	1770063309.651528
8175.510000	14126.580000	21940.335000	16997.580000	-9580.680000	-6549.795000	1848.060000	12728.655000	-19.297820	12.344738	-0.350134	6.795515	4.693753	3.263041	1.318284	-4.232027	-5.814060	6.409200	-0.747740	0.940183	-0.263671	0.204345	-1.000000	-1.000000	-1.000000	-1.000000	-1.000000	-1.000000	-1.000000	83.241379	0.000000	-1.000000	-1.000000	906835.000000	1770063309.660075
8167.320000	14117.985000	21939.030000	16997.580000	-9576.540000	-6542.190000	1853.685000	12726.315000	-7.935164	10.219003	-6.037578	2.053893	-0.009705	1.627238	1.517782	-1.912130	-5.814060	6.409200	-0.747740	0.940183	-0.263671	0.204345	-1.000000	-1.000000	-1.000000	-1.000000	-1.000000	-1.000000	-1.000000	83.241379	0.000000	-1.000000	-1.000000	906836.000000	1770063309.660088
8159.130000	14105.160000	21928.410000	16989.570000	-9579.690000	-6536.430000	1854.180000	12717.585000	6.709171	1.294031	-11.020219	-5.085727	-6.458287	-1.715585	0.982135	0.526173	-5.814060	6.409200	-0.747740	0.940183	-0.263671	0.204345	-1.000000	-1.000000	-1.000000	-1.000000	-1.000000	-1.000000	-1.000000	83.241379	0.000000	-1.000000	-1.000000	906837.000000	1770063309.663047
8160.120000	14108.670000	21934.170000	16996.185000	-9575.955000	-6540.705000	1852.380000	12721.500000	13.824086	-10.276932	-13.611730	-11.220290	-10.693199	-4.756012	-1.065614	0.504243	-5.814060	6.409200	-0.747740	0.940183	-0.263671	0.204345	-1.000000	-1.000000	-1.000000	-1.000000	-1.000000	-1.000000	-1.000000	83.241379	0.000000	-1.000000	-1.000000	906838.000000	1770063309.663057
8163.855000	14091.795000	21914.370000	16982.325000	-9586.080000	-6549.300000	1847.295000	12716.685000	10.864161	-17.613584	-11.708640	-12.489697	-9.731888	-5.561245	-3.857503	-1.845360	-5.814060	6.409200	-0.747740	0.940183	-0.263671	0.204345	-1.000000	-1.000000	-1.000000	-1.000000	-1.000000	-1.000000	-1.000000	83.241379	0.000000	-1.000000	-1.000000	906839.000000	1770063309.664917
8175.780000	14111.865000	21933.720000	16995.735000	-9584.145000	-6552.495000	1842.930000	12715.605000	4.110213	-17.472566	-6.096797	-8.434591	-4.625745	-4.296095	-5.899485	-3.935490	-5.814060	6.409200	-0.747740	0.940183	-0.263671	0.204345	-1.000000	-1.000000	-1.000000	-1.000000	-1.000000	-1.000000	-1.000000	83.241379	0.000000	-1.000000	-1.000000	906840.000000	1770063309.664926
8169.615000	14132.610000	21965.355000	17017.740000	-9576.090000	-6559.695000	1835.415000	12715.650000	1.681918	-10.966697	0.869255	-1.481289	1.206645	-2.448847	-6.216800	-3.313562	-8.621900	6.683880	-1.510740	0.936094	-0.264343	0.205810	-1.000000	-1.000000	-1.000000	-1.000000	-1.000000	-1.000000	-1.000000	83.241379	0.000000	-1.000000	-1.000000	906841.000000	1770063309.667545
8175.870000	14132.520000	21972.960000	17020.530000	-9575.505000	-6558.480000	1836.135000	12718.080000	4.458397	-0.903166	8.102963	6.080286	5.564216	-0.833862	-4.490972	0.360885	-8.621900	6.683880	-1.510740	0.936094	-0.264343	0.205810	-1.000000	-1.000000	-1.000000	-1.000000	-1.000000	-1.000000	-1.000000	83.241379	0.000000	-1.000000	-1.000000	906842.000000	1770063309.667555
8159.760000	14098.320000	21952.800000	17018.685000	-9555.795000	-6525.450000	1857.690000	12722.220000	5.885372	8.329294	13.775662	12.106081	8.338416	1.461252	-0.599854	4.913452	-8.621900	6.683880	-1.510740	0.936094	-0.264343	0.205810	-1.000000	-1.000000	-1.000000	-1.000000	-1.000000	-1.000000	-1.000000	83.241379	0.000000	-1.000000	-1.000000	906843.000000	1770063309.671528
8171.235000	14112.495000	21953.745000	17017.650000	-9561.645000	-6529.770000	1855.755000	12724.020000	1.385080	12.193486	14.135426	13.724816	9.458085	5.136287	4.605216	7.271030	-8.621900	6.683880	-1.510740	0.936094	-0.264343	0.205810	-1.000000	-1.000000	-1.000000	-1.000000	-1.000000	-1.000000	-1.000000	83.241379	0.000000	-1.000000	-1.000000	906844.000000	1770063309.671535
8182.980000	14106.330000	21938.445000	17005.860000	-9565.560000	-6529.590000	1857.510000	12728.115000	-6.098618	10.066170	7.462593	9.127966	7.590069	7.991961	8.449814	6.131902	-8.621900	6.683880	-1.510740	0.936094	-0.264343	0.205810	-1.000000	-1.000000	-1.000000	-1.000000	-1.000000	-1.000000	-1.000000	83.241379	0.000000	-1.000000	-1.000000	906845.000000	1770063309.675484
8192.295000	14098.455000	21936.555000	16998.075000	-9572.805000	-6534.540000	1854.855000	12727.170000	-10.721671	4.979918	-3.182798	-0.155571	2.232604	6.991409	8.302257	2.501605	-8.621900	6.683880	-1.510740	0.936094	-0.264343	0.205810	-1.000000	-1.000000	-1.000000	-1.000000	-1.000000	-1.000000	-1.000000	83.241379	0.000000	-1.000000	-1.000000	906846.000000	1770063309.675495
8177.310000	14107.545000	21961.170000	17009.910000	-9574.695000	-6542.550000	1847.115000	12718.890000	-10.211682	0.203398	-11.624367	-9.378604	-4.430868	2.125465	4.091644	-1.897427	-8.621900	6.683880	-1.510740	0.936094	-0.264343	0.205810	-1.000000	-1.000000	-1.000000	-1.000000	-1.000000	-1.000000	-1.000000	83.241379	0.000000	-1.000000	-1.000000	906847.000000	1770063309.682190
8189.145000	14120.145000	21971.970000	17019.765000	-9567.990000	-6538.815000	1852.110000	12726.495000	-6.272043	-2.187154	-12.740374	-13.379654	-8.928857	-3.674875	-1.699768	-5.371996	-8.621900	6.683880	-1.510740	0.936094	-0.264343	0.205810	-1.000000	-1.000000	-1.000000	-1.000000	-1.000000	-1.000000	-1.000000	83.241379	0.000000	-1.000000	-1.000000	906848.000000	1770063309.682201
8222.805000	14137.965000	21970.710000	17022.870000	-9565.245000	-6537.465000	1852.695000	12736.395000	-0.513454	-2.050806	-7.043166	-10.614324	-9.105362	-7.114188	-5.806756	-6.154702	-8.621900	6.683880	-1.510740	0.936094	-0.264343	0.205810	-1.000000	-1.000000	-1.000000	-1.000000	-1.000000	-1.000000	-1.000000	83.241379	0.000000	-1.000000	-1.000000	906849.000000	1770063309.683489
8196.120000	14089.545000	21926.970000	16998.705000	-9576.630000	-6545.880000	1849.995000	12732.750000	5.915907	-1.694275	-0.740628	-4.475102	-5.686797	-6.773088	-6.292425	-3.618085	-8.621900	6.683880	-1.510740	0.936094	-0.264343	0.205810	-1.000000	-1.000000	-1.000000	-1.000000	-1.000000	-1.000000	-1.000000	83.241379	0.000000	-1.000000	-1.000000	906850.000000	1770063309.683498
8115.120000	14072.175000	21930.120000	17005.275000	-9565.020000	-6532.515000	1856.430000	12720.690000	8.404797	-3.733760	0.773767	0.534354	-1.174564	-3.664779	-3.679979	0.260944	-11.002460	6.516020	-3.021480	0.931882	-0.264709	0.208435	-1.000000	-1.000000	-1.000000	-1.000000	-1.000000	-1.000000	-1.000000	83.241379	0.000000	-1.000000	-1.000000	906851.000000	1770063309.687578
8150.535000	14128.605000	21968.460000	17030.070000	-9549.270000	-6521.445000	1868.940000	12757.095000	2.805924	-6.462477	-0.890712	3.319371	2.607430	0.063626	-0.098943	2.785005	-11.002460	6.516020	-3.021480	0.931882	-0.264709	0.208435	-1.000000	-1.000000	-1.000000	-1.000000	-1.000000	-1.000000	-1.000000	83.241379	0.000000	-1.000000	-1.000000	906852.000000	1770063309.687588
8168.805000	14152.005000	21990.420000	17055.315000	-9520.065000	-6487.740000	1895.760000	12739.455000	-6.279684	-4.485105	0.170258	5.769427	5.446539	3.132200	2.864730	3.360894	-11.002460	6.516020	-3.021480	0.931882	-0.264709	0.208435	-1.000000	-1.000000	-1.000000	-1.000000	-1.000000	-1.000000	-1.000000	83.241379	0.000000	-1.000000	-1.000000	906853.000000	1770063309.691472
8180.370000	14143.860000	21949.920000	17018.910000	-9553.410000	-6522.480000	1852.245000	12665.385000	-10.069782	3.362955	5.458608	8.405953	7.255234	5.112438	4.299874	1.382011	-11.002460	6.516020	-3.021480	0.931882	-0.264709	0.208435	-1.000000	-1.000000	-1.000000	-1.000000	-1.000000	-1.000000	-1.000000	83.241379	0.000000	-1.000000	-1.000000	906854.000000	1770063309.691484
8202.780000	14152.680000	21922.785000	16988.895000	-9588.330000	-6562.215000	1815.930000	12660.480000	-5.433538	11.455261	9.386915	8.164944	6.069938	4.284969	2.324833	-4.466136	-11.002460	6.516020	-3.021480	0.931882	-0.264709	0.208435	-1.000000	-1.000000	-1.000000	-1.000000	-1.000000	-1.000000	-1.000000	83.241379	0.000000	-1.000000	-1.000000	906855.000000	1770063309.699297
8192.880000	14126.310000	21914.910000	16988.580000	-9581.805000	-6549.975000	1840.680000	12721.635000	4.141144	13.189736	6.243483	2.394097	0.468885	-0.443553	-3.186463	-10.460427	-11.002460	6.516020	-3.021480	0.931882	-0.264709	0.208435	-1.000000	-1.000000	-1.000000	-1.000000	-1.000000	-1.000000	-1.000000	83.241379	0.000000	-1.000000	-1.000000	906856.000000	1770063309.699310
8176.005000	14106.105000	21905.685000	16989.030000	-9577.215000	-6541.065000	1852.920000	12745.035000	11.777787	5.752893	-2.981870	-6.429028	-6.591120	-5.834655	-7.629895	-8.840813	-11.002460	6.516020	-3.021480	0.931882	-0.264709	0.208435	-1.000000	-1.000000	-1.000000	-1.000000	-1.000000	-1.000000	-1.000000	83.241379	0.000000	-1.000000	-1.000000	906857.000000	1770063309.699559
8184.690000	14118.480000	21925.080000	17000.910000	-9575.190000	-6545.520000	1844.505000	12743.595000	11.871560	-7.518192	-11.403300	-12.308935	-10.057446	-7.231602	-6.498505	1.877835	-11.002460	6.516020	-3.021480	0.931882	-0.264709	0.208435	-1.000000	-1.000000	-1.000000	-1.000000	-1.000000	-1.000000	-1.000000	83.241379	0.000000	-1.000000	-1.000000	906858.000000	1770063309.699569
8178.210000	14119.200000	21932.055000	17008.200000	-9568.800000	-6541.830000	1847.700000	12737.880000	5.514004	-17.443230	-11.788834	-10.690951	-7.529147	-3.618784	-0.600390	14.112794	-11.002460	6.516020	-3.021480	0.931882	-0.264709	0.208435	-1.000000	-1.000000	-1.000000	-1.000000	-1.000000	-1.000000	-1.000000	83.241379	0.000000	-1.000000	-1.000000	906859.000000	1770063309.703462
8176.725000	14110.920000	21925.485000	16998.345000	-9578.385000	-6544.125000	1853.235000	12737.880000	-0.948929	-16.712694	-3.152450	-2.406172	-0.992783	1.993751	5.673764	19.016930	-11.002460	6.516020	-3.021480	0.931882	-0.264709	0.208435	-1.000000	-1.000000	-1.000000	-1.000000	-1.000000	-1.000000	-1.000000	83.241379	0.000000	-1.000000	-1.000000	906860.000000	1770063309.703472
8175.825000	14123.880000	21939.255000	17002.485000	-9581.310000	-6539.265000	1860.120000	12731.985000	-3.802569	-7.445050	7.583267	6.333022	4.610537	5.432593	8.410302	13.214965	-9.476460	9.125480	-4.288060	0.930173	-0.263549	0.203613	-1.000000	-1.000000	-1.000000	-1.000000	-1.000000	-1.000000	-1.000000	83.241379	0.000000	-1.000000	-1.000000	906861.000000	1770063309.710980
8186.130000	14132.385000	21952.260000	17020.485000	-9565.875000	-6532.695000	1858.905000	12717.090000	-4.623143	2.853016	13.085948	10.074176	5.973894	4.874618	6.536984	0.532807	-9.476460	9.125480	-4.288060	0.930173	-0.263549	0.203613	-1.000000	-1.000000	-1.000000	-1.000000	-1.000000	-1.000000	-1.000000	83.241379	0.000000	-1.000000	-1.000000	906862.000000	1770063309.710988
8186.310000	14126.760000	21949.245000	17021.025000	-9565.965000	-6530.130000	1860.750000	12704.445000	-5.526080	9.336607	12.386954	9.281261	4.793976	2.558524	2.561847	-10.678655	-9.476460	9.125480	-4.288060	0.930173	-0.263549	0.203613	-1.000000	-1.000000	-1.000000	-1.000000	-1.000000	-1.000000	-1.000000	83.241379	0.000000	-1.000000	-1.000000	906863.000000	1770063309.714862
8199.585000	14142.015000	21964.905000	17029.845000	-9571.050000	-6543.000000	1855.170000	12728.070000	-6.185556	11.218028	8.609762	7.378995	4.518237	1.898388	0.110969	-14.297450	-9.476460	9.125480	-4.288060	0.930173	-0.263549	0.203613	-1.000000	-1.000000	-1.000000	-1.000000	-1.000000	-1.000000	-1.000000	83.241379	0.000000	-1.000000	-1.000000	906864.000000	1770063309.714874
8208.675000	14145.255000	21968.100000	17028.630000	-9575.280000	-6547.680000	1853.685000	12759.570000	-4.809017	9.968627	4.145892	5.482667	5.144224	2.745010	-0.439803	-10.635168	-9.476460	9.125480	-4.288060	0.930173	-0.263549	0.203613	-1.000000	-1.000000	-1.000000	-1.000000	-1.000000	-1.000000	-1.000000	83.241379	0.000000	-1.000000	-1.000000	906865.000000	1770063309.716558
8206.245000	14139.090000	21963.510000	17023.635000	-9577.215000	-6542.325000	1863.720000	12768.435000	-0.664386	7.246885	-0.596971	2.166549	3.980791	2.277794	-1.279919	-3.787324	-9.476460	9.125480	-4.288060	0.930173	-0.263549	0.203613	-1.000000	-1.000000	-1.000000	-1.000000	-1.000000	-1.000000	-1.000000	83.241379	0.000000	-1.000000	-1.000000	906866.000000	1770063309.716568
8202.240000	14145.660000	21980.610000	17039.025000	-9565.695000	-6531.795000	1868.535000	12753.900000	4.171496	3.489447	-5.592431	-3.091823	0.175876	-0.140652	-2.766835	2.291207	-9.476460	9.125480	-4.288060	0.930173	-0.263549	0.203613	-1.000000	-1.000000	-1.000000	-1.000000	-1.000000	-1.000000	-1.000000	83.241379	0.000000	-1.000000	-1.000000	906867.000000	1770063309.719532
8175.420000	14128.335000	21987.855000	17046.000000	-9561.735000	-6535.890000	1857.195000	12733.155000	6.638026	-0.939617	-9.374753	-8.009921	-4.079037	-2.663837	-3.683244	4.864103	-9.476460	9.125480	-4.288060	0.930173	-0.263549	0.203613	-1.000000	-1.000000	-1.000000	-1.000000	-1.000000	-1.000000	-1.000000	83.241379	0.000000	-1.000000	-1.000000	906868.000000	1770063309.719543
8194.770000	14128.920000	21995.685000	17048.475000	-9565.425000	-6538.500000	1858.410000	12739.140000	5.465512	-5.280841	-10.180312	-9.766601	-6.325013	-4.147097	-4.000978	3.088606	-9.476460	9.125480	-4.288060	0.930173	-0.263549	0.203613	-1.000000	-1.000000	-1.000000	-1.000000	-1.000000	-1.000000	-1.000000	83.241379	0.000000	-1.000000	-1.000000	906869.000000	1770063309.723491
8219.430000	14126.535000	21981.600000	17038.350000	-9576.945000	-6540.840000	1864.395000	12752.595000	2.104742	-8.905176	-8.471071	-8.206546	-6.281275	-4.848321	-4.153193	-0.585458	-9.476460	9.125480	-4.288060	0.930173	-0.263549	0.203613	-1.000000	-1.000000	-1.000000	-1.000000	-1.000000	-1.000000	-1.000000	83.241379	0.000000	-1.000000	-1.000000	906870.000000	1770063309.723500
8196.885000	14118.615000	21975.255000	17039.610000	-9567.855000	-6534.990000	1868.310000	12751.830000	-1.073866	-10.728244	-6.185326	-5.332257	-5.064452	-4.794148	-3.337978	-1.680945	-0.518840	14.359660	-6.012440	0.929014	-0.273803	0.188049	-1.000000	-1.000000	-1.000000	-1.000000	-1.000000	-1.000000	-1.000000	83.241379	0.000000	-1.000000	-1.000000	906871.000000	1770063309.727557
8162.730000	14085.270000	21963.645000	17035.650000	-9565.650000	-6521.940000	1877.760000	12740.355000	-3.985276	-9.928123	-4.176754	-2.455747	-2.846557	-2.863409	-0.369687	1.307109	-0.518840	14.359660	-6.012440	0.929014	-0.273803	0.188049	-1.000000	-1.000000	-1.000000	-1.000000	-1.000000	-1.000000	-1.000000	83.241379	0.000000	-1.000000	-1.000000	906872.000000	1770063309.727566
8167.770000	14031.720000	21946.905000	17037.405000	-9555.255000	-6520.905000	1876.410000	12742.020000	-7.546907	-7.807240	-2.384973	0.274183	0.824536	1.580239	4.147637	4.392923	-0.518840	14.359660	-6.012440	0.929014	-0.273803	0.188049	-1.000000	-1.000000	-1.000000	-1.000000	-1.000000	-1.000000	-1.000000	83.241379	0.000000	-1.000000	-1.000000	906873.000000	1770063309.731626
8178.750000	14044.545000	21948.615000	17023.005000	-9586.890000	-6553.305000	1864.755000	12740.580000	-9.769424	-5.913073	-0.773945	2.489056	4.582820	6.078800	7.244446	2.797866	-0.518840	14.359660	-6.012440	0.929014	-0.273803	0.188049	-1.000000	-1.000000	-1.000000	-1.000000	-1.000000	-1.000000	-1.000000	83.241379	0.000000	-1.000000	-1.000000	906874.000000	1770063309.731636
8063.505000	14000.985000	21963.960000	17043.030000	-9576.450000	-6546.465000	1872.720000	12712.095000	-8.812326	-3.333031	1.377186	3.721935	5.627306	6.571702	6.245760	-3.396071	-0.518840	14.359660	-6.012440	0.929014	-0.273803	0.188049	-1.000000	-1.000000	-1.000000	-1.000000	-1.000000	-1.000000	-1.000000	83.241379	0.000000	-1.000000	-1.000000	906875.000000	1770063309.735851
8029.890000	13940.865000	21956.175000	17047.395000	-9559.125000	-6525.495000	1880.730000	12708.090000	-7.174398	0.307787	4.559615	4.202344	3.359663	2.607084	1.914655	-9.521854	-0.518840	14.359660	-6.012440	0.929014	-0.273803	0.188049	-1.000000	-1.000000	-1.000000	-1.000000	-1.000000	-1.000000	-1.000000	83.241379	0.000000	-1.000000	-1.000000	906876.000000	1770063309.735863
8079.570000	13991.310000	21950.550000	17034.795000	-9554.355000	-6511.500000	1881.675000	12710.610000	-5.517828	4.062064	7.278482	4.046690	0.317423	-1.737671	-2.384965	-10.448684	-0.518840	14.359660	-6.012440	0.929014	-0.273803	0.188049	-1.000000	-1.000000	-1.000000	-1.000000	-1.000000	-1.000000	-1.000000	83.241379	0.000000	-1.000000	-1.000000	906877.000000	1770063309.739528
8134.470000	14063.670000	21959.820000	17055.315000	-9529.965000	-6507.270000	1875.960000	12716.595000	0.802752	9.854884	7.620883	3.016075	-0.741466	-2.806986	-4.390826	-4.746083	-0.518840	14.359660	-6.012440	0.929014	-0.273803	0.188049	-1.000000	-1.000000	-1.000000	-1.000000	-1.000000	-1.000000	-1.000000	83.241379	0.000000	-1.000000	-1.000000	906878.000000	1770063309.739537
8191.215000	14112.720000	21885.840000	16988.580000	-9581.400000	-6547.815000	1865.475000	12731.580000	13.846758	19.895739	4.902213	0.935244	0.190274	-1.385340	-4.487227	4.531180	-0.518840	14.359660	-6.012440	0.929014	-0.273803	0.188049	-1.000000	-1.000000	-1.000000	-1.000000	-1.000000	-1.000000	-1.000000	83.241379	0.000000	-1.000000	-1.000000	906879.000000	1770063309.743605
8227.035000	14161.455000	21880.440000	16968.420000	-9604.035000	-6564.780000	1855.485000	12732.705000	28.827366	30.806252	-0.684929	-2.946920	-0.180552	-1.294970	-4.023118	12.865763	-0.518840	14.359660	-6.012440	0.929014	-0.273803	0.188049	-1.000000	-1.000000	-1.000000	-1.000000	-1.000000	-1.000000	-1.000000	83.241379	0.000000	-1.000000	-1.000000	906880.000000	1770063309.743611
8274.420000	14266.935000	21982.005000	17013.195000	-9605.790000	-6584.445000	1836.990000	12747.510000	37.941809	36.574208	-5.165195	-7.277495	-3.988471	-4.402045	-3.750677	16.645329	7.004340	18.250960	-2.121140	0.929136	-0.276733	0.195129	-1.000000	-1.000000	-1.000000	-1.000000	-1.000000	-1.000000	-1.000000	83.241379	0.000000	-1.000000	-1.000000	906881.000000	1770063309.747510
8262.360000	14245.020000	21973.410000	17010.360000	-9601.785000	-6579.810000	1845.360000	12755.025000	34.417810	33.269061	-1.968544	-7.267799	-8.240067	-8.037304	-3.377908	14.058132	7.004340	18.250960	-2.121140	0.929136	-0.276733	0.195129	-1.000000	-1.000000	-1.000000	-1.000000	-1.000000	-1.000000	-1.000000	83.241379	0.000000	-1.000000	-1.000000	906882.000000	1770063309.747520
8202.465000	14175.000000	21928.725000	17001.720000	-9584.505000	-6550.515000	1864.755000	12742.065000	15.633523	16.935265	7.239886	-1.165104	-7.804905	-7.190989	-1.406991	5.997917	7.004340	18.250960	-2.121140	0.929136	-0.276733	0.195129	-1.000000	-1.000000	-1.000000	-1.000000	-1.000000	-1.000000	-1.000000	83.241379	0.000000	-1.000000	-1.000000	906883.000000	1770063309.751722
8202.510000	14159.295000	21941.055000	17009.010000	-9594.000000	-6563.835000	1858.095000	12738.780000	-12.233891	-12.718158	12.124602	6.449771	-1.439604	-0.042051	2.842269	-3.901835	7.004340	18.250960	-2.121140	0.929136	-0.276733	0.195129	-1.000000	-1.000000	-1.000000	-1.000000	-1.000000	-1.000000	-1.000000	83.241379	0.000000	-1.000000	-1.000000	906884.000000	1770063309.751729
8213.085000	14163.705000	21968.325000	17034.930000	-9572.445000	-6542.325000	1877.625000	12769.380000	-35.362824	-44.228327	7.689529	10.526125	6.579043	8.904211	7.368016	-10.717202	7.004340	18.250960	-2.121140	0.929136	-0.276733	0.195129	-1.000000	-1.000000	-1.000000	-1.000000	-1.000000	-1.000000	-1.000000	83.241379	0.000000	-1.000000	-1.000000	906885.000000	1770063309.755602
8220.330000	14165.280000	21987.450000	17051.670000	-9564.345000	-6539.220000	1876.815000	12764.115000	-43.830671	-61.814770	-0.988557	10.344093	11.244526	13.592040	9.592903	-11.398971	7.004340	18.250960	-2.121140	0.929136	-0.276733	0.195129	-1.000000	-1.000000	-1.000000	-1.000000	-1.000000	-1.000000	-1.000000	83.241379	0.000000	-1.000000	-1.000000	906886.000000	1770063309.755609
8167.320000	14093.685000	21949.155000	17032.635000	-9571.140000	-6543.315000	1866.690000	12725.775000	-39.320498	-60.065941	-7.360188	7.442521	10.803865	12.016936	8.345081	-7.994456	7.004340	18.250960	-2.121140	0.929136	-0.276733	0.195129	-1.000000	-1.000000	-1.000000	-1.000000	-1.000000	-1.000000	-1.000000	83.241379	0.000000	-1.000000	-1.000000	906887.000000	1770063309.759530
8135.010000	14054.715000	21935.205000	17015.130000	-9596.070000	-6566.445000	1844.910000	12697.830000	-29.822795	-44.953757	-9.119066	3.088278	6.443548	6.112093	3.673399	-5.818574	7.004340	18.250960	-2.121140	0.929136	-0.276733	0.195129	-1.000000	-1.000000	-1.000000	-1.000000	-1.000000	-1.000000	-1.000000	83.241379	0.000000	-1.000000	-1.000000	906888.000000	1770063309.759540
8165.295000	14067.630000	21933.135000	17016.570000	-9587.430000	-6557.940000	1855.485000	12722.175000	-19.583483	-24.100936	-7.709920	-1.724545	0.814063	-0.704898	-2.656158	-6.778622	7.004340	18.250960	-2.121140	0.929136	-0.276733	0.195129	-1.000000	-1.000000	-1.000000	-1.000000	-1.000000	-1.000000	-1.000000	83.241379	0.000000	-1.000000	-1.000000	906889.000000	1770063309.763606
8190.315000	14064.525000	21927.825000	17016.885000	-9583.605000	-6556.050000	1863.045000	12739.905000	-6.389562	-1.246830	-6.764605	-6.568233	-3.586949	-5.332299	-7.118477	-7.175960	7.004340	18.250960	-2.121140	0.929136	-0.276733	0.195129	-1.000000	-1.000000	-1.000000	-1.000000	-1.000000	-1.000000	-1.000000	83.241379	0.000000	-1.000000	-1.000000	906890.000000	1770063309.763616
8198.730000	14029.605000	21916.755000	17031.735000	-9540.585000	-6507.045000	1892.205000	12756.195000	12.060024	21.607979	-7.772274	-10.372943	-5.076226	-5.915726	-6.975340	-3.004608	15.931440	23.881900	-12.360600	0.921018	-0.271423	0.196533	-1.000000	-1.000000	-1.000000	-1.000000	-1.000000	-1.000000	-1.000000	83.241379	0.000000	-1.000000	-1.000000	906891.000000	1770063309.769921
8222.085000	14067.855000	21932.010000	17033.760000	-9530.640000	-6491.970000	1899.585000	12764.835000	33.165876	42.023553	-7.280380	-10.712729	-3.075570	-2.579143	-2.751561	5.628048	15.931440	23.881900	-12.360600	0.921018	-0.271423	0.196533	-1.000000	-1.000000	-1.000000	-1.000000	-1.000000	-1.000000	-1.000000	83.241379	0.000000	-1.000000	-1.000000	906892.000000	1770063309.769930
8201.430000	14098.455000	21930.120000	17005.455000	-9579.330000	-6548.490000	1849.680000	12732.660000	49.061581	56.820906	-2.164732	-7.407564	-0.126617	1.134439	1.551071	14.105271	15.931440	23.881900	-12.360600	0.921018	-0.271423	0.196533	-1.000000	-1.000000	-1.000000	-1.000000	-1.000000	-1.000000	-1.000000	83.241379	0.000000	-1.000000	-1.000000	906893.000000	1770063309.772424
8150.085000	14085.585000	21910.590000	16983.855000	-9586.620000	-6550.020000	1837.395000	12697.110000	48.742881	60.292814	4.915915	-4.082460	-1.111857	-0.154488	1.078632	15.457337	15.931440	23.881900	-12.360600	0.921018	-0.271423	0.196533	-1.000000	-1.000000	-1.000000	-1.000000	-1.000000	-1.000000	-1.000000	83.241379	0.000000	-1.000000	-1.000000	906894.000000	1770063309.772430
8090.550000	14033.385000	21926.925000	17021.835000	-9533.340000	-6506.955000	1854.945000	12672.225000	26.349695	45.852968	9.008940	-2.903517	-6.270190	-6.378341	-4.160005	6.737845	15.931440	23.881900	-12.360600	0.921018	-0.271423	0.196533	-1.000000	-1.000000	-1.000000	-1.000000	-1.000000	-1.000000	-1.000000	83.241379	0.000000	-1.000000	-1.000000	906895.000000	1770063309.775561
8062.875000	13940.280000	21915.855000	17036.235000	-9515.745000	-6484.995000	1872.090000	12684.060000	-9.804116	13.768312	9.613354	-0.525579	-8.650114	-9.936500	-7.829220	-6.033580	15.931440	23.881900	-12.360600	0.921018	-0.271423	0.196533	-1.000000	-1.000000	-1.000000	-1.000000	-1.000000	-1.000000	-1.000000	83.241379	0.000000	-1.000000	-1.000000	906896.000000	1770063309.775571
8049.105000	13961.025000	21936.285000	17047.530000	-9526.320000	-6500.745000	1862.460000	12689.325000	-40.805341	-24.565473	9.569589	6.616998	-3.059996	-5.192080	-4.603548	-12.898174	15.931440	23.881900	-12.360600	0.921018	-0.271423	0.196533	-1.000000	-1.000000	-1.000000	-1.000000	-1.000000	-1.000000	-1.000000	83.241379	0.000000	-1.000000	-1.000000	906897.000000	1770063309.779590
8088.795000	14066.640000	21998.880000	17077.050000	-9535.140000	-6503.805000	1860.255000	12686.130000	-51.044000	-50.590043	10.064006	15.755832	6.481996	4.298942	3.499124	-10.045898	15.931440	23.881900	-12.360600	0.921018	-0.271423	0.196533	-1.000000	-1.000000	-1.000000	-1.000000	-1.000000	-1.000000	-1.000000	83.241379	0.000000	-1.000000	-1.000000	906898.000000	1770063309.779601
8074.125000	14048.145000	22048.155000	17106.570000	-9514.485000	-6485.580000	1872.585000	12700.305000	-37.589768	-49.993547	10.964782	20.663713	11.764590	10.690223	10.001866	-1.984552	15.931440	23.881900	-12.360600	0.921018	-0.271423	0.196533	-1.000000	-1.000000	-1.000000	-1.000000	-1.000000	-1.000000	-1.000000	83.241379	0.000000	-1.000000	-1.000000	906899.000000	1770063309.783602
8047.485000	13988.835000	22048.740000	17119.800000	-9498.690000	-6468.615000	1875.330000	12705.030000	-9.936584	-25.967618	11.481848	17.825818	9.076359	9.690113	10.427639	5.180860	15.931440	23.881900	-12.360600	0.921018	-0.271423	0.196533	-1.000000	-1.000000	-1.000000	-1.000000	-1.000000	-1.000000	-1.000000	83.241379	0.000000	-1.000000	-1.000000	906900.000000	1770063309.783613
8052.165000	13959.270000	21923.730000	17023.185000	-9553.230000	-6505.605000	1861.695000	12716.820000	17.079973	2.079757	6.778988	6.690937	0.537303	2.490016	5.085339	8.792064	14.268100	28.414120	-19.807480	0.898435	-0.267211	0.185607	-1.000000	-1.000000	-1.000000	-1.000000	-1.000000	-1.000000	-1.000000	83.241379	0.000000	-1.000000	-1.000000	906901.000000	1770063309.787516
8107.695000	13938.750000	21878.685000	16975.395000	-9566.505000	-6495.390000	1887.390000	12731.355000	33.489694	16.090287	-8.990102	-11.342408	-9.143033	-5.940806	-1.449524	9.558819	14.268100	28.414120	-19.807480	0.898435	-0.267211	0.185607	-1.000000	-1.000000	-1.000000	-1.000000	-1.000000	-1.000000	-1.000000	83.241379	0.000000	-1.000000	-1.000000	906902.000000	1770063309.787522
8189.145000	13964.715000	21825.945000	16959.330000	-9573.615000	-6511.455000	1878.615000	12721.995000	39.311092	13.521135	-31.887348	-30.043870	-15.269328	-10.558460	-4.233196	9.128507	14.268100	28.414120	-19.807480	0.898435	-0.267211	0.185607	-1.000000	-1.000000	-1.000000	-1.000000	-1.000000	-1.000000	-1.000000	83.241379	0.000000	-1.000000	-1.000000	906903.000000	1770063309.791531
8170.155000	14072.895000	21824.505000	16945.335000	-9574.695000	-6510.915000	1858.455000	12681.360000	38.561155	7.211646	-47.467417	-39.521645	-15.553037	-10.390514	-3.331772	7.082974	14.268100	28.414120	-19.807480	0.898435	-0.267211	0.185607	-1.000000	-1.000000	-1.000000	-1.000000	-1.000000	-1.000000	-1.000000	83.241379	0.000000	-1.000000	-1.000000	906904.000000	1770063309.791540
8071.200000	14020.605000	21951.630000	17020.710000	-9529.110000	-6478.875000	1855.620000	12663.270000	29.378672	10.555669	-41.122548	-32.396438	-9.700248	-6.822367	-2.589627	1.147511	14.268100	28.414120	-19.807480	0.898435	-0.267211	0.185607	-1.000000	-1.000000	-1.000000	-1.000000	-1.000000	-1.000000	-1.000000	83.241379	0.000000	-1.000000	-1.000000	906905.000000	1770063309.795855
7987.995000	13700.925000	21990.195000	17075.160000	-9496.080000	-6450.435000	1877.175000	12689.370000	5.510151	15.335757	-9.528483	-8.173264	2.329941	0.295502	-3.201258	-8.080724	14.268100	28.414120	-19.807480	0.898435	-0.267211	0.185607	-1.000000	-1.000000	-1.000000	-1.000000	-1.000000	-1.000000	-1.000000	83.241379	0.000000	-1.000000	-1.000000	906906.000000	1770063309.795866
7863.930000	13590.495000	21978.495000	17081.910000	-9482.805000	-6443.370000	1888.740000	12681.495000	-31.891744	-2.314345	31.312416	23.334001	17.352416	10.000054	-2.804957	-15.459332	14.268100	28.414120	-19.807480	0.898435	-0.267211	0.185607	-1.000000	-1.000000	-1.000000	-1.000000	-1.000000	-1.000000	-1.000000	83.241379	0.000000	-1.000000	-1.000000	906907.000000	1770063309.799652
7896.600000	13722.885000	21822.120000	16981.785000	-9544.680000	-6489.540000	1866.870000	12680.055000	-66.986914	-39.776049	53.694767	43.596216	26.186618	16.186247	-0.681446	-16.622701	14.268100	28.414120	-19.807480	0.898435	-0.267211	0.185607	-1.000000	-1.000000	-1.000000	-1.000000	-1.000000	-1.000000	-1.000000	83.241379	0.000000	-1.000000	-1.000000	906908.000000	1770063309.799659
8100.630000	14115.645000	21856.725000	16937.190000	-9617.625000	-6557.535000	1819.125000	12692.205000	-73.680823	-54.303432	42.369330	38.397340	19.481871	11.422123	0.188257	-11.490404	14.268100	28.414120	-19.807480	0.898435	-0.267211	0.185607	-1.000000	-1.000000	-1.000000	-1.000000	-1.000000	-1.000000	-1.000000	83.241379	0.000000	-1.000000	-1.000000	906909.000000	1770063309.808382
8211.870000	14119.830000	21794.805000	16914.600000	-9614.790000	-6528.645000	1847.520000	12745.800000	-35.843370	-12.384681	10.037069	12.567581	-0.845188	-3.152219	-1.931344	-1.930251	14.268100	28.414120	-19.807480	0.898435	-0.267211	0.185607	-1.000000	-1.000000	-1.000000	-1.000000	-1.000000	-1.000000	-1.000000	83.241379	0.000000	-1.000000	-1.000000	906910.000000	1770063309.808396
8249.265000	14076.810000	21780.810000	16933.815000	-9576.225000	-6492.555000	1861.110000	12762.585000	30.109234	61.559183	-17.671042	-13.536345	-19.875847	-15.635985	-3.840269	9.777560	1.693860	31.115140	-23.805600	0.887632	-0.241332	0.199707	-1.000000	-1.000000	-1.000000	-1.000000	-1.000000	-1.000000	-1.000000	83.241379	0.000000	-1.000000	-1.000000	906911.000000	1770063309.808408
8286.570000	14209.605000	21983.805000	17050.005000	-9512.145000	-6456.195000	1866.240000	12757.680000	83.200449	108.544438	-23.355795	-21.864930	-22.969714	-14.963856	-1.639960	19.678759	1.693860	31.115140	-23.805600	0.887632	-0.241332	0.199707	-1.000000	-1.000000	-1.000000	-1.000000	-1.000000	-1.000000	-1.000000	83.241379	0.000000	-1.000000	-1.000000	906912.000000	1770063309.808414
8279.460000	14180.490000	22105.935000	17114.220000	-9511.200000	-6473.745000	1848.780000	12738.870000	92.757264	94.945266	-3.023376	-8.292569	-8.660812	-2.033637	4.096538	22.783021	1.693860	31.115140	-23.805600	0.887632	-0.241332	0.199707	-1.000000	-1.000000	-1.000000	-1.000000	-1.000000	-1.000000	-1.000000	83.241379	0.000000	-1.000000	-1.000000	906913.000000	1770063309.817589
8106.615000	14067.765000	22013.595000	17075.250000	-9515.025000	-6459.255000	1852.920000	12707.730000	56.932367	31.682778	27.161742	14.080643	10.703536	12.037567	9.021233	15.862668	1.693860	31.115140	-23.805600	0.887632	-0.241332	0.199707	-1.000000	-1.000000	-1.000000	-1.000000	-1.000000	-1.000000	-1.000000	83.241379	0.000000	-1.000000	-1.000000	906914.000000	1770063309.817596
8102.700000	14138.820000	21931.560000	16990.965000	-9564.075000	-6476.040000	1856.385000	12715.290000	-4.405814	-42.170125	36.119734	22.517766	19.462091	16.668731	9.248486	0.147402	1.693860	31.115140	-23.805600	0.887632	-0.241332	0.199707	-1.000000	-1.000000	-1.000000	-1.000000	-1.000000	-1.000000	-1.000000	83.241379	0.000000	-1.000000	-1.000000	906915.000000	1770063309.817603
8240.445000	14209.020000	21848.355000	16916.490000	-9590.895000	-6486.345000	1856.475000	12750.975000	-58.099772	-84.875823	9.313553	5.315627	11.256714	9.706918	4.483644	-16.698454	1.693860	31.115140	-23.805600	0.887632	-0.241332	0.199707	-1.000000	-1.000000	-1.000000	-1.000000	-1.000000	-1.000000	-1.000000	83.241379	0.000000	-1.000000	-1.000000	906916.000000	1770063309.817609
8287.650000	14295.510000	21890.250000	16917.480000	-9600.030000	-6500.745000	1844.145000	12761.820000	-74.949804	-82.741090	-33.557478	-25.079325	-6.103882	-2.558275	-1.968663	-24.492012	1.693860	31.115140	-23.805600	0.887632	-0.241332	0.199707	-1.000000	-1.000000	-1.000000	-1.000000	-1.000000	-1.000000	-1.000000	83.241379	0.000000	-1.000000	-1.000000	906917.000000	1770063309.819613
8242.065000	14252.940000	21963.870000	16991.235000	-9554.040000	-6477.615000	1847.835000	12739.050000	-56.098556	-57.313814	-57.682677	-42.214864	-16.938389	-10.491325	-5.787111	-20.097498	1.693860	31.115140	-23.805600	0.887632	-0.241332	0.199707	-1.000000	-1.000000	-1.000000	-1.000000	-1.000000	-1.000000	-1.000000	83.241379	0.000000	-1.000000	-1.000000	906918.000000	1770063309.819621
8202.015000	14142.735000	21932.865000	16991.955000	-9540.270000	-6451.245000	1872.135000	12746.745000	-28.498440	-36.251801	-44.362393	-29.616624	-11.733630	-8.915033	-5.186024	-9.848947	1.693860	31.115140	-23.805600	0.887632	-0.241332	0.199707	-1.000000	-1.000000	-1.000000	-1.000000	-1.000000	-1.000000	-1.000000	83.241379	0.000000	-1.000000	-1.000000	906919.000000	1770063309.823544
8179.290000	14147.955000	21949.785000	17014.545000	-9526.185000	-6443.190000	1867.500000	12739.680000	-12.845017	-26.829244	-5.572957	3.716397	3.710416	-1.327877	-1.977195	-1.062707	1.693860	31.115140	-23.805600	0.887632	-0.241332	0.199707	-1.000000	-1.000000	-1.000000	-1.000000	-1.000000	-1.000000	-1.000000	83.241379	0.000000	-1.000000	-1.000000	906920.000000	1770063309.823555
8189.415000	14160.105000	21992.535000	17024.355000	-9551.430000	-6467.535000	1848.150000	12727.305000	-8.313459	-19.876475	28.266715	32.221894	14.787586	4.389567	0.674179	4.349087	-12.330080	34.991180	-27.284880	0.879758	-0.218566	0.213073	-1.000000	-1.000000	-1.000000	-1.000000	-1.000000	-1.000000	-1.000000	83.241379	0.000000	-1.000000	-1.000000	906921.000000	1770063309.827549
8138.160000	14019.165000	21931.785000	16982.235000	-9569.880000	-6458.715000	1865.745000	12725.910000	-2.077527	-6.045746	34.464507	36.397994	12.208272	3.605364	1.166361	7.920828	-12.330080	34.991180	-27.284880	0.879758	-0.218566	0.213073	-1.000000	-1.000000	-1.000000	-1.000000	-1.000000	-1.000000	-1.000000	83.241379	0.000000	-1.000000	-1.000000	906922.000000	1770063309.827558
8045.145000	13829.085000	21933.000000	17006.310000	-9539.370000	-6429.645000	1878.930000	12710.070000	14.152229	14.234202	14.916003	17.178755	-0.576142	-1.471482	0.492986	10.557974	-12.330080	34.991180	-27.284880	0.879758	-0.218566	0.213073	-1.000000	-1.000000	-1.000000	-1.000000	-1.000000	-1.000000	-1.000000	83.241379	0.000000	-1.000000	-1.000000	906923.000000	1770063309.833203
7973.910000	13638.825000	21962.160000	17041.545000	-9543.465000	-6435.090000	1876.050000	12691.755000	33.360870	28.861265	-8.143852	-6.435843	-11.577459	-5.034541	0.057326	10.636098	-12.330080	34.991180	-27.284880	0.879758	-0.218566	0.213073	-1.000000	-1.000000	-1.000000	-1.000000	-1.000000	-1.000000	-1.000000	83.241379	0.000000	-1.000000	-1.000000	906924.000000	1770063309.833214
7935.120000	13651.200000	21964.005000	17052.975000	-9540.810000	-6429.780000	1883.745000	12673.035000	38.776565	25.809312	-13.405772	-14.757326	-11.829861	-3.701681	0.039774	5.806880	-12.330080	34.991180	-27.284880	0.879758	-0.218566	0.213073	-1.000000	-1.000000	-1.000000	-1.000000	-1.000000	-1.000000	-1.000000	83.241379	0.000000	-1.000000	-1.000000	906925.000000	1770063309.835522
7990.515000	13831.335000	21840.345000	16964.595000	-9585.090000	-6461.550000	1867.860000	12676.590000	23.526739	11.595385	-1.632104	-6.380210	-3.027438	1.083382	0.356398	-2.682544	-12.330080	34.991180	-27.284880	0.879758	-0.218566	0.213073	-1.000000	-1.000000	-1.000000	-1.000000	-1.000000	-1.000000	-1.000000	83.241379	0.000000	-1.000000	-1.000000	906926.000000	1770063309.835530
8139.195000	14096.655000	21884.895000	16945.110000	-9618.075000	-6492.645000	1849.545000	12710.655000	2.529118	12.233497	8.931318	2.750216	5.045771	4.139121	0.154135	-8.930233	-12.330080	34.991180	-27.284880	0.879758	-0.218566	0.213073	-1.000000	-1.000000	-1.000000	-1.000000	-1.000000	-1.000000	-1.000000	83.241379	0.000000	-1.000000	-1.000000	906927.000000	1770063309.839536
8175.420000	14046.075000	21857.940000	16944.210000	-9610.875000	-6496.065000	1848.330000	12734.595000	-2.203741	44.225969	8.195535	0.254351	4.442793	0.836502	-2.225380	-7.358122	-12.330080	34.991180	-27.284880	0.879758	-0.218566	0.213073	-1.000000	-1.000000	-1.000000	-1.000000	-1.000000	-1.000000	-1.000000	83.241379	0.000000	-1.000000	-1.000000	906928.000000	1770063309.839543
8241.930000	14229.990000	21972.150000	17001.360000	-9576.315000	-6473.115000	1851.210000	12745.080000	13.168599	87.144414	1.512082	-10.176092	-2.731815	-6.688191	-5.801737	1.836438	-12.330080	34.991180	-27.284880	0.879758	-0.218566	0.213073	-1.000000	-1.000000	-1.000000	-1.000000	-1.000000	-1.000000	-1.000000	83.241379	0.000000	-1.000000	-1.000000	906929.000000	1770063309.843561
8183.970000	14196.375000	21983.580000	17006.985000	-9540.630000	-6397.605000	1896.030000	12730.320000	31.537141	102.936171	-2.931137	-16.891270	-6.965536	-9.575548	-6.129003	12.560528	-12.330080	34.991180	-27.284880	0.879758	-0.218566	0.213073	-1.000000	-1.000000	-1.000000	-1.000000	-1.000000	-1.000000	-1.000000	83.241379	0.000000	-1.000000	-1.000000	906930.000000	1770063309.843567
8095.860000	14083.650000	22039.740000	17055.360000	-9556.515000	-6408.990000	1883.880000	12695.670000	33.456638	73.471442	-0.665603	-12.157903	-2.327047	-2.052172	-0.763655	16.924849	-22.447460	25.392640	-29.848560	0.853636	-0.214721	0.252563	-1.000000	-1.000000	-1.000000	-1.000000	-1.000000	-1.000000	-1.000000	83.241379	0.000000	-1.000000	-1.000000	906931.000000	1770063309.850399
7949.610000	13749.435000	22021.605000	17077.410000	-9587.340000	-6425.190000	1879.020000	12653.505000	12.144301	6.359878	7.511243	2.952205	6.652236	10.179343	6.387428	10.441212	-22.447460	25.392640	-29.848560	0.853636	-0.214721	0.252563	-1.000000	-1.000000	-1.000000	-1.000000	-1.000000	-1.000000	-1.000000	83.241379	0.000000	-1.000000	-1.000000	906932.000000	1770063309.850409
7933.320000	13629.240000	21840.255000	16961.175000	-9645.615000	-6477.570000	1852.155000	12648.825000	-24.130327	-76.580984	12.265918	18.003105	10.415710	15.643639	8.997082	-4.216870	-22.447460	25.392640	-29.848560	0.853636	-0.214721	0.252563	-1.000000	-1.000000	-1.000000	-1.000000	-1.000000	-1.000000	-1.000000	83.241379	0.000000	-1.000000	-1.000000	906933.000000	1770063309.851543
8106.255000	13953.195000	21839.985000	16979.130000	-9678.555000	-6570.810000	1801.170000	12683.745000	-54.665529	-140.566013	3.039739	20.738625	4.705249	8.252930	4.385852	-17.717054	-22.447460	25.392640	-29.848560	0.853636	-0.214721	0.252563	-1.000000	-1.000000	-1.000000	-1.000000	-1.000000	-1.000000	-1.000000	83.241379	0.000000	-1.000000	-1.000000	906934.000000	1770063309.851552
8284.770000	14257.935000	21813.435000	16896.285000	-9680.220000	-6544.935000	1837.170000	12761.505000	-56.601682	-146.180211	-15.772628	9.805905	-5.544285	-7.729606	-4.240273	-19.907335	-22.447460	25.392640	-29.848560	0.853636	-0.214721	0.252563	-1.000000	-1.000000	-1.000000	-1.000000	-1.000000	-1.000000	-1.000000	83.241379	0.000000	-1.000000	-1.000000	906935.000000	1770063309.855501
8264.610000	14260.275000	21870.405000	16909.380000	-9652.140000	-6505.695000	1854.225000	12754.935000	-26.651326	-83.059407	-27.500193	-5.782916	-11.006609	-19.409197	-9.342158	-8.649766	-22.447460	25.392640	-29.848560	0.853636	-0.214721	0.252563	-1.000000	-1.000000	-1.000000	-1.000000	-1.000000	-1.000000	-1.000000	83.241379	0.000000	-1.000000	-1.000000	906936.000000	1770063309.855509
8232.120000	14247.495000	21965.535000	16991.100000	-9675.000000	-6535.350000	1846.395000	12736.170000	11.505645	11.115737	-20.897477	-15.713176	-7.377576	-16.791834	-6.151270	6.766812	-22.447460	25.392640	-29.848560	0.853636	-0.214721	0.252563	-1.000000	-1.000000	-1.000000	-1.000000	-1.000000	-1.000000	-1.000000	83.241379	0.000000	-1.000000	-1.000000	906937.000000	1770063309.859592
8183.835000	14158.665000	21930.615000	16943.670000	-9691.515000	-6536.520000	1855.530000	12741.660000	29.969522	78.438395	-0.481287	-14.818261	0.335960	-3.588886	2.192531	14.621318	-22.447460	25.392640	-29.848560	0.853636	-0.214721	0.252563	-1.000000	-1.000000	-1.000000	-1.000000	-1.000000	-1.000000	-1.000000	83.241379	0.000000	-1.000000	-1.000000	906938.000000	1770063309.859600
8130.060000	14062.320000	21947.940000	16996.995000	-9620.955000	-6503.220000	1851.615000	12724.740000	21.782327	86.195303	17.705597	-6.318580	5.610255	8.915192	8.605497	11.709788	-22.447460	25.392640	-29.848560	0.853636	-0.214721	0.252563	-1.000000	-1.000000	-1.000000	-1.000000	-1.000000	-1.000000	-1.000000	83.241379	0.000000	-1.000000	-1.000000	906939.000000	1770063309.863588
8139.420000	14025.915000	21950.325000	17032.320000	-9591.705000	-6509.655000	1834.920000	12716.055000	2.939634	48.862293	22.246354	3.695224	8.923244	14.425061	8.582192	3.190860	-22.447460	25.392640	-29.848560	0.853636	-0.214721	0.252563	-1.000000	-1.000000	-1.000000	-1.000000	-1.000000	-1.000000	-1.000000	83.241379	0.000000	-1.000000	-1.000000	906940.000000	1770063309.863594
8164.710000	14039.505000	21867.435000	16950.195000	-9621.315000	-6514.290000	1844.685000	12730.005000	-5.137029	9.987516	14.540110	10.902359	13.060942	13.857125	3.171897	-3.831946	-2.197440	13.520360	-30.642080	0.826963	-0.215087	0.311217	-1.000000	-1.000000	-1.000000	-1.000000	-1.000000	-1.000000	-1.000000	83.241379	0.000000	-1.000000	-1.000000	906941.000000	1770063309.867723
8181.090000	14118.885000	21887.460000	16938.900000	-9646.920000	-6536.115000	1831.050000	12730.185000	3.287566	-1.067823	3.848913	12.249664	15.772606	10.894244	-2.461533	-5.594405	-2.197440	13.520360	-30.642080	0.826963	-0.215087	0.311217	-1.000000	-1.000000	-1.000000	-1.000000	-1.000000	-1.000000	-1.000000	83.241379	0.000000	-1.000000	-1.000000	906942.000000	1770063309.867733
8143.740000	14078.790000	21924.585000	16984.080000	-9582.930000	-6485.985000	1855.125000	12725.910000	12.076707	2.834484	-0.260039	9.114490	13.690035	9.209105	-3.624092	-4.296210	-2.197440	13.520360	-30.642080	0.826963	-0.215087	0.311217	-1.000000	-1.000000	-1.000000	-1.000000	-1.000000	-1.000000	-1.000000	83.241379	0.000000	-1.000000	-1.000000	906943.000000	1770063309.871554
8097.660000	13956.570000	21853.575000	16962.345000	-9568.035000	-6472.530000	1871.595000	12711.240000	1.535700	-12.187500	2.950411	6.739398	7.748123	9.598544	-0.105784	-5.216970	-2.197440	13.520360	-30.642080	0.826963	-0.215087	0.311217	-1.000000	-1.000000	-1.000000	-1.000000	-1.000000	-1.000000	-1.000000	83.241379	0.000000	-1.000000	-1.000000	906944.000000	1770063309.871564
8139.015000	13993.470000	21860.010000	16933.680000	-9616.095000	-6505.515000	1854.765000	12723.705000	-25.588696	-51.519844	3.586435	5.372289	-0.742859	7.686228	3.857131	-9.388474	-2.197440	13.520360	-30.642080	0.826963	-0.215087	0.311217	-1.000000	-1.000000	-1.000000	-1.000000	-1.000000	-1.000000	-1.000000	83.241379	0.000000	-1.000000	-1.000000	906945.000000	1770063309.875589
8197.560000	14114.655000	21938.985000	16963.650000	-9628.020000	-6535.305000	1822.230000	12754.260000	-43.387305	-79.532691	-5.266795	-0.429882	-12.302243	-1.304264	3.464215	-11.065452	-2.197440	13.520360	-30.642080	0.826963	-0.215087	0.311217	-1.000000	-1.000000	-1.000000	-1.000000	-1.000000	-1.000000	-1.000000	83.241379	0.000000	-1.000000	-1.000000	906946.000000	1770063309.875606
8197.470000	14141.160000	21991.185000	17020.755000	-9631.305000	-6563.565000	1810.395000	12749.265000	-30.473926	-59.597193	-16.190033	-9.909517	-24.357767	-16.193290	-2.679871	-4.939430	-2.197440	13.520360	-30.642080	0.826963	-0.215087	0.311217	-1.000000	-1.000000	-1.000000	-1.000000	-1.000000	-1.000000	-1.000000	83.241379	0.000000	-1.000000	-1.000000	906947.000000	1770063309.881194
8191.260000	14066.415000	21950.910000	17009.100000	-9595.305000	-6530.940000	1833.075000	12721.860000	8.781153	6.339916	-17.849241	-15.568348	-30.947698	-29.738268	-10.582585	6.622237	-2.197440	13.520360	-30.642080	0.826963	-0.215087	0.311217	-1.000000	-1.000000	-1.000000	-1.000000	-1.000000	-1.000000	-1.000000	83.241379	0.000000	-1.000000	-1.000000	906948.000000	1770063309.881200
8173.575000	14025.735000	21906.585000	16963.290000	-9588.690000	-6508.350000	1854.720000	12675.060000	49.571447	79.265939	-10.073726	-14.929375	-27.031787	-32.234697	-12.968343	15.358112	-2.197440	13.520360	-30.642080	0.826963	-0.215087	0.311217	-1.000000	-1.000000	-1.000000	-1.000000	-1.000000	-1.000000	-1.000000	83.241379	0.000000	-1.000000	-1.000000	906949.000000	1770063309.883583
8127.945000	14023.395000	21878.415000	16923.060000	-9609.300000	-6504.165000	1867.860000	12681.360000	65.674765	115.407614	0.381377	-10.479156	-11.801522	-18.562948	-6.051150	14.716826	-2.197440	13.520360	-30.642080	0.826963	-0.215087	0.311217	-1.000000	-1.000000	-1.000000	-1.000000	-1.000000	-1.000000	-1.000000	83.241379	0.000000	-1.000000	-1.000000	906950.000000	1770063309.883589
8113.230000	14059.080000	21938.355000	16966.170000	-9622.080000	-6538.770000	1839.780000	12731.265000	45.927601	94.402719	9.398883	-3.358697	8.653647	5.253287	6.104685	6.344645	30.962540	22.981560	-16.221380	0.855711	-0.221069	0.275329	-1.000000	-1.000000	-1.000000	-1.000000	-1.000000	-1.000000	-1.000000	83.241379	0.000000	-1.000000	-1.000000	906951.000000	1770063309.887546
8146.620000	14039.910000	21952.620000	16996.545000	-9603.405000	-6518.655000	1856.430000	12786.660000	1.714525	28.343116	15.604242	6.022401	23.618920	25.013435	14.718295	-1.290769	30.962540	22.981560	-16.221380	0.855711	-0.221069	0.275329	-1.000000	-1.000000	-1.000000	-1.000000	-1.000000	-1.000000	-1.000000	83.241379	0.000000	-1.000000	-1.000000	906952.000000	1770063309.887555
8108.910000	13958.910000	21901.095000	16952.940000	-9629.145000	-6501.105000	1876.320000	12758.895000	-40.597308	-46.709154	17.383731	15.072453	25.886859	30.179804	14.257830	-2.308032	30.962540	22.981560	-16.221380	0.855711	-0.221069	0.275329	-1.000000	-1.000000	-1.000000	-1.000000	-1.000000	-1.000000	-1.000000	83.241379	0.000000	-1.000000	-1.000000	906953.000000	1770063309.893931
8014.500000	13777.740000	21854.385000	16875.045000	-9680.985000	-6532.470000	1857.555000	12693.375000	-61.077606	-97.455876	10.563722	17.181710	16.445830	21.583263	6.878998	-0.337984	30.962540	22.981560	-16.221380	0.855711	-0.221069	0.275329	-1.000000	-1.000000	-1.000000	-1.000000	-1.000000	-1.000000	-1.000000	83.241379	0.000000	-1.000000	-1.000000	906954.000000	1770063309.893937
7907.805000	13592.385000	21839.760000	16892.955000	-9683.100000	-6550.380000	1839.555000	12630.285000	-58.809472	-114.339442	-7.474638	6.952030	1.834214	6.816602	-1.824386	-3.815667	30.962540	22.981560	-16.221380	0.855711	-0.221069	0.275329	-1.000000	-1.000000	-1.000000	-1.000000	-1.000000	-1.000000	-1.000000	83.241379	0.000000	-1.000000	-1.000000	906955.000000	1770063309.897258
7962.255000	13775.760000	21839.175000	16989.435000	-9612.540000	-6541.560000	1822.230000	12622.005000	-40.764089	-97.613030	-29.111047	-9.566142	-9.610305	-6.980088	-8.417343	-14.099072	30.962540	22.981560	-16.221380	0.855711	-0.221069	0.275329	-1.000000	-1.000000	-1.000000	-1.000000	-1.000000	-1.000000	-1.000000	83.241379	0.000000	-1.000000	-1.000000	906956.000000	1770063309.897266
8142.930000	14087.205000	21823.785000	16952.310000	-9625.860000	-6565.185000	1830.870000	12697.155000	-7.638613	-37.888303	-38.842873	-18.290844	-11.951794	-15.726135	-11.942353	-20.658387	30.962540	22.981560	-16.221380	0.855711	-0.221069	0.275329	-1.000000	-1.000000	-1.000000	-1.000000	-1.000000	-1.000000	-1.000000	83.241379	0.000000	-1.000000	-1.000000	906957.000000	1770063309.902632
8193.465000	14103.900000	21960.315000	16951.950000	-9656.100000	-6556.995000	1855.755000	12764.430000	39.140962	60.898372	-24.590373	-11.988707	-6.309459	-18.364303	-11.694544	-11.032198	30.962540	22.981560	-16.221380	0.855711	-0.221069	0.275329	-1.000000	-1.000000	-1.000000	-1.000000	-1.000000	-1.000000	-1.000000	83.241379	0.000000	-1.000000	-1.000000	906958.000000	1770063309.902643
8160.255000	13997.655000	21955.770000	16954.245000	-9733.140000	-6572.025000	1848.285000	12769.110000	81.727903	150.356346	11.782611	4.435332	0.474830	-14.803753	-6.910731	13.308462	30.962540	22.981560	-16.221380	0.855711	-0.221069	0.275329	-1.000000	-1.000000	-1.000000	-1.000000	-1.000000	-1.000000	-1.000000	83.241379	0.000000	-1.000000	-1.000000	906959.000000	1770063309.903600
8191.845000	14086.935000	21877.110000	16905.105000	-9841.455000	-6633.585000	1819.845000	12753.945000	92.922151	168.784714	47.941970	18.303376	0.708863	-6.714431	0.726745	34.289561	30.962540	22.981560	-16.221380	0.855711	-0.221069	0.275329	-1.000000	-1.000000	-1.000000	-1.000000	-1.000000	-1.000000	-1.000000	83.241379	0.000000	-1.000000	-1.000000	906960.000000	1770063309.903609
8225.505000	14192.955000	21988.800000	17019.495000	-9760.995000	-6615.945000	1808.955000	12746.205000	62.354242	105.183572	58.034772	19.895118	-7.114483	0.786668	6.225670	34.109277	40.118540	33.877200	6.882260	0.924985	-0.238647	0.188903	-1.000000	-1.000000	-1.000000	-1.000000	-1.000000	-1.000000	-1.000000	83.241379	0.000000	-1.000000	-1.000000	906961.000000	1770063309.910274
8089.245000	13889.520000	22073.895000	17123.760000	-9702.270000	-6571.845000	1857.735000	12730.770000	5.288022	2.432067	41.008304	14.460772	-12.006813	5.119279	6.683105	12.717741	40.118540	33.877200	6.882260	0.924985	-0.238647	0.188903	-1.000000	-1.000000	-1.000000	-1.000000	-1.000000	-1.000000	-1.000000	83.241379	0.000000	-1.000000	-1.000000	906962.000000	1770063309.910284
7931.520000	13473.495000	22005.045000	17089.200000	-9669.735000	-6520.455000	1908.585000	12716.145000	-53.384739	-94.952376	13.853169	12.853714	-1.290638	10.233672	6.136642	-13.822220	40.118540	33.877200	6.882260	0.924985	-0.238647	0.188903	-1.000000	-1.000000	-1.000000	-1.000000	-1.000000	-1.000000	-1.000000	83.241379	0.000000	-1.000000	-1.000000	906963.000000	1770063309.914643
7960.995000	13419.360000	21838.230000	16969.500000	-9676.170000	-6525.585000	1902.735000	12737.160000	-91.325505	-161.297540	-14.989790	10.545051	20.791763	18.549917	9.510024	-28.380874	40.118540	33.877200	6.882260	0.924985	-0.238647	0.188903	-1.000000	-1.000000	-1.000000	-1.000000	-1.000000	-1.000000	-1.000000	83.241379	0.000000	-1.000000	-1.000000	906964.000000	1770063309.914653
8116.245000	13902.750000	21699.990000	16816.140000	-9755.505000	-6611.580000	1847.700000	12730.185000	-91.802010	-170.853111	-46.328131	-7.951029	34.254158	23.189163	13.503939	-24.972086	40.118540	33.877200	6.882260	0.924985	-0.238647	0.188903	-1.000000	-1.000000	-1.000000	-1.000000	-1.000000	-1.000000	-1.000000	83.241379	0.000000	-1.000000	-1.000000	906965.000000	1770063309.929203
8190.405000	14350.770000	21840.795000	16858.575000	-9785.475000	-6674.400000	1825.380000	12722.715000	-53.371592	-100.581381	-71.371856	-41.582839	24.029834	14.098838	9.532050	-11.349242	40.118540	33.877200	6.882260	0.924985	-0.238647	0.188903	-1.000000	-1.000000	-1.000000	-1.000000	-1.000000	-1.000000	-1.000000	83.241379	0.000000	-1.000000	-1.000000	906966.000000	1770063309.929216
8079.750000	14096.745000	21825.945000	16875.405000	-9711.180000	-6632.595000	1841.490000	12679.245000	2.880956	30.313604	-71.026039	-64.461632	-2.385050	-7.613916	-4.382296	-0.912019	40.118540	33.877200	6.882260	0.924985	-0.238647	0.188903	-1.000000	-1.000000	-1.000000	-1.000000	-1.000000	-1.000000	-1.000000	83.241379	0.000000	-1.000000	-1.000000	906967.000000	1770063309.942496
8089.695000	13964.805000	21793.905000	16935.345000	-9828.945000	-6680.565000	1828.440000	12701.340000	45.899708	144.970944	-38.861203	-52.659866	-23.043181	-27.216255	-19.297616	-0.105239	40.118540	33.877200	6.882260	0.924985	-0.238647	0.188903	-1.000000	-1.000000	-1.000000	-1.000000	-1.000000	-1.000000	-1.000000	83.241379	0.000000	-1.000000	-1.000000	906968.000000	1770063309.942509
8175.915000	14076.855000	21873.195000	16944.030000	-10011.780000	-6719.085000	1824.480000	12747.015000	58.493279	169.657576	10.399732	-8.967288	-28.730225	-31.779866	-24.456357	-3.468596	40.118540	33.877200	6.882260	0.924985	-0.238647	0.188903	-1.000000	-1.000000	-1.000000	-1.000000	-1.000000	-1.000000	-1.000000	83.241379	0.000000	-1.000000	-1.000000	906969.000000	1770063309.942520
8104.815000	14041.485000	22053.870000	17110.710000	-10018.890000	-6690.735000	1839.285000	12726.360000	45.566974	102.148565	56.172691	41.886234	-28.929124	-21.396865	-17.106881	-1.818083	40.118540	33.877200	6.882260	0.924985	-0.238647	0.188903	-1.000000	-1.000000	-1.000000	-1.000000	-1.000000	-1.000000	-1.000000	83.241379	0.000000	-1.000000	-1.000000	906970.000000	1770063309.942526
7991.100000	13814.910000	22110.570000	17152.830000	-9877.995000	-6683.490000	1852.605000	12716.145000	21.836191	1.484210	83.475387	74.589793	-27.771829	-4.132289	-2.953297	6.674036	55.454840	22.630580	2.731540	0.958188	-0.250854	0.244628	-1.000000	-1.000000	-1.000000	-1.000000	-1.000000	-1.000000	-1.000000	83.241379	0.000000	-1.000000	-1.000000	906971.000000	1770063309.942532
7981.245000	13542.255000	21933.945000	16991.055000	-9811.125000	-6723.900000	1852.785000	12719.070000	0.562335	-71.791590	82.615901	75.262439	-14.829772	10.918282	9.514561	16.266192	55.454840	22.630580	2.731540	0.958188	-0.250854	0.244628	-1.000000	-1.000000	-1.000000	-1.000000	-1.000000	-1.000000	-1.000000	83.241379	0.000000	-1.000000	-1.000000	906972.000000	1770063309.942537
8156.745000	13854.870000	21808.260000	16805.385000	-9774.810000	-6726.195000	1828.710000	12746.655000	-9.728012	-94.195847	50.268127	41.194104	14.396430	17.706119	15.065484	20.805699	55.454840	22.630580	2.731540	0.958188	-0.250854	0.244628	-1.000000	-1.000000	-1.000000	-1.000000	-1.000000	-1.000000	-1.000000	83.241379	0.000000	-1.000000	-1.000000	906973.000000	1770063309.942543
8294.580000	14358.870000	21966.210000	16833.960000	-9688.095000	-6689.160000	1807.380000	12753.135000	-7.613115	-72.577261	-0.857209	-13.687825	48.089384	18.206832	13.794614	17.870186	55.454840	22.630580	2.731540	0.958188	-0.250854	0.244628	-1.000000	-1.000000	-1.000000	-1.000000	-1.000000	-1.000000	-1.000000	83.241379	0.000000	-1.000000	-1.000000	906974.000000	1770063309.942548
8221.050000	14267.970000	21933.360000	16799.985000	-9713.070000	-6610.545000	1859.895000	12751.065000	0.054541	-26.145882	-45.320780	-60.035837	68.138025	19.614260	9.164609	8.676873	55.454840	22.630580	2.731540	0.958188	-0.250854	0.244628	-1.000000	-1.000000	-1.000000	-1.000000	-1.000000	-1.000000	-1.000000	83.241379	0.000000	-1.000000	-1.000000	906975.000000	1770063309.942553
8157.825000	14084.325000	21896.145000	16924.185000	-9795.240000	-6613.965000	1855.710000	12728.520000	2.745350	18.950023	-66.324733	-73.332251	59.606501	23.634481	5.105795	-3.362320	55.454840	22.630580	2.731540	0.958188	-0.250854	0.244628	-1.000000	-1.000000	-1.000000	-1.000000	-1.000000	-1.000000	-1.000000	83.241379	0.000000	-1.000000	-1.000000	906976.000000	1770063309.942558
8186.535000	14085.810000	21877.245000	17001.225000	-9815.940000	-6638.535000	1827.765000	12725.820000	-5.153758	39.637353	-62.913803	-48.223243	22.741345	23.841226	2.726344	-14.711407	55.454840	22.630580	2.731540	0.958188	-0.250854	0.244628	-1.000000	-1.000000	-1.000000	-1.000000	-1.000000	-1.000000	-1.000000	83.241379	0.000000	-1.000000	-1.000000	906977.000000	1770063309.942564
8174.340000	14141.790000	22009.455000	17093.970000	-9777.870000	-6676.695000	1816.650000	12713.985000	-19.777252	30.078477	-42.162528	0.419413	-20.998361	13.426928	-0.205968	-22.603765	55.454840	22.630580	2.731540	0.958188	-0.250854	0.244628	-1.000000	-1.000000	-1.000000	-1.000000	-1.000000	-1.000000	-1.000000	83.241379	0.000000	-1.000000	-1.000000	906978.000000	1770063309.942568
8112.780000	14020.965000	21874.995000	16944.705000	-9675.855000	-6678.990000	1840.995000	12722.085000	-29.853719	5.281103	-16.911841	41.288169	-47.210205	-8.042244	-5.132526	-23.679215	55.454840	22.630580	2.731540	0.958188	-0.250854	0.244628	-1.000000	-1.000000	-1.000000	-1.000000	-1.000000	-1.000000	-1.000000	83.241379	0.000000	-1.000000	-1.000000	906979.000000	1770063309.950421
8105.310000	13941.630000	21834.720000	16926.795000	-9618.705000	-6687.045000	1832.535000	12714.480000	-24.333155	-9.340964	-0.572661	46.936590	-48.985617	-32.350631	-10.187230	-15.435666	55.454840	22.630580	2.731540	0.958188	-0.250854	0.244628	-1.000000	-1.000000	-1.000000	-1.000000	-1.000000	-1.000000	-1.000000	83.241379	0.000000	-1.000000	-1.000000	906980.000000	1770063309.950434
8053.470000	13789.755000	21867.030000	16972.245000	-9679.455000	-6679.305000	1853.100000	12695.580000	-4.746086	-2.478895	8.796532	22.871273	-36.650120	-46.143975	-11.943421	-1.046277	59.544520	7.950460	-3.143560	0.949094	-0.228332	0.320861	-1.000000	-1.000000	-1.000000	-1.000000	-1.000000	-1.000000	-1.000000	83.241379	0.000000	-1.000000	-1.000000	906981.000000	1770063309.950704
8096.445000	13856.985000	21676.095000	16723.620000	-9814.005000	-6765.165000	1829.250000	12698.910000	11.363708	3.570916	21.874905	-2.357071	-26.267650	-41.700816	-7.967321	11.301691	59.544520	7.950460	-3.143560	0.949094	-0.228332	0.320861	-1.000000	-1.000000	-1.000000	-1.000000	-1.000000	-1.000000	-1.000000	83.241379	0.000000	-1.000000	-1.000000	906982.000000	1770063309.950714
8182.260000	14222.745000	21824.820000	16740.405000	-9749.745000	-6783.930000	1805.490000	12682.980000	10.675942	-16.424434	33.983741	-15.500466	-25.559190	-24.453324	-0.112944	15.549943	59.544520	7.950460	-3.143560	0.949094	-0.228332	0.320861	-1.000000	-1.000000	-1.000000	-1.000000	-1.000000	-1.000000	-1.000000	83.241379	0.000000	-1.000000	-1.000000	906983.000000	1770063309.951667
8204.580000	14229.630000	21892.230000	16800.075000	-9676.215000	-6697.170000	1849.680000	12729.285000	2.919336	-41.243686	36.410549	-19.737114	-24.222668	-4.914546	5.977892	12.738133	59.544520	7.950460	-3.143560	0.949094	-0.228332	0.320861	-1.000000	-1.000000	-1.000000	-1.000000	-1.000000	-1.000000	-1.000000	83.241379	0.000000	-1.000000	-1.000000	906984.000000	1770063309.951678
8119.755000	14011.695000	21843.270000	16811.325000	-9719.820000	-6690.015000	1803.195000	12712.860000	4.037634	-32.410179	32.851136	-16.899121	-6.261399	13.211117	7.155237	8.477776	59.544520	7.950460	-3.143560	0.949094	-0.228332	0.320861	-1.000000	-1.000000	-1.000000	-1.000000	-1.000000	-1.000000	-1.000000	83.241379	0.000000	-1.000000	-1.000000	906985.000000	1770063309.958047
7967.745000	13727.655000	21860.055000	16953.975000	-9844.965000	-6751.845000	1783.170000	12662.595000	9.844507	0.853859	24.897048	-8.343063	25.166361	29.016633	4.399193	5.063875	59.544520	7.950460	-3.143560	0.949094	-0.228332	0.320861	-1.000000	-1.000000	-1.000000	-1.000000	-1.000000	-1.000000	-1.000000	83.241379	0.000000	-1.000000	-1.000000	906986.000000	1770063309.958057
7727.310000	13069.845000	21877.695000	17119.215000	-9850.005000	-6744.330000	1839.465000	12636.315000	3.254580	10.334666	7.755857	5.712137	46.883328	36.778124	0.540191	-0.063231	59.544520	7.950460	-3.143560	0.949094	-0.228332	0.320861	-1.000000	-1.000000	-1.000000	-1.000000	-1.000000	-1.000000	-1.000000	83.241379	0.000000	-1.000000	-1.000000	906987.000000	1770063309.960478
7811.055000	13184.010000	21723.570000	16970.670000	-10008.000000	-6768.810000	1824.120000	12654.945000	-16.803997	-23.177131	-16.780095	24.120302	38.790284	31.409419	-1.199962	-6.876855	59.544520	7.950460	-3.143560	0.949094	-0.228332	0.320861	-1.000000	-1.000000	-1.000000	-1.000000	-1.000000	-1.000000	-1.000000	83.241379	0.000000	-1.000000	-1.000000	906988.000000	1770063309.960487
8335.620000	14496.030000	21937.140000	16907.130000	-10314.270000	-6819.435000	1787.715000	12784.275000	-21.712091	-37.772718	-35.331276	34.975867	-1.542437	14.483588	-0.905647	-8.803684	59.544520	7.950460	-3.143560	0.949094	-0.228332	0.320861	-1.000000	-1.000000	-1.000000	-1.000000	-1.000000	-1.000000	-1.000000	83.241379	0.000000	-1.000000	-1.000000	906989.000000	1770063309.964405
8460.855000	14677.605000	22126.500000	16884.135000	-10338.120000	-6772.905000	1826.145000	12847.680000	17.369775	47.619338	-27.886157	26.647729	-54.252157	-5.867170	-0.915241	1.043698	59.544520	7.950460	-3.143560	0.949094	-0.228332	0.320861	-1.000000	-1.000000	-1.000000	-1.000000	-1.000000	-1.000000	-1.000000	83.241379	0.000000	-1.000000	-1.000000	906990.000000	1770063309.964415
8381.745000	14483.295000	22175.730000	16906.815000	-10043.865000	-6908.580000	1742.265000	12797.640000	79.262175	190.473727	10.937433	6.668141	-77.456912	-19.364346	-1.311902	18.111475	103.600140	-3.082520	37.280180	0.964292	-0.251525	0.388976	-1.000000	-1.000000	-1.000000	-1.000000	-1.000000	-1.000000	-1.000000	83.241379	0.000000	-1.000000	-1.000000	906991.000000	1770063309.972420
8245.485000	14193.090000	21845.745000	16648.200000	-9588.870000	-6847.155000	1747.845000	12774.870000	102.480878	239.890391	48.199848	-12.702411	-33.642680	-22.638344	-2.245481	26.259436	103.600140	-3.082520	37.280180	0.964292	-0.251525	0.388976	-1.000000	-1.000000	-1.000000	-1.000000	-1.000000	-1.000000	-1.000000	83.241379	0.000000	-1.000000	-1.000000	906992.000000	1770063309.972431
8127.360000	14007.645000	21640.050000	16668.630000	-9529.200000	-6796.305000	1734.660000	12734.775000	52.958963	117.324628	35.904265	-33.200071	68.199121	-18.333032	-4.520123	14.169863	103.600140	-3.082520	37.280180	0.964292	-0.251525	0.388976	-1.000000	-1.000000	-1.000000	-1.000000	-1.000000	-1.000000	-1.000000	83.241379	0.000000	-1.000000	-1.000000	906993.000000	1770063309.973497
8051.085000	13855.275000	21602.835000	16835.355000	-9507.600000	-6775.740000	1687.365000	12689.145000	-42.204236	-101.524418	-30.534559	-51.827899	165.912362	-7.352681	-6.154869	-13.036369	103.600140	-3.082520	37.280180	0.964292	-0.251525	0.388976	-1.000000	-1.000000	-1.000000	-1.000000	-1.000000	-1.000000	-1.000000	83.241379	0.000000	-1.000000	-1.000000	906994.000000	1770063309.973504
7992.810000	13724.505000	21719.880000	17049.420000	-9469.620000	-6735.195000	1651.455000	12664.935000	-121.337384	-270.776456	-100.156255	-50.122324	191.845820	9.258086	-5.333205	-38.422310	103.600140	-3.082520	37.280180	0.964292	-0.251525	0.388976	-1.000000	-1.000000	-1.000000	-1.000000	-1.000000	-1.000000	-1.000000	83.241379	0.000000	-1.000000	-1.000000	906995.000000	1770063309.976549
8014.635000	13828.860000	21824.325000	17029.980000	-9593.865000	-6784.515000	1605.960000	12664.755000	-134.806086	-286.471556	-113.774660	-18.807036	122.973128	24.617742	-4.183416	-46.086433	103.600140	-3.082520	37.280180	0.964292	-0.251525	0.388976	-1.000000	-1.000000	-1.000000	-1.000000	-1.000000	-1.000000	-1.000000	83.241379	0.000000	-1.000000	-1.000000	906996.000000	1770063309.976556
8080.425000	14042.520000	21929.040000	16997.760000	-9675.180000	-6887.475000	1526.400000	12677.895000	-80.612208	-152.871439	-51.994165	27.795908	-9.054428	27.245587	-5.335301	-32.396031	103.600140	-3.082520	37.280180	0.964292	-0.251525	0.388976	-1.000000	-1.000000	-1.000000	-1.000000	-1.000000	-1.000000	-1.000000	83.241379	0.000000	-1.000000	-1.000000	906997.000000	1770063309.979640
8078.310000	13943.610000	21748.680000	16862.985000	-9775.170000	-6910.605000	1507.185000	12706.830000	-5.059233	18.591388	45.816680	62.718054	-137.966002	11.301357	-7.577472	-7.431183	103.600140	-3.082520	37.280180	0.964292	-0.251525	0.388976	-1.000000	-1.000000	-1.000000	-1.000000	-1.000000	-1.000000	-1.000000	83.241379	0.000000	-1.000000	-1.000000	906998.000000	1770063309.979647
8093.340000	13890.825000	21687.975000	16767.315000	-9786.330000	-6803.820000	1513.485000	12725.010000	41.942788	108.200802	108.723329	63.853270	-204.895523	-12.657298	-6.182666	15.264888	103.600140	-3.082520	37.280180	0.964292	-0.251525	0.388976	-1.000000	-1.000000	-1.000000	-1.000000	-1.000000	-1.000000	-1.000000	83.241379	0.000000	-1.000000	-1.000000	906999.000000	1770063309.983542
8167.005000	13993.110000	21780.945000	16783.245000	-9840.015000	-6780.330000	1495.170000	12743.280000	51.430875	96.556328	100.588950	31.348164	-197.489798	-23.635373	2.975875	29.419532	103.600140	-3.082520	37.280180	0.964292	-0.251525	0.388976	-1.000000	-1.000000	-1.000000	-1.000000	-1.000000	-1.000000	-1.000000	83.241379	0.000000	-1.000000	-1.000000	907000.000000	1770063309.983548
8150.580000	14005.755000	21975.795000	17073.270000	-9730.395000	-6774.795000	1468.845000	12734.820000	47.471241	52.463706	53.081614	-5.923523	-142.697211	-14.071619	17.049951	35.057990	151.043480	30.107980	18.113620	1.040281	-0.368896	0.309386	-1.000000	-1.000000	-1.000000	-1.000000	-1.000000	-1.000000	-1.000000	83.241379	0.000000	-1.000000	-1.000000	907001.000000	1770063309.987681
8066.520000	13683.420000	21695.715000	16894.035000	-9734.310000	-6778.935000	1462.230000	12727.305000	48.047520	36.325170	17.154871	-19.207948	-66.485351	1.997100	27.126150	32.540792	151.043480	30.107980	18.113620	1.040281	-0.368896	0.309386	-1.000000	-1.000000	-1.000000	-1.000000	-1.000000	-1.000000	-1.000000	83.241379	0.000000	-1.000000	-1.000000	907002.000000	1770063309.987691
8096.040000	13914.405000	21815.685000	16972.155000	-9910.755000	-6836.445000	1414.935000	12716.640000	50.126050	52.347308	2.450329	-16.952657	16.289819	8.101371	27.273475	22.723148	151.043480	30.107980	18.113620	1.040281	-0.368896	0.309386	-1.000000	-1.000000	-1.000000	-1.000000	-1.000000	-1.000000	-1.000000	83.241379	0.000000	-1.000000	-1.000000	907003.000000	1770063309.993064
8173.755000	14173.605000	21998.700000	17062.245000	-9939.645000	-6864.525000	1382.355000	12728.385000	46.272577	83.793344	-8.210162	-23.473620	85.093751	0.026523	17.398626	8.852311	151.043480	30.107980	18.113620	1.040281	-0.368896	0.309386	-1.000000	-1.000000	-1.000000	-1.000000	-1.000000	-1.000000	-1.000000	83.241379	0.000000	-1.000000	-1.000000	907004.000000	1770063309.993074
8165.610000	14140.035000	21985.740000	16976.160000	-9820.395000	-6786.945000	1416.060000	12735.720000	33.414863	110.186243	-20.327817	-37.553047	124.393221	-12.428424	2.478328	-5.059575	151.043480	30.107980	18.113620	1.040281	-0.368896	0.309386	-1.000000	-1.000000	-1.000000	-1.000000	-1.000000	-1.000000	-1.000000	83.241379	0.000000	-1.000000	-1.000000	907005.000000	1770063310.001292
8146.620000	14044.185000	21739.545000	16750.845000	-9745.830000	-6777.045000	1428.480000	12730.275000	5.743351	89.249813	-34.689483	-43.505815	139.051872	-12.774085	-8.036897	-16.864873	151.043480	30.107980	18.113620	1.040281	-0.368896	0.309386	-1.000000	-1.000000	-1.000000	-1.000000	-1.000000	-1.000000	-1.000000	83.241379	0.000000	-1.000000	-1.000000	907006.000000	1770063310.001303
8133.210000	14035.365000	21683.340000	16746.255000	-9696.735000	-6753.015000	1428.255000	12713.580000	-37.480346	-3.087753	-54.360661	-35.033852	136.943629	3.376692	-8.764868	-26.250812	151.043480	30.107980	18.113620	1.040281	-0.368896	0.309386	-1.000000	-1.000000	-1.000000	-1.000000	-1.000000	-1.000000	-1.000000	83.241379	0.000000	-1.000000	-1.000000	907007.000000	1770063310.001315
8069.040000	13935.105000	21720.195000	16788.375000	-9687.105000	-6765.255000	1426.185000	12681.945000	-79.726118	-124.531422	-69.227808	-11.419591	111.576946	21.598291	-3.997159	-31.874348	151.043480	30.107980	18.113620	1.040281	-0.368896	0.309386	-1.000000	-1.000000	-1.000000	-1.000000	-1.000000	-1.000000	-1.000000	83.241379	0.000000	-1.000000	-1.000000	907008.000000	1770063310.001320
8030.520000	13835.700000	21768.210000	16910.505000	-9639.900000	-6739.245000	1426.455000	12679.110000	-98.216878	-203.667302	-61.391069	23.612272	53.244361	25.441230	-0.816785	-30.495120	151.043480	30.107980	18.113620	1.040281	-0.368896	0.309386	-1.000000	-1.000000	-1.000000	-1.000000	-1.000000	-1.000000	-1.000000	83.241379	0.000000	-1.000000	-1.000000	907009.000000	1770063310.003900
8025.480000	13747.410000	21807.045000	16912.935000	-9744.570000	-6726.375000	1441.620000	12689.685000	-80.167291	-197.609202	-25.017721	54.857251	-30.993186	12.193662	-1.973411	-19.484838	151.043480	30.107980	18.113620	1.040281	-0.368896	0.309386	-1.000000	-1.000000	-1.000000	-1.000000	-1.000000	-1.000000	-1.000000	83.241379	0.000000	-1.000000	-1.000000	907010.000000	1770063310.003910
8136.135000	13938.885000	21885.300000	16903.260000	-9854.145000	-6724.080000	1435.545000	12731.580000	-27.210004	-104.919685	30.559958	64.112732	-113.251501	-7.701272	-5.405741	0.592329	117.944540	31.557680	-4.562740	1.108090	-0.324279	0.241332	-1.000000	-1.000000	-1.000000	-1.000000	-1.000000	-1.000000	-1.000000	83.241379	0.000000	-1.000000	-1.000000	907011.000000	1770063310.007860
8169.345000	14044.545000	21976.200000	17126.685000	-9775.260000	-6764.805000	1366.785000	12752.595000	42.538218	35.899153	82.256372	46.709969	-156.101158	-21.442483	-8.390746	24.265695	117.944540	31.557680	-4.562740	1.108090	-0.324279	0.241332	-1.000000	-1.000000	-1.000000	-1.000000	-1.000000	-1.000000	-1.000000	83.241379	0.000000	-1.000000	-1.000000	907012.000000	1770063310.007872
8063.055000	13801.455000	21964.995000	17141.355000	-9696.960000	-6731.640000	1405.350000	12738.195000	95.385377	152.403965	99.441342	15.716258	-134.447091	-23.152154	-10.309267	41.106433	117.944540	31.557680	-4.562740	1.108090	-0.324279	0.241332	-1.000000	-1.000000	-1.000000	-1.000000	-1.000000	-1.000000	-1.000000	83.241379	0.000000	-1.000000	-1.000000	907013.000000	1770063310.011772
8008.605000	13636.980000	21798.135000	16926.885000	-10090.620000	-6762.285000	1428.795000	12728.160000	99.503678	176.447872	67.633848	-11.831764	-63.896025	-15.098990	-9.942394	40.853682	117.944540	31.557680	-4.562740	1.108090	-0.324279	0.241332	-1.000000	-1.000000	-1.000000	-1.000000	-1.000000	-1.000000	-1.000000	83.241379	0.000000	-1.000000	-1.000000	907014.000000	1770063310.011782
8102.115000	14060.070000	21986.910000	17023.950000	-10105.470000	-6690.150000	1371.060000	12694.320000	53.361735	105.580972	7.944373	-26.773975	4.526328	-3.182097	-6.534007	21.613496	117.944540	31.557680	-4.562740	1.108090	-0.324279	0.241332	-1.000000	-1.000000	-1.000000	-1.000000	-1.000000	-1.000000	-1.000000	83.241379	0.000000	-1.000000	-1.000000	907015.000000	1770063310.015771
8170.245000	14031.630000	21916.260000	17033.805000	-9840.510000	-6653.520000	1413.090000	12742.155000	-8.512487	10.221288	-38.357053	-25.419562	39.833033	8.261805	-2.547745	-6.496841	117.944540	31.557680	-4.562740	1.108090	-0.324279	0.241332	-1.000000	-1.000000	-1.000000	-1.000000	-1.000000	-1.000000	-1.000000	83.241379	0.000000	-1.000000	-1.000000	907016.000000	1770063310.015781
8208.360000	14056.830000	21767.895000	16758.315000	-9721.440000	-6735.915000	1402.695000	12746.295000	-45.716062	-42.232010	-53.464188	-16.915518	55.740710	15.363823	0.607012	-26.924152	117.944540	31.557680	-4.562740	1.108090	-0.324279	0.241332	-1.000000	-1.000000	-1.000000	-1.000000	-1.000000	-1.000000	-1.000000	83.241379	0.000000	-1.000000	-1.000000	907017.000000	1770063310.021221
8199.090000	14233.995000	21703.320000	16555.770000	-9510.480000	-6580.710000	1403.775000	12697.155000	-43.667513	-37.670714	-53.221155	-25.700337	72.369615	14.555781	3.462569	-30.270080	117.944540	31.557680	-4.562740	1.108090	-0.324279	0.241332	-1.000000	-1.000000	-1.000000	-1.000000	-1.000000	-1.000000	-1.000000	83.241379	0.000000	-1.000000	-1.000000	907018.000000	1770063310.021232
8149.455000	14123.070000	21765.690000	16737.660000	-9462.330000	-6598.935000	1400.805000	12683.655000	-17.721040	1.032584	-50.356277	-55.413810	90.119429	8.891198	5.258497	-21.220585	117.944540	31.557680	-4.562740	1.108090	-0.324279	0.241332	-1.000000	-1.000000	-1.000000	-1.000000	-1.000000	-1.000000	-1.000000	83.241379	0.000000	-1.000000	-1.000000	907019.000000	1770063310.025292
8059.410000	13912.245000	21796.830000	16926.165000	-9528.705000	-6630.885000	1415.655000	12665.160000	3.286657	28.645515	-39.283984	-70.011507	94.507549	3.781436	5.916490	-10.086294	117.944540	31.557680	-4.562740	1.108090	-0.324279	0.241332	-1.000000	-1.000000	-1.000000	-1.000000	-1.000000	-1.000000	-1.000000	83.241379	0.000000	-1.000000	-1.000000	907020.000000	1770063310.025305
7966.260000	13715.280000	21838.005000	16717.410000	-9734.130000	-6552.495000	1482.705000	12662.145000	0.219018	4.161901	-16.488396	-43.108954	63.894058	0.422062	8.093802	-2.729101	20.967240	58.247420	10.498880	1.093625	-0.245849	0.153747	-1.000000	-1.000000	-1.000000	-1.000000	-1.000000	-1.000000	-1.000000	83.241379	0.000000	-1.000000	-1.000000	907021.000000	1770063310.027580
8018.595000	13768.560000	21927.420000	16734.555000	-9936.270000	-6647.445000	1460.475000	12680.370000	-19.783604	-60.688547	13.497539	8.146889	-9.885693	-1.998294	12.143675	1.562001	20.967240	58.247420	10.498880	1.093625	-0.245849	0.153747	-1.000000	-1.000000	-1.000000	-1.000000	-1.000000	-1.000000	-1.000000	83.241379	0.000000	-1.000000	-1.000000	907022.000000	1770063310.027588
8132.535000	13966.605000	21801.825000	16981.335000	-9721.485000	-6668.280000	1464.255000	12709.800000	-31.006099	-106.840131	44.288193	60.459145	-93.268292	-6.688939	12.604897	6.715691	20.967240	58.247420	10.498880	1.093625	-0.245849	0.153747	-1.000000	-1.000000	-1.000000	-1.000000	-1.000000	-1.000000	-1.000000	83.241379	0.000000	-1.000000	-1.000000	907023.000000	1770063310.031680
8140.095000	14024.700000	21727.485000	16955.145000	-9475.065000	-6477.345000	1534.815000	12707.460000	-17.683939	-92.874924	60.957644	103.846233	-127.209383	-13.501217	6.494738	14.132656	20.967240	58.247420	10.498880	1.093625	-0.245849	0.153747	-1.000000	-1.000000	-1.000000	-1.000000	-1.000000	-1.000000	-1.000000	83.241379	0.000000	-1.000000	-1.000000	907024.000000	1770063310.031690
8151.885000	13933.395000	21829.725000	17105.355000	-9559.125000	-6576.480000	1507.455000	12737.250000	10.487108	-30.558551	51.067562	122.897807	-91.358635	-14.615904	-2.221081	20.006471	20.967240	58.247420	10.498880	1.093625	-0.245849	0.153747	-1.000000	-1.000000	-1.000000	-1.000000	-1.000000	-1.000000	-1.000000	83.241379	0.000000	-1.000000	-1.000000	907025.000000	1770063310.035643
8116.740000	13894.605000	21823.560000	17067.015000	-9622.485000	-6656.850000	1489.410000	12717.855000	32.573709	38.112219	25.864233	106.148613	-27.473588	-8.970175	-10.237089	19.589109	20.967240	58.247420	10.498880	1.093625	-0.245849	0.153747	-1.000000	-1.000000	-1.000000	-1.000000	-1.000000	-1.000000	-1.000000	83.241379	0.000000	-1.000000	-1.000000	907026.000000	1770063310.035652
8047.305000	13900.410000	21880.305000	16972.605000	-9854.910000	-6613.830000	1549.575000	12709.125000	35.734623	77.413589	5.425148	56.738121	9.330089	-6.167299	-16.085105	12.239990	20.967240	58.247420	10.498880	1.093625	-0.245849	0.153747	-1.000000	-1.000000	-1.000000	-1.000000	-1.000000	-1.000000	-1.000000	83.241379	0.000000	-1.000000	-1.000000	907027.000000	1770063310.039676
8092.125000	14004.135000	22009.455000	16985.565000	-10046.700000	-6649.605000	1560.960000	12720.285000	21.760453	80.607272	-3.557814	-17.852758	0.128330	-8.821937	-16.212216	1.306990	20.967240	58.247420	10.498880	1.093625	-0.245849	0.153747	-1.000000	-1.000000	-1.000000	-1.000000	-1.000000	-1.000000	-1.000000	83.241379	0.000000	-1.000000	-1.000000	907028.000000	1770063310.039688
8138.745000	14009.355000	21977.235000	17004.195000	-9825.210000	-6602.670000	1607.085000	12752.550000	4.711378	65.878313	-6.889898	-99.808283	-26.592443	-8.504069	-8.910713	-8.172585	20.967240	58.247420	10.498880	1.093625	-0.245849	0.153747	-1.000000	-1.000000	-1.000000	-1.000000	-1.000000	-1.000000	-1.000000	83.241379	0.000000	-1.000000	-1.000000	907029.000000	1770063310.047272
8145.180000	13928.130000	21668.625000	16541.100000	-9768.555000	-6485.490000	1646.730000	12738.780000	-1.371974	49.447861	-18.580187	-158.562737	-20.314794	2.250997	1.969154	-12.526313	20.967240	58.247420	10.498880	1.093625	-0.245849	0.153747	-1.000000	-1.000000	-1.000000	-1.000000	-1.000000	-1.000000	-1.000000	83.241379	0.000000	-1.000000	-1.000000	907030.000000	1770063310.047280
8172.045000	14082.840000	21766.905000	16726.860000	-9569.655000	-6487.605000	1639.890000	12701.835000	2.758334	30.497612	-45.786743	-170.124761	40.883926	23.261475	10.342713	-12.967091	-10.224200	57.392860	-9.598540	1.069333	-0.294494	0.195861	-1.000000	-1.000000	-1.000000	-1.000000	-1.000000	-1.000000	-1.000000	83.241379	0.000000	-1.000000	-1.000000	907031.000000	1770063310.047744
7991.595000	13762.620000	21953.970000	17049.150000	-9523.080000	-6489.045000	1698.165000	12656.835000	1.441154	-3.453298	-65.567503	-122.252863	121.272597	42.598102	12.473841	-13.984329	-10.224200	57.392860	-9.598540	1.069333	-0.294494	0.195861	-1.000000	-1.000000	-1.000000	-1.000000	-1.000000	-1.000000	-1.000000	83.241379	0.000000	-1.000000	-1.000000	907032.000000	1770063310.047751
7796.520000	13237.020000	22222.575000	17255.655000	-9995.265000	-6563.340000	1745.955000	12653.145000	-20.155007	-65.084510	-42.606795	-17.699619	148.570055	40.682734	8.910281	-17.022831	-10.224200	57.392860	-9.598540	1.069333	-0.294494	0.195861	-1.000000	-1.000000	-1.000000	-1.000000	-1.000000	-1.000000	-1.000000	83.241379	0.000000	-1.000000	-1.000000	907033.000000	1770063310.051571
7858.395000	13098.510000	21755.250000	17000.910000	-10185.840000	-6432.255000	1826.505000	12720.735000	-55.184917	-142.099642	17.232701	103.261644	75.853179	14.152469	4.302674	-17.230466	-10.224200	57.392860	-9.598540	1.069333	-0.294494	0.195861	-1.000000	-1.000000	-1.000000	-1.000000	-1.000000	-1.000000	-1.000000	83.241379	0.000000	-1.000000	-1.000000	907034.000000	1770063310.051577
8260.560000	13874.445000	21591.990000	16787.475000	-10233.540000	-6596.640000	1833.615000	12837.735000	-67.547436	-174.631903	58.186556	171.631783	-62.222118	-17.508886	3.121807	-6.326578	-10.224200	57.392860	-9.598540	1.069333	-0.294494	0.195861	-1.000000	-1.000000	-1.000000	-1.000000	-1.000000	-1.000000	-1.000000	83.241379	0.000000	-1.000000	-1.000000	907035.000000	1770063310.058520
8433.585000	14609.745000	21693.555000	16583.175000	-9949.320000	-6689.430000	1785.060000	12795.705000	-22.230746	-89.860206	40.470910	144.614303	-165.861193	-39.700934	2.462737	16.753778	-10.224200	57.392860	-9.598540	1.069333	-0.294494	0.195861	-1.000000	-1.000000	-1.000000	-1.000000	-1.000000	-1.000000	-1.000000	83.241379	0.000000	-1.000000	-1.000000	907036.000000	1770063310.058532
8125.560000	14284.845000	21583.575000	16550.325000	-9328.230000	-6496.560000	1791.180000	12621.780000	61.442901	100.435282	-15.357554	40.987289	-147.755427	-47.961456	-4.669536	35.555265	-10.224200	57.392860	-9.598540	1.069333	-0.294494	0.195861	-1.000000	-1.000000	-1.000000	-1.000000	-1.000000	-1.000000	-1.000000	83.241379	0.000000	-1.000000	-1.000000	907037.000000	1770063310.061538
8073.720000	14098.725000	21858.660000	16898.580000	-9268.155000	-6514.740000	1795.995000	12610.845000	113.574758	267.104837	-56.841650	-66.530995	-8.134138	-35.852495	-18.049413	29.203568	-10.224200	57.392860	-9.598540	1.069333	-0.294494	0.195861	-1.000000	-1.000000	-1.000000	-1.000000	-1.000000	-1.000000	-1.000000	83.241379	0.000000	-1.000000	-1.000000	907038.000000	1770063310.061546
8086.095000	13932.630000	21844.845000	16939.035000	-9538.695000	-6402.240000	1901.790000	12676.770000	89.353545	280.233540	-42.802545	-96.464574	150.286344	-6.150998	-27.891971	0.341526	-10.224200	57.392860	-9.598540	1.069333	-0.294494	0.195861	-1.000000	-1.000000	-1.000000	-1.000000	-1.000000	-1.000000	-1.000000	83.241379	0.000000	-1.000000	-1.000000	907039.000000	1770063310.063566
8082.630000	13818.645000	21885.480000	16862.535000	-9989.235000	-6486.570000	1945.845000	12703.230000	11.070536	126.401729	20.556224	-38.367445	197.116748	25.096844	-22.934494	-24.973129	-10.224200	57.392860	-9.598540	1.069333	-0.294494	0.195861	-1.000000	-1.000000	-1.000000	-1.000000	-1.000000	-1.000000	-1.000000	83.241379	0.000000	-1.000000	-1.000000	907040.000000	1770063310.063577
8201.835000	14105.340000	21869.370000	17020.170000	-9800.280000	-6754.005000	1893.690000	12718.890000	-61.882578	-88.335148	78.965496	35.150298	90.003863	37.166785	-4.146574	-26.311358	43.323140	45.184860	8.362480	1.053525	-0.297301	0.322509	-1.000000	-1.000000	-1.000000	-1.000000	-1.000000	-1.000000	-1.000000	83.241379	0.000000	-1.000000	-1.000000	907041.000000	1770063310.070780
8255.520000	14309.910000	21658.680000	16708.455000	-9577.890000	-6674.850000	1920.420000	12723.975000	-81.076945	-215.535783	82.288149	55.187955	-76.484603	18.587533	13.275736	-6.767677	43.323140	45.184860	8.362480	1.053525	-0.297301	0.322509	-1.000000	-1.000000	-1.000000	-1.000000	-1.000000	-1.000000	-1.000000	83.241379	0.000000	-1.000000	-1.000000	907042.000000	1770063310.070792
8170.425000	14148.045000	21656.970000	16667.010000	-9778.140000	-6509.115000	2001.150000	12710.925000	-47.188519	-189.185978	32.419628	16.050244	-167.704690	-12.326364	18.416956	14.178330	43.323140	45.184860	8.362480	1.053525	-0.297301	0.322509	-1.000000	-1.000000	-1.000000	-1.000000	-1.000000	-1.000000	-1.000000	83.241379	0.000000	-1.000000	-1.000000	907043.000000	1770063310.071648
8099.820000	13974.930000	21699.405000	16766.505000	-9813.465000	-6503.130000	2058.435000	12681.270000	-7.960239	-88.204989	-24.973760	-35.281680	-142.964303	-20.727902	15.594648	18.809274	43.323140	45.184860	8.362480	1.053525	-0.297301	0.322509	-1.000000	-1.000000	-1.000000	-1.000000	-1.000000	-1.000000	-1.000000	83.241379	0.000000	-1.000000	-1.000000	907044.000000	1770063310.071655
8076.060000	13934.070000	21813.210000	16807.545000	-9663.795000	-6527.385000	2081.970000	12661.740000	-2.426393	-33.147189	-50.900784	-47.272554	-58.526261	3.063551	14.025128	6.282251	43.323140	45.184860	8.362480	1.053525	-0.297301	0.322509	-1.000000	-1.000000	-1.000000	-1.000000	-1.000000	-1.000000	-1.000000	83.241379	0.000000	-1.000000	-1.000000	907045.000000	1770063310.079206
8064.765000	13883.490000	21698.640000	16817.355000	-9611.505000	-6472.125000	2156.085000	12700.845000	-18.584124	-45.594791	-42.352523	-14.050776	12.883853	33.328792	16.108497	-7.487424	43.323140	45.184860	8.362480	1.053525	-0.297301	0.322509	-1.000000	-1.000000	-1.000000	-1.000000	-1.000000	-1.000000	-1.000000	83.241379	0.000000	-1.000000	-1.000000	907046.000000	1770063310.079215
8129.925000	13908.510000	21714.120000	16933.185000	-9625.545000	-6402.105000	2195.640000	12742.830000	-20.235223	-55.546917	-21.431632	28.398160	38.453970	41.493540	17.127260	-7.791779	43.323140	45.184860	8.362480	1.053525	-0.297301	0.322509	-1.000000	-1.000000	-1.000000	-1.000000	-1.000000	-1.000000	-1.000000	83.241379	0.000000	-1.000000	-1.000000	907047.000000	1770063310.079706
8144.190000	13984.965000	21869.055000	17057.520000	-9803.970000	-6458.670000	2146.410000	12722.850000	5.244988	-8.550601	-6.261699	48.814675	34.301832	22.399168	9.835935	3.065858	43.323140	45.184860	8.362480	1.053525	-0.297301	0.322509	-1.000000	-1.000000	-1.000000	-1.000000	-1.000000	-1.000000	-1.000000	83.241379	0.000000	-1.000000	-1.000000	907048.000000	1770063310.079713
8183.565000	14094.630000	22022.010000	16897.095000	-9880.470000	-6458.130000	2151.090000	12746.925000	40.643823	82.552927	5.316069	38.584269	29.141934	-8.840917	-8.864238	11.820104	43.323140	45.184860	8.362480	1.053525	-0.297301	0.322509	-1.000000	-1.000000	-1.000000	-1.000000	-1.000000	-1.000000	-1.000000	83.241379	0.000000	-1.000000	-1.000000	907049.000000	1770063310.084591
8035.380000	13760.145000	22049.235000	16577.865000	-10211.805000	-6456.645000	2197.575000	12718.890000	59.707226	157.761079	20.446469	-3.223588	25.197730	-29.762119	-30.169772	10.093034	43.323140	45.184860	8.362480	1.053525	-0.297301	0.322509	-1.000000	-1.000000	-1.000000	-1.000000	-1.000000	-1.000000	-1.000000	83.241379	0.000000	-1.000000	-1.000000	907050.000000	1770063310.084601
7866.585000	13438.170000	22044.870000	16832.880000	-10578.465000	-6604.245000	2199.060000	12669.885000	43.774637	153.930063	37.540579	-57.764966	2.542795	-32.011792	-39.544465	-1.598918	44.192960	23.164680	41.415640	1.055051	-0.212524	0.363097	-1.000000	-1.000000	-1.000000	-1.000000	-1.000000	-1.000000	-1.000000	83.241379	0.000000	-1.000000	-1.000000	907051.000000	1770063310.092525
7929.720000	13585.500000	22160.070000	17518.725000	-10385.640000	-6630.660000	2208.915000	12678.345000	-2.788414	61.763867	49.213452	-69.845163	-36.383387	-29.771806	-32.549220	-17.212538	44.192960	23.164680	41.415640	1.055051	-0.212524	0.363097	-1.000000	-1.000000	-1.000000	-1.000000	-1.000000	-1.000000	-1.000000	83.241379	0.000000	-1.000000	-1.000000	907052.000000	1770063310.092536
8054.370000	13498.335000	21734.955000	17021.340000	-9875.610000	-6706.665000	2274.930000	12772.260000	-47.113787	-57.442669	38.695407	-9.240562	-46.331216	-33.184085	-15.073363	-25.356554	44.192960	23.164680	41.415640	1.055051	-0.212524	0.363097	-1.000000	-1.000000	-1.000000	-1.000000	-1.000000	-1.000000	-1.000000	83.241379	0.000000	-1.000000	-1.000000	907053.000000	1770063310.092547
8122.410000	13837.005000	21439.710000	16351.290000	-9588.645000	-6751.755000	2217.195000	12718.305000	-52.482533	-123.347421	-14.534322	59.044367	7.449741	-34.983957	5.049622	-16.303443	44.192960	23.164680	41.415640	1.055051	-0.212524	0.363097	-1.000000	-1.000000	-1.000000	-1.000000	-1.000000	-1.000000	-1.000000	83.241379	0.000000	-1.000000	-1.000000	907054.000000	1770063310.092552
8107.830000	14089.005000	21516.480000	16488.675000	-9270.945000	-6553.665000	2200.905000	12649.230000	-13.873150	-90.989321	-96.585028	46.052863	99.436451	-24.505005	18.316433	3.490375	44.192960	23.164680	41.415640	1.055051	-0.212524	0.363097	-1.000000	-1.000000	-1.000000	-1.000000	-1.000000	-1.000000	-1.000000	83.241379	0.000000	-1.000000	-1.000000	907055.000000	1770063310.095546
8029.980000	13910.535000	21516.480000	16507.440000	-9496.215000	-6457.050000	2285.325000	12651.705000	35.319142	15.919190	-149.881914	-40.280573	167.316688	4.342915	19.420495	15.776732	44.192960	23.164680	41.415640	1.055051	-0.212524	0.363097	-1.000000	-1.000000	-1.000000	-1.000000	-1.000000	-1.000000	-1.000000	83.241379	0.000000	-1.000000	-1.000000	907056.000000	1770063310.095555
7915.275000	13458.285000	21770.055000	16611.660000	-9867.375000	-6496.380000	2331.270000	12640.770000	53.688191	106.400604	-127.450220	-114.055578	155.940120	45.516388	15.473530	12.350773	44.192960	23.164680	41.415640	1.055051	-0.212524	0.363097	-1.000000	-1.000000	-1.000000	-1.000000	-1.000000	-1.000000	-1.000000	83.241379	0.000000	-1.000000	-1.000000	907057.000000	1770063310.100154
7875.945000	13373.505000	21973.230000	17171.280000	-9822.690000	-6669.540000	2292.660000	12598.470000	27.910774	98.783450	-32.642908	-100.496928	54.130737	75.648829	15.144717	0.115530	44.192960	23.164680	41.415640	1.055051	-0.212524	0.363097	-1.000000	-1.000000	-1.000000	-1.000000	-1.000000	-1.000000	-1.000000	83.241379	0.000000	-1.000000	-1.000000	907058.000000	1770063310.100164
8195.220000	14250.870000	21627.315000	16891.200000	-9699.165000	-6545.385000	2401.650000	12715.470000	-13.555928	18.066671	85.417366	11.382473	-79.710986	72.855060	17.043029	-8.675829	44.192960	23.164680	41.415640	1.055051	-0.212524	0.363097	-1.000000	-1.000000	-1.000000	-1.000000	-1.000000	-1.000000	-1.000000	83.241379	0.000000	-1.000000	-1.000000	907059.000000	1770063310.103690
8228.655000	14207.355000	21681.045000	16772.445000	-9759.600000	-6510.510000	2481.570000	12777.660000	-25.779581	-30.917937	159.013250	140.530168	-159.323431	41.377689	17.451644	-3.253668	44.192960	23.164680	41.415640	1.055051	-0.212524	0.363097	-1.000000	-1.000000	-1.000000	-1.000000	-1.000000	-1.000000	-1.000000	83.241379	0.000000	-1.000000	-1.000000	907060.000000	1770063310.103699
8202.645000	14026.140000	21485.745000	16510.680000	-9818.910000	-6598.620000	2422.755000	12763.440000	-0.327474	-8.896083	150.147653	171.384827	-155.917970	3.087823	14.465465	14.973535	-8.881320	33.297320	62.077680	1.081357	-0.125793	0.277038	-1.000000	-1.000000	-1.000000	-1.000000	-1.000000	-1.000000	-1.000000	83.241379	0.000000	-1.000000	-1.000000	907061.000000	1770063310.108270
8145.135000	14096.880000	21861.360000	16592.355000	-9846.585000	-6637.860000	2336.040000	12698.145000	25.791778	22.823026	84.471256	83.054822	-114.504801	-27.424884	2.835892	28.679072	-8.881320	33.297320	62.077680	1.081357	-0.125793	0.277038	-1.000000	-1.000000	-1.000000	-1.000000	-1.000000	-1.000000	-1.000000	83.241379	0.000000	-1.000000	-1.000000	907062.000000	1770063310.108279
7952.265000	13716.090000	21939.885000	16418.250000	-9953.685000	-6508.710000	2415.555000	12666.510000	17.474519	2.251690	26.100131	-33.062488	-87.851967	-45.212361	-17.520048	22.825132	-8.881320	33.297320	62.077680	1.081357	-0.125793	0.277038	-1.000000	-1.000000	-1.000000	-1.000000	-1.000000	-1.000000	-1.000000	83.241379	0.000000	-1.000000	-1.000000	907063.000000	1770063310.111596
7995.285000	13712.850000	21761.505000	16800.480000	-9835.155000	-6562.530000	2402.370000	12671.685000	-23.998929	-74.694074	4.631970	-88.940210	-79.654792	-50.098147	-34.089694	0.903813	-8.881320	33.297320	62.077680	1.081357	-0.125793	0.277038	-1.000000	-1.000000	-1.000000	-1.000000	-1.000000	-1.000000	-1.000000	83.241379	0.000000	-1.000000	-1.000000	907064.000000	1770063310.111601
8188.200000	13980.690000	21457.890000	16788.960000	-9572.625000	-6674.895000	2390.805000	12718.080000	-61.926352	-147.813286	-13.880522	-69.793866	-45.103387	-48.376758	-36.413115	-20.868371	-8.881320	33.297320	62.077680	1.081357	-0.125793	0.277038	-1.000000	-1.000000	-1.000000	-1.000000	-1.000000	-1.000000	-1.000000	83.241379	0.000000	-1.000000	-1.000000	907065.000000	1770063310.115656
8073.315000	13912.335000	21656.790000	16919.145000	-9664.290000	-6672.150000	2416.635000	12660.660000	-58.041673	-136.234441	-66.049734	-15.101450	50.791213	-42.726087	-25.595026	-29.296216	-8.881320	33.297320	62.077680	1.081357	-0.125793	0.277038	-1.000000	-1.000000	-1.000000	-1.000000	-1.000000	-1.000000	-1.000000	83.241379	0.000000	-1.000000	-1.000000	907066.000000	1770063310.115666
8052.030000	13987.665000	21700.080000	16821.270000	-9845.640000	-6684.795000	2437.830000	12653.325000	-15.683624	-32.020796	-129.294258	22.405528	168.458952	-25.342138	-7.015246	-23.768001	-8.881320	33.297320	62.077680	1.081357	-0.125793	0.277038	-1.000000	-1.000000	-1.000000	-1.000000	-1.000000	-1.000000	-1.000000	83.241379	0.000000	-1.000000	-1.000000	907067.000000	1770063310.119623
8131.905000	14057.865000	21859.740000	16877.610000	-9949.905000	-6693.390000	2455.020000	12686.130000	27.140960	83.908586	-141.788560	20.684782	221.769806	4.843611	11.815399	-12.776997	-8.881320	33.297320	62.077680	1.081357	-0.125793	0.277038	-1.000000	-1.000000	-1.000000	-1.000000	-1.000000	-1.000000	-1.000000	83.241379	0.000000	-1.000000	-1.000000	907068.000000	1770063310.119634
8169.210000	14012.505000	21811.995000	16911.765000	-9895.905000	-6655.455000	2515.185000	12729.105000	43.408526	133.070842	-74.938117	-1.832151	170.067222	34.650936	22.905690	-3.051674	-8.881320	33.297320	62.077680	1.081357	-0.125793	0.277038	-1.000000	-1.000000	-1.000000	-1.000000	-1.000000	-1.000000	-1.000000	83.241379	0.000000	-1.000000	-1.000000	907069.000000	1770063310.123727
8195.895000	14080.185000	21925.305000	16911.945000	-9893.385000	-6666.390000	2523.420000	12735.495000	35.354659	107.120532	34.728070	-15.829874	47.737043	53.046852	25.825965	5.206353	-8.881320	33.297320	62.077680	1.081357	-0.125793	0.277038	-1.000000	-1.000000	-1.000000	-1.000000	-1.000000	-1.000000	-1.000000	83.241379	0.000000	-1.000000	-1.000000	907070.000000	1770063310.123734
8142.120000	13971.960000	21840.795000	16906.770000	-9848.115000	-6672.240000	2538.495000	12714.345000	18.789065	45.554299	119.771117	-6.042762	-78.124732	55.996276	25.475628	13.776071	-52.326540	42.911120	75.781160	1.060910	-0.148742	0.241821	-1.000000	-1.000000	-1.000000	-1.000000	-1.000000	-1.000000	-1.000000	83.241379	0.000000	-1.000000	-1.000000	907071.000000	1770063310.131222
8163.000000	14100.435000	21692.790000	16767.990000	-9824.310000	-6696.540000	2550.105000	12704.580000	6.788434	-9.408167	130.155592	15.533323	-151.739219	39.336888	22.214411	20.950192	-52.326540	42.911120	75.781160	1.060910	-0.148742	0.241821	-1.000000	-1.000000	-1.000000	-1.000000	-1.000000	-1.000000	-1.000000	83.241379	0.000000	-1.000000	-1.000000	907072.000000	1770063310.131234
8175.735000	14076.045000	21800.700000	16793.145000	-9752.580000	-6608.250000	2615.895000	12734.370000	1.951157	-33.649865	69.772554	17.028105	-151.339387	7.026076	13.474893	22.053677	-52.326540	42.911120	75.781160	1.060910	-0.148742	0.241821	-1.000000	-1.000000	-1.000000	-1.000000	-1.000000	-1.000000	-1.000000	83.241379	0.000000	-1.000000	-1.000000	907073.000000	1770063310.133166
8117.910000	13922.460000	21771.090000	16790.670000	-9741.780000	-6598.665000	2634.840000	12716.910000	-3.016060	-31.983469	-9.103616	-15.081190	-91.417748	-20.969181	1.395812	14.593378	-52.326540	42.911120	75.781160	1.060910	-0.148742	0.241821	-1.000000	-1.000000	-1.000000	-1.000000	-1.000000	-1.000000	-1.000000	83.241379	0.000000	-1.000000	-1.000000	907074.000000	1770063310.133178
8119.080000	13945.050000	21783.465000	16767.495000	-9873.495000	-6673.815000	2607.435000	12704.400000	-12.400813	-25.642862	-61.738177	-58.471467	-7.915834	-28.120552	-9.885896	1.604025	-52.326540	42.911120	75.781160	1.060910	-0.148742	0.241821	-1.000000	-1.000000	-1.000000	-1.000000	-1.000000	-1.000000	-1.000000	83.241379	0.000000	-1.000000	-1.000000	907075.000000	1770063310.135684
8147.250000	14009.400000	21815.325000	16787.070000	-9930.645000	-6748.830000	2574.450000	12703.680000	-20.830714	-26.481755	-77.651750	-78.333584	60.796568	-20.530184	-20.151332	-11.122898	-52.326540	42.911120	75.781160	1.060910	-0.148742	0.241821	-1.000000	-1.000000	-1.000000	-1.000000	-1.000000	-1.000000	-1.000000	83.241379	0.000000	-1.000000	-1.000000	907076.000000	1770063310.135695
8161.560000	13996.485000	21864.420000	16969.455000	-9798.120000	-6711.390000	2598.930000	12720.510000	-23.159108	-31.837722	-61.583778	-52.959641	92.337803	-14.094016	-29.759211	-19.818945	-52.326540	42.911120	75.781160	1.060910	-0.148742	0.241821	-1.000000	-1.000000	-1.000000	-1.000000	-1.000000	-1.000000	-1.000000	83.241379	0.000000	-1.000000	-1.000000	907077.000000	1770063310.142992
8158.770000	13975.830000	21815.955000	16926.570000	-9818.145000	-6710.670000	2612.430000	12724.965000	-19.551404	-31.107271	-24.987813	10.523815	85.313559	-13.202616	-34.120832	-22.830946	-52.326540	42.911120	75.781160	1.060910	-0.148742	0.241821	-1.000000	-1.000000	-1.000000	-1.000000	-1.000000	-1.000000	-1.000000	83.241379	0.000000	-1.000000	-1.000000	907078.000000	1770063310.143032
8124.345000	13931.370000	21709.395000	16739.280000	-9920.430000	-6757.155000	2623.320000	12715.110000	-11.504106	-17.080300	11.398010	75.697403	46.873556	-12.095917	-26.734181	-18.760237	-52.326540	42.911120	75.781160	1.060910	-0.148742	0.241821	-1.000000	-1.000000	-1.000000	-1.000000	-1.000000	-1.000000	-1.000000	83.241379	0.000000	-1.000000	-1.000000	907079.000000	1770063310.143630
8093.925000	13901.805000	21756.105000	16665.570000	-9911.295000	-6717.465000	2656.710000	12702.195000	-0.030978	6.321637	29.436570	101.518137	-10.285839	-7.467151	-7.158971	-7.707857	-52.326540	42.911120	75.781160	1.060910	-0.148742	0.241821	-1.000000	-1.000000	-1.000000	-1.000000	-1.000000	-1.000000	-1.000000	83.241379	0.000000	-1.000000	-1.000000	907080.000000	1770063310.143640
8085.555000	13907.835000	21874.500000	16698.105000	-9943.245000	-6771.330000	2666.340000	12691.980000	12.050832	28.565226	32.443263	74.939354	-62.796346	-1.227345	16.288828	6.118908	-35.586320	34.075580	53.837280	1.002256	-0.304870	0.262573	-1.000000	-1.000000	-1.000000	-1.000000	-1.000000	-1.000000	-1.000000	83.241379	0.000000	-1.000000	-1.000000	907081.000000	1770063310.147667
8124.795000	14010.345000	22089.330000	17163.000000	-9780.930000	-6809.445000	2629.170000	12694.860000	19.801312	41.805890	37.976959	23.563253	-85.045324	2.502580	31.081000	15.646878	-35.586320	34.075580	53.837280	1.002256	-0.304870	0.262573	-1.000000	-1.000000	-1.000000	-1.000000	-1.000000	-1.000000	-1.000000	83.241379	0.000000	-1.000000	-1.000000	907082.000000	1770063310.147677
8123.355000	13904.190000	21787.560000	16931.745000	-9785.700000	-6691.725000	2717.460000	12735.900000	22.014291	46.233709	46.147624	-12.450460	-63.061023	3.960930	30.438886	17.730584	-35.586320	34.075580	53.837280	1.002256	-0.304870	0.262573	-1.000000	-1.000000	-1.000000	-1.000000	-1.000000	-1.000000	-1.000000	83.241379	0.000000	-1.000000	-1.000000	907083.000000	1770063310.151599
8004.555000	13693.410000	21719.070000	16889.580000	-9810.765000	-6654.195000	2732.310000	12680.280000	19.185886	37.250676	33.192995	-24.901916	-5.165595	11.479707	20.248170	14.774695	-35.586320	34.075580	53.837280	1.002256	-0.304870	0.262573	-1.000000	-1.000000	-1.000000	-1.000000	-1.000000	-1.000000	-1.000000	83.241379	0.000000	-1.000000	-1.000000	907084.000000	1770063310.151606
7943.490000	13558.995000	21817.080000	17061.030000	-9775.080000	-6648.030000	2740.770000	12664.485000	6.585006	2.203862	-9.959091	-29.920253	57.574218	27.857086	10.279561	7.819293	-35.586320	34.075580	53.837280	1.002256	-0.304870	0.262573	-1.000000	-1.000000	-1.000000	-1.000000	-1.000000	-1.000000	-1.000000	83.241379	0.000000	-1.000000	-1.000000	907085.000000	1770063310.155800
8091.225000	13701.510000	21722.670000	16933.680000	-10007.730000	-6730.605000	2748.105000	12729.555000	-14.053132	-48.473880	-57.045655	-35.031191	85.767931	39.067196	2.757364	-2.483498	-35.586320	34.075580	53.837280	1.002256	-0.304870	0.262573	-1.000000	-1.000000	-1.000000	-1.000000	-1.000000	-1.000000	-1.000000	83.241379	0.000000	-1.000000	-1.000000	907086.000000	1770063310.155810
8228.430000	14140.395000	21665.160000	16721.595000	-9974.655000	-6849.675000	2714.580000	12733.065000	-24.148484	-69.632854	-77.015210	-40.714126	58.201478	27.492369	-5.069064	-10.253539	-35.586320	34.075580	53.837280	1.002256	-0.304870	0.262573	-1.000000	-1.000000	-1.000000	-1.000000	-1.000000	-1.000000	-1.000000	83.241379	0.000000	-1.000000	-1.000000	907087.000000	1770063310.159863
8221.995000	14262.660000	21777.885000	16711.245000	-9856.530000	-6795.270000	2733.705000	12725.775000	-8.348110	-25.191654	-58.783097	-43.325028	-2.980347	-6.520222	-13.873912	-9.894468	-35.586320	34.075580	53.837280	1.002256	-0.304870	0.262573	-1.000000	-1.000000	-1.000000	-1.000000	-1.000000	-1.000000	-1.000000	83.241379	0.000000	-1.000000	-1.000000	907088.000000	1770063310.159873
8159.580000	14047.920000	21735.450000	16729.335000	-9767.070000	-6751.530000	2744.820000	12716.280000	22.406157	59.807812	-11.398150	-32.179792	-48.762853	-41.027854	-20.512651	-2.950736	-35.586320	34.075580	53.837280	1.002256	-0.304870	0.262573	-1.000000	-1.000000	-1.000000	-1.000000	-1.000000	-1.000000	-1.000000	83.241379	0.000000	-1.000000	-1.000000	907089.000000	1770063310.170384
8166.330000	14031.405000	21782.925000	16826.085000	-9791.730000	-6764.760000	2747.655000	12715.830000	40.272314	112.245826	37.869942	-5.719196	-52.290919	-52.076237	-20.824051	4.263627	-35.586320	34.075580	53.837280	1.002256	-0.304870	0.262573	-1.000000	-1.000000	-1.000000	-1.000000	-1.000000	-1.000000	-1.000000	83.241379	0.000000	-1.000000	-1.000000	907090.000000	1770063310.170393
8184.735000	14067.360000	21848.265000	16868.790000	-9827.595000	-6786.720000	2755.305000	12732.795000	29.564922	86.937436	61.528643	20.327432	-27.359437	-35.182005	-13.703366	6.633199	20.784120	37.722720	46.481960	0.974546	-0.389831	0.284850	-1.000000	-1.000000	-1.000000	-1.000000	-1.000000	-1.000000	-1.000000	83.241379	0.000000	-1.000000	-1.000000	907091.000000	1770063310.170403
8119.035000	14001.390000	21782.160000	16847.505000	-9852.300000	-6779.385000	2770.875000	12727.035000	-1.088118	7.386695	56.896783	33.941222	-1.417693	-6.101977	-2.752593	3.734173	20.784120	37.722720	46.481960	0.974546	-0.389831	0.284850	-1.000000	-1.000000	-1.000000	-1.000000	-1.000000	-1.000000	-1.000000	83.241379	0.000000	-1.000000	-1.000000	907092.000000	1770063310.170408
8109.135000	13913.190000	21720.465000	16728.255000	-9902.835000	-6765.525000	2791.620000	12732.030000	-31.148241	-70.620984	36.885419	35.880487	11.982911	16.728523	6.980457	-0.894278	20.784120	37.722720	46.481960	0.974546	-0.389831	0.284850	-1.000000	-1.000000	-1.000000	-1.000000	-1.000000	-1.000000	-1.000000	83.241379	0.000000	-1.000000	-1.000000	907093.000000	1770063310.171946
8111.070000	13928.580000	21776.580000	16816.140000	-9869.715000	-6774.345000	2782.935000	12718.620000	-44.861766	-107.296910	9.342098	25.891728	13.731906	25.992097	12.717564	-4.051232	20.784120	37.722720	46.481960	0.974546	-0.389831	0.284850	-1.000000	-1.000000	-1.000000	-1.000000	-1.000000	-1.000000	-1.000000	83.241379	0.000000	-1.000000	-1.000000	907094.000000	1770063310.171956
8137.035000	13982.580000	21807.135000	16808.805000	-9833.625000	-6747.210000	2798.550000	12729.105000	-40.558203	-96.861615	-16.258477	9.724589	12.460498	25.533531	13.857740	-6.140338	20.784120	37.722720	46.481960	0.974546	-0.389831	0.284850	-1.000000	-1.000000	-1.000000	-1.000000	-1.000000	-1.000000	-1.000000	83.241379	0.000000	-1.000000	-1.000000	907095.000000	1770063310.178469
8157.285000	14009.805000	21872.340000	16819.155000	-9875.475000	-6756.480000	2798.685000	12736.170000	-26.606117	-61.476716	-26.081746	4.925145	14.427531	22.792799	11.640456	-7.799183	20.784120	37.722720	46.481960	0.974546	-0.389831	0.284850	-1.000000	-1.000000	-1.000000	-1.000000	-1.000000	-1.000000	-1.000000	83.241379	0.000000	-1.000000	-1.000000	907096.000000	1770063310.178476
8105.175000	13879.980000	21828.555000	16945.470000	-9846.855000	-6764.130000	2794.905000	12716.415000	-9.383197	-25.836980	-18.883346	18.727624	13.216725	18.478269	7.529041	-6.985894	20.784120	37.722720	46.481960	0.974546	-0.389831	0.284850	-1.000000	-1.000000	-1.000000	-1.000000	-1.000000	-1.000000	-1.000000	83.241379	0.000000	-1.000000	-1.000000	907097.000000	1770063310.179694
8065.170000	13810.410000	21755.385000	16902.495000	-9847.305000	-6740.910000	2812.365000	12710.745000	8.130971	2.739136	-9.405317	35.733022	1.244162	7.699547	1.912655	-2.792112	20.784120	37.722720	46.481960	0.974546	-0.389831	0.284850	-1.000000	-1.000000	-1.000000	-1.000000	-1.000000	-1.000000	-1.000000	83.241379	0.000000	-1.000000	-1.000000	907098.000000	1770063310.179702
8115.480000	14036.760000	21805.200000	16834.860000	-9965.115000	-6752.790000	2816.685000	12717.585000	21.907010	29.953240	-11.499414	29.178506	-17.587597	-7.993381	-3.616881	2.552416	20.784120	37.722720	46.481960	0.974546	-0.389831	0.284850	-1.000000	-1.000000	-1.000000	-1.000000	-1.000000	-1.000000	-1.000000	83.241379	0.000000	-1.000000	-1.000000	907099.000000	1770063310.184808
8108.460000	14021.370000	21796.560000	16828.065000	-9981.810000	-6759.900000	2839.905000	12705.570000	29.326598	60.598696	-22.129437	-11.332645	-33.036185	-20.865956	-6.663505	6.072363	20.784120	37.722720	46.481960	0.974546	-0.389831	0.284850	-1.000000	-1.000000	-1.000000	-1.000000	-1.000000	-1.000000	-1.000000	83.241379	0.000000	-1.000000	-1.000000	907100.000000	1770063310.184820
8088.210000	13976.910000	21758.805000	16791.345000	-9925.470000	-6764.355000	2857.050000	12683.655000	30.826523	86.692615	-25.502303	-61.144384	-33.481180	-26.029535	-6.533154	6.087603	17.701600	23.790340	35.815220	0.945432	-0.357360	0.323180	-1.000000	-1.000000	-1.000000	-1.000000	-1.000000	-1.000000	-1.000000	83.241379	0.000000	-1.000000	-1.000000	907101.000000	1770063310.191322
8060.355000	13933.530000	21710.475000	16702.020000	-9918.405000	-6725.205000	2918.970000	12672.855000	26.451968	90.724417	-14.152064	-85.692588	-12.778004	-22.587724	-3.392092	3.042120	17.701600	23.790340	35.815220	0.945432	-0.357360	0.323180	-1.000000	-1.000000	-1.000000	-1.000000	-1.000000	-1.000000	-1.000000	83.241379	0.000000	-1.000000	-1.000000	907102.000000	1770063310.191336
8057.745000	13887.675000	21673.800000	16747.335000	-9867.600000	-6665.580000	2996.550000	12697.020000	14.517882	61.468651	2.993330	-73.168350	20.332322	-10.586040	3.288282	-0.748270	17.701600	23.790340	35.815220	0.945432	-0.357360	0.323180	-1.000000	-1.000000	-1.000000	-1.000000	-1.000000	-1.000000	-1.000000	83.241379	0.000000	-1.000000	-1.000000	907103.000000	1770063310.196099
8160.120000	13980.375000	21780.765000	16861.635000	-9805.680000	-6607.080000	3027.735000	12792.195000	-3.173099	4.038442	15.520630	-29.730621	48.141148	8.273711	12.616539	-1.311154	17.701600	23.790340	35.815220	0.945432	-0.357360	0.323180	-1.000000	-1.000000	-1.000000	-1.000000	-1.000000	-1.000000	-1.000000	83.241379	0.000000	-1.000000	-1.000000	907104.000000	1770063310.196109
8227.935000	14055.930000	21866.580000	16929.270000	-9752.760000	-6572.430000	3028.995000	12859.515000	-16.476050	-55.880111	23.228919	30.505766	57.267582	27.356334	19.185016	5.358699	17.701600	23.790340	35.815220	0.945432	-0.357360	0.323180	-1.000000	-1.000000	-1.000000	-1.000000	-1.000000	-1.000000	-1.000000	83.241379	0.000000	-1.000000	-1.000000	907105.000000	1770063310.196301
8253.855000	14096.520000	21914.010000	16974.045000	-9733.095000	-6638.355000	2874.375000	12843.270000	-14.605902	-82.509186	30.642472	81.580297	43.558929	35.049002	14.018998	17.262799	17.701600	23.790340	35.815220	0.945432	-0.357360	0.323180	-1.000000	-1.000000	-1.000000	-1.000000	-1.000000	-1.000000	-1.000000	83.241379	0.000000	-1.000000	-1.000000	907106.000000	1770063310.196307
8236.575000	14067.585000	21886.920000	16938.315000	-9792.450000	-6756.705000	2711.160000	12780.630000	-0.024412	-62.092092	36.074902	96.289916	12.157709	21.291577	-9.514706	23.398949	17.701600	23.790340	35.815220	0.945432	-0.357360	0.323180	-1.000000	-1.000000	-1.000000	-1.000000	-1.000000	-1.000000	-1.000000	83.241379	0.000000	-1.000000	-1.000000	907107.000000	1770063310.201515
8218.620000	14048.730000	21866.805000	16905.735000	-9823.545000	-6781.860000	2708.010000	12727.890000	11.622109	-19.556258	29.784635	66.609972	-23.657398	-11.549064	-44.734088	12.768753	17.701600	23.790340	35.815220	0.945432	-0.357360	0.323180	-1.000000	-1.000000	-1.000000	-1.000000	-1.000000	-1.000000	-1.000000	83.241379	0.000000	-1.000000	-1.000000	907108.000000	1770063310.201524
8194.950000	14016.825000	21833.325000	16893.810000	-9793.845000	-6735.780000	2736.675000	12705.120000	8.076244	10.509249	7.148435	9.717712	-48.003970	-44.265212	-68.398745	-12.688388	17.701600	23.790340	35.815220	0.945432	-0.357360	0.323180	-1.000000	-1.000000	-1.000000	-1.000000	-1.000000	-1.000000	-1.000000	83.241379	0.000000	-1.000000	-1.000000	907109.000000	1770063310.203677
8048.160000	13953.870000	21790.890000	16877.700000	-9812.925000	-6744.420000	2714.535000	12649.995000	-9.313293	17.190635	-22.033863	-43.376844	-51.947404	-54.298632	-59.513021	-37.947868	17.701600	23.790340	35.815220	0.945432	-0.357360	0.323180	-1.000000	-1.000000	-1.000000	-1.000000	-1.000000	-1.000000	-1.000000	83.241379	0.000000	-1.000000	-1.000000	907110.000000	1770063310.203687
8020.530000	13943.205000	21785.220000	16860.240000	-9836.055000	-6748.425000	2730.645000	12647.385000	-31.163043	9.851370	-42.386450	-68.333212	-38.798759	-36.004080	-20.171685	-47.888954	-24.385480	10.071600	30.855720	0.921873	-0.318114	0.341857	-1.000000	-1.000000	-1.000000	-1.000000	-1.000000	-1.000000	-1.000000	83.241379	0.000000	-1.000000	-1.000000	907111.000000	1770063310.207685
8058.105000	13930.245000	21756.285000	16819.155000	-9868.140000	-6761.790000	2736.090000	12662.145000	-45.369557	-0.312234	-45.197156	-61.695190	-19.698061	-3.490746	27.886642	-37.715045	-24.385480	10.071600	30.855720	0.921873	-0.318114	0.341857	-1.000000	-1.000000	-1.000000	-1.000000	-1.000000	-1.000000	-1.000000	83.241379	0.000000	-1.000000	-1.000000	907112.000000	1770063310.207690
8088.255000	13896.720000	21704.310000	16766.820000	-9905.940000	-6782.355000	2751.435000	12716.775000	-41.818223	-9.304131	-34.588515	-38.431143	-5.328072	23.593382	61.945786	-13.397611	-24.385480	10.071600	30.855720	0.921873	-0.318114	0.341857	-1.000000	-1.000000	-1.000000	-1.000000	-1.000000	-1.000000	-1.000000	83.241379	0.000000	-1.000000	-1.000000	907113.000000	1770063310.212664
8068.500000	13894.155000	21701.880000	16767.810000	-9892.395000	-6759.135000	2791.935000	12750.075000	-20.069655	-16.074423	-21.769028	-16.737854	0.405285	34.307746	72.238801	14.433556	-24.385480	10.071600	30.855720	0.921873	-0.318114	0.341857	-1.000000	-1.000000	-1.000000	-1.000000	-1.000000	-1.000000	-1.000000	83.241379	0.000000	-1.000000	-1.000000	907114.000000	1770063310.212676
8034.975000	13924.260000	21752.235000	16815.780000	-9848.430000	-6710.805000	2819.430000	12702.825000	9.929825	-15.057123	-10.106165	-2.717287	3.085966	32.513988	64.533127	36.139327	-24.385480	10.071600	30.855720	0.921873	-0.318114	0.341857	-1.000000	-1.000000	-1.000000	-1.000000	-1.000000	-1.000000	-1.000000	83.241379	0.000000	-1.000000	-1.000000	907115.000000	1770063310.215606
8012.655000	13895.460000	21728.970000	16793.100000	-9854.955000	-6680.205000	2879.640000	12645.360000	34.647929	-2.315922	5.265343	9.702209	12.392380	29.910266	50.398972	44.327101	-24.385480	10.071600	30.855720	0.921873	-0.318114	0.341857	-1.000000	-1.000000	-1.000000	-1.000000	-1.000000	-1.000000	-1.000000	83.241379	0.000000	-1.000000	-1.000000	907116.000000	1770063310.215613
8050.635000	13899.735000	21721.590000	16783.695000	-9851.310000	-6649.650000	2939.715000	12640.140000	45.659935	16.369468	24.506080	24.943780	29.727278	30.748023	34.194549	36.354058	-24.385480	10.071600	30.855720	0.921873	-0.318114	0.341857	-1.000000	-1.000000	-1.000000	-1.000000	-1.000000	-1.000000	-1.000000	83.241379	0.000000	-1.000000	-1.000000	907117.000000	1770063310.219620
8198.460000	14028.255000	21861.945000	16938.810000	-9699.570000	-6523.830000	3033.855000	12760.695000	46.294498	33.631989	42.659428	40.874588	45.988559	29.094350	13.258323	19.446021	-24.385480	10.071600	30.855720	0.921873	-0.318114	0.341857	-1.000000	-1.000000	-1.000000	-1.000000	-1.000000	-1.000000	-1.000000	83.241379	0.000000	-1.000000	-1.000000	907118.000000	1770063310.219752
8245.260000	14076.675000	21915.405000	16994.835000	-9637.065000	-6507.720000	2971.980000	12792.645000	46.809110	47.642361	56.431832	54.479716	52.947507	19.870431	-13.477684	7.036402	-24.385480	10.071600	30.855720	0.921873	-0.318114	0.341857	-1.000000	-1.000000	-1.000000	-1.000000	-1.000000	-1.000000	-1.000000	83.241379	0.000000	-1.000000	-1.000000	907119.000000	1770063310.223721
8218.980000	14064.120000	21892.590000	16956.270000	-9684.945000	-6591.375000	2817.720000	12756.960000	46.931418	53.460313	59.993818	59.155229	46.185118	1.649572	-45.365660	3.474410	-24.385480	10.071600	30.855720	0.921873	-0.318114	0.341857	-1.000000	-1.000000	-1.000000	-1.000000	-1.000000	-1.000000	-1.000000	83.241379	0.000000	-1.000000	-1.000000	907120.000000	1770063310.223727
8111.700000	13986.585000	21794.490000	16852.185000	-9814.320000	-6782.805000	2611.035000	12673.485000	30.646493	39.383476	42.729380	43.171231	20.597120	-27.194878	-80.877880	-1.975544	-22.203300	13.749260	15.931440	0.895322	-0.320617	0.321166	-1.000000	-1.000000	-1.000000	-1.000000	-1.000000	-1.000000	-1.000000	83.241379	0.000000	-1.000000	-1.000000	907121.000000	1770063310.230378
8119.980000	13952.835000	21752.415000	16802.055000	-9865.980000	-6832.755000	2597.760000	12635.685000	-11.606035	1.140245	1.312197	2.500766	-22.801432	-62.595045	-109.334592	-20.221144	-22.203300	13.749260	15.931440	0.895322	-0.320617	0.321166	-1.000000	-1.000000	-1.000000	-1.000000	-1.000000	-1.000000	-1.000000	83.241379	0.000000	-1.000000	-1.000000	907122.000000	1770063310.230389
8304.255000	14084.595000	21879.225000	16914.510000	-9755.910000	-6721.560000	2732.760000	12741.300000	-60.135882	-44.616363	-47.880128	-47.201374	-66.501739	-85.916652	-107.313758	-44.046236	-22.203300	13.749260	15.931440	0.895322	-0.320617	0.321166	-1.000000	-1.000000	-1.000000	-1.000000	-1.000000	-1.000000	-1.000000	83.241379	0.000000	-1.000000	-1.000000	907123.000000	1770063310.231692
8352.135000	14070.420000	21864.195000	16936.425000	-9695.115000	-6643.440000	2811.240000	12799.485000	-78.964169	-70.205156	-76.934631	-77.728374	-83.151780	-73.387199	-56.534012	-50.183358	-22.203300	13.749260	15.931440	0.895322	-0.320617	0.321166	-1.000000	-1.000000	-1.000000	-1.000000	-1.000000	-1.000000	-1.000000	83.241379	0.000000	-1.000000	-1.000000	907124.000000	1770063310.231702
8166.375000	14020.830000	21854.160000	16955.595000	-9651.825000	-6585.885000	2823.435000	12767.445000	-56.911921	-63.080964	-70.837603	-71.136982	-58.596191	-21.254397	29.100358	-25.360618	-22.203300	13.749260	15.931440	0.895322	-0.320617	0.321166	-1.000000	-1.000000	-1.000000	-1.000000	-1.000000	-1.000000	-1.000000	83.241379	0.000000	-1.000000	-1.000000	907125.000000	1770063310.235698
7999.380000	13937.625000	21803.265000	16892.775000	-9704.160000	-6642.045000	2728.935000	12679.110000	-22.353166	-35.455610	-38.707929	-35.214843	-7.930305	43.357503	103.589244	14.134463	-22.203300	13.749260	15.931440	0.895322	-0.320617	0.321166	-1.000000	-1.000000	-1.000000	-1.000000	-1.000000	-1.000000	-1.000000	83.241379	0.000000	-1.000000	-1.000000	907126.000000	1770063310.235704
8007.480000	13904.820000	21751.740000	16840.800000	-9756.855000	-6672.465000	2722.905000	12665.880000	-7.736890	-9.404858	-4.023881	2.745547	33.745437	80.939169	124.306706	37.209770	-22.203300	13.749260	15.931440	0.895322	-0.320617	0.321166	-1.000000	-1.000000	-1.000000	-1.000000	-1.000000	-1.000000	-1.000000	83.241379	0.000000	-1.000000	-1.000000	907127.000000	1770063310.239612
8021.565000	13900.185000	21721.905000	16832.385000	-9766.980000	-6668.550000	2736.405000	12724.965000	-13.076143	3.116790	14.299406	20.057468	41.481524	72.338910	87.863476	30.567479	-22.203300	13.749260	15.931440	0.895322	-0.320617	0.321166	-1.000000	-1.000000	-1.000000	-1.000000	-1.000000	-1.000000	-1.000000	83.241379	0.000000	-1.000000	-1.000000	907128.000000	1770063310.239619
8056.710000	13901.535000	21712.095000	16815.105000	-9779.220000	-6670.305000	2748.465000	12743.595000	-14.124304	7.154463	16.187715	17.830299	21.769393	33.835101	29.173751	9.083250	-22.203300	13.749260	15.931440	0.895322	-0.320617	0.321166	-1.000000	-1.000000	-1.000000	-1.000000	-1.000000	-1.000000	-1.000000	83.241379	0.000000	-1.000000	-1.000000	907129.000000	1770063310.244527
8061.885000	13886.820000	21700.890000	16802.640000	-9777.645000	-6639.390000	2791.710000	12682.305000	5.967249	13.897271	15.149988	12.853634	0.872293	-1.238444	-12.214487	-6.096554	-22.203300	13.749260	15.931440	0.895322	-0.320617	0.321166	-1.000000	-1.000000	-1.000000	-1.000000	-1.000000	-1.000000	-1.000000	83.241379	0.000000	-1.000000	-1.000000	907130.000000	1770063310.244538
8062.830000	13906.575000	21746.070000	16855.605000	-9705.645000	-6523.380000	2927.070000	12555.495000	39.369078	26.218101	20.527686	16.124994	-2.674744	-11.987362	-21.342351	-10.773328	-25.789400	22.722140	7.980980	0.871153	-0.332946	0.282409	-1.000000	-1.000000	-1.000000	-1.000000	-1.000000	-1.000000	-1.000000	83.241379	0.000000	-1.000000	-1.000000	907131.000000	1770063310.247672
8212.320000	14024.610000	21877.200000	16985.835000	-9562.995000	-6347.970000	3102.030000	12534.255000	63.187659	37.202390	30.026686	25.332134	10.010373	-1.006636	-8.878496	-14.886180	-25.789400	22.722140	7.980980	0.871153	-0.332946	0.282409	-1.000000	-1.000000	-1.000000	-1.000000	-1.000000	-1.000000	-1.000000	83.241379	0.000000	-1.000000	-1.000000	907132.000000	1770063310.247679
8398.530000	14173.920000	22002.345000	17092.530000	-9451.620000	-6204.555000	3238.785000	12760.515000	66.709066	42.474996	38.570578	33.891015	27.271125	16.383212	6.677374	-19.064464	-25.789400	22.722140	7.980980	0.871153	-0.332946	0.282409	-1.000000	-1.000000	-1.000000	-1.000000	-1.000000	-1.000000	-1.000000	83.241379	0.000000	-1.000000	-1.000000	907133.000000	1770063310.251772
8314.830000	14184.630000	22034.925000	17124.255000	-9421.290000	-6194.430000	3191.220000	12859.695000	58.358324	44.390762	43.664350	37.492212	37.655177	24.927228	11.295851	-7.389654	-25.789400	22.722140	7.980980	0.871153	-0.332946	0.282409	-1.000000	-1.000000	-1.000000	-1.000000	-1.000000	-1.000000	-1.000000	83.241379	0.000000	-1.000000	-1.000000	907134.000000	1770063310.251778
8110.710000	13988.295000	21895.110000	16997.130000	-9566.325000	-6411.375000	2877.660000	12828.870000	40.433146	38.055852	37.909327	29.939929	30.942807	12.271113	-5.848562	25.150726	-25.789400	22.722140	7.980980	0.871153	-0.332946	0.282409	-1.000000	-1.000000	-1.000000	-1.000000	-1.000000	-1.000000	-1.000000	83.241379	0.000000	-1.000000	-1.000000	907135.000000	1770063310.260304
8058.105000	13867.245000	21658.320000	16755.930000	-9817.155000	-6708.060000	2593.890000	12742.875000	2.396355	9.737579	8.828531	2.118958	-0.825173	-28.634748	-50.548344	54.249415	-25.789400	22.722140	7.980980	0.871153	-0.332946	0.282409	-1.000000	-1.000000	-1.000000	-1.000000	-1.000000	-1.000000	-1.000000	83.241379	0.000000	-1.000000	-1.000000	907136.000000	1770063310.260314
8060.805000	13923.810000	21694.635000	16790.940000	-9781.290000	-6679.935000	2634.885000	12753.135000	-51.874518	-38.603898	-41.938914	-43.620048	-50.752825	-85.325118	-105.870459	50.572768	-25.789400	22.722140	7.980980	0.871153	-0.332946	0.282409	-1.000000	-1.000000	-1.000000	-1.000000	-1.000000	-1.000000	-1.000000	83.241379	0.000000	-1.000000	-1.000000	907137.000000	1770063310.260368
8048.610000	13873.635000	21715.335000	16826.760000	-9726.705000	-6597.045000	2709.180000	12720.330000	-95.065243	-79.591137	-85.855509	-80.950414	-87.933541	-118.389494	-128.055635	12.413347	-25.789400	22.722140	7.980980	0.871153	-0.332946	0.282409	-1.000000	-1.000000	-1.000000	-1.000000	-1.000000	-1.000000	-1.000000	83.241379	0.000000	-1.000000	-1.000000	907138.000000	1770063310.260375
8049.960000	13887.360000	21732.345000	16840.575000	-9694.350000	-6548.130000	2733.750000	12660.030000	-100.965304	-86.168553	-90.389618	-79.839209	-80.834914	-92.595176	-85.533256	-34.480375	-25.789400	22.722140	7.980980	0.871153	-0.332946	0.282409	-1.000000	-1.000000	-1.000000	-1.000000	-1.000000	-1.000000	-1.000000	83.241379	0.000000	-1.000000	-1.000000	907139.000000	1770063310.263654
7990.065000	13836.780000	21734.505000	16851.195000	-9666.180000	-6507.180000	2766.735000	12658.005000	-67.983502	-56.675850	-52.399517	-39.457525	-31.391040	-16.716984	3.443770	-61.411856	-25.789400	22.722140	7.980980	0.871153	-0.332946	0.282409	-1.000000	-1.000000	-1.000000	-1.000000	-1.000000	-1.000000	-1.000000	83.241379	0.000000	-1.000000	-1.000000	907140.000000	1770063310.263663
7985.295000	13896.720000	21744.135000	16869.420000	-9629.190000	-6454.980000	2833.920000	12678.255000	-19.517412	-12.200820	1.121363	12.046506	27.228071	63.067684	87.030379	-57.159466	-39.035080	38.668840	0.457800	0.869688	-0.318481	0.232116	-1.000000	-1.000000	-1.000000	-1.000000	-1.000000	-1.000000	-1.000000	83.241379	0.000000	-1.000000	-1.000000	907141.000000	1770063310.268599
8028.180000	14021.595000	21840.390000	16943.085000	-9553.860000	-6376.410000	2904.255000	12719.880000	19.706361	26.004849	40.990751	46.339266	62.743588	104.865937	125.266274	-31.997565	-39.035080	38.668840	0.457800	0.869688	-0.318481	0.232116	-1.000000	-1.000000	-1.000000	-1.000000	-1.000000	-1.000000	-1.000000	83.241379	0.000000	-1.000000	-1.000000	907142.000000	1770063310.268610
8139.645000	14059.755000	21899.385000	17000.910000	-9485.865000	-6302.970000	2961.720000	12679.740000	47.141178	52.491284	58.352672	56.308821	67.401080	100.798996	115.821438	-4.459421	-39.035080	38.668840	0.457800	0.869688	-0.318481	0.232116	-1.000000	-1.000000	-1.000000	-1.000000	-1.000000	-1.000000	-1.000000	83.241379	0.000000	-1.000000	-1.000000	907143.000000	1770063310.274009
8297.055000	14187.330000	22023.855000	17122.545000	-9355.095000	-6172.965000	3044.610000	12457.620000	75.196491	72.018746	63.565702	54.662008	57.059827	74.904134	85.886919	12.149139	-39.035080	38.668840	0.457800	0.869688	-0.318481	0.232116	-1.000000	-1.000000	-1.000000	-1.000000	-1.000000	-1.000000	-1.000000	83.241379	0.000000	-1.000000	-1.000000	907144.000000	1770063310.274019
8383.275000	14241.330000	22056.480000	17139.510000	-9335.250000	-6155.280000	3027.555000	12583.080000	103.677782	84.902778	68.220424	55.587867	50.514380	54.696563	60.432247	14.870872	-39.035080	38.668840	0.457800	0.869688	-0.318481	0.232116	-1.000000	-1.000000	-1.000000	-1.000000	-1.000000	-1.000000	-1.000000	83.241379	0.000000	-1.000000	-1.000000	907145.000000	1770063310.279576
8336.610000	14200.290000	22011.705000	17090.955000	-9379.665000	-6197.220000	3006.540000	12825.405000	110.422161	79.068756	66.280073	54.294914	45.424597	40.700045	36.751899	16.664181	-39.035080	38.668840	0.457800	0.869688	-0.318481	0.232116	-1.000000	-1.000000	-1.000000	-1.000000	-1.000000	-1.000000	-1.000000	83.241379	0.000000	-1.000000	-1.000000	907146.000000	1770063310.279586
8258.760000	14107.545000	21928.410000	17014.725000	-9442.890000	-6249.735000	2999.835000	12965.310000	72.716510	41.034556	39.038809	31.573892	22.130583	11.355679	-2.710710	35.714690	-39.035080	38.668840	0.457800	0.869688	-0.318481	0.232116	-1.000000	-1.000000	-1.000000	-1.000000	-1.000000	-1.000000	-1.000000	83.241379	0.000000	-1.000000	-1.000000	907147.000000	1770063310.279715
8236.890000	14076.810000	21921.930000	17009.820000	-9430.470000	-6227.370000	3024.180000	13002.210000	-5.466924	-23.876075	-17.354860	-18.016824	-26.178899	-41.989510	-58.712287	68.981016	-39.035080	38.668840	0.457800	0.869688	-0.318481	0.232116	-1.000000	-1.000000	-1.000000	-1.000000	-1.000000	-1.000000	-1.000000	83.241379	0.000000	-1.000000	-1.000000	907148.000000	1770063310.279725
8401.005000	14190.660000	22064.085000	17154.180000	-9275.265000	-6071.040000	3129.840000	12948.975000	-87.938862	-87.220772	-78.132532	-72.175759	-78.077188	-97.336032	-108.341060	87.502608	-39.035080	38.668840	0.457800	0.869688	-0.318481	0.232116	-1.000000	-1.000000	-1.000000	-1.000000	-1.000000	-1.000000	-1.000000	83.241379	0.000000	-1.000000	-1.000000	907149.000000	1770063310.283602
8402.175000	14250.330000	22126.905000	17213.085000	-9206.865000	-6005.340000	3135.015000	12792.690000	-130.875348	-116.029207	-107.643690	-97.787814	-101.005698	-120.569466	-125.426817	60.375174	-39.035080	38.668840	0.457800	0.869688	-0.318481	0.232116	-1.000000	-1.000000	-1.000000	-1.000000	-1.000000	-1.000000	-1.000000	83.241379	0.000000	-1.000000	-1.000000	907150.000000	1770063310.283611
8178.705000	14147.460000	22027.905000	17105.670000	-9323.415000	-6136.380000	3014.955000	12723.705000	-120.312893	-99.875429	-92.205994	-82.223945	-82.975411	-98.921798	-103.258863	-15.526075	-48.206340	46.359880	-5.142620	0.893308	-0.296691	0.202270	-1.000000	-1.000000	-1.000000	-1.000000	-1.000000	-1.000000	-1.000000	83.241379	0.000000	-1.000000	-1.000000	907151.000000	1770063310.288144
8240.445000	14171.850000	22017.465000	17053.560000	-9402.480000	-6222.285000	2996.055000	12802.995000	-78.059135	-55.255063	-49.691189	-43.256621	-42.761632	-51.345204	-56.001185	-100.901149	-48.206340	46.359880	-5.142620	0.893308	-0.296691	0.202270	-1.000000	-1.000000	-1.000000	-1.000000	-1.000000	-1.000000	-1.000000	83.241379	0.000000	-1.000000	-1.000000	907152.000000	1770063310.288154
8277.705000	14082.210000	21891.555000	16906.635000	-9542.385000	-6335.100000	2963.385000	12732.345000	-29.902032	-6.287381	-7.018569	-7.310863	-7.369298	-5.679313	-1.898253	-139.232966	-48.206340	46.359880	-5.142620	0.893308	-0.296691	0.202270	-1.000000	-1.000000	-1.000000	-1.000000	-1.000000	-1.000000	-1.000000	83.241379	0.000000	-1.000000	-1.000000	907153.000000	1770063310.299134
8227.845000	13992.930000	21825.315000	16883.775000	-9517.590000	-6297.705000	2985.390000	12743.865000	12.063449	27.967645	19.231501	12.288030	11.872095	24.861496	45.741982	-110.326336	-48.206340	46.359880	-5.142620	0.893308	-0.296691	0.202270	-1.000000	-1.000000	-1.000000	-1.000000	-1.000000	-1.000000	-1.000000	83.241379	0.000000	-1.000000	-1.000000	907154.000000	1770063310.299146
8189.595000	13926.330000	21767.220000	16866.405000	-9479.925000	-6235.290000	3012.885000	12786.660000	42.642392	40.093533	27.623143	20.064055	23.158062	44.726735	77.146257	-44.075550	-48.206340	46.359880	-5.142620	0.893308	-0.296691	0.202270	-1.000000	-1.000000	-1.000000	-1.000000	-1.000000	-1.000000	-1.000000	83.241379	0.000000	-1.000000	-1.000000	907155.000000	1770063310.299159
8027.280000	13828.995000	21667.140000	16751.655000	-9598.365000	-6358.185000	2897.280000	12709.080000	58.043339	37.047211	27.246629	26.837021	37.161458	60.115381	84.237930	17.614465	-48.206340	46.359880	-5.142620	0.893308	-0.296691	0.202270	-1.000000	-1.000000	-1.000000	-1.000000	-1.000000	-1.000000	-1.000000	83.241379	0.000000	-1.000000	-1.000000	907156.000000	1770063310.299164
7874.055000	13742.820000	21631.320000	16728.525000	-9640.710000	-6417.090000	2856.645000	12692.070000	52.719368	28.273457	24.642165	33.163268	48.023606	62.956115	61.599585	51.861815	-48.206340	46.359880	-5.142620	0.893308	-0.296691	0.202270	-1.000000	-1.000000	-1.000000	-1.000000	-1.000000	-1.000000	-1.000000	83.241379	0.000000	-1.000000	-1.000000	907157.000000	1770063310.305477
7950.690000	13822.920000	21706.335000	16808.130000	-9558.180000	-6341.895000	2938.905000	12777.615000	25.825463	17.308110	20.039491	32.110924	42.509800	42.420136	16.241672	60.512824	-48.206340	46.359880	-5.142620	0.893308	-0.296691	0.202270	-1.000000	-1.000000	-1.000000	-1.000000	-1.000000	-1.000000	-1.000000	83.241379	0.000000	-1.000000	-1.000000	907158.000000	1770063310.305486
8314.155000	14215.635000	22057.470000	17148.195000	-9203.940000	-6002.820000	3183.030000	13006.485000	0.110673	13.500925	20.241297	28.494233	26.977873	11.659513	-23.947566	62.652125	-48.206340	46.359880	-5.142620	0.893308	-0.296691	0.202270	-1.000000	-1.000000	-1.000000	-1.000000	-1.000000	-1.000000	-1.000000	83.241379	0.000000	-1.000000	-1.000000	907159.000000	1770063310.305497
8560.485000	14426.955000	22235.220000	17306.415000	-9035.595000	-5837.715000	3184.335000	12988.125000	12.557357	34.341301	39.908119	39.690262	27.185881	4.006008	-28.187409	71.685894	-48.206340	46.359880	-5.142620	0.893308	-0.296691	0.202270	-1.000000	-1.000000	-1.000000	-1.000000	-1.000000	-1.000000	-1.000000	83.241379	0.000000	-1.000000	-1.000000	907160.000000	1770063310.305502
8555.175000	14415.075000	22223.430000	17269.785000	-9087.570000	-5899.545000	3088.350000	12909.195000	63.615816	75.196495	75.051358	66.292607	50.858877	30.669066	1.890449	75.519764	-77.230860	27.040720	-20.036380	0.921262	-0.256103	0.224365	-1.000000	-1.000000	-1.000000	-1.000000	-1.000000	-1.000000	-1.000000	83.241379	0.000000	-1.000000	-1.000000	907161.000000	1770063310.310707
8349.885000	14221.845000	22058.910000	17111.835000	-9242.550000	-6035.985000	2991.240000	12786.390000	99.740073	95.847804	91.761022	78.342011	67.856000	58.808929	30.565752	50.482101	-77.230860	27.040720	-20.036380	0.921262	-0.256103	0.224365	-1.000000	-1.000000	-1.000000	-1.000000	-1.000000	-1.000000	-1.000000	83.241379	0.000000	-1.000000	-1.000000	907162.000000	1770063310.310716
8007.435000	13900.590000	21809.745000	16911.765000	-9426.870000	-6203.250000	2930.310000	12566.070000	66.406530	56.915186	56.372922	43.865823	40.437207	44.566363	26.276705	-11.333455	-77.230860	27.040720	-20.036380	0.921262	-0.256103	0.224365	-1.000000	-1.000000	-1.000000	-1.000000	-1.000000	-1.000000	-1.000000	83.241379	0.000000	-1.000000	-1.000000	907163.000000	1770063310.311768
7916.625000	13774.455000	21712.545000	16848.945000	-9479.745000	-6242.400000	2998.080000	12548.430000	-34.386815	-38.189185	-28.727683	-35.049673	-34.334706	-20.544621	-8.849706	-90.387547	-77.230860	27.040720	-20.036380	0.921262	-0.256103	0.224365	-1.000000	-1.000000	-1.000000	-1.000000	-1.000000	-1.000000	-1.000000	83.241379	0.000000	-1.000000	-1.000000	907164.000000	1770063310.311774
8055.495000	13939.605000	21853.440000	16976.700000	-9360.270000	-6123.195000	3045.555000	12566.160000	-137.646111	-135.121444	-117.106976	-114.285561	-112.854900	-95.892071	-43.798091	-143.333173	-77.230860	27.040720	-20.036380	0.921262	-0.256103	0.224365	-1.000000	-1.000000	-1.000000	-1.000000	-1.000000	-1.000000	-1.000000	83.241379	0.000000	-1.000000	-1.000000	907165.000000	1770063310.315734
7998.705000	13981.815000	21863.880000	17025.435000	-9314.280000	-6069.780000	3039.705000	12514.185000	-169.157540	-167.237822	-151.998750	-141.492035	-140.257408	-126.315034	-51.021191	-133.066055	-77.230860	27.040720	-20.036380	0.921262	-0.256103	0.224365	-1.000000	-1.000000	-1.000000	-1.000000	-1.000000	-1.000000	-1.000000	83.241379	0.000000	-1.000000	-1.000000	907166.000000	1770063310.315740
7980.525000	14007.510000	21787.380000	17045.235000	-9302.670000	-6066.630000	2973.780000	12456.450000	-114.855258	-116.789249	-118.717672	-104.269205	-102.401269	-95.063722	-33.745277	-65.122093	-77.230860	27.040720	-20.036380	0.921262	-0.256103	0.224365	-1.000000	-1.000000	-1.000000	-1.000000	-1.000000	-1.000000	-1.000000	83.241379	0.000000	-1.000000	-1.000000	907167.000000	1770063310.319784
8055.630000	14007.915000	21743.235000	16972.605000	-9381.195000	-6162.795000	2783.835000	12563.685000	-23.713061	-28.452910	-53.870006	-37.961922	-35.149089	-35.168996	-17.575981	19.713246	-77.230860	27.040720	-20.036380	0.921262	-0.256103	0.224365	-1.000000	-1.000000	-1.000000	-1.000000	-1.000000	-1.000000	-1.000000	83.241379	0.000000	-1.000000	-1.000000	907168.000000	1770063310.319790
8230.995000	14057.460000	21795.660000	16882.695000	-9453.690000	-6220.125000	2736.090000	12871.260000	50.877485	41.136023	0.651513	12.972207	16.429187	10.595882	-18.042602	88.830741	-77.230860	27.040720	-20.036380	0.921262	-0.256103	0.224365	-1.000000	-1.000000	-1.000000	-1.000000	-1.000000	-1.000000	-1.000000	83.241379	0.000000	-1.000000	-1.000000	907169.000000	1770063310.324102
8503.740000	14220.720000	22029.615000	16973.505000	-9393.300000	-6171.570000	2800.440000	13146.210000	93.608184	73.600242	38.857014	35.467833	39.654833	31.153225	-21.292192	138.025923	-77.230860	27.040720	-20.036380	0.921262	-0.256103	0.224365	-1.000000	-1.000000	-1.000000	-1.000000	-1.000000	-1.000000	-1.000000	83.241379	0.000000	-1.000000	-1.000000	907170.000000	1770063310.324113
8438.850000	14208.210000	22114.080000	17081.055000	-9334.755000	-6124.995000	2810.205000	13104.045000	117.274096	87.415741	80.177326	50.343277	53.833266	45.234313	-3.094882	165.725931	-93.253860	3.586100	-13.459320	0.923765	-0.187438	0.290771	-1.000000	-1.000000	-1.000000	-1.000000	-1.000000	-1.000000	-1.000000	83.241379	0.000000	-1.000000	-1.000000	907171.000000	1770063310.327715
8312.310000	14075.775000	21978.855000	16999.695000	-9426.645000	-6208.920000	2705.535000	12912.570000	125.331981	97.974549	126.017689	75.619577	74.098658	65.907013	35.885424	150.004069	-93.253860	3.586100	-13.459320	0.923765	-0.187438	0.290771	-1.000000	-1.000000	-1.000000	-1.000000	-1.000000	-1.000000	-1.000000	83.241379	0.000000	-1.000000	-1.000000	907172.000000	1770063310.327724
8235.810000	14019.840000	21862.530000	16921.485000	-9463.590000	-6219.765000	2630.340000	12700.440000	100.736858	93.649628	142.919443	96.634347	88.029838	80.762243	66.381200	69.263343	-93.253860	3.586100	-13.459320	0.923765	-0.187438	0.290771	-1.000000	-1.000000	-1.000000	-1.000000	-1.000000	-1.000000	-1.000000	83.241379	0.000000	-1.000000	-1.000000	907173.000000	1770063310.335553
8016.795000	13988.475000	21871.395000	16956.045000	-9429.480000	-6190.110000	2571.030000	12415.410000	30.834239	54.536299	98.042152	83.403525	73.195906	69.379602	62.257497	-63.240433	-93.253860	3.586100	-13.459320	0.923765	-0.187438	0.290771	-1.000000	-1.000000	-1.000000	-1.000000	-1.000000	-1.000000	-1.000000	83.241379	0.000000	-1.000000	-1.000000	907174.000000	1770063310.335561
7990.740000	13963.725000	21913.020000	17013.870000	-9359.820000	-6119.685000	2588.580000	12535.245000	-68.063472	-16.981234	2.212892	29.725202	27.067491	29.220165	26.084444	-191.048767	-93.253860	3.586100	-13.459320	0.923765	-0.187438	0.290771	-1.000000	-1.000000	-1.000000	-1.000000	-1.000000	-1.000000	-1.000000	83.241379	0.000000	-1.000000	-1.000000	907175.000000	1770063310.336009
8091.090000	13999.230000	21921.435000	17012.745000	-9370.800000	-6147.900000	2514.870000	12653.775000	-150.292080	-91.131470	-94.108199	-38.482871	-29.182009	-21.398224	-16.401923	-242.297402	-93.253860	3.586100	-13.459320	0.923765	-0.187438	0.290771	-1.000000	-1.000000	-1.000000	-1.000000	-1.000000	-1.000000	-1.000000	83.241379	0.000000	-1.000000	-1.000000	907176.000000	1770063310.336016
8079.210000	13972.320000	21831.120000	17002.215000	-9370.305000	-6144.615000	2486.520000	12542.355000	-172.455909	-132.017059	-144.473992	-86.640057	-69.056476	-58.780631	-38.843957	-187.234196	-93.253860	3.586100	-13.459320	0.923765	-0.187438	0.290771	-1.000000	-1.000000	-1.000000	-1.000000	-1.000000	-1.000000	-1.000000	83.241379	0.000000	-1.000000	-1.000000	907177.000000	1770063310.343514
8105.580000	13908.735000	21597.345000	16984.305000	-9400.410000	-6181.290000	2365.920000	12567.060000	-129.256263	-122.983435	-140.225467	-93.942985	-76.646038	-67.951049	-33.212132	-67.871343	-93.253860	3.586100	-13.459320	0.923765	-0.187438	0.290771	-1.000000	-1.000000	-1.000000	-1.000000	-1.000000	-1.000000	-1.000000	83.241379	0.000000	-1.000000	-1.000000	907178.000000	1770063310.343527
7980.390000	13930.425000	21541.275000	16876.395000	-9500.040000	-6271.380000	2216.970000	12509.685000	-51.094868	-73.215909	-103.922478	-64.696535	-55.087910	-50.897826	-14.588261	45.250879	-93.253860	3.586100	-13.459320	0.923765	-0.187438	0.290771	-1.000000	-1.000000	-1.000000	-1.000000	-1.000000	-1.000000	-1.000000	83.241379	0.000000	-1.000000	-1.000000	907179.000000	1770063310.344168
7998.120000	14051.160000	21425.805000	16733.520000	-9567.180000	-6311.340000	2168.145000	12566.340000	28.566399	-0.726349	-55.945049	-23.907521	-22.892583	-23.243547	-3.448416	112.782027	-93.253860	3.586100	-13.459320	0.923765	-0.187438	0.290771	-1.000000	-1.000000	-1.000000	-1.000000	-1.000000	-1.000000	-1.000000	83.241379	0.000000	-1.000000	-1.000000	907180.000000	1770063310.344179
8014.545000	14019.075000	21724.695000	16814.160000	-9517.140000	-6278.625000	2155.635000	12554.685000	93.182731	77.094891	4.799251	8.045427	5.210729	2.377788	-2.559911	137.822820	-131.663280	-38.623060	9.674840	0.897215	-0.210571	0.408751	-1.000000	-1.000000	-1.000000	-1.000000	-1.000000	-1.000000	-1.000000	83.241379	0.000000	-1.000000	-1.000000	907181.000000	1770063310.348118
7994.880000	13907.745000	21919.860000	16839.855000	-9596.475000	-6364.755000	2080.125000	12647.880000	133.757405	131.621807	84.580716	30.616087	25.336662	21.074144	-0.884165	138.971367	-131.663280	-38.623060	9.674840	0.897215	-0.210571	0.408751	-1.000000	-1.000000	-1.000000	-1.000000	-1.000000	-1.000000	-1.000000	83.241379	0.000000	-1.000000	-1.000000	907182.000000	1770063310.348128
8129.295000	13928.715000	21950.505000	16903.755000	-9584.370000	-6361.065000	2091.195000	12656.565000	141.902919	131.603938	162.559825	47.186660	33.063667	26.913324	7.045263	125.953146	-131.663280	-38.623060	9.674840	0.897215	-0.210571	0.408751	-1.000000	-1.000000	-1.000000	-1.000000	-1.000000	-1.000000	-1.000000	83.241379	0.000000	-1.000000	-1.000000	907183.000000	1770063310.351784
8312.985000	14102.145000	22094.370000	17029.395000	-9495.000000	-6296.670000	2121.660000	12777.885000	117.831397	77.043673	193.488531	53.946496	25.796140	18.075738	18.032013	93.373637	-131.663280	-38.623060	9.674840	0.897215	-0.210571	0.408751	-1.000000	-1.000000	-1.000000	-1.000000	-1.000000	-1.000000	-1.000000	83.241379	0.000000	-1.000000	-1.000000	907184.000000	1770063310.351800
8413.470000	14119.650000	22012.425000	17003.655000	-9498.105000	-6289.560000	2144.070000	13038.525000	69.103342	2.748308	150.113100	47.977896	12.174065	5.107696	28.642228	37.382347	-131.663280	-38.623060	9.674840	0.897215	-0.210571	0.408751	-1.000000	-1.000000	-1.000000	-1.000000	-1.000000	-1.000000	-1.000000	83.241379	0.000000	-1.000000	-1.000000	907185.000000	1770063310.355722
8640.405000	14311.845000	22140.180000	17138.970000	-9347.445000	-6141.960000	2260.395000	13530.015000	7.385176	-52.001635	49.746793	32.275856	5.616371	2.487809	38.088266	-20.413986	-131.663280	-38.623060	9.674840	0.897215	-0.210571	0.408751	-1.000000	-1.000000	-1.000000	-1.000000	-1.000000	-1.000000	-1.000000	83.241379	0.000000	-1.000000	-1.000000	907186.000000	1770063310.355732
8648.325000	14404.275000	22236.120000	17247.060000	-9234.765000	-6063.030000	2162.610000	13340.160000	-49.751454	-65.572796	-56.091678	15.643654	14.296679	16.745785	43.775145	-52.835777	-131.663280	-38.623060	9.674840	0.897215	-0.210571	0.408751	-1.000000	-1.000000	-1.000000	-1.000000	-1.000000	-1.000000	-1.000000	83.241379	0.000000	-1.000000	-1.000000	907187.000000	1770063310.360015
8179.830000	14119.920000	21955.095000	16950.105000	-9557.055000	-6393.555000	1852.065000	12625.425000	-92.341837	-47.053460	-122.081463	2.573557	29.969732	35.631901	33.970117	-75.036438	-131.663280	-38.623060	9.674840	0.897215	-0.210571	0.408751	-1.000000	-1.000000	-1.000000	-1.000000	-1.000000	-1.000000	-1.000000	83.241379	0.000000	-1.000000	-1.000000	907188.000000	1770063310.360023
7770.420000	13784.670000	21639.465000	16703.055000	-9789.705000	-6590.655000	1728.360000	12156.120000	-129.328173	-33.942945	-145.369395	-17.962181	25.264849	30.009972	-4.348318	-128.248181	-131.663280	-38.623060	9.674840	0.897215	-0.210571	0.408751	-1.000000	-1.000000	-1.000000	-1.000000	-1.000000	-1.000000	-1.000000	83.241379	0.000000	-1.000000	-1.000000	907189.000000	1770063310.363662
7751.205000	13687.380000	21506.580000	16662.960000	-9803.610000	-6586.650000	1772.505000	12256.245000	-162.532552	-51.466442	-150.926621	-54.970616	-15.014662	-12.100349	-59.626564	-203.198167	-131.663280	-38.623060	9.674840	0.897215	-0.210571	0.408751	-1.000000	-1.000000	-1.000000	-1.000000	-1.000000	-1.000000	-1.000000	83.241379	0.000000	-1.000000	-1.000000	907190.000000	1770063310.363671
8051.490000	13947.660000	21723.705000	16863.795000	-9641.565000	-6452.775000	1823.625000	12641.715000	-158.775058	-75.622015	-145.232216	-89.658436	-64.346526	-60.850087	-94.011219	-221.718102	-60.109140	-76.910400	-8.057280	0.846372	-0.275207	0.601378	-1.000000	-1.000000	-1.000000	-1.000000	-1.000000	-1.000000	-1.000000	83.241379	0.000000	-1.000000	-1.000000	907191.000000	1770063310.367757
8129.205000	14098.545000	21967.605000	17054.460000	-9481.995000	-6286.950000	1960.065000	12632.040000	-83.660167	-59.719411	-102.424795	-86.884280	-77.789339	-72.449176	-78.521487	-122.445540	-60.109140	-76.910400	-8.057280	0.846372	-0.275207	0.601378	-1.000000	-1.000000	-1.000000	-1.000000	-1.000000	-1.000000	-1.000000	83.241379	0.000000	-1.000000	-1.000000	907192.000000	1770063310.367765
8092.935000	14145.390000	22023.630000	17084.970000	-9457.605000	-6262.065000	1999.710000	12456.855000	40.205309	5.358315	-6.869368	-34.835308	-39.887788	-33.924105	-19.262899	53.874379	-60.109140	-76.910400	-8.057280	0.846372	-0.275207	0.601378	-1.000000	-1.000000	-1.000000	-1.000000	-1.000000	-1.000000	-1.000000	83.241379	0.000000	-1.000000	-1.000000	907193.000000	1770063310.385395
8067.195000	14119.965000	22037.085000	17048.745000	-9452.925000	-6280.470000	1946.205000	12330.315000	142.403096	78.649429	109.568676	37.914390	21.998772	26.231707	47.754028	192.351923	-60.109140	-76.910400	-8.057280	0.846372	-0.275207	0.601378	-1.000000	-1.000000	-1.000000	-1.000000	-1.000000	-1.000000	-1.000000	83.241379	0.000000	-1.000000	-1.000000	907194.000000	1770063310.385408
8148.285000	14053.050000	21910.320000	16942.905000	-9526.410000	-6388.830000	1837.980000	12594.195000	169.267660	109.934580	186.138433	84.699502	63.821401	63.285329	80.823571	214.115164	-60.109140	-76.910400	-8.057280	0.846372	-0.275207	0.601378	-1.000000	-1.000000	-1.000000	-1.000000	-1.000000	-1.000000	-1.000000	83.241379	0.000000	-1.000000	-1.000000	907195.000000	1770063310.385608
8185.410000	13929.390000	21752.505000	16798.140000	-9672.345000	-6559.065000	1728.630000	12886.830000	126.396269	80.156439	179.232314	77.300246	59.223809	51.893649	64.004316	149.089768	-60.109140	-76.910400	-8.057280	0.846372	-0.275207	0.601378	-1.000000	-1.000000	-1.000000	-1.000000	-1.000000	-1.000000	-1.000000	83.241379	0.000000	-1.000000	-1.000000	907196.000000	1770063310.385618
8167.995000	13922.280000	21738.735000	16757.505000	-9832.770000	-6681.690000	1774.845000	13094.955000	66.061503	16.338574	99.535129	30.818899	19.158881	6.736064	20.583552	94.766769	-60.109140	-76.910400	-8.057280	0.846372	-0.275207	0.601378	-1.000000	-1.000000	-1.000000	-1.000000	-1.000000	-1.000000	-1.000000	83.241379	0.000000	-1.000000	-1.000000	907197.000000	1770063310.385630
8232.255000	14082.345000	21895.920000	16887.555000	-9840.375000	-6638.310000	1847.925000	12941.235000	34.459089	-28.036784	6.687808	-9.371074	-21.075428	-32.561682	-11.611459	99.948648	-60.109140	-76.910400	-8.057280	0.846372	-0.275207	0.601378	-1.000000	-1.000000	-1.000000	-1.000000	-1.000000	-1.000000	-1.000000	83.241379	0.000000	-1.000000	-1.000000	907198.000000	1770063310.385635
8217.945000	14087.565000	21896.010000	16892.370000	-9789.480000	-6629.715000	1781.010000	12773.385000	29.763626	-22.476008	-46.683785	-14.338372	-35.393453	-39.198099	-17.761125	110.119007	-60.109140	-76.910400	-8.057280	0.846372	-0.275207	0.601378	-1.000000	-1.000000	-1.000000	-1.000000	-1.000000	-1.000000	-1.000000	83.241379	0.000000	-1.000000	-1.000000	907199.000000	1770063310.385641
8073.945000	13992.615000	21844.080000	16897.635000	-9718.650000	-6596.910000	1714.815000	12511.980000	11.878772	7.913073	-59.975284	1.130434	-24.174645	-18.981397	-14.061801	41.732298	-60.109140	-76.910400	-8.057280	0.846372	-0.275207	0.601378	-1.000000	-1.000000	-1.000000	-1.000000	-1.000000	-1.000000	-1.000000	83.241379	0.000000	-1.000000	-1.000000	907200.000000	1770063310.385646
8051.085000	14005.440000	21859.785000	16906.950000	-9713.340000	-6616.665000	1736.235000	12564.180000	-46.552982	13.882035	-64.790037	3.871812	-5.111534	3.409474	-21.162404	-108.954925	-15.702540	-118.997480	13.215160	0.758116	-0.223998	0.693663	-1.000000	-1.000000	-1.000000	-1.000000	-1.000000	-1.000000	-1.000000	83.241379	0.000000	-1.000000	-1.000000	907201.000000	1770063310.387775
8158.185000	14087.160000	21945.645000	16985.295000	-9629.055000	-6558.435000	1844.730000	12694.365000	-120.748774	-17.681760	-73.996581	-14.804964	7.558529	11.962373	-36.657632	-249.337567	-15.702540	-118.997480	13.215160	0.758116	-0.223998	0.693663	-1.000000	-1.000000	-1.000000	-1.000000	-1.000000	-1.000000	-1.000000	83.241379	0.000000	-1.000000	-1.000000	907202.000000	1770063310.387785
8304.210000	14203.485000	22067.010000	17107.110000	-9501.840000	-6473.700000	1929.060000	12702.285000	-155.130587	-53.907336	-69.153353	-32.304321	14.642821	11.456704	-38.490120	-282.247980	-15.702540	-118.997480	13.215160	0.758116	-0.223998	0.693663	-1.000000	-1.000000	-1.000000	-1.000000	-1.000000	-1.000000	-1.000000	83.241379	0.000000	-1.000000	-1.000000	907203.000000	1770063310.393275
8290.125000	14237.640000	22066.020000	17074.755000	-9554.805000	-6552.270000	1872.945000	12740.985000	-120.049900	-57.566313	-32.305015	-25.243459	22.701380	14.243024	-12.955170	-194.557725	-15.702540	-118.997480	13.215160	0.758116	-0.223998	0.693663	-1.000000	-1.000000	-1.000000	-1.000000	-1.000000	-1.000000	-1.000000	83.241379	0.000000	-1.000000	-1.000000	907204.000000	1770063310.393289
8111.880000	14048.055000	21874.995000	16897.680000	-9732.105000	-6699.195000	1784.295000	12794.625000	-36.115616	-23.330273	25.756616	3.872989	30.056755	22.683168	27.487980	-45.841290	-15.702540	-118.997480	13.215160	0.758116	-0.223998	0.693663	-1.000000	-1.000000	-1.000000	-1.000000	-1.000000	-1.000000	-1.000000	83.241379	0.000000	-1.000000	-1.000000	907205.000000	1770063310.397796
8129.385000	14022.765000	21851.145000	16851.690000	-9837.495000	-6815.025000	1711.530000	12701.430000	50.227146	21.312906	70.370181	30.296485	27.739736	27.073604	53.336263	93.526985	-15.702540	-118.997480	13.215160	0.758116	-0.223998	0.693663	-1.000000	-1.000000	-1.000000	-1.000000	-1.000000	-1.000000	-1.000000	83.241379	0.000000	-1.000000	-1.000000	907206.000000	1770063310.397804
8195.760000	14056.020000	21846.330000	16824.780000	-9884.385000	-6882.570000	1655.640000	12676.770000	102.719952	44.701846	72.901959	31.144586	9.451082	15.442797	43.027711	176.302059	-15.702540	-118.997480	13.215160	0.758116	-0.223998	0.693663	-1.000000	-1.000000	-1.000000	-1.000000	-1.000000	-1.000000	-1.000000	83.241379	0.000000	-1.000000	-1.000000	907207.000000	1770063310.399622
8156.070000	13998.780000	21813.480000	16851.645000	-9800.865000	-6827.580000	1693.755000	12738.825000	108.981890	36.519856	33.977956	4.883140	-20.737647	-12.609396	3.608795	187.987929	-15.702540	-118.997480	13.215160	0.758116	-0.223998	0.693663	-1.000000	-1.000000	-1.000000	-1.000000	-1.000000	-1.000000	-1.000000	83.241379	0.000000	-1.000000	-1.000000	907208.000000	1770063310.399632
8142.480000	14051.610000	21870.630000	16895.430000	-9806.175000	-6855.165000	1730.880000	12741.885000	75.939158	8.464012	-19.900172	-29.104212	-48.342622	-41.676779	-34.897712	144.367509	-15.702540	-118.997480	13.215160	0.758116	-0.223998	0.693663	-1.000000	-1.000000	-1.000000	-1.000000	-1.000000	-1.000000	-1.000000	83.241379	0.000000	-1.000000	-1.000000	907209.000000	1770063310.403838
8110.395000	14043.420000	21865.545000	16902.495000	-9800.955000	-6859.125000	1749.510000	12730.995000	22.575411	-19.129706	-57.094726	-47.591613	-58.628468	-54.092800	-48.210918	72.152187	-15.702540	-118.997480	13.215160	0.758116	-0.223998	0.693663	-1.000000	-1.000000	-1.000000	-1.000000	-1.000000	-1.000000	-1.000000	83.241379	0.000000	-1.000000	-1.000000	907210.000000	1770063310.403846
8161.020000	14043.555000	21848.895000	16884.630000	-9826.380000	-6905.070000	1727.910000	12727.755000	-29.749277	-32.791372	-62.102345	-41.494380	-47.836579	-44.440825	-36.163184	-7.333838	-72.774940	-140.498820	29.604400	0.717283	-0.154296	0.598692	-1.000000	-1.000000	-1.000000	-1.000000	-1.000000	-1.000000	-1.000000	83.241379	0.000000	-1.000000	-1.000000	907211.000000	1770063310.407953
8139.465000	14033.250000	21848.040000	16897.950000	-9811.125000	-6901.740000	1755.630000	12713.085000	-65.059066	-31.806825	-40.718182	-18.606262	-23.527949	-19.895417	-13.154003	-76.137004	-72.774940	-140.498820	29.604400	0.717283	-0.154296	0.598692	-1.000000	-1.000000	-1.000000	-1.000000	-1.000000	-1.000000	-1.000000	83.241379	0.000000	-1.000000	-1.000000	907212.000000	1770063310.407961
8171.910000	14100.300000	21910.095000	16949.835000	-9782.145000	-6894.135000	1786.635000	12705.390000	-71.788594	-18.014607	-4.685282	11.258635	7.491575	11.677974	11.407392	-116.538470	-72.774940	-140.498820	29.604400	0.717283	-0.154296	0.598692	-1.000000	-1.000000	-1.000000	-1.000000	-1.000000	-1.000000	-1.000000	83.241379	0.000000	-1.000000	-1.000000	907213.000000	1770063310.411714
8263.035000	14202.045000	22003.110000	17043.030000	-9705.060000	-6847.875000	1842.885000	12735.450000	-42.229296	11.691979	39.740430	45.698274	45.459201	47.446035	35.891787	-115.995894	-72.774940	-140.498820	29.604400	0.717283	-0.154296	0.598692	-1.000000	-1.000000	-1.000000	-1.000000	-1.000000	-1.000000	-1.000000	83.241379	0.000000	-1.000000	-1.000000	907214.000000	1770063310.411722
8390.205000	14300.595000	22088.160000	17126.775000	-9640.620000	-6812.820000	1891.170000	12891.060000	15.493349	52.579885	81.521692	78.094210	84.862421	79.714575	55.369283	-71.276874	-72.774940	-140.498820	29.604400	0.717283	-0.154296	0.598692	-1.000000	-1.000000	-1.000000	-1.000000	-1.000000	-1.000000	-1.000000	83.241379	0.000000	-1.000000	-1.000000	907215.000000	1770063310.415821
8390.385000	14275.305000	22047.975000	17084.520000	-9689.715000	-6866.145000	1834.740000	12921.255000	70.475488	81.480923	97.911272	88.996524	103.692948	90.007104	58.593805	4.503022	-72.774940	-140.498820	29.604400	0.717283	-0.154296	0.598692	-1.000000	-1.000000	-1.000000	-1.000000	-1.000000	-1.000000	-1.000000	83.241379	0.000000	-1.000000	-1.000000	907216.000000	1770063310.415831
8279.280000	14194.305000	21970.080000	17012.475000	-9758.385000	-6944.130000	1782.495000	12772.305000	87.521648	72.735901	70.287325	59.574012	76.873736	60.818208	35.718264	74.558171	-72.774940	-140.498820	29.604400	0.717283	-0.154296	0.598692	-1.000000	-1.000000	-1.000000	-1.000000	-1.000000	-1.000000	-1.000000	83.241379	0.000000	-1.000000	-1.000000	907217.000000	1770063310.421268
8024.805000	13992.210000	21806.190000	16875.540000	-9878.940000	-7064.505000	1705.680000	12638.295000	50.974341	19.470567	1.431626	-8.772346	3.239190	-5.280627	-11.335282	95.942280	-72.774940	-140.498820	29.604400	0.717283	-0.154296	0.598692	-1.000000	-1.000000	-1.000000	-1.000000	-1.000000	-1.000000	-1.000000	83.241379	0.000000	-1.000000	-1.000000	907218.000000	1770063310.421278
7967.880000	13904.820000	21731.760000	16811.640000	-9934.695000	-7117.065000	1686.510000	12686.580000	-25.474909	-59.672622	-81.752168	-88.477330	-85.122982	-79.972915	-63.946525	56.889000	-72.774940	-140.498820	29.604400	0.717283	-0.154296	0.598692	-1.000000	-1.000000	-1.000000	-1.000000	-1.000000	-1.000000	-1.000000	83.241379	0.000000	-1.000000	-1.000000	907219.000000	1770063310.423741
8133.750000	14033.070000	21828.645000	16882.020000	-9917.505000	-7093.170000	1733.445000	12708.000000	-99.545347	-123.715003	-137.134806	-138.033048	-142.356574	-124.698611	-94.292325	-10.683563	-72.774940	-140.498820	29.604400	0.717283	-0.154296	0.598692	-1.000000	-1.000000	-1.000000	-1.000000	-1.000000	-1.000000	-1.000000	83.241379	0.000000	-1.000000	-1.000000	907220.000000	1770063310.423746
8199.045000	14099.265000	21889.485000	16928.370000	-9920.520000	-7090.425000	1777.050000	12811.365000	-121.341723	-130.058693	-129.742490	-126.397442	-137.607345	-114.279475	-82.366482	-59.281851	-122.308900	-126.902160	33.572000	0.814207	-0.185546	0.402648	-1.000000	-1.000000	-1.000000	-1.000000	-1.000000	-1.000000	-1.000000	83.241379	0.000000	-1.000000	-1.000000	907221.000000	1770063310.427716
8256.690000	14190.075000	21966.570000	16976.295000	-9902.070000	-7093.845000	1782.360000	12806.370000	-72.372857	-68.302066	-58.376831	-55.357341	-72.741410	-52.998626	-31.578205	-62.006132	-122.308900	-126.902160	33.572000	0.814207	-0.185546	0.402648	-1.000000	-1.000000	-1.000000	-1.000000	-1.000000	-1.000000	-1.000000	83.241379	0.000000	-1.000000	-1.000000	907222.000000	1770063310.427722
8247.555000	14137.785000	21916.980000	16955.595000	-9884.295000	-7075.890000	1780.560000	12772.800000	16.129334	26.656419	38.089632	37.780960	19.454933	27.500560	30.708925	-27.428669	-122.308900	-126.902160	33.572000	0.814207	-0.185546	0.402648	-1.000000	-1.000000	-1.000000	-1.000000	-1.000000	-1.000000	-1.000000	83.241379	0.000000	-1.000000	-1.000000	907223.000000	1770063310.432478
8192.880000	14065.560000	21851.730000	16912.170000	-9910.080000	-7104.915000	1757.970000	12775.725000	86.825734	97.849436	104.752306	103.094680	94.321590	87.824085	71.901582	12.952714	-122.308900	-126.902160	33.572000	0.814207	-0.185546	0.402648	-1.000000	-1.000000	-1.000000	-1.000000	-1.000000	-1.000000	-1.000000	83.241379	0.000000	-1.000000	-1.000000	907224.000000	1770063310.432491
8201.970000	14071.185000	21853.665000	16907.805000	-9924.660000	-7122.195000	1779.795000	12869.910000	101.472891	109.381586	110.474472	112.102064	120.441288	103.415745	76.646355	35.045001	-122.308900	-126.902160	33.572000	0.814207	-0.185546	0.402648	-1.000000	-1.000000	-1.000000	-1.000000	-1.000000	-1.000000	-1.000000	83.241379	0.000000	-1.000000	-1.000000	907225.000000	1770063310.435895
8253.945000	14152.860000	21925.710000	16968.420000	-9872.820000	-7074.135000	1832.895000	12898.395000	68.355967	71.976396	68.595126	74.658544	96.441924	76.765004	53.174302	40.022664	-122.308900	-126.902160	33.572000	0.814207	-0.185546	0.402648	-1.000000	-1.000000	-1.000000	-1.000000	-1.000000	-1.000000	-1.000000	83.241379	0.000000	-1.000000	-1.000000	907226.000000	1770063310.435907
8219.610000	14164.515000	21935.880000	16978.995000	-9861.795000	-7063.740000	1805.580000	12799.440000	24.651333	24.813863	17.977239	24.422832	47.087287	31.882213	20.673183	37.595977	-122.308900	-126.902160	33.572000	0.814207	-0.185546	0.402648	-1.000000	-1.000000	-1.000000	-1.000000	-1.000000	-1.000000	-1.000000	83.241379	0.000000	-1.000000	-1.000000	907227.000000	1770063310.448428
8082.540000	14102.595000	21892.545000	16952.265000	-9879.570000	-7093.710000	1735.335000	12568.815000	-6.876618	-5.219292	-13.882013	-11.672728	0.105179	-7.294940	-8.273886	22.352678	-122.308900	-126.902160	33.572000	0.814207	-0.185546	0.402648	-1.000000	-1.000000	-1.000000	-1.000000	-1.000000	-1.000000	-1.000000	83.241379	0.000000	-1.000000	-1.000000	907228.000000	1770063310.448440
8079.030000	14078.160000	21867.165000	16925.715000	-9894.780000	-7124.850000	1722.195000	12592.755000	-32.041534	-21.512081	-27.694531	-29.994929	-31.919013	-32.562012	-31.595936	-14.604993	-122.308900	-126.902160	33.572000	0.814207	-0.185546	0.402648	-1.000000	-1.000000	-1.000000	-1.000000	-1.000000	-1.000000	-1.000000	83.241379	0.000000	-1.000000	-1.000000	907229.000000	1770063310.448675
8153.010000	14069.115000	21863.115000	16944.435000	-9825.120000	-7054.650000	1789.200000	12750.255000	-55.707531	-37.403081	-36.275735	-38.929158	-47.111493	-44.502101	-46.502758	-56.682705	-122.308900	-126.902160	33.572000	0.814207	-0.185546	0.402648	-1.000000	-1.000000	-1.000000	-1.000000	-1.000000	-1.000000	-1.000000	83.241379	0.000000	-1.000000	-1.000000	907230.000000	1770063310.448687
8187.570000	14103.810000	21895.695000	16988.220000	-9755.280000	-7009.830000	1808.460000	12784.050000	-64.545268	-52.429306	-43.123102	-41.429868	-44.732145	-41.825093	-45.248257	-69.185829	-101.585820	-97.313020	15.382080	0.928403	-0.314880	0.238281	-1.000000	-1.000000	-1.000000	-1.000000	-1.000000	-1.000000	-1.000000	83.241379	0.000000	-1.000000	-1.000000	907231.000000	1770063310.448698
8200.485000	14095.935000	21877.785000	16953.075000	-9804.780000	-7052.130000	1772.235000	12723.480000	-47.117220	-54.371313	-41.394608	-34.863086	-28.703159	-26.477366	-26.389645	-38.889060	-101.585820	-97.313020	15.382080	0.928403	-0.314880	0.238281	-1.000000	-1.000000	-1.000000	-1.000000	-1.000000	-1.000000	-1.000000	83.241379	0.000000	-1.000000	-1.000000	907232.000000	1770063310.448704
8196.255000	14106.735000	21879.855000	16951.770000	-9827.955000	-7064.820000	1740.330000	12658.410000	-9.935080	-35.039357	-25.617880	-19.585674	-10.860615	-8.441326	-0.676571	10.072521	-101.585820	-97.313020	15.382080	0.928403	-0.314880	0.238281	-1.000000	-1.000000	-1.000000	-1.000000	-1.000000	-1.000000	-1.000000	83.241379	0.000000	-1.000000	-1.000000	907233.000000	1770063310.451774
8196.300000	14106.600000	21880.350000	16939.575000	-9848.430000	-7066.890000	1754.100000	12707.595000	28.659110	-0.607687	-0.085735	-1.170656	-1.832183	2.771784	18.090734	43.517775	-101.585820	-97.313020	15.382080	0.928403	-0.314880	0.238281	-1.000000	-1.000000	-1.000000	-1.000000	-1.000000	-1.000000	-1.000000	83.241379	0.000000	-1.000000	-1.000000	907234.000000	1770063310.451787
8190.630000	14078.610000	21873.465000	16930.485000	-9893.565000	-7076.205000	1764.360000	12751.740000	51.599796	31.288856	23.010669	12.945342	-3.426507	5.005115	23.637811	49.662793	-101.585820	-97.313020	15.382080	0.928403	-0.314880	0.238281	-1.000000	-1.000000	-1.000000	-1.000000	-1.000000	-1.000000	-1.000000	83.241379	0.000000	-1.000000	-1.000000	907235.000000	1770063310.455758
8154.090000	14079.105000	21881.520000	16939.530000	-9903.780000	-7060.905000	1781.055000	12759.885000	52.460374	45.485371	33.736660	18.737746	-10.082980	2.116848	19.718202	40.484267	-101.585820	-97.313020	15.382080	0.928403	-0.314880	0.238281	-1.000000	-1.000000	-1.000000	-1.000000	-1.000000	-1.000000	-1.000000	83.241379	0.000000	-1.000000	-1.000000	907236.000000	1770063310.455765
8184.240000	14125.995000	21933.135000	16997.310000	-9830.295000	-6984.720000	1827.945000	12782.250000	35.872953	40.320226	31.691091	18.637154	-12.139050	1.277567	14.869287	31.131463	-101.585820	-97.313020	15.382080	0.928403	-0.314880	0.238281	-1.000000	-1.000000	-1.000000	-1.000000	-1.000000	-1.000000	-1.000000	83.241379	0.000000	-1.000000	-1.000000	907237.000000	1770063310.459714
8230.410000	14172.840000	21978.135000	17050.095000	-9752.130000	-6917.400000	1843.155000	12773.790000	11.646196	24.954184	23.136655	17.983687	-1.430381	8.154674	13.427606	22.810949	-101.585820	-97.313020	15.382080	0.928403	-0.314880	0.238281	-1.000000	-1.000000	-1.000000	-1.000000	-1.000000	-1.000000	-1.000000	83.241379	0.000000	-1.000000	-1.000000	907238.000000	1770063310.459722
8221.365000	14130.990000	21917.160000	16984.980000	-9805.860000	-6959.970000	1783.395000	12757.050000	-11.808745	8.054473	12.192165	16.979318	18.213266	18.719666	10.542563	4.669110	-101.585820	-97.313020	15.382080	0.928403	-0.314880	0.238281	-1.000000	-1.000000	-1.000000	-1.000000	-1.000000	-1.000000	-1.000000	83.241379	0.000000	-1.000000	-1.000000	907239.000000	1770063310.463773
8169.930000	14083.200000	21866.670000	16934.580000	-9835.875000	-6980.715000	1766.205000	12729.420000	-30.641234	-8.704578	-2.856516	8.885528	30.256361	20.333531	-0.778138	-26.058050	-101.585820	-97.313020	15.382080	0.928403	-0.314880	0.238281	-1.000000	-1.000000	-1.000000	-1.000000	-1.000000	-1.000000	-1.000000	83.241379	0.000000	-1.000000	-1.000000	907240.000000	1770063310.463793
8143.020000	14054.445000	21835.980000	16911.225000	-9845.370000	-6981.480000	1771.920000	12730.050000	-42.446111	-24.872838	-21.490553	-8.496328	23.943835	7.444899	-17.209482	-53.734551	-62.062420	-80.313380	9.247560	0.927305	-0.417174	0.173339	-1.000000	-1.000000	-1.000000	-1.000000	-1.000000	-1.000000	-1.000000	83.241379	0.000000	-1.000000	-1.000000	907241.000000	1770063310.467752
8139.195000	14074.335000	21830.805000	16928.730000	-9821.115000	-6961.455000	1769.355000	12721.995000	-42.908769	-34.707239	-35.350447	-25.442336	6.398603	-10.796496	-26.858592	-59.634970	-62.062420	-80.313380	9.247560	0.927305	-0.417174	0.173339	-1.000000	-1.000000	-1.000000	-1.000000	-1.000000	-1.000000	-1.000000	83.241379	0.000000	-1.000000	-1.000000	907242.000000	1770063310.467760
8161.110000	14117.940000	21891.915000	16983.630000	-9752.490000	-6893.505000	1798.875000	12732.975000	-28.813614	-30.982006	-34.886157	-29.168501	-7.111281	-20.879331	-22.942708	-40.509065	-62.062420	-80.313380	9.247560	0.927305	-0.417174	0.173339	-1.000000	-1.000000	-1.000000	-1.000000	-1.000000	-1.000000	-1.000000	83.241379	0.000000	-1.000000	-1.000000	907243.000000	1770063310.471728
8188.785000	14131.665000	21900.510000	17003.655000	-9700.245000	-6842.745000	1811.790000	12731.715000	-2.409177	-12.312704	-17.402059	-15.256765	-6.637551	-15.920022	-8.561377	-8.498082	-62.062420	-80.313380	9.247560	0.927305	-0.417174	0.173339	-1.000000	-1.000000	-1.000000	-1.000000	-1.000000	-1.000000	-1.000000	83.241379	0.000000	-1.000000	-1.000000	907244.000000	1770063310.471735
8194.275000	14132.745000	21908.430000	16982.145000	-9716.490000	-6847.155000	1788.435000	12687.750000	27.578057	12.992685	9.144569	7.767063	4.921103	-0.376609	7.747613	20.978582	-62.062420	-80.313380	9.247560	0.927305	-0.417174	0.173339	-1.000000	-1.000000	-1.000000	-1.000000	-1.000000	-1.000000	-1.000000	83.241379	0.000000	-1.000000	-1.000000	907245.000000	1770063310.481239
8190.405000	14089.275000	21853.845000	16925.895000	-9769.365000	-6877.755000	1762.155000	12710.565000	47.301033	29.625655	28.709569	22.833330	12.361909	11.702498	16.294887	37.017990	-62.062420	-80.313380	9.247560	0.927305	-0.417174	0.173339	-1.000000	-1.000000	-1.000000	-1.000000	-1.000000	-1.000000	-1.000000	83.241379	0.000000	-1.000000	-1.000000	907246.000000	1770063310.481253
8222.220000	14092.560000	21866.535000	16933.410000	-9769.140000	-6875.865000	1776.060000	12866.310000	45.316994	26.652531	29.203011	18.709263	2.708064	8.754034	12.739482	37.822448	-62.062420	-80.313380	9.247560	0.927305	-0.417174	0.173339	-1.000000	-1.000000	-1.000000	-1.000000	-1.000000	-1.000000	-1.000000	83.241379	0.000000	-1.000000	-1.000000	907247.000000	1770063310.481266
8229.195000	14029.245000	21830.805000	16938.360000	-9702.810000	-6781.770000	1829.880000	12925.935000	23.367900	7.570629	13.667096	1.700205	-18.166497	-4.848277	3.648046	31.804170	-62.062420	-80.313380	9.247560	0.927305	-0.417174	0.173339	-1.000000	-1.000000	-1.000000	-1.000000	-1.000000	-1.000000	-1.000000	83.241379	0.000000	-1.000000	-1.000000	907248.000000	1770063310.481272
8178.885000	14077.980000	21906.045000	16973.595000	-9658.260000	-6737.670000	1791.945000	12710.745000	-4.778758	-12.690632	-2.887627	-10.889283	-29.967981	-12.469543	-0.556323	23.796178	-62.062420	-80.313380	9.247560	0.927305	-0.417174	0.173339	-1.000000	-1.000000	-1.000000	-1.000000	-1.000000	-1.000000	-1.000000	83.241379	0.000000	-1.000000	-1.000000	907249.000000	1770063310.483855
8139.420000	14096.925000	21912.705000	16975.620000	-9653.130000	-6735.645000	1770.255000	12662.550000	-25.894502	-19.478129	-7.131295	-8.411038	-20.540306	-4.990014	1.653806	6.366458	-62.062420	-80.313380	9.247560	0.927305	-0.417174	0.173339	-1.000000	-1.000000	-1.000000	-1.000000	-1.000000	-1.000000	-1.000000	83.241379	0.000000	-1.000000	-1.000000	907250.000000	1770063310.483871
8198.730000	14147.235000	21971.520000	17054.640000	-9574.065000	-6651.180000	1840.905000	12722.355000	-33.514720	-9.431949	1.529827	5.152564	2.838968	10.271215	4.626861	-21.444108	-36.334060	-65.923200	5.203660	0.876646	-0.442260	0.157287	-1.000000	-1.000000	-1.000000	-1.000000	-1.000000	-1.000000	-1.000000	83.241379	0.000000	-1.000000	-1.000000	907251.000000	1770063310.489224
8199.135000	14165.055000	21983.040000	17049.735000	-9590.580000	-6636.465000	1852.875000	12704.130000	-26.435607	8.160202	12.368085	17.906823	23.177708	20.307402	5.392250	-43.503403	-36.334060	-65.923200	5.203660	0.876646	-0.442260	0.157287	-1.000000	-1.000000	-1.000000	-1.000000	-1.000000	-1.000000	-1.000000	83.241379	0.000000	-1.000000	-1.000000	907252.000000	1770063310.489231
8091.945000	14129.595000	21951.810000	17026.965000	-9592.290000	-6649.965000	1807.335000	12669.075000	-10.896958	20.037550	13.988732	19.554456	27.240138	17.060233	3.457620	-44.977649	-36.334060	-65.923200	5.203660	0.876646	-0.442260	0.157287	-1.000000	-1.000000	-1.000000	-1.000000	-1.000000	-1.000000	-1.000000	83.241379	0.000000	-1.000000	-1.000000	907253.000000	1770063310.491773
8097.705000	14073.255000	21891.555000	16982.775000	-9598.815000	-6659.100000	1772.640000	12678.660000	1.236486	17.281197	2.080193	7.288485	13.692310	1.107914	-2.357686	-25.971513	-36.334060	-65.923200	5.203660	0.876646	-0.442260	0.157287	-1.000000	-1.000000	-1.000000	-1.000000	-1.000000	-1.000000	-1.000000	83.241379	0.000000	-1.000000	-1.000000	907254.000000	1770063310.491780
8191.980000	14038.920000	21847.680000	16952.355000	-9615.195000	-6660.900000	1746.405000	12736.665000	5.299291	0.323404	-18.507173	-12.616826	-7.178733	-18.432490	-11.135352	2.018642	-36.334060	-65.923200	5.203660	0.876646	-0.442260	0.157287	-1.000000	-1.000000	-1.000000	-1.000000	-1.000000	-1.000000	-1.000000	83.241379	0.000000	-1.000000	-1.000000	907255.000000	1770063310.497324
8243.235000	14101.110000	21888.405000	16980.750000	-9576.810000	-6617.880000	1763.235000	12779.505000	7.715317	-19.241857	-35.292255	-28.651686	-22.598625	-30.014405	-18.294793	23.912279	-36.334060	-65.923200	5.203660	0.876646	-0.442260	0.157287	-1.000000	-1.000000	-1.000000	-1.000000	-1.000000	-1.000000	-1.000000	83.241379	0.000000	-1.000000	-1.000000	907256.000000	1770063310.497336
8256.060000	14152.185000	21927.420000	16991.730000	-9613.980000	-6620.670000	1788.705000	12763.620000	14.263381	-25.150153	-35.048516	-30.878888	-26.179770	-28.112826	-18.259676	31.257846	-36.334060	-65.923200	5.203660	0.876646	-0.442260	0.157287	-1.000000	-1.000000	-1.000000	-1.000000	-1.000000	-1.000000	-1.000000	83.241379	0.000000	-1.000000	-1.000000	907257.000000	1770063310.499846
8175.285000	14099.715000	21909.555000	16993.845000	-9615.465000	-6596.190000	1800.675000	12721.905000	21.798669	-12.312087	-15.661643	-17.791697	-19.906198	-15.561561	-8.028175	28.028484	-36.334060	-65.923200	5.203660	0.876646	-0.442260	0.157287	-1.000000	-1.000000	-1.000000	-1.000000	-1.000000	-1.000000	-1.000000	83.241379	0.000000	-1.000000	-1.000000	907258.000000	1770063310.499857
8126.280000	14029.560000	21841.560000	16941.960000	-9628.335000	-6607.170000	1781.055000	12716.820000	21.105880	5.388074	9.172300	1.343168	-9.512901	0.594228	8.614469	21.373269	-36.334060	-65.923200	5.203660	0.876646	-0.442260	0.157287	-1.000000	-1.000000	-1.000000	-1.000000	-1.000000	-1.000000	-1.000000	83.241379	0.000000	-1.000000	-1.000000	907259.000000	1770063310.503830
8134.605000	14014.980000	21826.035000	16919.685000	-9638.325000	-6619.995000	1757.970000	12706.200000	6.720189	10.259987	21.682534	12.867374	-0.187009	12.211515	20.424256	11.507693	-36.334060	-65.923200	5.203660	0.876646	-0.442260	0.157287	-1.000000	-1.000000	-1.000000	-1.000000	-1.000000	-1.000000	-1.000000	83.241379	0.000000	-1.000000	-1.000000	907260.000000	1770063310.503837
8150.850000	14023.350000	21832.785000	16939.935000	-9604.260000	-6558.480000	1792.260000	12737.520000	-14.025304	0.370037	16.726642	11.370319	6.107746	14.950971	19.095419	-2.115828	-30.367400	-53.089540	2.197440	0.899290	-0.409484	0.142700	-1.000000	-1.000000	-1.000000	-1.000000	-1.000000	-1.000000	-1.000000	83.241379	0.000000	-1.000000	-1.000000	907261.000000	1770063310.507960
8134.425000	14052.870000	21852.270000	16961.805000	-9564.030000	-6514.830000	1799.595000	12727.980000	-25.640041	-10.323461	5.143665	5.012952	12.143696	13.566768	9.295905	-13.582232	-30.367400	-53.089540	2.197440	0.899290	-0.409484	0.142700	-1.000000	-1.000000	-1.000000	-1.000000	-1.000000	-1.000000	-1.000000	83.241379	0.000000	-1.000000	-1.000000	907262.000000	1770063310.507970
8153.055000	14076.810000	21867.435000	16986.330000	-9512.595000	-6486.930000	1791.090000	12721.230000	-20.937846	-7.606360	1.272650	5.213667	20.945923	15.261184	1.502546	-17.965484	-30.367400	-53.089540	2.197440	0.899290	-0.409484	0.142700	-1.000000	-1.000000	-1.000000	-1.000000	-1.000000	-1.000000	-1.000000	83.241379	0.000000	-1.000000	-1.000000	907263.000000	1770063310.511870
8175.195000	14110.020000	21897.990000	17006.355000	-9474.120000	-6472.935000	1772.865000	12710.160000	-7.585246	9.416776	9.391529	14.158281	30.306441	19.502236	-0.685395	-18.622000	-30.367400	-53.089540	2.197440	0.899290	-0.409484	0.142700	-1.000000	-1.000000	-1.000000	-1.000000	-1.000000	-1.000000	-1.000000	83.241379	0.000000	-1.000000	-1.000000	907264.000000	1770063310.511881
8191.980000	14120.640000	21898.935000	17000.595000	-9479.070000	-6467.265000	1783.620000	12755.295000	3.031881	27.891613	21.059540	23.353741	32.951678	19.075710	-1.199043	-19.724810	-30.367400	-53.089540	2.197440	0.899290	-0.409484	0.142700	-1.000000	-1.000000	-1.000000	-1.000000	-1.000000	-1.000000	-1.000000	83.241379	0.000000	-1.000000	-1.000000	907265.000000	1770063310.518097
8254.215000	14110.560000	21871.530000	17005.005000	-9504.495000	-6442.740000	1846.305000	12861.765000	8.331682	32.775763	23.214667	22.389290	22.499120	9.288062	-3.013770	-15.413758	-30.367400	-53.089540	2.197440	0.899290	-0.409484	0.142700	-1.000000	-1.000000	-1.000000	-1.000000	-1.000000	-1.000000	-1.000000	83.241379	0.000000	-1.000000	-1.000000	907266.000000	1770063310.518108
8320.860000	14167.575000	21945.780000	17083.800000	-9464.805000	-6364.215000	1919.295000	12867.795000	14.645061	20.806111	11.587669	10.143155	0.969915	-5.306613	-3.023162	2.893951	-30.367400	-53.089540	2.197440	0.899290	-0.409484	0.142700	-1.000000	-1.000000	-1.000000	-1.000000	-1.000000	-1.000000	-1.000000	83.241379	0.000000	-1.000000	-1.000000	907267.000000	1770063310.519958
8164.755000	14128.650000	21951.135000	17061.930000	-9456.210000	-6346.395000	1863.270000	12702.690000	22.869790	1.763107	-4.460468	-4.628313	-21.140704	-15.042148	1.297748	26.216230	-30.367400	-53.089540	2.197440	0.899290	-0.409484	0.142700	-1.000000	-1.000000	-1.000000	-1.000000	-1.000000	-1.000000	-1.000000	83.241379	0.000000	-1.000000	-1.000000	907268.000000	1770063310.519969
8046.405000	14004.855000	21828.780000	16905.600000	-9587.655000	-6460.515000	1752.030000	12658.005000	19.570315	-16.095156	-15.985207	-16.703480	-35.283374	-17.435381	3.236746	31.333905	-30.367400	-53.089540	2.197440	0.899290	-0.409484	0.142700	-1.000000	-1.000000	-1.000000	-1.000000	-1.000000	-1.000000	-1.000000	83.241379	0.000000	-1.000000	-1.000000	907269.000000	1770063310.525236
8052.705000	13976.910000	21808.485000	16887.780000	-9604.215000	-6475.320000	1743.570000	12661.380000	-3.792138	-32.287542	-24.531099	-29.123271	-41.575330	-19.810472	-5.715932	10.212744	-30.367400	-53.089540	2.197440	0.899290	-0.409484	0.142700	-1.000000	-1.000000	-1.000000	-1.000000	-1.000000	-1.000000	-1.000000	83.241379	0.000000	-1.000000	-1.000000	907270.000000	1770063310.525246
8123.535000	14038.245000	21846.150000	16938.720000	-9551.970000	-6434.820000	1761.705000	12690.045000	-31.856611	-42.750840	-30.741568	-39.363974	-40.460968	-25.188179	-20.985039	-19.332750	-34.014540	-42.148120	5.371520	0.919126	-0.366332	0.127502	-1.000000	-1.000000	-1.000000	-1.000000	-1.000000	-1.000000	-1.000000	83.241379	0.000000	-1.000000	-1.000000	907271.000000	1770063310.527799
