Channel1	Channel2	Channel3	Channel4	Channel5	Channel6	Channel7	Channel8	FilteredChannel1	FilteredChannel2	FilteredChannel3	FilteredChannel4	FilteredChannel5	FilteredChannel6	FilteredChannel7	FilteredChannel8	GyroX	GyroY	GyroZ	AccX	AccY	AccZ	PPG1	PPG2	rawPPG1	rawPPG2	rawPPG3	Hr	Hrv	Battery	Trigger	PhysicalTrigger	AutoTrigger	NumMeasurements	Timestamp
-26740.080000	-45185.805000	2284.335000	2001.645000	6012.990000	5050.710000	2936.430000	1896.975000	-4.225614	0.146878	0.800163	0.441273	-1.662363	-3.374517	-3.209571	-7.698151	-4.394880	4.639040	-2.960440	0.901121	0.142822	0.390075	-1.000000	-1.000000	-1.000000	-1.000000	-1.000000	-1.000000	-1.000000	74.275862	0.000000	-1.000000	-1.000000	1458559.000000	1772660805.797438
-26739.810000	-45184.950000	2281.860000	1994.985000	6004.485000	5040.720000	2933.820000	1897.245000	-1.760295	1.469578	2.260171	2.510797	1.672057	0.650915	0.714308	-3.218776	-4.394880	4.639040	-2.960440	0.901121	0.142822	0.390075	-1.000000	-1.000000	-1.000000	-1.000000	-1.000000	-1.000000	-1.000000	74.275862	0.000000	-1.000000	-1.000000	1458560.000000	1772660805.797446
-26735.625000	-45186.885000	2276.370000	1985.670000	5995.035000	5037.075000	2942.055000	1906.605000	1.172630	2.672920	3.564013	4.186368	4.974268	4.957425	4.854034	2.183759	-3.586100	5.951400	-3.067260	0.900205	0.142761	0.389831	-1.000000	-1.000000	-1.000000	-1.000000	-1.000000	-1.000000	-1.000000	74.275862	0.000000	-1.000000	-1.000000	1458561.000000	1772660805.797454
-26688.105000	-45144.720000	2318.445000	2025.630000	6031.305000	5076.945000	2980.665000	1961.730000	4.845712	4.128234	4.600917	5.070691	7.058573	8.408815	8.900607	8.633788	-3.586100	5.951400	-3.067260	0.900205	0.142761	0.389831	-1.000000	-1.000000	-1.000000	-1.000000	-1.000000	-1.000000	-1.000000	74.275862	0.000000	-1.000000	-1.000000	1458562.000000	1772660805.797457
-26671.995000	-45122.130000	2343.600000	2051.730000	6057.405000	5094.900000	2984.265000	1960.920000	9.724373	6.626510	6.169190	6.092695	8.172306	10.714976	12.207577	15.713883	-3.586100	5.951400	-3.067260	0.900205	0.142761	0.389831	-1.000000	-1.000000	-1.000000	-1.000000	-1.000000	-1.000000	-1.000000	74.275862	0.000000	-1.000000	-1.000000	1458563.000000	1772660805.798648
-26742.600000	-45191.025000	2278.665000	1990.665000	6000.705000	5030.685000	2916.855000	1879.560000	12.056941	7.590548	6.417391	5.998401	7.228307	9.829186	11.455408	17.691557	-3.586100	5.951400	-3.067260	0.900205	0.142761	0.389831	-1.000000	-1.000000	-1.000000	-1.000000	-1.000000	-1.000000	-1.000000	74.275862	0.000000	-1.000000	-1.000000	1458564.000000	1772660805.798656
-26734.275000	-45191.835000	2276.010000	1988.415000	6001.380000	5043.060000	2940.480000	1909.935000	6.806066	2.686866	1.622869	1.524911	1.883608	3.287994	4.086476	9.401599	-3.586100	5.951400	-3.067260	0.900205	0.142761	0.389831	-1.000000	-1.000000	-1.000000	-1.000000	-1.000000	-1.000000	-1.000000	74.275862	0.000000	-1.000000	-1.000000	1458565.000000	1772660805.802557
-26722.755000	-45167.085000	2301.705000	2015.145000	6027.660000	5073.795000	2970.720000	1917.720000	-3.019417	-5.725809	-6.045894	-5.415820	-5.399822	-5.397169	-5.365788	-3.144786	-3.586100	5.951400	-3.067260	0.900205	0.142761	0.389831	-1.000000	-1.000000	-1.000000	-1.000000	-1.000000	-1.000000	-1.000000	74.275862	0.000000	-1.000000	-1.000000	1458566.000000	1772660805.802566
-26695.035000	-45141.255000	2329.110000	2044.170000	6056.460000	5096.115000	2973.285000	1945.485000	-9.183063	-9.990761	-9.520914	-8.426190	-8.497143	-9.222794	-9.759167	-9.973450	-3.586100	5.951400	-3.067260	0.900205	0.142761	0.389831	-1.000000	-1.000000	-1.000000	-1.000000	-1.000000	-1.000000	-1.000000	74.275862	0.000000	-1.000000	-1.000000	1458567.000000	1772660805.817088
-26728.965000	-45177.075000	2296.485000	2014.830000	6029.820000	5061.195000	2930.400000	1905.885000	-9.086412	-7.604095	-6.556865	-5.535574	-5.769025	-6.721701	-8.582529	-10.072247	-3.586100	5.951400	-3.067260	0.900205	0.142761	0.389831	-1.000000	-1.000000	-1.000000	-1.000000	-1.000000	-1.000000	-1.000000	74.275862	0.000000	-1.000000	-1.000000	1458568.000000	1772660805.817098
-26741.115000	-45191.295000	2280.330000	1997.370000	6010.020000	5045.310000	2933.505000	1898.595000	-6.770810	-3.297185	-1.871714	-1.160485	-1.514692	-2.615479	-6.389493	-8.945171	-3.586100	5.951400	-3.067260	0.900205	0.142761	0.389831	-1.000000	-1.000000	-1.000000	-1.000000	-1.000000	-1.000000	-1.000000	74.275862	0.000000	-1.000000	-1.000000	1458569.000000	1772660805.817108
-26697.600000	-45149.985000	2318.445000	2030.895000	6041.610000	5080.500000	2975.085000	1954.935000	-5.291294	-1.107114	0.286010	0.688314	0.339018	-0.772197	-5.025422	-8.795576	-3.586100	5.951400	-3.067260	0.900205	0.142761	0.389831	-1.000000	-1.000000	-1.000000	-1.000000	-1.000000	-1.000000	-1.000000	74.275862	0.000000	-1.000000	-1.000000	1458570.000000	1772660805.817111
-26739.630000	-45193.050000	2268.990000	1977.885000	5989.995000	5036.130000	2946.375000	1897.830000	-4.205036	-0.930221	-0.393471	-0.495379	-0.864747	-1.525249	-3.184752	-7.681514	-1.373400	5.569900	-2.197440	0.899412	0.141174	0.391112	-1.000000	-1.000000	-1.000000	-1.000000	-1.000000	-1.000000	-1.000000	74.275862	0.000000	-1.000000	-1.000000	1458571.000000	1772660805.817116
-26773.515000	-45224.190000	2238.120000	1948.635000	5961.960000	5007.600000	2917.620000	1857.420000	-3.719903	-2.556616	-3.706737	-4.642389	-5.066758	-4.568754	-1.114979	-5.764825	-1.373400	5.569900	-2.197440	0.899412	0.141174	0.391112	-1.000000	-1.000000	-1.000000	-1.000000	-1.000000	-1.000000	-1.000000	74.275862	0.000000	-1.000000	-1.000000	1458572.000000	1772660805.817119
-26751.780000	-45198.315000	2266.605000	1979.730000	5990.850000	5030.145000	2926.305000	1876.950000	-3.282295	-4.386099	-7.200026	-8.909732	-9.388785	-7.462130	0.645855	-3.528725	-1.373400	5.569900	-2.197440	0.899412	0.141174	0.391112	-1.000000	-1.000000	-1.000000	-1.000000	-1.000000	-1.000000	-1.000000	74.275862	0.000000	-1.000000	-1.000000	1458573.000000	1772660805.832142
-26725.590000	-45177.975000	2288.295000	2000.385000	6010.560000	5048.280000	2943.855000	1918.530000	0.808885	-1.671466	-4.895174	-6.756897	-7.411177	-5.184042	3.317314	2.029709	-1.373400	5.569900	-2.197440	0.899412	0.141174	0.391112	-1.000000	-1.000000	-1.000000	-1.000000	-1.000000	-1.000000	-1.000000	74.275862	0.000000	-1.000000	-1.000000	1458574.000000	1772660805.832152
-26708.715000	-45155.970000	2307.330000	2013.165000	6017.175000	5051.295000	2948.940000	1928.475000	9.326613	6.526866	4.566400	3.204964	2.218192	2.742926	6.540947	11.556462	-1.373400	5.569900	-2.197440	0.899412	0.141174	0.391112	-1.000000	-1.000000	-1.000000	-1.000000	-1.000000	-1.000000	-1.000000	74.275862	0.000000	-1.000000	-1.000000	1458575.000000	1772660805.832164
-26740.395000	-45169.695000	2300.940000	2010.645000	6013.890000	5045.085000	2936.115000	1880.145000	16.391128	14.342454	14.582517	13.912022	12.627306	10.549505	7.910732	18.705647	-1.373400	5.569900	-2.197440	0.899412	0.141174	0.391112	-1.000000	-1.000000	-1.000000	-1.000000	-1.000000	-1.000000	-1.000000	74.275862	0.000000	-1.000000	-1.000000	1458576.000000	1772660805.832168
-26732.880000	-45176.265000	2290.365000	1999.035000	6004.440000	5041.800000	2948.310000	1905.930000	15.782888	15.705213	17.983912	17.973018	16.819806	13.416417	6.702223	16.877714	-1.373400	5.569900	-2.197440	0.899412	0.141174	0.391112	-1.000000	-1.000000	-1.000000	-1.000000	-1.000000	-1.000000	-1.000000	74.275862	0.000000	-1.000000	-1.000000	1458577.000000	1772660805.832173
-26727.525000	-45161.370000	2304.495000	2015.730000	6024.960000	5062.320000	2954.115000	1902.195000	7.646663	9.789538	13.065037	13.840196	13.659928	11.282584	4.148226	7.102619	-1.373400	5.569900	-2.197440	0.899412	0.141174	0.391112	-1.000000	-1.000000	-1.000000	-1.000000	-1.000000	-1.000000	-1.000000	74.275862	0.000000	-1.000000	-1.000000	1458578.000000	1772660805.832176
-26736.255000	-45164.835000	2302.110000	2013.480000	6025.500000	5063.940000	2944.125000	1887.795000	-3.386581	-0.075226	2.858593	4.620142	6.175404	6.172986	0.501225	-5.069627	-1.373400	5.569900	-2.197440	0.899412	0.141174	0.391112	-1.000000	-1.000000	-1.000000	-1.000000	-1.000000	-1.000000	-1.000000	74.275862	0.000000	-1.000000	-1.000000	1458579.000000	1772660805.832180
-26743.230000	-45182.610000	2284.605000	1996.785000	6013.350000	5055.795000	2937.150000	1877.805000	-12.235025	-9.318668	-7.601974	-4.982819	-1.726999	0.223391	-4.105056	-14.254233	-1.373400	5.569900	-2.197440	0.899412	0.141174	0.391112	-1.000000	-1.000000	-1.000000	-1.000000	-1.000000	-1.000000	-1.000000	74.275862	0.000000	-1.000000	-1.000000	1458580.000000	1772660805.832184
-26741.160000	-45189.945000	2276.280000	1988.280000	6009.255000	5050.485000	2939.220000	1888.875000	-14.520702	-13.861002	-13.606412	-10.917099	-6.966932	-4.282309	-7.043337	-15.479722	-3.540320	5.279960	-2.121140	0.898191	0.144775	0.388915	-1.000000	-1.000000	-1.000000	-1.000000	-1.000000	-1.000000	-1.000000	74.275862	0.000000	-1.000000	-1.000000	1458581.000000	1772660805.847152
-26736.120000	-45192.330000	2272.635000	1984.545000	6004.080000	5042.295000	2936.070000	1909.710000	-9.464716	-12.486832	-13.626293	-12.065706	-8.894492	-6.563371	-6.057764	-7.841423	-3.540320	5.279960	-2.121140	0.898191	0.144775	0.388915	-1.000000	-1.000000	-1.000000	-1.000000	-1.000000	-1.000000	-1.000000	74.275862	0.000000	-1.000000	-1.000000	1458582.000000	1772660805.847162
-26721.405000	-45183.960000	2280.915000	1992.420000	6009.795000	5047.605000	2946.420000	1929.330000	-1.363751	-7.691528	-9.894359	-10.243965	-9.118660	-7.955548	-2.784282	3.063062	-3.540320	5.279960	-2.121140	0.898191	0.144775	0.388915	-1.000000	-1.000000	-1.000000	-1.000000	-1.000000	-1.000000	-1.000000	74.275862	0.000000	-1.000000	-1.000000	1458583.000000	1772660805.847174
-26719.965000	-45174.780000	2293.560000	2008.530000	6024.060000	5059.350000	2955.420000	1926.900000	4.595564	-2.671342	-5.193918	-7.163873	-8.565293	-8.896664	0.009304	10.210382	-3.540320	5.279960	-2.121140	0.898191	0.144775	0.388915	-1.000000	-1.000000	-1.000000	-1.000000	-1.000000	-1.000000	-1.000000	74.275862	0.000000	-1.000000	-1.000000	1458584.000000	1772660805.847178
-26725.320000	-45166.320000	2300.670000	2012.670000	6023.520000	5057.145000	2959.830000	1915.785000	6.554744	1.736815	-0.185849	-2.695650	-6.134958	-7.573323	1.917594	10.741689	-3.540320	5.279960	-2.121140	0.898191	0.144775	0.388915	-1.000000	-1.000000	-1.000000	-1.000000	-1.000000	-1.000000	-1.000000	74.275862	0.000000	-1.000000	-1.000000	1458585.000000	1772660805.849589
-26676.765000	-45119.970000	2344.185000	2052.810000	6060.600000	5091.030000	2987.325000	1965.420000	6.031721	6.582599	5.827589	3.724760	-0.702963	-2.575071	3.682751	6.403537	-3.540320	5.279960	-2.121140	0.898191	0.144775	0.388915	-1.000000	-1.000000	-1.000000	-1.000000	-1.000000	-1.000000	-1.000000	74.275862	0.000000	-1.000000	-1.000000	1458586.000000	1772660805.849599
-26582.535000	-45042.660000	2417.085000	2122.515000	6127.155000	5151.735000	3036.960000	2078.370000	6.404132	12.523555	12.878886	11.490833	7.199117	5.251437	5.589606	2.411521	-3.540320	5.279960	-2.121140	0.898191	0.144775	0.388915	-1.000000	-1.000000	-1.000000	-1.000000	-1.000000	-1.000000	-1.000000	74.275862	0.000000	-1.000000	-1.000000	1458587.000000	1772660805.850176
-26632.755000	-45110.520000	2345.085000	2049.345000	6058.485000	5091.885000	2992.230000	2035.305000	9.243914	17.265798	18.132560	17.358237	14.239071	12.394665	6.956805	3.392154	-3.540320	5.279960	-2.121140	0.898191	0.144775	0.388915	-1.000000	-1.000000	-1.000000	-1.000000	-1.000000	-1.000000	-1.000000	74.275862	0.000000	-1.000000	-1.000000	1458588.000000	1772660805.850183
-26739.405000	-45197.415000	2263.680000	1970.370000	5989.320000	5037.480000	2954.340000	1899.720000	9.097753	14.374617	15.100289	14.863532	13.870310	12.884808	5.095278	4.884834	-3.540320	5.279960	-2.121140	0.898191	0.144775	0.388915	-1.000000	-1.000000	-1.000000	-1.000000	-1.000000	-1.000000	-1.000000	74.275862	0.000000	-1.000000	-1.000000	1458589.000000	1772660805.850786
-26803.440000	-45237.915000	2232.675000	1943.460000	5961.870000	4997.835000	2897.370000	1808.865000	-2.058530	-0.556266	0.047004	0.498529	2.212637	3.223969	-2.577251	-4.267814	-3.540320	5.279960	-2.121140	0.898191	0.144775	0.388915	-1.000000	-1.000000	-1.000000	-1.000000	-1.000000	-1.000000	-1.000000	74.275862	0.000000	-1.000000	-1.000000	1458590.000000	1772660805.850794
-26786.880000	-45214.155000	2263.320000	1977.345000	5994.540000	5017.185000	2889.405000	1823.580000	-21.997544	-21.237450	-19.989737	-18.602156	-14.595524	-11.771795	-14.217947	-25.253248	-5.371520	5.035800	-0.900340	0.897947	0.148742	0.387633	-1.000000	-1.000000	-1.000000	-1.000000	-1.000000	-1.000000	-1.000000	74.275862	0.000000	-1.000000	-1.000000	1458591.000000	1772660805.854713
-26785.980000	-45219.690000	2255.085000	1967.985000	5986.710000	5018.760000	2905.470000	1831.905000	-36.693430	-33.895436	-31.506924	-29.240886	-24.395648	-21.637302	-22.800299	-42.833244	-5.371520	5.035800	-0.900340	0.897947	0.148742	0.387633	-1.000000	-1.000000	-1.000000	-1.000000	-1.000000	-1.000000	-1.000000	74.275862	0.000000	-1.000000	-1.000000	1458592.000000	1772660805.854720
-26767.350000	-45223.020000	2241.855000	1950.255000	5968.035000	5010.120000	2925.765000	1873.620000	-33.309720	-29.829234	-27.224779	-24.838650	-20.833647	-19.490121	-20.702454	-39.358786	-5.371520	5.035800	-0.900340	0.897947	0.148742	0.387633	-1.000000	-1.000000	-1.000000	-1.000000	-1.000000	-1.000000	-1.000000	74.275862	0.000000	-1.000000	-1.000000	1458593.000000	1772660805.858585
-26757.630000	-45211.455000	2257.155000	1966.050000	5982.075000	5014.080000	2920.860000	1878.255000	-11.311189	-11.639045	-10.725964	-9.384355	-7.357881	-7.094423	-6.823433	-11.648931	-5.371520	5.035800	-0.900340	0.897947	0.148742	0.387633	-1.000000	-1.000000	-1.000000	-1.000000	-1.000000	-1.000000	-1.000000	74.275862	0.000000	-1.000000	-1.000000	1458594.000000	1772660805.858592
-26748.540000	-45187.650000	2287.845000	1999.350000	6016.860000	5041.980000	2928.105000	1874.115000	16.757497	10.221846	8.600917	8.349084	8.105898	7.858702	10.897856	24.472224	-5.371520	5.035800	-0.900340	0.897947	0.148742	0.387633	-1.000000	-1.000000	-1.000000	-1.000000	-1.000000	-1.000000	-1.000000	74.275862	0.000000	-1.000000	-1.000000	1458595.000000	1772660805.862525
-26743.185000	-45186.210000	2285.730000	1992.645000	6012.135000	5050.710000	2962.575000	1896.795000	34.529908	24.827064	21.870804	20.526711	18.558397	17.804992	22.527559	46.698848	-5.371520	5.035800	-0.900340	0.897947	0.148742	0.387633	-1.000000	-1.000000	-1.000000	-1.000000	-1.000000	-1.000000	-1.000000	74.275862	0.000000	-1.000000	-1.000000	1458596.000000	1772660805.862533
-26725.365000	-45180.945000	2284.380000	1985.985000	6002.910000	5041.935000	2965.905000	1921.500000	35.903480	28.664927	26.152705	24.496243	21.672819	20.504090	25.139368	46.766532	-5.371520	5.035800	-0.900340	0.897947	0.148742	0.387633	-1.000000	-1.000000	-1.000000	-1.000000	-1.000000	-1.000000	-1.000000	74.275862	0.000000	-1.000000	-1.000000	1458597.000000	1772660805.866565
-26719.650000	-45175.725000	2294.190000	1999.170000	6017.085000	5047.830000	2936.565000	1919.295000	28.145551	26.248975	24.851067	23.229536	20.109264	18.656338	21.563761	34.531276	-5.371520	5.035800	-0.900340	0.897947	0.148742	0.387633	-1.000000	-1.000000	-1.000000	-1.000000	-1.000000	-1.000000	-1.000000	74.275862	0.000000	-1.000000	-1.000000	1458598.000000	1772660805.866572
-26719.065000	-45179.550000	2287.530000	1993.860000	6015.015000	5048.820000	2940.390000	1924.335000	19.552422	21.428878	20.674746	19.227340	16.265746	14.644414	14.114181	21.465720	-5.371520	5.035800	-0.900340	0.897947	0.148742	0.387633	-1.000000	-1.000000	-1.000000	-1.000000	-1.000000	-1.000000	-1.000000	74.275862	0.000000	-1.000000	-1.000000	1458599.000000	1772660805.870636
-26746.335000	-45194.760000	2272.860000	1978.785000	5999.085000	5033.160000	2932.740000	1888.650000	9.926159	12.462095	11.666532	10.684261	8.726417	7.664930	3.810378	8.379157	-5.371520	5.035800	-0.900340	0.897947	0.148742	0.387633	-1.000000	-1.000000	-1.000000	-1.000000	-1.000000	-1.000000	-1.000000	74.275862	0.000000	-1.000000	-1.000000	1458600.000000	1772660805.870644
-26745.120000	-45190.530000	2278.935000	1985.760000	6002.505000	5037.120000	2943.405000	1891.710000	-4.320677	-2.273290	-3.133758	-3.293587	-3.489053	-3.204298	-7.821933	-8.928246	-3.662400	4.486440	-0.167860	0.896360	0.148376	0.388549	-1.000000	-1.000000	-1.000000	-1.000000	-1.000000	-1.000000	-1.000000	74.620690	0.000000	-1.000000	-1.000000	1458601.000000	1772660805.874776
-26727.885000	-45179.415000	2288.340000	1995.615000	6010.695000	5044.005000	2950.110000	1910.295000	-20.849095	-18.239768	-18.348643	-17.460082	-15.976455	-14.636966	-17.725331	-28.353645	-3.662400	4.486440	-0.167860	0.896360	0.148376	0.388549	-1.000000	-1.000000	-1.000000	-1.000000	-1.000000	-1.000000	-1.000000	74.620690	0.000000	-1.000000	-1.000000	1458602.000000	1772660805.874784
-26713.890000	-45171.315000	2297.655000	2004.885000	6020.730000	5053.005000	2954.610000	1931.220000	-31.886868	-28.089763	-26.723022	-24.905435	-22.548531	-21.091185	-22.098681	-40.784060	-3.662400	4.486440	-0.167860	0.896360	0.148376	0.388549	-1.000000	-1.000000	-1.000000	-1.000000	-1.000000	-1.000000	-1.000000	74.620690	0.000000	-1.000000	-1.000000	1458603.000000	1772660805.879708
-26714.880000	-45168.840000	2303.280000	2011.635000	6028.425000	5062.410000	2960.055000	1929.060000	-32.183043	-28.496812	-25.910744	-23.743186	-21.431420	-20.386297	-19.545521	-39.390720	-3.662400	4.486440	-0.167860	0.896360	0.148376	0.388549	-1.000000	-1.000000	-1.000000	-1.000000	-1.000000	-1.000000	-1.000000	74.620690	0.000000	-1.000000	-1.000000	1458604.000000	1772660805.879715
-26752.725000	-45194.940000	2279.205000	1987.155000	6004.170000	5042.070000	2939.985000	1874.745000	-23.023640	-20.937680	-17.999524	-16.190556	-14.594473	-14.133161	-12.364241	-26.315900	-3.662400	4.486440	-0.167860	0.896360	0.148376	0.388549	-1.000000	-1.000000	-1.000000	-1.000000	-1.000000	-1.000000	-1.000000	74.620690	0.000000	-1.000000	-1.000000	1458605.000000	1772660805.894050
-26733.600000	-45181.665000	2292.885000	1998.225000	6012.855000	5044.500000	2938.140000	1893.780000	-9.081653	-8.460438	-5.937581	-4.965363	-4.450134	-4.816107	-3.807003	-8.873666	-3.662400	4.486440	-0.167860	0.896360	0.148376	0.388549	-1.000000	-1.000000	-1.000000	-1.000000	-1.000000	-1.000000	-1.000000	74.620690	0.000000	-1.000000	-1.000000	1458606.000000	1772660805.894060
-26682.255000	-45135.045000	2337.840000	2043.360000	6056.910000	5086.035000	2975.130000	1955.610000	6.394126	6.201097	7.612988	7.428534	6.785008	5.543418	5.160079	8.809022	-3.662400	4.486440	-0.167860	0.896360	0.148376	0.388549	-1.000000	-1.000000	-1.000000	-1.000000	-1.000000	-1.000000	-1.000000	74.620690	0.000000	-1.000000	-1.000000	1458607.000000	1772660805.894072
-26723.385000	-45169.245000	2302.560000	2012.175000	6029.730000	5063.175000	2956.950000	1901.250000	20.484388	19.289666	18.922178	17.508973	16.036615	14.507747	14.096544	24.592807	-3.662400	4.486440	-0.167860	0.896360	0.148376	0.388549	-1.000000	-1.000000	-1.000000	-1.000000	-1.000000	-1.000000	-1.000000	74.620690	0.000000	-1.000000	-1.000000	1458608.000000	1772660805.894076
-26741.565000	-45196.290000	2268.945000	1978.965000	5999.175000	5034.645000	2934.360000	1889.865000	27.215454	24.570151	22.230011	20.126577	18.690414	17.853827	18.952642	32.378762	-3.662400	4.486440	-0.167860	0.896360	0.148376	0.388549	-1.000000	-1.000000	-1.000000	-1.000000	-1.000000	-1.000000	-1.000000	74.620690	0.000000	-1.000000	-1.000000	1458609.000000	1772660805.894080
-26691.795000	-45145.170000	2320.065000	2029.995000	6044.940000	5069.520000	2950.290000	1939.995000	22.630185	18.709758	15.002453	13.166245	12.733004	13.011765	15.228625	27.493839	-3.662400	4.486440	-0.167860	0.896360	0.148376	0.388549	-1.000000	-1.000000	-1.000000	-1.000000	-1.000000	-1.000000	-1.000000	74.620690	0.000000	-1.000000	-1.000000	1458610.000000	1772660805.894083
-26735.355000	-45177.570000	2294.730000	2006.145000	6020.415000	5045.220000	2931.930000	1883.160000	9.758821	5.926734	2.273939	1.436349	2.245108	3.028937	4.284431	12.733427	-1.007160	3.265640	-0.885080	0.897215	0.145446	0.390319	-1.000000	-1.000000	-1.000000	-1.000000	-1.000000	-1.000000	-1.000000	74.620690	0.000000	-1.000000	-1.000000	1458611.000000	1772660805.909054
-26748.990000	-45190.260000	2278.170000	1985.085000	5998.590000	5032.080000	2940.210000	1879.110000	-5.924547	-7.501546	-9.454798	-9.212851	-7.846840	-7.246972	-7.811946	-5.959584	-1.007160	3.265640	-0.885080	0.897215	0.145446	0.390319	-1.000000	-1.000000	-1.000000	-1.000000	-1.000000	-1.000000	-1.000000	74.620690	0.000000	-1.000000	-1.000000	1458612.000000	1772660805.909063
-26734.860000	-45180.000000	2288.475000	1992.735000	6010.155000	5048.010000	2953.845000	1903.725000	-18.678452	-16.960773	-16.522072	-15.784529	-14.801889	-14.263691	-14.876841	-21.166884	-1.007160	3.265640	-0.885080	0.897215	0.145446	0.390319	-1.000000	-1.000000	-1.000000	-1.000000	-1.000000	-1.000000	-1.000000	74.620690	0.000000	-1.000000	-1.000000	1458613.000000	1772660805.909074
-26683.650000	-45138.240000	2327.850000	2030.580000	6047.595000	5081.085000	2978.955000	1973.970000	-21.135246	-17.530567	-15.372553	-14.890968	-14.748320	-13.952927	-12.986091	-23.393444	-1.007160	3.265640	-0.885080	0.897215	0.145446	0.390319	-1.000000	-1.000000	-1.000000	-1.000000	-1.000000	-1.000000	-1.000000	74.620690	0.000000	-1.000000	-1.000000	1458614.000000	1772660805.909078
-26736.525000	-45181.170000	2286.810000	1992.555000	6009.390000	5040.045000	2936.430000	1899.810000	-11.246059	-8.322125	-5.767337	-5.800544	-6.324699	-5.472676	-3.549872	-10.623732	-1.007160	3.265640	-0.885080	0.897215	0.145446	0.390319	-1.000000	-1.000000	-1.000000	-1.000000	-1.000000	-1.000000	-1.000000	74.620690	0.000000	-1.000000	-1.000000	1458615.000000	1772660805.909083
-26764.110000	-45205.245000	2265.480000	1972.890000	5989.635000	5023.395000	2926.845000	1868.670000	1.907914	2.846440	4.768329	4.562351	3.797830	4.303371	5.756164	4.917568	-1.007160	3.265640	-0.885080	0.897215	0.145446	0.390319	-1.000000	-1.000000	-1.000000	-1.000000	-1.000000	-1.000000	-1.000000	74.620690	0.000000	-1.000000	-1.000000	1458616.000000	1772660805.909086
-26736.570000	-45187.110000	2281.095000	1985.355000	5997.915000	5028.885000	2938.275000	1894.185000	8.753366	8.075016	9.098473	9.126066	8.343767	8.268880	8.570329	10.967232	-1.007160	3.265640	-0.885080	0.897215	0.145446	0.390319	-1.000000	-1.000000	-1.000000	-1.000000	-1.000000	-1.000000	-1.000000	74.620690	0.000000	-1.000000	-1.000000	1458617.000000	1772660805.909091
-26729.820000	-45182.160000	2285.910000	1992.735000	6006.690000	5036.805000	2947.005000	1902.150000	9.364097	7.800328	8.197710	8.495172	7.662462	6.915356	6.068327	8.293529	-1.007160	3.265640	-0.885080	0.897215	0.145446	0.390319	-1.000000	-1.000000	-1.000000	-1.000000	-1.000000	-1.000000	-1.000000	74.620690	0.000000	-1.000000	-1.000000	1458618.000000	1772660805.909094
-26724.195000	-45177.390000	2289.600000	1996.695000	6013.035000	5046.120000	2958.120000	1919.430000	7.389303	5.510035	5.562807	5.979669	5.298874	4.172481	2.626139	3.247236	-1.007160	3.265640	-0.885080	0.897215	0.145446	0.390319	-1.000000	-1.000000	-1.000000	-1.000000	-1.000000	-1.000000	-1.000000	74.620690	0.000000	-1.000000	-1.000000	1458619.000000	1772660805.921815
-26732.970000	-45179.955000	2289.285000	1996.200000	6013.215000	5044.680000	2949.345000	1909.080000	4.441178	2.810856	2.507515	2.967701	3.013812	2.218711	0.479239	-0.186833	-1.007160	3.265640	-0.885080	0.897215	0.145446	0.390319	-1.000000	-1.000000	-1.000000	-1.000000	-1.000000	-1.000000	-1.000000	74.620690	0.000000	-1.000000	-1.000000	1458620.000000	1772660805.921825
-26729.145000	-45182.925000	2286.270000	1993.905000	6011.640000	5040.360000	2938.365000	1915.965000	1.595453	0.696753	-0.047355	0.461084	1.519918	1.317447	-0.898893	-0.814407	-2.517900	3.525060	-0.671440	0.900632	0.145080	0.389953	-1.000000	-1.000000	-1.000000	-1.000000	-1.000000	-1.000000	-1.000000	74.620690	0.000000	-1.000000	-1.000000	1458621.000000	1772660805.921835
-26727.030000	-45184.320000	2283.660000	1992.150000	6012.720000	5047.155000	2945.655000	1918.215000	-0.686891	-0.655613	-1.654418	-1.030496	0.592545	0.450346	-2.898515	-0.337737	-2.517900	3.525060	-0.671440	0.900632	0.145080	0.389953	-1.000000	-1.000000	-1.000000	-1.000000	-1.000000	-1.000000	-1.000000	74.620690	0.000000	-1.000000	-1.000000	1458622.000000	1772660805.921839
-26728.470000	-45184.365000	2286.900000	1997.280000	6017.985000	5049.855000	2939.895000	1909.170000	-2.858276	-1.996631	-2.858998	-2.105040	-0.721616	-1.135098	-5.054066	-1.269933	-2.517900	3.525060	-0.671440	0.900632	0.145080	0.389953	-1.000000	-1.000000	-1.000000	-1.000000	-1.000000	-1.000000	-1.000000	74.620690	0.000000	-1.000000	-1.000000	1458623.000000	1772660805.930348
-26706.150000	-45154.080000	2321.775000	2032.560000	6049.440000	5075.145000	2959.560000	1930.860000	-4.063952	-2.592450	-2.939726	-2.295454	-1.783716	-2.138506	-4.859287	-2.918189	-2.517900	3.525060	-0.671440	0.900632	0.145080	0.389953	-1.000000	-1.000000	-1.000000	-1.000000	-1.000000	-1.000000	-1.000000	74.620690	0.000000	-1.000000	-1.000000	1458624.000000	1772660805.930359
-26708.895000	-45137.025000	2340.270000	2048.085000	6064.425000	5099.895000	2999.745000	1939.365000	-2.150542	-0.078131	0.296118	0.340361	-0.292817	-0.211802	-0.268226	-1.621570	-2.517900	3.525060	-0.671440	0.900632	0.145080	0.389953	-1.000000	-1.000000	-1.000000	-1.000000	-1.000000	-1.000000	-1.000000	74.620690	0.000000	-1.000000	-1.000000	1458625.000000	1772660805.930645
-26748.810000	-45176.670000	2295.045000	2000.295000	6016.455000	5050.845000	2960.190000	1894.185000	1.503462	4.578139	5.504206	4.531765	2.978912	3.696718	6.785061	2.480982	-2.517900	3.525060	-0.671440	0.900632	0.145080	0.389953	-1.000000	-1.000000	-1.000000	-1.000000	-1.000000	-1.000000	-1.000000	74.620690	0.000000	-1.000000	-1.000000	1458626.000000	1772660805.930653
-26717.265000	-45163.665000	2307.780000	2016.630000	6032.925000	5052.105000	2940.345000	1941.300000	2.104422	5.886995	6.758346	4.859320	3.103240	4.281254	9.739326	4.148389	-2.517900	3.525060	-0.671440	0.900632	0.145080	0.389953	-1.000000	-1.000000	-1.000000	-1.000000	-1.000000	-1.000000	-1.000000	74.620690	0.000000	-1.000000	-1.000000	1458627.000000	1772660805.930662
-26722.440000	-45179.640000	2287.395000	1993.905000	6010.920000	5040.585000	2942.100000	1910.745000	-1.181271	1.028837	1.100716	-1.012483	-2.187884	-1.344786	4.312088	1.096785	-2.517900	3.525060	-0.671440	0.900632	0.145080	0.389953	-1.000000	-1.000000	-1.000000	-1.000000	-1.000000	-1.000000	-1.000000	74.620690	0.000000	-1.000000	-1.000000	1458628.000000	1772660805.930667
-26745.030000	-45206.145000	2259.720000	1965.285000	5984.190000	5018.220000	2924.865000	1877.445000	-4.652411	-6.853643	-8.000179	-9.431769	-9.605377	-9.587169	-5.786584	-4.257473	-2.517900	3.525060	-0.671440	0.900632	0.145080	0.389953	-1.000000	-1.000000	-1.000000	-1.000000	-1.000000	-1.000000	-1.000000	74.620690	0.000000	-1.000000	-1.000000	1458629.000000	1772660805.934298
-26748.945000	-45204.255000	2266.695000	1972.980000	5991.120000	5020.470000	2915.235000	1873.305000	-5.993182	-12.808578	-14.815939	-15.033711	-14.295427	-14.714851	-13.383846	-9.313528	-2.517900	3.525060	-0.671440	0.900632	0.145080	0.389953	-1.000000	-1.000000	-1.000000	-1.000000	-1.000000	-1.000000	-1.000000	74.620690	0.000000	-1.000000	-1.000000	1458630.000000	1772660805.934305
-26683.245000	-45142.605000	2328.615000	2034.180000	6050.160000	5077.305000	2959.560000	1957.005000	-4.408524	-12.482323	-14.187509	-13.218087	-12.138785	-12.614511	-13.695936	-10.547627	-3.479280	4.028640	-0.518840	0.903318	0.144348	0.390868	-1.000000	-1.000000	-1.000000	-1.000000	-1.000000	-1.000000	-1.000000	74.620690	0.000000	-1.000000	-1.000000	1458631.000000	1772660805.934678
-26663.040000	-45117.360000	2353.545000	2059.110000	6072.525000	5100.795000	2982.195000	1980.495000	1.380885	-3.645537	-3.978963	-2.358306	-1.669329	-2.171432	-5.401010	-3.547843	-3.479280	4.028640	-0.518840	0.903318	0.144348	0.390868	-1.000000	-1.000000	-1.000000	-1.000000	-1.000000	-1.000000	-1.000000	74.620690	0.000000	-1.000000	-1.000000	1458632.000000	1772660805.934685
-26748.000000	-45201.690000	2268.945000	1975.770000	5989.140000	5017.095000	2914.695000	1872.405000	8.634803	8.705238	9.761638	11.291162	11.244430	10.869522	6.728776	8.656003	-3.479280	4.028640	-0.518840	0.903318	0.144348	0.390868	-1.000000	-1.000000	-1.000000	-1.000000	-1.000000	-1.000000	-1.000000	74.620690	0.000000	-1.000000	-1.000000	1458633.000000	1772660805.938819
-26774.865000	-45218.745000	2255.580000	1965.555000	5980.770000	5008.860000	2911.455000	1847.565000	9.659703	13.793647	15.462591	16.501252	16.024476	15.917176	12.827490	14.312301	-3.479280	4.028640	-0.518840	0.903318	0.144348	0.390868	-1.000000	-1.000000	-1.000000	-1.000000	-1.000000	-1.000000	-1.000000	74.620690	0.000000	-1.000000	-1.000000	1458634.000000	1772660805.938827
-26766.180000	-45212.220000	2262.870000	1975.320000	5993.280000	5029.110000	2937.780000	1872.000000	1.816678	7.583904	9.256137	9.952511	9.735678	9.949032	9.263650	7.697299	-3.479280	4.028640	-0.518840	0.903318	0.144348	0.390868	-1.000000	-1.000000	-1.000000	-1.000000	-1.000000	-1.000000	-1.000000	74.620690	0.000000	-1.000000	-1.000000	1458635.000000	1772660805.955075
-26742.690000	-45191.565000	2283.795000	1995.705000	6011.415000	5042.880000	2944.890000	1895.895000	-8.117229	-2.613061	-1.108149	-0.519612	-0.003493	0.846977	2.689941	-3.775100	-3.479280	4.028640	-0.518840	0.903318	0.144348	0.390868	-1.000000	-1.000000	-1.000000	-1.000000	-1.000000	-1.000000	-1.000000	74.620690	0.000000	-1.000000	-1.000000	1458636.000000	1772660805.955087
-26719.200000	-45172.395000	2299.320000	2006.055000	6020.145000	5050.710000	2952.135000	1925.460000	-11.405907	-7.211622	-6.052776	-5.735247	-4.718687	-3.278721	-0.167584	-9.056476	-3.479280	4.028640	-0.518840	0.903318	0.144348	0.390868	-1.000000	-1.000000	-1.000000	-1.000000	-1.000000	-1.000000	-1.000000	74.620690	0.000000	-1.000000	-1.000000	1458637.000000	1772660805.955099
-26728.695000	-45181.125000	2287.800000	1993.050000	6008.805000	5041.845000	2947.860000	1913.670000	-4.978739	-2.830696	-2.475958	-2.888916	-2.128772	-1.070100	1.206121	-3.577484	-3.479280	4.028640	-0.518840	0.903318	0.144348	0.390868	-1.000000	-1.000000	-1.000000	-1.000000	-1.000000	-1.000000	-1.000000	74.620690	0.000000	-1.000000	-1.000000	1458638.000000	1772660805.955103
-26732.880000	-45185.490000	2284.785000	1989.360000	6005.520000	5038.245000	2945.295000	1910.070000	5.813395	5.481599	4.560698	3.173701	3.130908	2.927280	3.294255	6.816482	-3.479280	4.028640	-0.518840	0.903318	0.144348	0.390868	-1.000000	-1.000000	-1.000000	-1.000000	-1.000000	-1.000000	-1.000000	74.620690	0.000000	-1.000000	-1.000000	1458639.000000	1772660805.955107
-26684.010000	-45142.515000	2327.760000	2032.740000	6047.865000	5076.990000	2974.995000	1969.110000	12.103461	9.464331	7.343768	5.331360	4.594137	3.228801	2.428468	11.877193	-3.479280	4.028640	-0.518840	0.903318	0.144348	0.390868	-1.000000	-1.000000	-1.000000	-1.000000	-1.000000	-1.000000	-1.000000	74.620690	0.000000	-1.000000	-1.000000	1458640.000000	1772660805.955111
-26743.590000	-45194.490000	2277.945000	1984.635000	6002.865000	5037.120000	2940.705000	1885.320000	10.024992	5.857581	3.360604	1.543340	0.717057	-1.007793	-1.860110	7.527846	-3.662400	4.165980	-0.473060	0.902708	0.142151	0.391112	-1.000000	-1.000000	-1.000000	-1.000000	-1.000000	-1.000000	-1.000000	74.620690	0.000000	-1.000000	-1.000000	1458641.000000	1772660805.955115
-26751.645000	-45205.470000	2264.715000	1970.145000	5984.550000	5010.750000	2913.615000	1874.295000	2.594660	-1.952199	-3.753238	-4.594512	-4.918222	-6.200987	-7.036826	-2.230783	-3.662400	4.165980	-0.473060	0.902708	0.142151	0.391112	-1.000000	-1.000000	-1.000000	-1.000000	-1.000000	-1.000000	-1.000000	74.620690	0.000000	-1.000000	-1.000000	1458642.000000	1772660805.955119
-26737.965000	-45185.130000	2286.675000	1993.905000	6008.040000	5029.380000	2920.275000	1887.885000	-4.076214	-7.808813	-8.277129	-7.893796	-7.686310	-8.411843	-10.192184	-10.094138	-3.662400	4.165980	-0.473060	0.902708	0.142151	0.391112	-1.000000	-1.000000	-1.000000	-1.000000	-1.000000	-1.000000	-1.000000	74.620690	0.000000	-1.000000	-1.000000	1458643.000000	1772660805.970552
-26737.695000	-45180.765000	2293.335000	2000.385000	6015.150000	5039.055000	2929.230000	1886.130000	-6.105108	-7.829762	-6.959927	-5.719914	-5.475645	-6.077954	-9.527640	-11.614115	-3.662400	4.165980	-0.473060	0.902708	0.142151	0.391112	-1.000000	-1.000000	-1.000000	-1.000000	-1.000000	-1.000000	-1.000000	74.620690	0.000000	-1.000000	-1.000000	1458644.000000	1772660805.970562
-26730.855000	-45181.350000	2290.860000	1997.640000	6014.520000	5045.580000	2943.405000	1904.355000	-4.748940	-3.553357	-1.754375	-0.279469	-0.347993	-0.797007	-4.928173	-8.093038	-3.662400	4.165980	-0.473060	0.902708	0.142151	0.391112	-1.000000	-1.000000	-1.000000	-1.000000	-1.000000	-1.000000	-1.000000	74.620690	0.000000	-1.000000	-1.000000	1458645.000000	1772660805.970574
-26724.690000	-45177.480000	2295.900000	2003.940000	6023.340000	5055.615000	2952.630000	1926.270000	-2.913534	0.821888	2.946700	4.253931	4.055826	4.488704	2.102690	-2.389334	-3.662400	4.165980	-0.473060	0.902708	0.142151	0.391112	-1.000000	-1.000000	-1.000000	-1.000000	-1.000000	-1.000000	-1.000000	74.620690	0.000000	-1.000000	-1.000000	1458646.000000	1772660805.970578
-26723.205000	-45177.795000	2294.595000	2002.410000	6023.475000	5058.135000	2963.520000	1937.655000	-1.354439	3.031931	4.847844	5.910569	5.989891	7.784112	9.045165	4.159988	-3.662400	4.165980	-0.473060	0.902708	0.142151	0.391112	-1.000000	-1.000000	-1.000000	-1.000000	-1.000000	-1.000000	-1.000000	74.620690	0.000000	-1.000000	-1.000000	1458647.000000	1772660805.972281
-26725.770000	-45171.540000	2302.155000	2010.690000	6031.080000	5063.715000	2967.885000	1918.035000	-0.272487	2.759425	3.722171	4.500188	5.005288	7.721550	12.743790	8.850122	-3.662400	4.165980	-0.473060	0.902708	0.142151	0.391112	-1.000000	-1.000000	-1.000000	-1.000000	-1.000000	-1.000000	-1.000000	74.620690	0.000000	-1.000000	-1.000000	1458648.000000	1772660805.972291
-26698.185000	-45142.110000	2332.080000	2040.480000	6058.980000	5084.010000	2967.075000	1941.885000	-0.345637	0.633306	0.459189	0.763512	1.422214	3.850860	10.733943	7.990196	-3.662400	4.165980	-0.473060	0.902708	0.142151	0.391112	-1.000000	-1.000000	-1.000000	-1.000000	-1.000000	-1.000000	-1.000000	74.620690	0.000000	-1.000000	-1.000000	1458649.000000	1772660805.972300
-26658.495000	-45120.555000	2346.480000	2049.525000	6062.805000	5083.155000	2962.485000	1993.815000	0.774663	-0.110228	-1.374895	-1.829948	-1.581464	-0.874030	4.257116	4.287766	-3.662400	4.165980	-0.473060	0.902708	0.142151	0.391112	-1.000000	-1.000000	-1.000000	-1.000000	-1.000000	-1.000000	-1.000000	74.620690	0.000000	-1.000000	-1.000000	1458650.000000	1772660805.972304
-26615.340000	-45082.980000	2382.255000	2082.780000	6093.405000	5114.160000	2996.910000	2047.995000	6.870632	3.976831	1.868589	0.430802	-0.234905	-1.895270	-1.655885	5.480716	-4.761120	3.509800	-1.037680	0.901670	0.141845	0.392089	-1.000000	-1.000000	-1.000000	-1.000000	-1.000000	-1.000000	-1.000000	74.620690	0.000000	-1.000000	-1.000000	1458651.000000	1772660805.974909
-26795.745000	-45228.870000	2246.805000	1954.170000	5971.275000	5002.740000	2906.280000	1816.785000	13.068107	8.616828	6.283356	4.090981	2.606077	-0.378351	-4.572387	8.910783	-4.761120	3.509800	-1.037680	0.901670	0.141845	0.392089	-1.000000	-1.000000	-1.000000	-1.000000	-1.000000	-1.000000	-1.000000	74.620690	0.000000	-1.000000	-1.000000	1458652.000000	1772660805.974916
-26801.865000	-45245.970000	2228.670000	1936.800000	5955.345000	4990.905000	2896.920000	1822.410000	7.074152	3.539890	2.107536	0.117098	-1.302708	-3.434647	-8.019868	0.863575	-4.761120	3.509800	-1.037680	0.901670	0.141845	0.392089	-1.000000	-1.000000	-1.000000	-1.000000	-1.000000	-1.000000	-1.000000	74.620690	0.000000	-1.000000	-1.000000	1458653.000000	1772660805.978786
-26743.230000	-45194.445000	2280.645000	1987.605000	6001.470000	5035.545000	2934.990000	1894.005000	-11.406571	-11.460578	-11.074203	-11.726547	-12.149645	-12.002763	-13.309561	-19.321211	-4.761120	3.509800	-1.037680	0.901670	0.141845	0.392089	-1.000000	-1.000000	-1.000000	-1.000000	-1.000000	-1.000000	-1.000000	74.620690	0.000000	-1.000000	-1.000000	1458654.000000	1772660805.978793
-26711.460000	-45162.945000	2312.235000	2017.845000	6029.775000	5056.425000	2948.445000	1925.955000	-25.574141	-22.205825	-20.119285	-19.085071	-18.497526	-16.671436	-14.718431	-32.873721	-4.761120	3.509800	-1.037680	0.901670	0.141845	0.392089	-1.000000	-1.000000	-1.000000	-1.000000	-1.000000	-1.000000	-1.000000	74.620690	0.000000	-1.000000	-1.000000	1458655.000000	1772660805.982679
-26740.440000	-45189.405000	2290.005000	1999.980000	6015.735000	5035.905000	2918.745000	1903.770000	-22.285023	-17.775387	-15.020177	-12.932507	-12.068223	-10.590553	-8.398676	-25.875920	-4.761120	3.509800	-1.037680	0.901670	0.141845	0.392089	-1.000000	-1.000000	-1.000000	-1.000000	-1.000000	-1.000000	-1.000000	74.620690	0.000000	-1.000000	-1.000000	1458656.000000	1772660805.982686
-26739.765000	-45191.295000	2280.555000	1992.555000	6012.270000	5042.385000	2942.595000	1920.285000	-5.747503	-2.665228	-0.548810	1.637659	2.333207	1.985646	1.871435	-3.577389	-4.761120	3.509800	-1.037680	0.901670	0.141845	0.392089	-1.000000	-1.000000	-1.000000	-1.000000	-1.000000	-1.000000	-1.000000	74.620690	0.000000	-1.000000	-1.000000	1458657.000000	1772660805.986703
-26756.415000	-45195.705000	2272.275000	1984.635000	6004.485000	5038.425000	2948.040000	1879.875000	10.828948	11.201007	11.577140	13.165979	13.932874	12.395082	10.752822	18.666772	-4.761120	3.509800	-1.037680	0.901670	0.141845	0.392089	-1.000000	-1.000000	-1.000000	-1.000000	-1.000000	-1.000000	-1.000000	74.620690	0.000000	-1.000000	-1.000000	1458658.000000	1772660805.986712
-26734.095000	-45190.485000	2271.330000	1978.020000	5994.810000	5025.285000	2932.650000	1900.980000	18.120031	16.472738	14.750288	15.389738	16.563653	15.811598	15.508067	28.146828	-4.761120	3.509800	-1.037680	0.901670	0.141845	0.392089	-1.000000	-1.000000	-1.000000	-1.000000	-1.000000	-1.000000	-1.000000	74.620690	0.000000	-1.000000	-1.000000	1458659.000000	1772660806.007640
-26660.970000	-45130.050000	2328.795000	2035.035000	6051.240000	5078.520000	2978.955000	2006.820000	16.955987	14.459666	11.277651	10.793716	12.148933	13.196242	15.285171	24.427188	-4.761120	3.509800	-1.037680	0.901670	0.141845	0.392089	-1.000000	-1.000000	-1.000000	-1.000000	-1.000000	-1.000000	-1.000000	74.620690	0.000000	-1.000000	-1.000000	1458660.000000	1772660806.007650
-26681.400000	-45128.880000	2335.860000	2044.305000	6054.795000	5078.115000	2969.145000	1963.080000	15.865362	12.655570	9.241813	7.626925	8.281724	10.070442	12.268858	19.148397	-5.875100	3.250380	-0.076300	0.901243	0.144958	0.393859	-1.000000	-1.000000	-1.000000	-1.000000	-1.000000	-1.000000	-1.000000	74.620690	0.000000	-1.000000	-1.000000	1458661.000000	1772660806.007663
-26791.380000	-45226.575000	2243.745000	1954.980000	5968.260000	4993.605000	2893.140000	1822.455000	16.431358	13.285876	11.120772	8.852113	7.933695	8.468619	7.652926	16.022037	-5.875100	3.250380	-0.076300	0.901243	0.144958	0.393859	-1.000000	-1.000000	-1.000000	-1.000000	-1.000000	-1.000000	-1.000000	74.620690	0.000000	-1.000000	-1.000000	1458662.000000	1772660806.007667
-26762.265000	-45213.480000	2251.800000	1963.170000	5980.455000	5005.620000	2899.755000	1865.115000	8.710582	7.937621	8.249120	6.352018	4.074451	2.478809	-1.842029	3.921258	-5.875100	3.250380	-0.076300	0.901243	0.144958	0.393859	-1.000000	-1.000000	-1.000000	-1.000000	-1.000000	-1.000000	-1.000000	74.620690	0.000000	-1.000000	-1.000000	1458663.000000	1772660806.007672
-26757.720000	-45204.840000	2263.320000	1977.210000	5996.925000	5026.275000	2920.230000	1872.810000	-9.886143	-7.192966	-4.419908	-4.993635	-7.206233	-9.787783	-15.015140	-18.980233	-5.875100	3.250380	-0.076300	0.901243	0.144958	0.393859	-1.000000	-1.000000	-1.000000	-1.000000	-1.000000	-1.000000	-1.000000	74.620690	0.000000	-1.000000	-1.000000	1458664.000000	1772660806.007676
-26756.235000	-45203.040000	2264.715000	1980.630000	6001.695000	5034.735000	2940.255000	1884.960000	-27.043399	-22.488001	-18.621897	-17.686273	-18.451760	-19.846197	-22.607242	-37.067195	-5.875100	3.250380	-0.076300	0.901243	0.144958	0.393859	-1.000000	-1.000000	-1.000000	-1.000000	-1.000000	-1.000000	-1.000000	74.620690	0.000000	-1.000000	-1.000000	1458665.000000	1772660806.008772
-26745.660000	-45197.775000	2266.695000	1982.880000	6002.595000	5034.285000	2940.795000	1899.900000	-30.409481	-26.757132	-23.480368	-21.696915	-20.808846	-19.749285	-18.229457	-36.474870	-5.875100	3.250380	-0.076300	0.901243	0.144958	0.393859	-1.000000	-1.000000	-1.000000	-1.000000	-1.000000	-1.000000	-1.000000	74.620690	0.000000	-1.000000	-1.000000	1458666.000000	1772660806.008780
-26743.005000	-45193.995000	2272.185000	1987.785000	6004.305000	5032.845000	2936.835000	1901.565000	-18.481848	-17.754919	-16.062165	-14.400416	-12.753433	-9.957790	-5.083358	-17.311562	-5.875100	3.250380	-0.076300	0.901243	0.144958	0.393859	-1.000000	-1.000000	-1.000000	-1.000000	-1.000000	-1.000000	-1.000000	74.620690	0.000000	-1.000000	-1.000000	1458667.000000	1772660806.008787
-26743.365000	-45191.970000	2275.020000	1991.430000	6004.620000	5030.190000	2935.485000	1901.655000	0.054592	-1.977376	-1.812064	-0.871098	0.377428	3.006193	8.362078	7.916677	-5.875100	3.250380	-0.076300	0.901243	0.144958	0.393859	-1.000000	-1.000000	-1.000000	-1.000000	-1.000000	-1.000000	-1.000000	74.620690	0.000000	-1.000000	-1.000000	1458668.000000	1772660806.008790
-26737.380000	-45185.940000	2278.395000	1994.130000	6005.565000	5029.200000	2934.180000	1904.130000	14.108534	11.349468	10.579892	10.715602	10.860869	11.775234	15.036559	24.276486	-5.875100	3.250380	-0.076300	0.901243	0.144958	0.393859	-1.000000	-1.000000	-1.000000	-1.000000	-1.000000	-1.000000	-1.000000	74.620690	0.000000	-1.000000	-1.000000	1458669.000000	1772660806.011667
-26710.560000	-45162.900000	2303.010000	2017.260000	6029.505000	5053.635000	2956.320000	1936.935000	19.932810	17.918695	16.494311	15.883061	14.976539	13.810128	14.054340	27.573956	-5.875100	3.250380	-0.076300	0.901243	0.144958	0.393859	-1.000000	-1.000000	-1.000000	-1.000000	-1.000000	-1.000000	-1.000000	74.620690	0.000000	-1.000000	-1.000000	1458670.000000	1772660806.011675
-26718.840000	-45165.915000	2301.210000	2014.605000	6029.235000	5057.370000	2960.280000	1925.460000	20.779091	19.434748	17.366770	16.064566	14.808802	12.382012	10.123984	23.967492	-4.623780	2.197440	0.076300	0.900449	0.145202	0.393004	-1.000000	-1.000000	-1.000000	-1.000000	-1.000000	-1.000000	-1.000000	74.620690	0.000000	-1.000000	-1.000000	1458671.000000	1772660806.015934
-26635.590000	-45100.440000	2361.420000	2071.755000	6081.930000	5107.410000	3001.275000	2040.210000	18.870098	17.862981	15.470802	13.715331	12.858896	10.598027	7.101441	18.441256	-4.623780	2.197440	0.076300	0.900449	0.145202	0.393004	-1.000000	-1.000000	-1.000000	-1.000000	-1.000000	-1.000000	-1.000000	74.620690	0.000000	-1.000000	-1.000000	1458672.000000	1772660806.015944
-26623.170000	-45086.580000	2379.825000	2092.455000	6099.255000	5118.795000	3000.825000	2033.505000	14.150102	13.403120	11.316379	9.569720	9.246671	8.139035	4.575016	11.724257	-4.623780	2.197440	0.076300	0.900449	0.145202	0.393004	-1.000000	-1.000000	-1.000000	-1.000000	-1.000000	-1.000000	-1.000000	74.620690	0.000000	-1.000000	-1.000000	1458673.000000	1772660806.018734
-26778.690000	-45223.020000	2250.945000	1969.380000	5983.560000	5013.180000	2915.595000	1852.110000	4.436643	4.180635	3.183756	2.074992	1.987336	2.053928	-0.908331	0.276067	-4.623780	2.197440	0.076300	0.900449	0.145202	0.393004	-1.000000	-1.000000	-1.000000	-1.000000	-1.000000	-1.000000	-1.000000	74.620690	0.000000	-1.000000	-1.000000	1458674.000000	1772660806.018742
-26784.630000	-45217.890000	2254.545000	1972.215000	5987.385000	5018.580000	2915.100000	1843.875000	-13.591964	-12.252107	-11.398354	-11.225325	-11.011661	-10.067045	-11.681836	-20.612692	-4.623780	2.197440	0.076300	0.900449	0.145202	0.393004	-1.000000	-1.000000	-1.000000	-1.000000	-1.000000	-1.000000	-1.000000	74.620690	0.000000	-1.000000	-1.000000	1458675.000000	1772660806.022630
-26770.095000	-45203.805000	2267.910000	1984.725000	5998.950000	5028.885000	2925.225000	1866.510000	-34.342908	-30.320185	-27.642746	-26.000226	-25.004408	-23.288673	-22.793563	-43.669737	-4.623780	2.197440	0.076300	0.900449	0.145202	0.393004	-1.000000	-1.000000	-1.000000	-1.000000	-1.000000	-1.000000	-1.000000	74.620690	0.000000	-1.000000	-1.000000	1458676.000000	1772660806.022637
-26737.830000	-45171.090000	2299.185000	2014.605000	6023.970000	5046.930000	2937.735000	1897.830000	-42.995067	-37.074606	-33.806920	-31.319533	-29.462690	-27.348381	-24.903825	-51.073302	-4.623780	2.197440	0.076300	0.900449	0.145202	0.393004	-1.000000	-1.000000	-1.000000	-1.000000	-1.000000	-1.000000	-1.000000	74.620690	0.000000	-1.000000	-1.000000	1458677.000000	1772660806.026680
-26749.890000	-45188.865000	2276.685000	1990.215000	6002.910000	5036.310000	2938.545000	1877.400000	-30.807916	-25.857747	-23.762889	-21.597819	-19.577633	-17.857291	-14.484831	-33.688211	-4.623780	2.197440	0.076300	0.900449	0.145202	0.393004	-1.000000	-1.000000	-1.000000	-1.000000	-1.000000	-1.000000	-1.000000	74.620690	0.000000	-1.000000	-1.000000	1458678.000000	1772660806.026688
-26744.670000	-45193.950000	2274.660000	1987.470000	5999.310000	5035.545000	2939.625000	1885.500000	-3.617412	-2.878029	-3.173500	-2.328682	-1.088969	-0.278695	3.098417	0.162049	-4.623780	2.197440	0.076300	0.900449	0.145202	0.393004	-1.000000	-1.000000	-1.000000	-1.000000	-1.000000	-1.000000	-1.000000	74.620690	0.000000	-1.000000	-1.000000	1458679.000000	1772660806.031143
-26737.740000	-45192.780000	2274.480000	1986.165000	5995.665000	5028.975000	2929.005000	1889.415000	23.596473	18.776906	16.240461	15.540180	15.393354	15.294801	18.128455	32.157809	-4.623780	2.197440	0.076300	0.900449	0.145202	0.393004	-1.000000	-1.000000	-1.000000	-1.000000	-1.000000	-1.000000	-1.000000	74.620690	0.000000	-1.000000	-1.000000	1458680.000000	1772660806.031151
-26685.000000	-45145.665000	2318.085000	2028.420000	6036.255000	5069.610000	2970.225000	1959.840000	37.343133	28.772544	25.395921	23.723333	22.176235	21.303255	23.173457	46.647162	-2.517900	1.739640	0.167860	0.899046	0.141479	0.391967	-1.000000	-1.000000	-1.000000	-1.000000	-1.000000	-1.000000	-1.000000	74.620690	0.000000	-1.000000	-1.000000	1458681.000000	1772660806.036164
-26684.685000	-45141.165000	2321.325000	2033.010000	6043.455000	5073.975000	2974.185000	1953.630000	34.720248	26.297360	23.576648	21.774613	19.469809	17.984400	18.561026	41.431559	-2.517900	1.739640	0.167860	0.899046	0.141479	0.391967	-1.000000	-1.000000	-1.000000	-1.000000	-1.000000	-1.000000	-1.000000	74.620690	0.000000	-1.000000	-1.000000	1458682.000000	1772660806.036172
-26724.465000	-45168.165000	2299.095000	2013.885000	6026.850000	5052.510000	2938.050000	1902.960000	23.102816	18.321396	17.026243	15.737287	13.650065	11.622906	10.285637	26.386932	-2.517900	1.739640	0.167860	0.899046	0.141479	0.391967	-1.000000	-1.000000	-1.000000	-1.000000	-1.000000	-1.000000	-1.000000	74.620690	0.000000	-1.000000	-1.000000	1458683.000000	1772660806.038774
-26657.820000	-45120.645000	2346.030000	2060.730000	6071.130000	5089.725000	2964.645000	2002.770000	10.504631	10.609477	10.964115	10.584781	9.480721	6.845570	2.743517	11.335681	-2.517900	1.739640	0.167860	0.899046	0.141479	0.391967	-1.000000	-1.000000	-1.000000	-1.000000	-1.000000	-1.000000	-1.000000	74.620690	0.000000	-1.000000	-1.000000	1458684.000000	1772660806.038783
-26566.740000	-45046.395000	2416.005000	2128.005000	6137.100000	5161.365000	3047.985000	2120.760000	1.160286	4.574973	6.391560	7.031109	7.161587	4.351827	-2.021666	1.468351	-2.517900	1.739640	0.167860	0.899046	0.141479	0.391967	-1.000000	-1.000000	-1.000000	-1.000000	-1.000000	-1.000000	-1.000000	74.620690	0.000000	-1.000000	-1.000000	1458685.000000	1772660806.042745
-26759.070000	-45205.470000	2263.905000	1977.120000	5989.680000	5025.735000	2938.455000	1873.395000	-6.007254	-1.925832	0.704693	2.037940	3.215103	1.696840	-3.859107	-5.128426	-2.517900	1.739640	0.167860	0.899046	0.141479	0.391967	-1.000000	-1.000000	-1.000000	-1.000000	-1.000000	-1.000000	-1.000000	74.620690	0.000000	-1.000000	-1.000000	1458686.000000	1772660806.042752
-26811.405000	-45243.045000	2229.660000	1946.655000	5962.590000	4989.375000	2886.975000	1793.700000	-18.173425	-13.937541	-11.181424	-9.675531	-7.853530	-6.667063	-7.623988	-19.098612	-2.517900	1.739640	0.167860	0.899046	0.141479	0.391967	-1.000000	-1.000000	-1.000000	-1.000000	-1.000000	-1.000000	-1.000000	74.620690	0.000000	-1.000000	-1.000000	1458687.000000	1772660806.048768
-26809.740000	-45237.690000	2237.175000	1957.455000	5977.890000	4996.935000	2872.080000	1788.660000	-35.822481	-29.843763	-27.452983	-26.075282	-24.084774	-20.731877	-16.650905	-42.571535	-2.517900	1.739640	0.167860	0.899046	0.141479	0.391967	-1.000000	-1.000000	-1.000000	-1.000000	-1.000000	-1.000000	-1.000000	74.620690	0.000000	-1.000000	-1.000000	1458688.000000	1772660806.048778
-26768.790000	-45213.840000	2253.060000	1967.670000	5987.385000	5018.760000	2915.505000	1863.720000	-46.080308	-38.159688	-36.696541	-35.606528	-33.890718	-30.463337	-24.667419	-58.713917	-2.517900	1.739640	0.167860	0.899046	0.141479	0.391967	-1.000000	-1.000000	-1.000000	-1.000000	-1.000000	-1.000000	-1.000000	74.620690	0.000000	-1.000000	-1.000000	1458689.000000	1772660806.050824
-26739.720000	-45196.515000	2265.795000	1976.085000	5993.685000	5028.255000	2939.355000	1914.345000	-36.987151	-30.261151	-30.426186	-30.061518	-29.057890	-26.846603	-22.250597	-49.443242	-2.517900	1.739640	0.167860	0.899046	0.141479	0.391967	-1.000000	-1.000000	-1.000000	-1.000000	-1.000000	-1.000000	-1.000000	74.620690	0.000000	-1.000000	-1.000000	1458690.000000	1772660806.050833
-26763.165000	-45206.505000	2260.305000	1974.645000	5991.255000	5021.820000	2928.060000	1872.630000	-9.109946	-7.964584	-10.093621	-11.032705	-11.278290	-10.136043	-7.112188	-13.482052	-5.127360	1.938020	0.381500	0.901121	0.142395	0.389770	-1.000000	-1.000000	-1.000000	-1.000000	-1.000000	-1.000000	-1.000000	74.620690	0.000000	-1.000000	-1.000000	1458691.000000	1772660806.054856
-26735.715000	-45185.040000	2281.410000	1996.020000	6009.885000	5035.095000	2939.895000	1909.935000	25.405848	19.187424	15.724414	13.517358	11.659204	12.073855	14.023499	32.270059	-5.127360	1.938020	0.381500	0.901121	0.142395	0.389770	-1.000000	-1.000000	-1.000000	-1.000000	-1.000000	-1.000000	-1.000000	74.620690	0.000000	-1.000000	-1.000000	1458692.000000	1772660806.054863
-26747.010000	-45190.980000	2275.155000	1988.775000	6001.605000	5028.255000	2935.260000	1890.765000	48.768904	37.899460	34.546973	31.988369	28.884551	28.548446	29.479862	62.508215	-5.127360	1.938020	0.381500	0.901121	0.142395	0.389770	-1.000000	-1.000000	-1.000000	-1.000000	-1.000000	-1.000000	-1.000000	74.620690	0.000000	-1.000000	-1.000000	1458693.000000	1772660806.058740
-26752.770000	-45197.415000	2269.170000	1981.845000	5992.695000	5020.785000	2930.580000	1884.825000	48.550529	38.512616	36.686597	34.961775	31.771565	30.627382	30.018825	60.721642	-5.127360	1.938020	0.381500	0.901121	0.142395	0.389770	-1.000000	-1.000000	-1.000000	-1.000000	-1.000000	-1.000000	-1.000000	74.620690	0.000000	-1.000000	-1.000000	1458694.000000	1772660806.058746
-26709.390000	-45151.695000	2319.660000	2032.245000	6041.880000	5064.345000	2963.610000	1936.980000	30.130233	24.995253	25.299415	25.076053	23.006631	21.049441	17.907918	35.396646	-5.127360	1.938020	0.381500	0.901121	0.142395	0.389770	-1.000000	-1.000000	-1.000000	-1.000000	-1.000000	-1.000000	-1.000000	74.620690	0.000000	-1.000000	-1.000000	1458695.000000	1772660806.062725
-26720.820000	-45160.155000	2311.650000	2024.775000	6039.585000	5066.100000	2960.640000	1918.350000	10.654362	10.636025	12.619855	13.698483	13.296790	10.793250	4.866231	10.371135	-5.127360	1.938020	0.381500	0.901121	0.142395	0.389770	-1.000000	-1.000000	-1.000000	-1.000000	-1.000000	-1.000000	-1.000000	74.620690	0.000000	-1.000000	-1.000000	1458696.000000	1772660806.062734
-26746.110000	-45192.690000	2275.785000	1987.470000	6004.080000	5033.160000	2932.920000	1878.660000	-2.054302	0.946901	3.472383	5.067931	6.261782	4.198625	-2.553896	-4.182367	-5.127360	1.938020	0.381500	0.901121	0.142395	0.389770	-1.000000	-1.000000	-1.000000	-1.000000	-1.000000	-1.000000	-1.000000	74.620690	0.000000	-1.000000	-1.000000	1458697.000000	1772660806.066859
-26734.275000	-45184.995000	2283.705000	1993.950000	6010.920000	5036.220000	2932.785000	1893.015000	-12.812375	-8.698386	-6.695160	-5.298574	-2.904697	-3.511974	-8.063630	-16.165986	-5.127360	1.938020	0.381500	0.901121	0.142395	0.389770	-1.000000	-1.000000	-1.000000	-1.000000	-1.000000	-1.000000	-1.000000	74.620690	0.000000	-1.000000	-1.000000	1458698.000000	1772660806.066867
-26714.970000	-45161.055000	2308.185000	2018.700000	6033.960000	5060.205000	2959.560000	1927.935000	-23.952702	-19.700019	-18.646579	-17.729266	-14.823104	-14.037943	-14.963419	-29.889167	-5.127360	1.938020	0.381500	0.901121	0.142395	0.389770	-1.000000	-1.000000	-1.000000	-1.000000	-1.000000	-1.000000	-1.000000	74.620690	0.000000	-1.000000	-1.000000	1458699.000000	1772660806.070806
-26730.180000	-45175.590000	2294.235000	2005.020000	6022.350000	5052.195000	2964.105000	1913.355000	-29.729678	-26.053243	-25.913714	-25.515648	-23.001974	-21.524249	-19.159200	-37.125858	-5.127360	1.938020	0.381500	0.901121	0.142395	0.389770	-1.000000	-1.000000	-1.000000	-1.000000	-1.000000	-1.000000	-1.000000	74.620690	0.000000	-1.000000	-1.000000	1458700.000000	1772660806.070813
-26746.155000	-45195.660000	2275.110000	1984.635000	5998.500000	5022.045000	2930.670000	1888.470000	-26.107798	-23.827606	-24.441637	-24.576097	-23.190473	-21.438591	-16.459810	-31.532546	-7.523180	2.243220	-0.869820	0.900083	0.141723	0.389770	-1.000000	-1.000000	-1.000000	-1.000000	-1.000000	-1.000000	-1.000000	74.620690	0.000000	-1.000000	-1.000000	1458701.000000	1772660806.075058
-26695.440000	-45150.255000	2319.435000	2027.520000	6037.470000	5052.465000	2945.160000	1939.950000	-15.612024	-15.205611	-16.261637	-16.824994	-16.864381	-15.323205	-9.200547	-17.098637	-7.523180	2.243220	-0.869820	0.900083	0.141723	0.389770	-1.000000	-1.000000	-1.000000	-1.000000	-1.000000	-1.000000	-1.000000	74.620690	0.000000	-1.000000	-1.000000	1458702.000000	1772660806.075066
-26653.140000	-45093.150000	2383.020000	2092.005000	6100.380000	5108.130000	2980.170000	1975.770000	-0.854376	-2.126999	-3.174030	-3.874759	-5.229981	-4.934756	-0.839381	1.149653	-7.523180	2.243220	-0.869820	0.900083	0.141723	0.389770	-1.000000	-1.000000	-1.000000	-1.000000	-1.000000	-1.000000	-1.000000	74.620690	0.000000	-1.000000	-1.000000	1458703.000000	1772660806.078825
-26679.150000	-45110.070000	2369.115000	2077.695000	6089.085000	5107.995000	2993.715000	1940.445000	15.472174	13.505864	12.871926	12.365981	10.194794	8.674250	8.017524	19.498217	-7.523180	2.243220	-0.869820	0.900083	0.141723	0.389770	-1.000000	-1.000000	-1.000000	-1.000000	-1.000000	-1.000000	-1.000000	74.620690	0.000000	-1.000000	-1.000000	1458704.000000	1772660806.078831
-26706.915000	-45155.340000	2310.570000	2013.570000	6024.555000	5049.495000	2952.540000	1906.965000	25.733803	24.260588	24.050500	23.823759	21.602181	19.404330	15.211169	30.108571	-7.523180	2.243220	-0.869820	0.900083	0.141723	0.389770	-1.000000	-1.000000	-1.000000	-1.000000	-1.000000	-1.000000	-1.000000	74.620690	0.000000	-1.000000	-1.000000	1458705.000000	1772660806.082791
-26768.520000	-45226.170000	2240.145000	1951.335000	5971.680000	4999.680000	2908.980000	1865.655000	22.188395	21.440761	21.143579	21.097770	19.633423	18.803981	15.605016	25.767279	-7.523180	2.243220	-0.869820	0.900083	0.141723	0.389770	-1.000000	-1.000000	-1.000000	-1.000000	-1.000000	-1.000000	-1.000000	74.620690	0.000000	-1.000000	-1.000000	1458706.000000	1772660806.082800
-26759.565000	-45221.265000	2245.905000	1958.130000	5982.750000	5011.830000	2921.085000	1888.695000	5.143077	4.474371	3.735981	4.059042	4.122839	5.689442	6.787702	7.869744	-7.523180	2.243220	-0.869820	0.900083	0.141723	0.389770	-1.000000	-1.000000	-1.000000	-1.000000	-1.000000	-1.000000	-1.000000	74.620690	0.000000	-1.000000	-1.000000	1458707.000000	1772660806.087678
-26744.895000	-45201.240000	2270.205000	1983.330000	6006.510000	5029.695000	2928.690000	1898.010000	-14.912207	-16.004370	-16.796765	-15.809920	-13.920977	-10.771008	-6.218015	-12.720614	-7.523180	2.243220	-0.869820	0.900083	0.141723	0.389770	-1.000000	-1.000000	-1.000000	-1.000000	-1.000000	-1.000000	-1.000000	74.620690	0.000000	-1.000000	-1.000000	1458708.000000	1772660806.087686
-26701.245000	-45162.225000	2306.970000	2018.025000	6036.930000	5061.420000	2967.570000	1965.555000	-23.757666	-25.079766	-25.220489	-23.843351	-20.960110	-18.195439	-13.969868	-22.175619	-7.523180	2.243220	-0.869820	0.900083	0.141723	0.389770	-1.000000	-1.000000	-1.000000	-1.000000	-1.000000	-1.000000	-1.000000	74.620690	0.000000	-1.000000	-1.000000	1458709.000000	1772660806.093090
-26707.365000	-45160.065000	2308.770000	2020.905000	6038.865000	5061.735000	2963.430000	1943.370000	-15.625523	-16.255046	-15.459457	-14.451884	-12.192057	-11.362817	-10.643991	-14.881568	-7.523180	2.243220	-0.869820	0.900083	0.141723	0.389770	-1.000000	-1.000000	-1.000000	-1.000000	-1.000000	-1.000000	-1.000000	74.620690	0.000000	-1.000000	-1.000000	1458710.000000	1772660806.093097
-26734.140000	-45186.210000	2283.435000	1996.110000	6015.060000	5031.495000	2917.665000	1888.695000	1.142181	2.247689	3.620965	3.707355	4.194425	2.962163	-0.147897	0.252136	-5.936140	2.212700	-1.205540	0.898985	0.140197	0.392150	-1.000000	-1.000000	-1.000000	-1.000000	-1.000000	-1.000000	-1.000000	74.620690	0.000000	-1.000000	-1.000000	1458711.000000	1772660806.094729
-26689.950000	-45154.665000	2314.755000	2024.820000	6044.085000	5064.930000	2951.730000	1962.315000	13.410248	15.925026	17.109394	16.244306	14.991104	12.620641	7.620976	9.907253	-5.936140	2.212700	-1.205540	0.898985	0.140197	0.392150	-1.000000	-1.000000	-1.000000	-1.000000	-1.000000	-1.000000	-1.000000	74.620690	0.000000	-1.000000	-1.000000	1458712.000000	1772660806.094738
-26714.025000	-45166.365000	2303.820000	2010.465000	6027.525000	5054.895000	2962.485000	1923.930000	16.174415	18.199643	18.545561	17.014956	14.799444	12.453107	8.235610	11.150797	-5.936140	2.212700	-1.205540	0.898985	0.140197	0.392150	-1.000000	-1.000000	-1.000000	-1.000000	-1.000000	-1.000000	-1.000000	74.620690	0.000000	-1.000000	-1.000000	1458713.000000	1772660806.102479
-26744.580000	-45176.805000	2298.195000	2007.630000	6022.215000	5045.715000	2943.360000	1866.105000	12.295559	13.088204	12.804712	11.075651	8.632027	7.056429	5.508905	8.037193	-5.936140	2.212700	-1.205540	0.898985	0.140197	0.392150	-1.000000	-1.000000	-1.000000	-1.000000	-1.000000	-1.000000	-1.000000	74.620690	0.000000	-1.000000	-1.000000	1458714.000000	1772660806.102486
-26759.880000	-45203.085000	2269.665000	1978.920000	5997.555000	5028.570000	2931.120000	1862.955000	5.414845	6.702766	6.748424	5.394126	3.150143	2.448758	3.439200	2.223725	-5.936140	2.212700	-1.205540	0.898985	0.140197	0.392150	-1.000000	-1.000000	-1.000000	-1.000000	-1.000000	-1.000000	-1.000000	74.620690	0.000000	-1.000000	-1.000000	1458715.000000	1772660806.104370
-26725.455000	-45189.495000	2280.285000	1988.595000	6008.085000	5036.130000	2936.835000	1906.560000	-1.618190	1.106660	1.897094	1.285790	-0.347398	-0.287145	1.735428	-4.601411	-5.936140	2.212700	-1.205540	0.898985	0.140197	0.392150	-1.000000	-1.000000	-1.000000	-1.000000	-1.000000	-1.000000	-1.000000	74.620690	0.000000	-1.000000	-1.000000	1458716.000000	1772660806.104377
-26741.205000	-45202.815000	2269.800000	1979.865000	6002.910000	5037.885000	2955.105000	1904.085000	-6.439105	-4.470207	-3.648833	-3.496279	-3.896349	-3.050878	-1.009187	-8.454477	-5.936140	2.212700	-1.205540	0.898985	0.140197	0.392150	-1.000000	-1.000000	-1.000000	-1.000000	-1.000000	-1.000000	-1.000000	74.620690	0.000000	-1.000000	-1.000000	1458717.000000	1772660806.106777
-26766.765000	-45220.455000	2252.610000	1961.910000	5982.795000	5021.775000	2945.970000	1879.740000	-9.070420	-10.448520	-10.470395	-9.683832	-8.316807	-6.610936	-4.397035	-8.166214	-5.936140	2.212700	-1.205540	0.898985	0.140197	0.392150	-1.000000	-1.000000	-1.000000	-1.000000	-1.000000	-1.000000	-1.000000	74.620690	0.000000	-1.000000	-1.000000	1458718.000000	1772660806.106784
-26685.270000	-45137.115000	2318.355000	2024.640000	6041.520000	5070.420000	2973.510000	1972.620000	-9.655418	-14.185633	-15.392050	-14.221048	-11.314327	-9.001251	-6.355714	-4.615087	-5.936140	2.212700	-1.205540	0.898985	0.140197	0.392150	-1.000000	-1.000000	-1.000000	-1.000000	-1.000000	-1.000000	-1.000000	74.620690	0.000000	-1.000000	-1.000000	1458719.000000	1772660806.110662
-26575.560000	-45024.480000	2413.035000	2118.240000	6133.050000	5147.865000	3029.805000	2093.085000	-4.117185	-9.301879	-12.034399	-10.947270	-7.752164	-5.930722	-3.851657	4.882489	-5.936140	2.212700	-1.205540	0.898985	0.140197	0.392150	-1.000000	-1.000000	-1.000000	-1.000000	-1.000000	-1.000000	-1.000000	74.620690	0.000000	-1.000000	-1.000000	1458720.000000	1772660806.110670
-26765.730000	-45185.805000	2257.155000	1969.920000	5991.570000	5005.845000	2889.585000	1824.795000	6.884063	4.034983	-0.390694	0.304698	2.329389	1.974852	1.454850	16.624175	-3.494540	1.113980	-1.678600	0.897398	0.139648	0.396605	-1.000000	-1.000000	-1.000000	-1.000000	-1.000000	-1.000000	-1.000000	74.620690	0.000000	-1.000000	-1.000000	1458721.000000	1772660806.114867
-26783.595000	-45238.365000	2222.100000	1939.455000	5963.175000	4983.345000	2875.815000	1821.870000	11.229713	12.284476	7.740317	8.385331	8.753168	5.467094	1.252564	15.318320	-3.494540	1.113980	-1.678600	0.897398	0.139648	0.396605	-1.000000	-1.000000	-1.000000	-1.000000	-1.000000	-1.000000	-1.000000	74.620690	0.000000	-1.000000	-1.000000	1458722.000000	1772660806.114872
-26777.295000	-45247.185000	2253.645000	1962.495000	5986.170000	5015.655000	2917.980000	1856.250000	2.720222	5.689684	4.792827	5.789033	5.053371	0.323024	-5.953241	-2.093430	-3.494540	1.113980	-1.678600	0.897398	0.139648	0.396605	-1.000000	-1.000000	-1.000000	-1.000000	-1.000000	-1.000000	-1.000000	74.620690	0.000000	-1.000000	-1.000000	1458723.000000	1772660806.120142
-26767.620000	-45225.855000	2265.660000	1970.010000	5990.130000	5017.995000	2922.435000	1869.255000	-9.171478	-8.019668	-1.955570	-1.172602	-2.404680	-5.670841	-10.287484	-18.820272	-3.494540	1.113980	-1.678600	0.897398	0.139648	0.396605	-1.000000	-1.000000	-1.000000	-1.000000	-1.000000	-1.000000	-1.000000	74.620690	0.000000	-1.000000	-1.000000	1458724.000000	1772660806.120150
-26751.645000	-45208.845000	2266.335000	1973.115000	5994.045000	5019.975000	2921.940000	1883.655000	-13.692913	-15.126568	-3.406855	-3.918080	-5.505340	-5.344509	-5.459913	-21.630232	-3.494540	1.113980	-1.678600	0.897398	0.139648	0.396605	-1.000000	-1.000000	-1.000000	-1.000000	-1.000000	-1.000000	-1.000000	74.620690	0.000000	-1.000000	-1.000000	1458725.000000	1772660806.122749
-26735.670000	-45187.065000	2288.250000	1996.065000	6013.260000	5029.110000	2919.915000	1893.195000	-8.273537	-9.758429	1.186337	-0.829309	-2.707525	0.367280	4.202908	-11.362753	-3.494540	1.113980	-1.678600	0.897398	0.139648	0.396605	-1.000000	-1.000000	-1.000000	-1.000000	-1.000000	-1.000000	-1.000000	74.620690	0.000000	-1.000000	-1.000000	1458726.000000	1772660806.122756
-26700.930000	-45146.430000	2329.380000	2038.860000	6053.355000	5059.530000	2929.590000	1921.455000	3.514065	4.316674	7.981963	5.493551	3.689377	7.182345	11.428901	4.244574	-3.494540	1.113980	-1.678600	0.897398	0.139648	0.396605	-1.000000	-1.000000	-1.000000	-1.000000	-1.000000	-1.000000	-1.000000	74.620690	0.000000	-1.000000	-1.000000	1458727.000000	1772660806.126640
-26722.710000	-45168.435000	2307.870000	2017.710000	6036.435000	5050.890000	2926.890000	1900.080000	13.345733	16.541304	11.496885	9.993435	8.929801	10.704937	12.333167	15.241625	-3.494540	1.113980	-1.678600	0.897398	0.139648	0.396605	-1.000000	-1.000000	-1.000000	-1.000000	-1.000000	-1.000000	-1.000000	74.620690	0.000000	-1.000000	-1.000000	1458728.000000	1772660806.126648
-26768.340000	-45215.820000	2262.645000	1975.950000	6000.120000	5031.945000	2939.040000	1878.210000	12.440181	16.104097	6.290939	6.633004	7.025314	7.525558	7.441546	14.309150	-3.494540	1.113980	-1.678600	0.897398	0.139648	0.396605	-1.000000	-1.000000	-1.000000	-1.000000	-1.000000	-1.000000	-1.000000	74.620690	0.000000	-1.000000	-1.000000	1458729.000000	1772660806.130735
-26725.455000	-45185.985000	2284.425000	1993.905000	6012.450000	5045.175000	2963.970000	1937.520000	3.104097	4.475124	-4.698110	-2.855507	-0.927759	0.470388	2.398091	7.073171	-3.494540	1.113980	-1.678600	0.897398	0.139648	0.396605	-1.000000	-1.000000	-1.000000	-1.000000	-1.000000	-1.000000	-1.000000	74.620690	0.000000	-1.000000	-1.000000	1458730.000000	1772660806.130742
-26711.595000	-45174.105000	2294.010000	2003.715000	6020.100000	5048.235000	2958.030000	1943.460000	-2.028424	-4.373789	-10.253410	-8.246774	-5.845733	-2.810294	2.766004	6.607599	-4.913720	0.717220	-1.907500	0.899473	0.142456	0.394957	-1.000000	-1.000000	-1.000000	-1.000000	-1.000000	-1.000000	-1.000000	74.620690	0.000000	-1.000000	-1.000000	1458731.000000	1772660806.134837
-26737.515000	-45188.100000	2285.820000	1997.460000	6012.270000	5036.580000	2939.760000	1901.655000	1.925489	-2.414499	-5.780750	-4.765292	-3.404861	-0.734084	5.436196	12.435960	-4.913720	0.717220	-1.907500	0.899473	0.142456	0.394957	-1.000000	-1.000000	-1.000000	-1.000000	-1.000000	-1.000000	-1.000000	74.620690	0.000000	-1.000000	-1.000000	1458732.000000	1772660806.134844
-26727.930000	-45180.945000	2290.815000	2002.455000	6016.995000	5042.160000	2947.095000	1921.095000	6.896700	4.099319	2.041500	2.018817	1.625184	1.276703	3.089898	11.860328	-4.913720	0.717220	-1.907500	0.899473	0.142456	0.394957	-1.000000	-1.000000	-1.000000	-1.000000	-1.000000	-1.000000	-1.000000	74.620690	0.000000	-1.000000	-1.000000	1458733.000000	1772660806.139017
-26712.225000	-45172.980000	2293.110000	2000.520000	6012.495000	5037.795000	2946.870000	1941.525000	5.209829	5.846631	5.693020	5.181047	3.521600	-0.421154	-5.147492	0.021811	-4.913720	0.717220	-1.907500	0.899473	0.142456	0.394957	-1.000000	-1.000000	-1.000000	-1.000000	-1.000000	-1.000000	-1.000000	74.620690	0.000000	-1.000000	-1.000000	1458734.000000	1772660806.139026
-26744.265000	-45189.225000	2281.770000	1991.655000	6002.280000	5025.555000	2927.385000	1885.860000	-2.934201	0.045856	2.996571	2.278085	0.500870	-5.014541	-13.986969	-16.169786	-4.913720	0.717220	-1.907500	0.899473	0.142456	0.394957	-1.000000	-1.000000	-1.000000	-1.000000	-1.000000	-1.000000	-1.000000	74.620690	0.000000	-1.000000	-1.000000	1458735.000000	1772660806.143748
-26729.955000	-45175.455000	2296.620000	2007.720000	6018.570000	5041.755000	2937.375000	1908.855000	-13.215746	-10.164674	-4.128912	-4.951595	-5.775041	-9.868909	-18.308478	-28.306235	-4.913720	0.717220	-1.907500	0.899473	0.142456	0.394957	-1.000000	-1.000000	-1.000000	-1.000000	-1.000000	-1.000000	-1.000000	74.620690	0.000000	-1.000000	-1.000000	1458736.000000	1772660806.143756
-26716.365000	-45158.625000	2317.005000	2027.565000	6037.200000	5058.180000	2938.005000	1920.195000	-19.782889	-18.204427	-10.537453	-11.226853	-10.729642	-11.631012	-15.949159	-30.500752	-4.913720	0.717220	-1.907500	0.899473	0.142456	0.394957	-1.000000	-1.000000	-1.000000	-1.000000	-1.000000	-1.000000	-1.000000	74.620690	0.000000	-1.000000	-1.000000	1458737.000000	1772660806.148990
-26729.820000	-45173.115000	2303.100000	2014.425000	6028.830000	5053.230000	2931.795000	1910.610000	-16.700387	-16.984107	-9.908465	-10.267324	-8.944502	-7.260787	-7.723724	-19.526227	-4.913720	0.717220	-1.907500	0.899473	0.142456	0.394957	-1.000000	-1.000000	-1.000000	-1.000000	-1.000000	-1.000000	-1.000000	74.620690	0.000000	-1.000000	-1.000000	1458738.000000	1772660806.148997
-26747.820000	-45185.940000	2289.780000	2002.635000	6020.820000	5050.620000	2941.515000	1886.940000	-4.285606	-5.664789	-1.340672	-1.331645	0.155016	2.500849	3.182575	0.517764	-4.913720	0.717220	-1.907500	0.899473	0.142456	0.394957	-1.000000	-1.000000	-1.000000	-1.000000	-1.000000	-1.000000	-1.000000	74.620690	0.000000	-1.000000	-1.000000	1458739.000000	1772660806.152775
-26727.030000	-45174.780000	2299.725000	2011.005000	6027.795000	5059.980000	2965.185000	1916.910000	9.532204	8.438753	8.557870	8.920575	10.323423	12.089244	12.835402	18.831976	-4.913720	0.717220	-1.907500	0.899473	0.142456	0.394957	-1.000000	-1.000000	-1.000000	-1.000000	-1.000000	-1.000000	-1.000000	74.620690	0.000000	-1.000000	-1.000000	1458740.000000	1772660806.152781
-26699.490000	-45168.255000	2302.380000	2011.410000	6027.525000	5057.550000	2963.610000	1935.855000	17.932422	17.316325	12.986006	13.559421	14.725820	15.860778	18.271146	27.803769	-8.896580	0.900340	-1.327620	0.901365	0.144287	0.392882	-1.000000	-1.000000	-1.000000	-1.000000	-1.000000	-1.000000	-1.000000	74.620690	0.000000	-1.000000	-1.000000	1458741.000000	1772660806.163401
-26698.455000	-45165.690000	2301.615000	2007.855000	6018.975000	5041.980000	2941.425000	1941.345000	19.233862	17.652994	10.383695	10.815861	11.322044	12.026348	17.332385	26.415045	-8.896580	0.900340	-1.327620	0.901365	0.144287	0.392882	-1.000000	-1.000000	-1.000000	-1.000000	-1.000000	-1.000000	-1.000000	74.620690	0.000000	-1.000000	-1.000000	1458742.000000	1772660806.163410
-26659.800000	-45123.480000	2339.325000	2039.535000	6045.840000	5066.820000	2971.215000	1986.120000	14.285050	10.993469	3.673416	3.576242	2.924884	3.015608	9.825454	17.123281	-8.896580	0.900340	-1.327620	0.901365	0.144287	0.392882	-1.000000	-1.000000	-1.000000	-1.000000	-1.000000	-1.000000	-1.000000	74.620690	0.000000	-1.000000	-1.000000	1458743.000000	1772660806.163420
-26736.300000	-45179.640000	2291.175000	1994.400000	6001.605000	5019.795000	2924.550000	1885.455000	5.024312	1.502599	-3.112464	-3.895441	-5.766070	-6.448713	-0.749141	4.057637	-8.896580	0.900340	-1.327620	0.901365	0.144287	0.392882	-1.000000	-1.000000	-1.000000	-1.000000	-1.000000	-1.000000	-1.000000	74.620690	0.000000	-1.000000	-1.000000	1458744.000000	1772660806.163424
-26740.170000	-45184.770000	2288.295000	1992.825000	6002.595000	5029.785000	2944.260000	1892.880000	-7.109224	-8.283975	-8.735378	-9.862572	-12.250859	-13.255691	-10.075767	-10.281781	-8.896580	0.900340	-1.327620	0.901365	0.144287	0.392882	-1.000000	-1.000000	-1.000000	-1.000000	-1.000000	-1.000000	-1.000000	74.620690	0.000000	-1.000000	-1.000000	1458745.000000	1772660806.163428
-26738.820000	-45185.355000	2286.360000	1990.530000	6003.180000	5034.420000	2947.095000	1888.470000	-18.725463	-16.169541	-12.750153	-13.480619	-15.253929	-15.674215	-14.878747	-22.681985	-8.896580	0.900340	-1.327620	0.901365	0.144287	0.392882	-1.000000	-1.000000	-1.000000	-1.000000	-1.000000	-1.000000	-1.000000	74.620690	0.000000	-1.000000	-1.000000	1458746.000000	1772660806.163432
-26735.040000	-45174.870000	2299.905000	2006.865000	6021.855000	5045.985000	2927.520000	1883.520000	-22.676382	-17.379520	-11.981477	-11.735220	-12.098519	-11.531892	-13.256787	-26.357437	-8.896580	0.900340	-1.327620	0.901365	0.144287	0.392882	-1.000000	-1.000000	-1.000000	-1.000000	-1.000000	-1.000000	-1.000000	74.620690	0.000000	-1.000000	-1.000000	1458747.000000	1772660806.174195
-26732.835000	-45174.960000	2300.625000	2009.430000	6024.960000	5048.685000	2923.740000	1886.625000	-15.204246	-9.478437	-4.532844	-3.242546	-2.200708	-1.418403	-7.179954	-18.072168	-8.896580	0.900340	-1.327620	0.901365	0.144287	0.392882	-1.000000	-1.000000	-1.000000	-1.000000	-1.000000	-1.000000	-1.000000	74.620690	0.000000	-1.000000	-1.000000	1458748.000000	1772660806.174203
-26678.520000	-45148.590000	2315.835000	2024.235000	6042.645000	5070.600000	2959.965000	1970.775000	-0.203910	3.570160	6.133686	8.078272	9.911117	9.820335	-0.489204	-1.598693	-8.896580	0.900340	-1.327620	0.901365	0.144287	0.392882	-1.000000	-1.000000	-1.000000	-1.000000	-1.000000	-1.000000	-1.000000	74.620690	0.000000	-1.000000	-1.000000	1458749.000000	1772660806.174213
-26657.595000	-45121.905000	2339.685000	2049.435000	6065.955000	5089.095000	2970.045000	1983.735000	14.928725	15.033240	14.335961	16.287531	18.174928	17.113635	5.494603	16.291778	-8.896580	0.900340	-1.327620	0.901365	0.144287	0.392882	-1.000000	-1.000000	-1.000000	-1.000000	-1.000000	-1.000000	-1.000000	74.620690	0.000000	-1.000000	-1.000000	1458750.000000	1772660806.174217
-26761.500000	-45212.040000	2257.110000	1969.065000	5986.260000	5011.155000	2905.335000	1857.825000	21.701631	18.443083	15.278805	16.685804	18.096102	16.971625	9.578896	25.679245	-6.958560	0.503580	-1.480220	0.901121	0.141235	0.393981	-1.000000	-1.000000	-1.000000	-1.000000	-1.000000	-1.000000	-1.000000	74.620690	0.000000	-1.000000	-1.000000	1458751.000000	1772660806.176312
-26773.380000	-45222.480000	2247.255000	1958.220000	5972.985000	4999.545000	2910.510000	1863.180000	13.879438	9.582327	6.226232	6.866454	7.564233	7.449953	8.536276	17.918342	-6.958560	0.503580	-1.480220	0.901121	0.141235	0.393981	-1.000000	-1.000000	-1.000000	-1.000000	-1.000000	-1.000000	-1.000000	74.620690	0.000000	-1.000000	-1.000000	1458752.000000	1772660806.176319
-26739.090000	-45202.635000	2261.205000	1967.400000	5976.900000	5008.455000	2928.870000	1904.580000	-3.171519	-6.663508	-8.281955	-8.582030	-8.755646	-7.346016	2.880161	-0.949789	-6.958560	0.503580	-1.480220	0.901121	0.141235	0.393981	-1.000000	-1.000000	-1.000000	-1.000000	-1.000000	-1.000000	-1.000000	74.620690	0.000000	-1.000000	-1.000000	1458753.000000	1772660806.178806
-26737.920000	-45198.315000	2270.205000	1978.155000	5987.385000	5022.135000	2942.235000	1901.970000	-14.865649	-17.516764	-17.242694	-18.760601	-20.076229	-17.638050	-1.959077	-14.125076	-6.958560	0.503580	-1.480220	0.901121	0.141235	0.393981	-1.000000	-1.000000	-1.000000	-1.000000	-1.000000	-1.000000	-1.000000	74.620690	0.000000	-1.000000	-1.000000	1458754.000000	1772660806.178810
-26733.420000	-45183.510000	2290.140000	2000.790000	6010.920000	5028.795000	2931.975000	1904.355000	-13.154138	-15.134446	-13.872518	-16.443506	-18.904186	-16.973783	-2.579210	-13.256137	-6.958560	0.503580	-1.480220	0.901121	0.141235	0.393981	-1.000000	-1.000000	-1.000000	-1.000000	-1.000000	-1.000000	-1.000000	74.620690	0.000000	-1.000000	-1.000000	1458755.000000	1772660806.182998
-26747.820000	-45193.905000	2279.475000	1991.160000	6002.370000	5021.685000	2915.730000	1887.255000	-2.247776	-2.670145	-1.202988	-3.927062	-6.834550	-7.157292	-0.329432	-3.165670	-6.958560	0.503580	-1.480220	0.901121	0.141235	0.393981	-1.000000	-1.000000	-1.000000	-1.000000	-1.000000	-1.000000	-1.000000	74.620690	0.000000	-1.000000	-1.000000	1458756.000000	1772660806.183005
-26739.990000	-45195.255000	2275.155000	1986.525000	5999.850000	5026.410000	2924.865000	1901.655000	8.200464	10.351232	11.499560	9.691437	7.531769	4.612092	1.408774	6.290459	-6.958560	0.503580	-1.480220	0.901121	0.141235	0.393981	-1.000000	-1.000000	-1.000000	-1.000000	-1.000000	-1.000000	-1.000000	74.620690	0.000000	-1.000000	-1.000000	1458757.000000	1772660806.190355
-26725.095000	-45187.875000	2278.485000	1988.685000	6002.640000	5031.540000	2933.100000	1922.805000	10.902077	15.504998	16.022255	15.688622	15.298408	11.507293	0.508398	7.914259	-6.958560	0.503580	-1.480220	0.901121	0.141235	0.393981	-1.000000	-1.000000	-1.000000	-1.000000	-1.000000	-1.000000	-1.000000	74.620690	0.000000	-1.000000	-1.000000	1458758.000000	1772660806.190364
-26749.350000	-45190.755000	2281.455000	1995.255000	6007.005000	5030.010000	2917.845000	1865.880000	5.467849	11.129221	11.109698	12.131298	13.746106	11.492679	-2.103045	1.625816	-6.958560	0.503580	-1.480220	0.901121	0.141235	0.393981	-1.000000	-1.000000	-1.000000	-1.000000	-1.000000	-1.000000	-1.000000	74.620690	0.000000	-1.000000	-1.000000	1458759.000000	1772660806.190767
-26717.940000	-45166.860000	2302.380000	2014.110000	6023.835000	5045.490000	2937.330000	1914.480000	-1.558016	3.053529	2.800462	4.621976	7.529555	7.959320	-3.180268	-5.518192	-6.958560	0.503580	-1.480220	0.901121	0.141235	0.393981	-1.000000	-1.000000	-1.000000	-1.000000	-1.000000	-1.000000	-1.000000	74.620690	0.000000	-1.000000	-1.000000	1458760.000000	1772660806.190771
-26711.865000	-45165.555000	2300.715000	2008.845000	6019.515000	5048.370000	2951.730000	1928.295000	-2.859834	-1.470972	-1.918861	-0.058845	2.929943	5.431117	-0.373908	-5.360004	-5.844580	1.068200	-1.175020	0.903013	0.138794	0.392882	-1.000000	-1.000000	-1.000000	-1.000000	-1.000000	-1.000000	-1.000000	74.620690	0.000000	-1.000000	-1.000000	1458761.000000	1772660806.197026
-26763.930000	-45207.225000	2265.165000	1978.830000	5993.505000	5022.945000	2923.155000	1865.295000	0.841745	-1.857418	-2.607376	-1.370017	0.769898	3.858291	4.039478	1.326453	-5.844580	1.068200	-1.175020	0.903013	0.138794	0.392882	-1.000000	-1.000000	-1.000000	-1.000000	-1.000000	-1.000000	-1.000000	74.620690	0.000000	-1.000000	-1.000000	1458762.000000	1772660806.197036
-26733.465000	-45188.865000	2279.880000	1991.745000	6005.430000	5026.455000	2920.140000	1896.705000	2.568304	-2.850077	-3.760837	-3.339886	-2.356531	-0.189168	4.806784	5.833026	-5.844580	1.068200	-1.175020	0.903013	0.138794	0.392882	-1.000000	-1.000000	-1.000000	-1.000000	-1.000000	-1.000000	-1.000000	74.620690	0.000000	-1.000000	-1.000000	1458763.000000	1772660806.203042
-26684.145000	-45150.390000	2316.420000	2026.755000	6040.620000	5064.120000	2960.370000	1971.270000	0.568548	-5.547109	-6.479832	-6.774732	-6.955048	-6.525033	1.163642	5.342280	-5.844580	1.068200	-1.175020	0.903013	0.138794	0.392882	-1.000000	-1.000000	-1.000000	-1.000000	-1.000000	-1.000000	-1.000000	74.620690	0.000000	-1.000000	-1.000000	1458764.000000	1772660806.203051
-26551.530000	-45019.755000	2447.595000	2156.625000	6166.575000	5183.010000	3062.070000	2137.545000	1.135181	-4.461301	-5.441418	-6.382461	-7.711049	-8.787707	-0.613058	7.096355	-5.844580	1.068200	-1.175020	0.903013	0.138794	0.392882	-1.000000	-1.000000	-1.000000	-1.000000	-1.000000	-1.000000	-1.000000	74.620690	0.000000	-1.000000	-1.000000	1458765.000000	1772660806.203289
-26662.815000	-45112.770000	2359.800000	2068.830000	6080.580000	5101.650000	2991.105000	1985.490000	6.878837	3.392668	2.733127	1.357969	-0.945792	-2.883135	3.353331	13.557190	-5.844580	1.068200	-1.175020	0.903013	0.138794	0.392882	-1.000000	-1.000000	-1.000000	-1.000000	-1.000000	-1.000000	-1.000000	74.620690	0.000000	-1.000000	-1.000000	1458766.000000	1772660806.203293
-26843.355000	-45270.630000	2204.820000	1915.515000	5929.785000	4959.405000	2880.945000	1767.420000	6.671388	7.963314	8.508841	7.233981	4.607682	2.626149	5.516060	10.516788	-5.844580	1.068200	-1.175020	0.903013	0.138794	0.392882	-1.000000	-1.000000	-1.000000	-1.000000	-1.000000	-1.000000	-1.000000	74.620690	0.000000	-1.000000	-1.000000	1458767.000000	1772660806.207699
-26798.130000	-45214.965000	2240.910000	1949.985000	5965.830000	4995.135000	2906.595000	1816.785000	-9.583528	-2.180238	-0.279055	-0.886283	-2.699123	-3.476180	-2.797335	-13.064194	-5.844580	1.068200	-1.175020	0.903013	0.138794	0.392882	-1.000000	-1.000000	-1.000000	-1.000000	-1.000000	-1.000000	-1.000000	74.620690	0.000000	-1.000000	-1.000000	1458768.000000	1772660806.207709
-26767.440000	-45193.365000	2239.740000	1946.655000	5964.615000	4995.630000	2904.570000	1843.110000	-30.569376	-19.523320	-18.031604	-17.769909	-17.783093	-16.525476	-16.584912	-41.500908	-5.844580	1.068200	-1.175020	0.903013	0.138794	0.392882	-1.000000	-1.000000	-1.000000	-1.000000	-1.000000	-1.000000	-1.000000	74.620690	0.000000	-1.000000	-1.000000	1458769.000000	1772660806.210793
-26728.155000	-45165.555000	2272.005000	1987.605000	6003.135000	5027.535000	2920.995000	1888.245000	-34.964277	-25.733998	-27.002701	-25.977091	-24.156425	-21.634704	-23.272788	-48.436703	-5.844580	1.068200	-1.175020	0.903013	0.138794	0.392882	-1.000000	-1.000000	-1.000000	-1.000000	-1.000000	-1.000000	-1.000000	74.620690	0.000000	-1.000000	-1.000000	1458770.000000	1772660806.210801
-26726.445000	-45181.395000	2290.320000	2006.685000	6019.560000	5045.760000	2941.380000	1907.820000	-15.463672	-13.410959	-17.170240	-15.550043	-13.049623	-11.219430	-16.151091	-24.621503	-6.882260	1.159760	-1.022420	0.903440	0.137756	0.387511	-1.000000	-1.000000	-1.000000	-1.000000	-1.000000	-1.000000	-1.000000	74.620690	0.000000	-1.000000	-1.000000	1458771.000000	1772660806.214915
-26756.235000	-45207.405000	2292.390000	1997.775000	6006.015000	5030.730000	2928.060000	1880.460000	15.163331	8.164631	5.973386	7.671780	9.176486	9.036700	1.389626	15.483919	-6.882260	1.159760	-1.022420	0.903440	0.137756	0.387511	-1.000000	-1.000000	-1.000000	-1.000000	-1.000000	-1.000000	-1.000000	74.620690	0.000000	-1.000000	-1.000000	1458772.000000	1772660806.214923
-26747.685000	-45193.140000	2286.090000	1991.430000	6000.975000	5029.200000	2931.975000	1891.530000	35.140234	22.560869	26.122152	26.867385	26.365878	24.728230	17.868887	44.707320	-6.882260	1.159760	-1.022420	0.903440	0.137756	0.387511	-1.000000	-1.000000	-1.000000	-1.000000	-1.000000	-1.000000	-1.000000	74.620690	0.000000	-1.000000	-1.000000	1458773.000000	1772660806.218928
-26738.055000	-45186.570000	2284.605000	1992.600000	6004.125000	5033.295000	2940.120000	1905.705000	32.076864	20.697363	29.194934	28.325845	26.242555	24.545945	22.381769	45.050764	-6.882260	1.159760	-1.022420	0.903440	0.137756	0.387511	-1.000000	-1.000000	-1.000000	-1.000000	-1.000000	-1.000000	-1.000000	74.620690	0.000000	-1.000000	-1.000000	1458774.000000	1772660806.218936
-26737.245000	-45184.680000	2285.595000	1993.860000	6005.790000	5031.540000	2936.115000	1903.635000	13.950803	8.935701	16.695802	14.737577	12.538887	11.742482	15.282303	24.001635	-6.882260	1.159760	-1.022420	0.903440	0.137756	0.387511	-1.000000	-1.000000	-1.000000	-1.000000	-1.000000	-1.000000	-1.000000	74.620690	0.000000	-1.000000	-1.000000	1458775.000000	1772660806.222912
-26743.635000	-45187.560000	2281.185000	1987.515000	5999.850000	5025.555000	2931.345000	1892.295000	-0.197953	1.517331	3.210537	1.350864	0.362865	0.261729	6.549705	4.786066	-6.882260	1.159760	-1.022420	0.903440	0.137756	0.387511	-1.000000	-1.000000	-1.000000	-1.000000	-1.000000	-1.000000	-1.000000	74.620690	0.000000	-1.000000	-1.000000	1458776.000000	1772660806.222921
-26742.105000	-45183.240000	2289.330000	1997.505000	6009.885000	5032.485000	2934.135000	1894.860000	-1.883894	3.378131	-1.676242	-2.525998	-1.917231	-2.098514	2.610940	-0.864926	-6.882260	1.159760	-1.022420	0.903440	0.137756	0.387511	-1.000000	-1.000000	-1.000000	-1.000000	-1.000000	-1.000000	-1.000000	74.620690	0.000000	-1.000000	-1.000000	1458777.000000	1772660806.226782
-26718.075000	-45167.940000	2304.990000	2013.930000	6028.110000	5052.735000	2957.355000	1931.940000	1.237155	6.770760	-1.024402	-0.562828	1.144638	0.501919	1.416222	-0.423071	-6.882260	1.159760	-1.022420	0.903440	0.137756	0.387511	-1.000000	-1.000000	-1.000000	-1.000000	-1.000000	-1.000000	-1.000000	74.620690	0.000000	-1.000000	-1.000000	1458778.000000	1772660806.226787
-26680.905000	-45133.290000	2337.075000	2042.055000	6053.580000	5079.465000	2987.955000	1971.495000	0.633591	4.951690	-0.860219	0.449770	2.376981	1.645274	-0.269940	-2.945934	-6.882260	1.159760	-1.022420	0.903440	0.137756	0.387511	-1.000000	-1.000000	-1.000000	-1.000000	-1.000000	-1.000000	-1.000000	74.620690	0.000000	-1.000000	-1.000000	1458779.000000	1772660806.230912
-26711.190000	-45155.340000	2317.770000	2024.820000	6035.805000	5062.860000	2963.385000	1928.655000	-4.081215	-0.824408	-3.375709	-2.211264	-0.845100	-0.856059	-3.030904	-9.213835	-6.882260	1.159760	-1.022420	0.903440	0.137756	0.387511	-1.000000	-1.000000	-1.000000	-1.000000	-1.000000	-1.000000	-1.000000	74.620690	0.000000	-1.000000	-1.000000	1458780.000000	1772660806.230920
-26727.930000	-45183.015000	2287.260000	1994.985000	6011.370000	5043.555000	2936.700000	1905.660000	-10.227192	-7.389688	-8.666297	-8.155477	-7.645364	-6.354135	-7.194254	-17.092901	-9.201780	1.266580	-0.305200	0.904905	0.139709	0.381347	-1.000000	-1.000000	-1.000000	-1.000000	-1.000000	-1.000000	-1.000000	74.620690	0.000000	-1.000000	-1.000000	1458781.000000	1772660806.237288
-26735.265000	-45196.605000	2275.110000	1985.715000	6006.645000	5039.325000	2942.010000	1902.960000	-16.243185	-14.208108	-15.773627	-15.534489	-15.545324	-13.110897	-12.834034	-24.624853	-9.201780	1.266580	-0.305200	0.904905	0.139709	0.381347	-1.000000	-1.000000	-1.000000	-1.000000	-1.000000	-1.000000	-1.000000	74.620690	0.000000	-1.000000	-1.000000	1458782.000000	1772660806.237297
-26711.820000	-45168.255000	2305.035000	2014.290000	6031.035000	5048.460000	2938.095000	1929.870000	-19.337833	-19.362310	-20.275072	-19.842821	-19.917760	-17.491912	-17.061536	-27.194982	-9.201780	1.266580	-0.305200	0.904905	0.139709	0.381347	-1.000000	-1.000000	-1.000000	-1.000000	-1.000000	-1.000000	-1.000000	74.620690	0.000000	-1.000000	-1.000000	1458783.000000	1772660806.238927
-26725.185000	-45171.720000	2303.145000	2012.715000	6027.705000	5043.735000	2931.615000	1916.280000	-14.600066	-17.084214	-15.486475	-14.956414	-15.188634	-14.537490	-14.974575	-18.264869	-9.201780	1.266580	-0.305200	0.904905	0.139709	0.381347	-1.000000	-1.000000	-1.000000	-1.000000	-1.000000	-1.000000	-1.000000	74.620690	0.000000	-1.000000	-1.000000	1458784.000000	1772660806.238934
-26729.730000	-45170.100000	2301.120000	2008.935000	6021.135000	5041.305000	2936.700000	1896.255000	-1.487727	-5.282903	-0.745873	-0.567242	-1.464537	-3.464523	-5.162709	1.619345	-9.201780	1.266580	-0.305200	0.904905	0.139709	0.381347	-1.000000	-1.000000	-1.000000	-1.000000	-1.000000	-1.000000	-1.000000	74.620690	0.000000	-1.000000	-1.000000	1458785.000000	1772660806.242811
-26750.520000	-45197.190000	2271.960000	1981.395000	5994.855000	5018.625000	2920.635000	1876.005000	12.185233	8.906516	14.877900	14.396663	12.625413	9.137737	7.346856	20.709192	-9.201780	1.266580	-0.305200	0.904905	0.139709	0.381347	-1.000000	-1.000000	-1.000000	-1.000000	-1.000000	-1.000000	-1.000000	74.620690	0.000000	-1.000000	-1.000000	1458786.000000	1772660806.242817
-26697.645000	-45156.555000	2312.280000	2021.310000	6033.870000	5052.465000	2947.770000	1952.640000	17.773115	16.219915	21.207448	20.140333	17.976938	15.233916	15.201083	27.403534	-9.201780	1.266580	-0.305200	0.904905	0.139709	0.381347	-1.000000	-1.000000	-1.000000	-1.000000	-1.000000	-1.000000	-1.000000	74.620690	0.000000	-1.000000	-1.000000	1458787.000000	1772660806.246878
-26675.865000	-45128.385000	2338.335000	2042.730000	6055.470000	5073.840000	2972.160000	1969.470000	14.601378	14.775107	16.679002	15.359692	13.752288	13.129811	15.439063	21.692306	-9.201780	1.266580	-0.305200	0.904905	0.139709	0.381347	-1.000000	-1.000000	-1.000000	-1.000000	-1.000000	-1.000000	-1.000000	74.620690	0.000000	-1.000000	-1.000000	1458788.000000	1772660806.246886
-26778.690000	-45214.740000	2257.425000	1964.160000	5981.760000	5008.275000	2915.460000	1842.120000	7.070986	8.532456	6.490380	5.308353	5.120635	6.549975	10.373596	9.980053	-9.201780	1.266580	-0.305200	0.904905	0.139709	0.381347	-1.000000	-1.000000	-1.000000	-1.000000	-1.000000	-1.000000	-1.000000	74.620690	0.000000	-1.000000	-1.000000	1458789.000000	1772660806.251112
-26766.855000	-45203.715000	2270.295000	1976.175000	5991.660000	5017.725000	2920.500000	1858.680000	-2.323320	0.406515	-4.459338	-5.127443	-3.718435	-1.106456	3.007570	-4.062872	-9.201780	1.266580	-0.305200	0.904905	0.139709	0.381347	-1.000000	-1.000000	-1.000000	-1.000000	-1.000000	-1.000000	-1.000000	74.620690	0.000000	-1.000000	-1.000000	1458790.000000	1772660806.251117
-26752.230000	-45189.450000	2285.370000	1988.370000	5999.670000	5026.005000	2933.370000	1881.675000	-10.809432	-7.026938	-11.955999	-11.951290	-9.788582	-7.064288	-4.057559	-16.238589	-7.233240	1.892240	0.015260	0.901609	0.138916	0.379882	-1.000000	-1.000000	-1.000000	-1.000000	-1.000000	-1.000000	-1.000000	74.620690	0.000000	-1.000000	-1.000000	1458791.000000	1772660806.254932
-26727.165000	-45181.080000	2292.480000	1996.695000	6009.210000	5033.520000	2939.940000	1904.400000	-12.887452	-9.719866	-12.222790	-11.746474	-10.123482	-8.067847	-7.357432	-19.185842	-7.233240	1.892240	0.015260	0.901609	0.138916	0.379882	-1.000000	-1.000000	-1.000000	-1.000000	-1.000000	-1.000000	-1.000000	74.620690	0.000000	-1.000000	-1.000000	1458792.000000	1772660806.254938
-26722.215000	-45177.390000	2295.540000	2001.330000	6015.420000	5034.870000	2934.270000	1908.045000	-5.732485	-6.038783	-5.466054	-4.761168	-4.294941	-3.295318	-5.209269	-9.603436	-7.233240	1.892240	0.015260	0.901609	0.138916	0.379882	-1.000000	-1.000000	-1.000000	-1.000000	-1.000000	-1.000000	-1.000000	74.620690	0.000000	-1.000000	-1.000000	1458793.000000	1772660806.258902
-26728.515000	-45176.940000	2299.365000	2008.080000	6021.945000	5042.115000	2936.385000	1903.905000	6.481235	1.245761	3.941524	4.872488	4.561852	4.143679	-0.102014	6.893407	-7.233240	1.892240	0.015260	0.901609	0.138916	0.379882	-1.000000	-1.000000	-1.000000	-1.000000	-1.000000	-1.000000	-1.000000	74.620690	0.000000	-1.000000	-1.000000	1458794.000000	1772660806.258906
-26731.845000	-45180.315000	2293.110000	2006.505000	6025.950000	5049.225000	2935.710000	1902.015000	15.145917	7.274410	10.599346	11.851974	11.528390	9.593692	3.691109	19.208752	-7.233240	1.892240	0.015260	0.901609	0.138916	0.379882	-1.000000	-1.000000	-1.000000	-1.000000	-1.000000	-1.000000	-1.000000	74.620690	0.000000	-1.000000	-1.000000	1458795.000000	1772660806.262837
-26718.300000	-45173.610000	2290.905000	2001.915000	6019.155000	5041.755000	2933.010000	1916.190000	13.671461	7.850098	10.245596	11.730391	11.926930	9.231321	3.168308	18.411521	-7.233240	1.892240	0.015260	0.901609	0.138916	0.379882	-1.000000	-1.000000	-1.000000	-1.000000	-1.000000	-1.000000	-1.000000	74.620690	0.000000	-1.000000	-1.000000	1458796.000000	1772660806.262844
-26695.620000	-45157.995000	2308.410000	2018.970000	6035.985000	5062.950000	2964.240000	1961.505000	3.715772	2.946519	3.050700	4.355714	5.016015	2.852382	-0.984938	6.316569	-7.233240	1.892240	0.015260	0.901609	0.138916	0.379882	-1.000000	-1.000000	-1.000000	-1.000000	-1.000000	-1.000000	-1.000000	74.620690	0.000000	-1.000000	-1.000000	1458797.000000	1772660806.266917
-26724.555000	-45180.360000	2287.440000	1995.930000	6010.470000	5038.065000	2945.250000	1913.400000	-5.579250	-2.095936	-4.596069	-4.090100	-3.650366	-4.442649	-3.905301	-5.181210	-7.233240	1.892240	0.015260	0.901609	0.138916	0.379882	-1.000000	-1.000000	-1.000000	-1.000000	-1.000000	-1.000000	-1.000000	74.620690	0.000000	-1.000000	-1.000000	1458798.000000	1772660806.266925
-26750.655000	-45203.670000	2266.155000	1977.570000	5994.000000	5020.920000	2928.645000	1879.515000	-8.543593	-3.532308	-7.338801	-8.049075	-8.542332	-8.065314	-2.858610	-9.250658	-7.233240	1.892240	0.015260	0.901609	0.138916	0.379882	-1.000000	-1.000000	-1.000000	-1.000000	-1.000000	-1.000000	-1.000000	74.620690	0.000000	-1.000000	-1.000000	1458799.000000	1772660806.270841
-26704.980000	-45161.145000	2307.690000	2018.115000	6031.980000	5056.335000	2954.880000	1928.430000	-7.523730	-3.029992	-6.008038	-7.711128	-9.114873	-8.025866	-0.401521	-9.488055	-7.233240	1.892240	0.015260	0.901609	0.138916	0.379882	-1.000000	-1.000000	-1.000000	-1.000000	-1.000000	-1.000000	-1.000000	74.620690	0.000000	-1.000000	-1.000000	1458800.000000	1772660806.270849
-26735.715000	-45183.240000	2287.170000	1997.865000	6011.235000	5041.440000	2956.590000	1894.995000	-5.606317	-2.319030	-2.906469	-4.863583	-6.477801	-5.290565	1.283990	-9.094864	-5.112100	2.578940	0.534100	0.901243	0.137817	0.377990	-1.000000	-1.000000	-1.000000	-1.000000	-1.000000	-1.000000	-1.000000	74.620690	0.000000	-1.000000	-1.000000	1458801.000000	1772660806.274918
-26683.605000	-45133.380000	2337.435000	2048.220000	6058.620000	5080.680000	2990.340000	1976.445000	-3.196081	-1.036441	0.974297	-0.551496	-1.694863	-0.585350	2.712918	-6.711408	-5.112100	2.578940	0.534100	0.901243	0.137817	0.377990	-1.000000	-1.000000	-1.000000	-1.000000	-1.000000	-1.000000	-1.000000	74.620690	0.000000	-1.000000	-1.000000	1458802.000000	1772660806.274927
-26709.255000	-45156.105000	2312.235000	2021.805000	6029.370000	5047.245000	2945.880000	1929.330000	0.242070	1.260076	4.783334	3.941005	3.463812	4.130082	3.835418	-0.843124	-5.112100	2.578940	0.534100	0.901243	0.137817	0.377990	-1.000000	-1.000000	-1.000000	-1.000000	-1.000000	-1.000000	-1.000000	74.620690	0.000000	-1.000000	-1.000000	1458803.000000	1772660806.280581
-26789.130000	-45233.640000	2236.950000	1949.670000	5962.500000	4989.195000	2896.335000	1833.840000	2.396770	2.148441	5.533448	5.250840	5.265699	4.964097	1.822707	4.001348	-5.112100	2.578940	0.534100	0.901243	0.137817	0.377990	-1.000000	-1.000000	-1.000000	-1.000000	-1.000000	-1.000000	-1.000000	74.620690	0.000000	-1.000000	-1.000000	1458804.000000	1772660806.280588
-26746.830000	-45194.625000	2278.440000	1992.600000	6005.475000	5029.875000	2927.655000	1884.555000	-0.855184	-2.050779	0.048307	0.262202	0.723552	-0.389960	-5.041951	0.687119	-5.112100	2.578940	0.534100	0.901243	0.137817	0.377990	-1.000000	-1.000000	-1.000000	-1.000000	-1.000000	-1.000000	-1.000000	74.620690	0.000000	-1.000000	-1.000000	1458805.000000	1772660806.282857
-26731.845000	-45180.000000	2292.210000	2004.570000	6015.690000	5039.145000	2938.590000	1899.585000	-6.412803	-8.087777	-7.566412	-6.717585	-5.682703	-6.903445	-11.813404	-7.244853	-5.112100	2.578940	0.534100	0.901243	0.137817	0.377990	-1.000000	-1.000000	-1.000000	-1.000000	-1.000000	-1.000000	-1.000000	74.620690	0.000000	-1.000000	-1.000000	1458806.000000	1772660806.282864
-26737.785000	-45180.045000	2294.010000	2005.695000	6015.285000	5037.120000	2937.780000	1891.845000	-5.865704	-7.873691	-8.790904	-7.410293	-5.980023	-6.889404	-11.220991	-8.309750	-5.112100	2.578940	0.534100	0.901243	0.137817	0.377990	-1.000000	-1.000000	-1.000000	-1.000000	-1.000000	-1.000000	-1.000000	74.620690	0.000000	-1.000000	-1.000000	1458807.000000	1772660806.286922
-26734.815000	-45181.215000	2289.825000	2000.745000	6011.280000	5034.150000	2938.005000	1897.965000	2.324475	0.083216	-1.925051	-0.560073	0.746411	0.276698	-2.485817	0.933964	-5.112100	2.578940	0.534100	0.901243	0.137817	0.377990	-1.000000	-1.000000	-1.000000	-1.000000	-1.000000	-1.000000	-1.000000	74.620690	0.000000	-1.000000	-1.000000	1458808.000000	1772660806.286930
-26727.435000	-45174.060000	2295.135000	2004.030000	6012.990000	5034.555000	2940.345000	1904.805000	11.371552	9.215019	6.659875	7.371863	8.129605	8.259200	8.170002	12.937465	-5.112100	2.578940	0.534100	0.901243	0.137817	0.377990	-1.000000	-1.000000	-1.000000	-1.000000	-1.000000	-1.000000	-1.000000	74.620690	0.000000	-1.000000	-1.000000	1458809.000000	1772660806.290864
-26725.995000	-45177.795000	2287.035000	1997.460000	6006.870000	5031.000000	2940.390000	1910.115000	14.522546	12.750664	10.241343	10.011027	10.124818	10.937724	13.751516	18.675981	-5.112100	2.578940	0.534100	0.901243	0.137817	0.377990	-1.000000	-1.000000	-1.000000	-1.000000	-1.000000	-1.000000	-1.000000	74.620690	0.000000	-1.000000	-1.000000	1458810.000000	1772660806.290872
-26727.120000	-45176.040000	2291.625000	2006.415000	6017.850000	5041.755000	2947.545000	1912.770000	10.036858	8.759242	6.841114	5.970981	5.672336	7.099310	11.757291	14.545720	-6.500760	2.868880	-0.320460	0.900205	0.138672	0.375731	-1.000000	-1.000000	-1.000000	-1.000000	-1.000000	-1.000000	-1.000000	74.620690	0.000000	-1.000000	-1.000000	1458811.000000	1772660806.294927
-26688.420000	-45136.350000	2334.420000	2045.430000	6051.105000	5072.355000	2973.870000	1958.355000	1.890756	1.306426	0.565167	-0.280131	-0.687561	1.059513	5.856232	4.728252	-6.500760	2.868880	-0.320460	0.900205	0.138672	0.375731	-1.000000	-1.000000	-1.000000	-1.000000	-1.000000	-1.000000	-1.000000	74.620690	0.000000	-1.000000	-1.000000	1458812.000000	1772660806.294932
-26661.015000	-45103.275000	2366.460000	2073.690000	6078.015000	5097.600000	2991.105000	1965.690000	-2.665684	-2.063886	-1.187351	-1.673691	-2.266415	-0.970392	2.182380	-1.963393	-6.500760	2.868880	-0.320460	0.900205	0.138672	0.375731	-1.000000	-1.000000	-1.000000	-1.000000	-1.000000	-1.000000	-1.000000	74.620690	0.000000	-1.000000	-1.000000	1458813.000000	1772660806.298948
-26724.915000	-45160.470000	2310.705000	2023.605000	6038.415000	5053.095000	2938.770000	1884.330000	-1.983265	0.323364	2.569367	2.299038	1.364436	1.257991	1.348009	-3.664653	-6.500760	2.868880	-0.320460	0.900205	0.138672	0.375731	-1.000000	-1.000000	-1.000000	-1.000000	-1.000000	-1.000000	-1.000000	74.620690	0.000000	-1.000000	-1.000000	1458814.000000	1772660806.298956
-26737.065000	-45177.300000	2294.235000	2010.960000	6031.125000	5046.570000	2931.120000	1892.430000	-2.530594	1.288684	3.920033	3.911159	3.218699	1.415551	-1.822650	-6.955565	-6.500760	2.868880	-0.320460	0.900205	0.138672	0.375731	-1.000000	-1.000000	-1.000000	-1.000000	-1.000000	-1.000000	-1.000000	74.620690	0.000000	-1.000000	-1.000000	1458815.000000	1772660806.302855
-26733.060000	-45172.620000	2299.635000	2016.315000	6034.320000	5055.885000	2952.135000	1903.905000	-7.797806	-3.934145	-2.001748	-1.365278	-0.878545	-3.499191	-8.562813	-13.243086	-6.500760	2.868880	-0.320460	0.900205	0.138672	0.375731	-1.000000	-1.000000	-1.000000	-1.000000	-1.000000	-1.000000	-1.000000	74.620690	0.000000	-1.000000	-1.000000	1458816.000000	1772660806.302862
-26664.030000	-45120.375000	2347.560000	2061.585000	6074.235000	5090.670000	2982.825000	1992.240000	-12.497961	-10.697209	-10.073982	-8.751202	-7.112866	-8.964076	-13.085252	-15.284359	-6.500760	2.868880	-0.320460	0.900205	0.138672	0.375731	-1.000000	-1.000000	-1.000000	-1.000000	-1.000000	-1.000000	-1.000000	74.620690	0.000000	-1.000000	-1.000000	1458817.000000	1772660806.311067
-26666.955000	-45122.805000	2343.735000	2057.040000	6067.710000	5088.330000	2993.805000	1988.235000	-9.967471	-11.591247	-12.270254	-10.896847	-9.357347	-9.384024	-10.279763	-7.573440	-6.500760	2.868880	-0.320460	0.900205	0.138672	0.375731	-1.000000	-1.000000	-1.000000	-1.000000	-1.000000	-1.000000	-1.000000	74.620690	0.000000	-1.000000	-1.000000	1458818.000000	1772660806.311074
-26651.745000	-45115.245000	2345.445000	2054.430000	6065.775000	5090.805000	3011.895000	2018.385000	-0.580170	-5.237419	-6.783650	-6.291710	-6.178946	-4.433891	-1.421300	6.110492	-6.500760	2.868880	-0.320460	0.900205	0.138672	0.375731	-1.000000	-1.000000	-1.000000	-1.000000	-1.000000	-1.000000	-1.000000	74.620690	0.000000	-1.000000	-1.000000	1458819.000000	1772660806.311231
-26751.330000	-45179.955000	2289.285000	2001.960000	6014.700000	5034.420000	2927.160000	1864.395000	7.650493	2.427775	0.647558	-0.322821	-1.882575	0.815706	6.645919	14.304650	-6.500760	2.868880	-0.320460	0.900205	0.138672	0.375731	-1.000000	-1.000000	-1.000000	-1.000000	-1.000000	-1.000000	-1.000000	74.620690	0.000000	-1.000000	-1.000000	1458820.000000	1772660806.311238
-26810.730000	-45238.545000	2230.695000	1941.795000	5955.345000	4980.375000	2886.480000	1786.455000	5.561966	3.423581	2.170899	0.101486	-2.148810	0.320317	6.134150	6.353786	-6.973820	2.289000	-0.930860	0.899900	0.138427	0.374816	-1.000000	-1.000000	-1.000000	-1.000000	-1.000000	-1.000000	-1.000000	74.620690	0.000000	-1.000000	-1.000000	1458821.000000	1772660806.315004
-26756.820000	-45194.895000	2274.255000	1984.140000	5996.970000	5020.110000	2917.125000	1856.160000	-6.547463	-3.688219	-3.828537	-5.852282	-7.466763	-6.194637	-3.282725	-14.190514	-6.973820	2.289000	-0.930860	0.899900	0.138427	0.374816	-1.000000	-1.000000	-1.000000	-1.000000	-1.000000	-1.000000	-1.000000	74.620690	0.000000	-1.000000	-1.000000	1458822.000000	1772660806.315012
-26739.315000	-45179.820000	2289.960000	2001.195000	6013.620000	5035.365000	2923.470000	1878.300000	-15.432274	-9.635328	-8.727211	-9.743976	-10.191662	-10.394498	-11.453223	-27.214943	-6.973820	2.289000	-0.930860	0.899900	0.138427	0.374816	-1.000000	-1.000000	-1.000000	-1.000000	-1.000000	-1.000000	-1.000000	74.620690	0.000000	-1.000000	-1.000000	1458823.000000	1772660806.319187
-26734.770000	-45171.045000	2303.505000	2017.215000	6027.930000	5048.865000	2935.305000	1886.895000	-9.287604	-4.677283	-3.310790	-3.106391	-2.874911	-4.313282	-8.796704	-17.470531	-6.973820	2.289000	-0.930860	0.899900	0.138427	0.374816	-1.000000	-1.000000	-1.000000	-1.000000	-1.000000	-1.000000	-1.000000	74.620690	0.000000	-1.000000	-1.000000	1458824.000000	1772660806.319196
-26715.195000	-45150.390000	2318.535000	2029.230000	6035.895000	5054.130000	2942.685000	1899.360000	8.174737	9.118807	10.320895	11.423736	11.638077	9.384164	3.017522	8.051229	-6.973820	2.289000	-0.930860	0.899900	0.138427	0.374816	-1.000000	-1.000000	-1.000000	-1.000000	-1.000000	-1.000000	-1.000000	74.620690	0.000000	-1.000000	-1.000000	1458825.000000	1772660806.323011
-26725.995000	-45163.350000	2304.585000	2018.295000	6027.480000	5044.995000	2933.595000	1892.745000	22.774143	20.609559	21.202958	22.713247	22.785450	20.277534	14.274549	29.375180	-6.973820	2.289000	-0.930860	0.899900	0.138427	0.374816	-1.000000	-1.000000	-1.000000	-1.000000	-1.000000	-1.000000	-1.000000	74.620690	0.000000	-1.000000	-1.000000	1458826.000000	1772660806.323019
-26737.200000	-45191.430000	2274.705000	1989.270000	6000.750000	5024.970000	2937.285000	1908.855000	23.719825	20.470520	20.311110	21.844714	22.271417	20.261361	16.874863	32.716889	-6.973820	2.289000	-0.930860	0.899900	0.138427	0.374816	-1.000000	-1.000000	-1.000000	-1.000000	-1.000000	-1.000000	-1.000000	74.620690	0.000000	-1.000000	-1.000000	1458827.000000	1772660806.326959
-26736.255000	-45191.970000	2270.970000	1984.500000	5993.100000	5017.815000	2936.430000	1908.585000	11.723779	8.550400	7.812466	9.105172	10.326393	9.592208	10.460969	19.845280	-6.973820	2.289000	-0.930860	0.899900	0.138427	0.374816	-1.000000	-1.000000	-1.000000	-1.000000	-1.000000	-1.000000	-1.000000	74.620690	0.000000	-1.000000	-1.000000	1458828.000000	1772660806.326966
-26739.045000	-45184.545000	2282.085000	1996.245000	6004.755000	5029.515000	2936.925000	1895.805000	-2.673062	-5.913409	-7.009507	-6.280789	-4.551610	-3.627294	1.808764	3.742736	-6.973820	2.289000	-0.930860	0.899900	0.138427	0.374816	-1.000000	-1.000000	-1.000000	-1.000000	-1.000000	-1.000000	-1.000000	74.620690	0.000000	-1.000000	-1.000000	1458829.000000	1772660806.330877
-26744.220000	-45185.715000	2282.085000	1997.550000	6005.970000	5033.970000	2936.745000	1892.025000	-9.545510	-12.686337	-13.880194	-13.947832	-12.528703	-10.319535	-2.456830	-4.683288	-6.973820	2.289000	-0.930860	0.899900	0.138427	0.374816	-1.000000	-1.000000	-1.000000	-1.000000	-1.000000	-1.000000	-1.000000	74.620690	0.000000	-1.000000	-1.000000	1458830.000000	1772660806.330884
-26749.845000	-45189.090000	2280.330000	1996.515000	6006.015000	5039.460000	2945.295000	1901.115000	-8.702496	-10.215519	-11.025021	-11.756226	-11.308882	-8.664153	-2.198193	-5.977323	-5.859840	2.380560	-1.358140	0.903196	0.135925	0.373290	-1.000000	-1.000000	-1.000000	-1.000000	-1.000000	-1.000000	-1.000000	74.620690	0.000000	-1.000000	-1.000000	1458831.000000	1772660806.337671
-26734.500000	-45173.385000	2296.170000	2011.905000	6017.355000	5041.935000	2942.055000	1912.905000	-5.874883	-4.139175	-4.152952	-5.223672	-5.918194	-3.690193	-1.350278	-6.570174	-5.859840	2.380560	-1.358140	0.903196	0.135925	0.373290	-1.000000	-1.000000	-1.000000	-1.000000	-1.000000	-1.000000	-1.000000	74.620690	0.000000	-1.000000	-1.000000	1458832.000000	1772660806.337681
-26725.995000	-45166.095000	2304.225000	2019.645000	6024.645000	5044.410000	2938.140000	1912.185000	-4.217149	0.577675	1.309329	0.133948	-1.392025	-0.495427	-2.734244	-9.296420	-5.859840	2.380560	-1.358140	0.903196	0.135925	0.373290	-1.000000	-1.000000	-1.000000	-1.000000	-1.000000	-1.000000	-1.000000	74.620690	0.000000	-1.000000	-1.000000	1458833.000000	1772660806.338928
-26739.495000	-45180.630000	2288.295000	2005.695000	6014.430000	5042.340000	2948.400000	1907.550000	-3.984073	1.764155	2.873344	1.828917	0.246280	-0.749431	-6.245753	-13.005458	-5.859840	2.380560	-1.358140	0.903196	0.135925	0.373290	-1.000000	-1.000000	-1.000000	-1.000000	-1.000000	-1.000000	-1.000000	74.620690	0.000000	-1.000000	-1.000000	1458834.000000	1772660806.338935
-26735.220000	-45178.560000	2290.095000	2005.830000	6010.245000	5036.085000	2945.205000	1907.280000	-4.728222	-0.425243	0.715821	0.096784	-0.676368	-2.989035	-9.239792	-15.371994	-5.859840	2.380560	-1.358140	0.903196	0.135925	0.373290	-1.000000	-1.000000	-1.000000	-1.000000	-1.000000	-1.000000	-1.000000	74.620690	0.000000	-1.000000	-1.000000	1458835.000000	1772660806.342828
-26724.285000	-45172.305000	2293.650000	2006.685000	6009.840000	5036.310000	2942.730000	1907.235000	-4.600694	-2.938086	-2.030007	-2.144930	-1.906889	-4.336193	-9.159927	-14.120724	-5.859840	2.380560	-1.358140	0.903196	0.135925	0.373290	-1.000000	-1.000000	-1.000000	-1.000000	-1.000000	-1.000000	-1.000000	74.620690	0.000000	-1.000000	-1.000000	1458836.000000	1772660806.342836
-26728.290000	-45179.820000	2285.235000	1998.945000	6006.555000	5036.130000	2942.145000	1906.605000	-1.458815	-2.518114	-2.130924	-1.966494	-1.183423	-2.832417	-5.441541	-7.784285	-5.859840	2.380560	-1.358140	0.903196	0.135925	0.373290	-1.000000	-1.000000	-1.000000	-1.000000	-1.000000	-1.000000	-1.000000	74.620690	0.000000	-1.000000	-1.000000	1458837.000000	1772660806.346900
-26701.200000	-45149.625000	2316.960000	2031.030000	6037.920000	5067.270000	2969.820000	1943.235000	4.697304	1.167188	0.758138	0.978333	1.877076	1.456226	1.226084	3.771802	-5.859840	2.380560	-1.358140	0.903196	0.135925	0.373290	-1.000000	-1.000000	-1.000000	-1.000000	-1.000000	-1.000000	-1.000000	74.620690	0.000000	-1.000000	-1.000000	1458838.000000	1772660806.346909
-26697.015000	-45127.350000	2345.715000	2062.620000	6068.655000	5090.625000	2977.785000	1929.735000	11.163292	6.251659	5.142347	5.429165	6.208633	6.820879	8.787176	16.874278	-5.859840	2.380560	-1.358140	0.903196	0.135925	0.373290	-1.000000	-1.000000	-1.000000	-1.000000	-1.000000	-1.000000	-1.000000	74.620690	0.000000	-1.000000	-1.000000	1458839.000000	1772660806.350839
-26766.765000	-45188.910000	2285.370000	2003.310000	6011.685000	5030.640000	2919.285000	1850.220000	12.816805	9.064704	7.921247	8.432464	8.865054	9.606989	12.711703	22.630351	-5.859840	2.380560	-1.358140	0.903196	0.135925	0.373290	-1.000000	-1.000000	-1.000000	-1.000000	-1.000000	-1.000000	-1.000000	74.620690	0.000000	-1.000000	-1.000000	1458840.000000	1772660806.350846
-26733.330000	-45185.445000	2277.495000	1988.775000	5996.160000	5021.100000	2925.360000	1897.830000	5.821110	5.241455	4.621738	5.322732	5.355727	5.590880	8.774543	14.682835	-5.691980	1.770160	-1.556520	0.903379	0.134338	0.375304	-1.000000	-1.000000	-1.000000	-1.000000	-1.000000	-1.000000	-1.000000	74.620690	0.000000	-1.000000	-1.000000	1458841.000000	1772660806.354907
-26720.640000	-45173.250000	2288.115000	1999.305000	6004.710000	5027.985000	2933.460000	1910.880000	-6.148783	-4.489099	-4.842100	-4.370710	-4.580941	-4.422467	-1.157672	-1.334208	-5.691980	1.770160	-1.556520	0.903379	0.134338	0.375304	-1.000000	-1.000000	-1.000000	-1.000000	-1.000000	-1.000000	-1.000000	74.620690	0.000000	-1.000000	-1.000000	1458842.000000	1772660806.354915
-26718.120000	-45166.365000	2295.180000	2008.305000	6012.225000	5033.160000	2936.295000	1914.930000	-14.198084	-12.801536	-13.403226	-13.557172	-13.955093	-13.224751	-9.886718	-13.208282	-5.691980	1.770160	-1.556520	0.903379	0.134338	0.375304	-1.000000	-1.000000	-1.000000	-1.000000	-1.000000	-1.000000	-1.000000	74.620690	0.000000	-1.000000	-1.000000	1458843.000000	1772660806.359729
-26706.195000	-45155.250000	2306.115000	2018.520000	6020.775000	5039.595000	2943.045000	1927.260000	-13.232191	-13.062536	-13.781305	-14.409433	-15.058323	-13.964462	-11.834836	-14.484910	-5.691980	1.770160	-1.556520	0.903379	0.134338	0.375304	-1.000000	-1.000000	-1.000000	-1.000000	-1.000000	-1.000000	-1.000000	74.620690	0.000000	-1.000000	-1.000000	1458844.000000	1772660806.359736
-26713.080000	-45154.620000	2312.145000	2028.735000	6033.420000	5053.815000	2954.430000	1926.360000	-5.188124	-5.188801	-5.276029	-5.742830	-6.536276	-5.829005	-6.441213	-7.032297	-5.691980	1.770160	-1.556520	0.903379	0.134338	0.375304	-1.000000	-1.000000	-1.000000	-1.000000	-1.000000	-1.000000	-1.000000	74.620690	0.000000	-1.000000	-1.000000	1458845.000000	1772660806.363017
-26713.215000	-45156.105000	2309.850000	2025.855000	6030.765000	5052.960000	2953.395000	1921.410000	4.187196	5.335730	6.522941	6.807627	6.177863	6.094492	2.732260	3.085574	-5.691980	1.770160	-1.556520	0.903379	0.134338	0.375304	-1.000000	-1.000000	-1.000000	-1.000000	-1.000000	-1.000000	-1.000000	74.620690	0.000000	-1.000000	-1.000000	1458846.000000	1772660806.363024
-26709.750000	-45154.215000	2311.065000	2026.350000	6031.305000	5051.160000	2943.135000	1914.255000	9.494113	11.700687	13.912874	14.933726	14.735736	14.102338	9.706315	9.290084	-5.691980	1.770160	-1.556520	0.903379	0.134338	0.375304	-1.000000	-1.000000	-1.000000	-1.000000	-1.000000	-1.000000	-1.000000	74.620690	0.000000	-1.000000	-1.000000	1458847.000000	1772660806.367005
-26668.890000	-45121.545000	2346.795000	2063.430000	6071.490000	5089.995000	2973.240000	1978.110000	9.564016	11.022129	13.079541	14.151716	14.473397	13.880081	10.561193	9.521828	-5.691980	1.770160	-1.556520	0.903379	0.134338	0.375304	-1.000000	-1.000000	-1.000000	-1.000000	-1.000000	-1.000000	-1.000000	74.620690	0.000000	-1.000000	-1.000000	1458848.000000	1772660806.367013
-26696.340000	-45147.015000	2317.995000	2031.795000	6040.260000	5065.740000	2963.700000	1946.925000	7.541838	6.384429	7.144452	7.498150	8.268748	8.304300	7.284971	7.595388	-5.691980	1.770160	-1.556520	0.903379	0.134338	0.375304	-1.000000	-1.000000	-1.000000	-1.000000	-1.000000	-1.000000	-1.000000	74.620690	0.000000	-1.000000	-1.000000	1458849.000000	1772660806.371153
-26782.695000	-45218.430000	2251.170000	1965.420000	5970.825000	4995.945000	2903.760000	1833.570000	3.592381	0.507648	-0.129573	-0.705961	0.270601	1.228385	2.655298	3.610431	-5.691980	1.770160	-1.556520	0.903379	0.134338	0.375304	-1.000000	-1.000000	-1.000000	-1.000000	-1.000000	-1.000000	-1.000000	74.620690	0.000000	-1.000000	-1.000000	1458850.000000	1772660806.371160
-26759.520000	-45197.235000	2275.020000	1989.270000	5993.730000	5015.970000	2924.550000	1863.270000	-5.420054	-7.230847	-8.277359	-9.361160	-8.599853	-7.083843	-3.862131	-6.980399	-4.990020	1.876980	-2.395820	0.904111	0.133239	0.376586	-1.000000	-1.000000	-1.000000	-1.000000	-1.000000	-1.000000	-1.000000	74.620690	0.000000	-1.000000	-1.000000	1458851.000000	1772660806.375045
-26728.335000	-45168.705000	2306.835000	2023.560000	6027.705000	5046.930000	2944.350000	1895.310000	-15.566542	-13.903471	-14.231631	-15.193812	-15.010665	-13.907883	-10.412429	-19.721788	-4.990020	1.876980	-2.395820	0.904111	0.133239	0.376586	-1.000000	-1.000000	-1.000000	-1.000000	-1.000000	-1.000000	-1.000000	74.620690	0.000000	-1.000000	-1.000000	1458852.000000	1772660806.375052
-26715.690000	-45164.520000	2302.785000	2013.165000	6016.320000	5039.325000	2942.955000	1904.805000	-17.386744	-13.387416	-12.807854	-13.285981	-13.710265	-13.847565	-12.031383	-22.697310	-4.990020	1.876980	-2.395820	0.904111	0.133239	0.376586	-1.000000	-1.000000	-1.000000	-1.000000	-1.000000	-1.000000	-1.000000	74.620690	0.000000	-1.000000	-1.000000	1458853.000000	1772660806.378898
-26724.465000	-45169.155000	2295.720000	2002.005000	6005.835000	5028.930000	2933.730000	1894.905000	-7.940827	-4.787772	-4.327837	-4.538582	-5.343291	-6.728567	-7.460546	-11.691089	-4.990020	1.876980	-2.395820	0.904111	0.133239	0.376586	-1.000000	-1.000000	-1.000000	-1.000000	-1.000000	-1.000000	-1.000000	74.620690	0.000000	-1.000000	-1.000000	1458854.000000	1772660806.378906
-26725.320000	-45164.250000	2307.105000	2022.210000	6033.420000	5054.355000	2945.475000	1907.595000	6.338383	6.323392	5.481673	5.117932	4.316894	2.346345	-0.121755	6.351704	-4.990020	1.876980	-2.395820	0.904111	0.133239	0.376586	-1.000000	-1.000000	-1.000000	-1.000000	-1.000000	-1.000000	-1.000000	74.620690	0.000000	-1.000000	-1.000000	1458855.000000	1772660806.383088
-26692.740000	-45137.295000	2333.880000	2048.940000	6063.435000	5087.475000	2977.920000	1947.330000	16.571937	13.544411	11.419776	11.084046	10.861641	9.167838	6.452279	21.248688	-4.990020	1.876980	-2.395820	0.904111	0.133239	0.376586	-1.000000	-1.000000	-1.000000	-1.000000	-1.000000	-1.000000	-1.000000	74.620690	0.000000	-1.000000	-1.000000	1458856.000000	1772660806.383096
-26731.845000	-45183.240000	2281.590000	1991.655000	6007.185000	5033.205000	2932.785000	1882.620000	17.916512	13.637543	11.254743	11.477685	12.197906	11.559520	10.004702	25.666959	-4.990020	1.876980	-2.395820	0.904111	0.133239	0.376586	-1.000000	-1.000000	-1.000000	-1.000000	-1.000000	-1.000000	-1.000000	74.620690	0.000000	-1.000000	-1.000000	1458857.000000	1772660806.387102
-26703.180000	-45167.895000	2290.185000	2004.030000	6020.415000	5044.005000	2948.310000	1938.240000	11.520781	7.626939	5.867512	6.752473	8.110966	8.738779	9.082973	18.482168	-4.990020	1.876980	-2.395820	0.904111	0.133239	0.376586	-1.000000	-1.000000	-1.000000	-1.000000	-1.000000	-1.000000	-1.000000	74.620690	0.000000	-1.000000	-1.000000	1458858.000000	1772660806.387109
-26591.715000	-45057.555000	2375.730000	2087.235000	6102.900000	5125.455000	3026.970000	2083.995000	4.849605	2.002271	0.818901	2.063394	3.329443	4.578906	6.167222	8.876646	-4.990020	1.876980	-2.395820	0.904111	0.133239	0.376586	-1.000000	-1.000000	-1.000000	-1.000000	-1.000000	-1.000000	-1.000000	74.620690	0.000000	-1.000000	-1.000000	1458859.000000	1772660806.391064
-26711.595000	-45129.555000	2308.050000	2023.020000	6039.225000	5060.430000	2959.200000	1892.340000	3.343938	2.316573	0.865927	2.029962	2.572169	3.552640	4.849953	4.917840	-4.990020	1.876980	-2.395820	0.904111	0.133239	0.376586	-1.000000	-1.000000	-1.000000	-1.000000	-1.000000	-1.000000	-1.000000	74.620690	0.000000	-1.000000	-1.000000	1458860.000000	1772660806.391071
-26792.640000	-45222.390000	2234.160000	1957.320000	5974.290000	4995.135000	2897.820000	1803.420000	-0.330225	2.451566	0.831018	1.639664	1.231866	1.528520	1.619852	-2.416651	-4.867940	3.097780	-1.999060	0.906431	0.133423	0.375854	-1.000000	-1.000000	-1.000000	-1.000000	-1.000000	-1.000000	-1.000000	74.620690	0.000000	-1.000000	-1.000000	1458861.000000	1772660806.394988
-26745.840000	-45205.785000	2289.555000	2002.455000	6014.025000	5032.215000	2929.185000	1871.370000	-13.633257	-6.666909	-5.856021	-5.317043	-6.530597	-6.881537	-7.743736	-21.332420	-4.867940	3.097780	-1.999060	0.906431	0.133423	0.375854	-1.000000	-1.000000	-1.000000	-1.000000	-1.000000	-1.000000	-1.000000	74.620690	0.000000	-1.000000	-1.000000	1458862.000000	1772660806.394998
-26754.975000	-45209.790000	2287.620000	1991.745000	6001.110000	5023.575000	2929.590000	1870.695000	-27.765171	-20.531217	-14.065879	-13.988258	-15.822862	-16.577341	-17.531243	-38.603523	-4.867940	3.097780	-1.999060	0.906431	0.133423	0.375854	-1.000000	-1.000000	-1.000000	-1.000000	-1.000000	-1.000000	-1.000000	74.620690	0.000000	-1.000000	-1.000000	1458863.000000	1772660806.399991
-26742.150000	-45197.865000	2278.170000	1984.770000	5998.995000	5024.880000	2933.550000	1885.140000	-29.168867	-26.633966	-15.243647	-16.408498	-18.664798	-19.275916	-19.121820	-37.240783	-4.867940	3.097780	-1.999060	0.906431	0.133423	0.375854	-1.000000	-1.000000	-1.000000	-1.000000	-1.000000	-1.000000	-1.000000	74.620690	0.000000	-1.000000	-1.000000	1458864.000000	1772660806.400000
-26736.255000	-45189.630000	2285.055000	1994.445000	6010.020000	5032.395000	2937.510000	1897.920000	-15.551126	-19.036373	-8.733924	-11.369430	-13.474368	-13.343673	-11.219454	-16.620941	-4.867940	3.097780	-1.999060	0.906431	0.133423	0.375854	-1.000000	-1.000000	-1.000000	-1.000000	-1.000000	-1.000000	-1.000000	74.620690	0.000000	-1.000000	-1.000000	1458865.000000	1772660806.402901
-26721.090000	-45179.910000	2295.405000	2006.460000	6021.270000	5040.720000	2943.765000	1917.270000	5.780558	-0.827577	1.938314	-0.952004	-2.046143	-1.262235	1.892039	11.996213	-4.867940	3.097780	-1.999060	0.906431	0.133423	0.375854	-1.000000	-1.000000	-1.000000	-1.000000	-1.000000	-1.000000	-1.000000	74.620690	0.000000	-1.000000	-1.000000	1458866.000000	1772660806.402909
-26725.770000	-45176.490000	2300.445000	2013.120000	6028.335000	5048.595000	2948.940000	1913.130000	24.170997	18.933569	12.745675	11.395473	11.873508	12.565815	14.186419	34.265188	-4.867940	3.097780	-1.999060	0.906431	0.133423	0.375854	-1.000000	-1.000000	-1.000000	-1.000000	-1.000000	-1.000000	-1.000000	74.620690	0.000000	-1.000000	-1.000000	1458867.000000	1772660806.406856
-26755.470000	-45193.905000	2279.340000	1989.855000	6003.585000	5024.880000	2927.880000	1868.850000	29.659771	28.781754	17.719656	18.757343	20.691748	20.798404	19.081124	38.102685	-4.867940	3.097780	-1.999060	0.906431	0.133423	0.375854	-1.000000	-1.000000	-1.000000	-1.000000	-1.000000	-1.000000	-1.000000	74.620690	0.000000	-1.000000	-1.000000	1458868.000000	1772660806.406860
-26738.460000	-45174.960000	2297.025000	2006.730000	6017.175000	5033.205000	2928.960000	1884.690000	21.197659	24.291897	14.055962	16.716602	19.314488	18.970683	14.548193	24.251229	-4.867940	3.097780	-1.999060	0.906431	0.133423	0.375854	-1.000000	-1.000000	-1.000000	-1.000000	-1.000000	-1.000000	-1.000000	74.620690	0.000000	-1.000000	-1.000000	1458869.000000	1772660806.415578
-26684.595000	-45125.595000	2346.390000	2055.285000	6062.805000	5071.860000	2957.445000	1949.085000	9.159415	13.460662	7.192157	9.746467	11.883682	11.308469	6.317918	7.578908	-4.867940	3.097780	-1.999060	0.906431	0.133423	0.375854	-1.000000	-1.000000	-1.000000	-1.000000	-1.000000	-1.000000	-1.000000	74.620690	0.000000	-1.000000	-1.000000	1458870.000000	1772660806.415586
-26699.355000	-45141.210000	2334.735000	2046.375000	6058.035000	5074.740000	2970.045000	1934.370000	2.488371	5.734805	3.000495	4.289855	5.249158	4.486108	0.923763	-0.793258	-5.615680	2.777320	-1.266580	0.906858	0.135131	0.374755	-1.000000	-1.000000	-1.000000	-1.000000	-1.000000	-1.000000	-1.000000	74.620690	0.000000	-1.000000	-1.000000	1458871.000000	1772660806.415596
-26765.955000	-45206.190000	2268.630000	1982.340000	6002.235000	5035.500000	2962.125000	1864.710000	-1.210796	0.264314	-0.573752	-0.297815	-0.264503	-0.728087	-1.083694	-4.539043	-5.615680	2.777320	-1.266580	0.906858	0.135131	0.374755	-1.000000	-1.000000	-1.000000	-1.000000	-1.000000	-1.000000	-1.000000	74.620690	0.000000	-1.000000	-1.000000	1458872.000000	1772660806.415600
-26743.725000	-45192.420000	2276.640000	1987.380000	6003.855000	5030.595000	2944.755000	1886.895000	-8.257906	-8.693810	-7.968094	-7.932638	-8.074764	-7.305066	-3.117162	-11.643011	-5.615680	2.777320	-1.266580	0.906858	0.135131	0.374755	-1.000000	-1.000000	-1.000000	-1.000000	-1.000000	-1.000000	-1.000000	74.620690	0.000000	-1.000000	-1.000000	1458873.000000	1772660806.418925
-26739.405000	-45184.050000	2289.600000	2001.150000	6013.755000	5025.420000	2909.115000	1885.005000	-17.466501	-19.715348	-16.645621	-16.703445	-16.811078	-14.857158	-7.546512	-21.149947	-5.615680	2.777320	-1.266580	0.906858	0.135131	0.374755	-1.000000	-1.000000	-1.000000	-1.000000	-1.000000	-1.000000	-1.000000	74.620690	0.000000	-1.000000	-1.000000	1458874.000000	1772660806.418929
-26740.980000	-45188.685000	2285.865000	1997.010000	6012.270000	5031.900000	2926.530000	1889.820000	-21.801314	-25.019163	-19.384143	-19.917929	-20.406775	-18.774681	-12.985238	-25.392959	-5.615680	2.777320	-1.266580	0.906858	0.135131	0.374755	-1.000000	-1.000000	-1.000000	-1.000000	-1.000000	-1.000000	-1.000000	74.620690	0.000000	-1.000000	-1.000000	1458875.000000	1772660806.422982
-26732.475000	-45184.680000	2284.785000	1992.240000	6005.655000	5036.850000	2953.620000	1909.395000	-17.539641	-20.557861	-13.507487	-14.776949	-15.858074	-15.674179	-14.893344	-19.900845	-5.615680	2.777320	-1.266580	0.906858	0.135131	0.374755	-1.000000	-1.000000	-1.000000	-1.000000	-1.000000	-1.000000	-1.000000	74.620690	0.000000	-1.000000	-1.000000	1458876.000000	1772660806.422989
-26724.555000	-45170.505000	2300.715000	2007.180000	6016.635000	5037.120000	2950.290000	1908.945000	-6.079990	-8.549035	-2.215863	-4.067688	-5.432994	-6.272869	-9.442988	-5.485775	-5.615680	2.777320	-1.266580	0.906858	0.135131	0.374755	-1.000000	-1.000000	-1.000000	-1.000000	-1.000000	-1.000000	-1.000000	74.620690	0.000000	-1.000000	-1.000000	1458877.000000	1772660806.427087
-26725.680000	-45165.780000	2309.220000	2017.980000	6025.230000	5035.725000	2932.695000	1905.345000	8.060617	6.117092	9.678550	7.808433	6.631590	5.545300	1.761464	12.537077	-5.615680	2.777320	-1.266580	0.906858	0.135131	0.374755	-1.000000	-1.000000	-1.000000	-1.000000	-1.000000	-1.000000	-1.000000	74.620690	0.000000	-1.000000	-1.000000	1458878.000000	1772660806.427097
-26724.015000	-45163.170000	2310.615000	2017.755000	6024.330000	5041.080000	2941.785000	1905.660000	17.634300	17.149384	16.823395	15.726020	15.109878	13.959644	11.596038	24.263067	-5.615680	2.777320	-1.266580	0.906858	0.135131	0.374755	-1.000000	-1.000000	-1.000000	-1.000000	-1.000000	-1.000000	-1.000000	74.620690	0.000000	-1.000000	-1.000000	1458879.000000	1772660806.432633
-26730.180000	-45163.755000	2309.490000	2017.755000	6025.050000	5045.265000	2944.890000	1891.845000	17.832355	20.092607	16.011285	16.249174	16.298633	15.104991	14.051088	22.855307	-5.615680	2.777320	-1.266580	0.906858	0.135131	0.374755	-1.000000	-1.000000	-1.000000	-1.000000	-1.000000	-1.000000	-1.000000	74.620690	0.000000	-1.000000	-1.000000	1458880.000000	1772660806.432641
-26732.520000	-45168.480000	2306.025000	2018.070000	6029.910000	5051.250000	2943.720000	1902.060000	11.105160	15.997236	9.805551	11.334981	11.816006	10.673299	9.468794	11.766612	-5.753020	2.548420	-1.297100	0.903806	0.133545	0.376098	-1.000000	-1.000000	-1.000000	-1.000000	-1.000000	-1.000000	-1.000000	74.620690	0.000000	-1.000000	-1.000000	1458881.000000	1772660806.438359
-26675.145000	-45134.055000	2339.820000	2054.475000	6069.060000	5088.240000	2972.655000	1980.855000	3.392959	8.767701	3.255968	5.561498	6.286120	5.454467	3.026037	0.403980	-5.753020	2.548420	-1.297100	0.903806	0.133545	0.376098	-1.000000	-1.000000	-1.000000	-1.000000	-1.000000	-1.000000	-1.000000	74.620690	0.000000	-1.000000	-1.000000	1458882.000000	1772660806.438366
-26542.620000	-45015.210000	2454.255000	2165.220000	6171.705000	5180.310000	3050.145000	2128.815000	0.586460	3.087258	0.483213	2.810136	3.807914	3.789623	0.958863	-2.337192	-5.753020	2.548420	-1.297100	0.903806	0.133545	0.376098	-1.000000	-1.000000	-1.000000	-1.000000	-1.000000	-1.000000	-1.000000	74.620690	0.000000	-1.000000	-1.000000	1458883.000000	1772660806.440592
-26654.310000	-45102.825000	2369.520000	2079.000000	6085.845000	5093.910000	2965.005000	1971.000000	4.066939	1.750352	2.392683	3.829713	4.848641	5.608185	3.965351	3.804316	-5.753020	2.548420	-1.297100	0.903806	0.133545	0.376098	-1.000000	-1.000000	-1.000000	-1.000000	-1.000000	-1.000000	-1.000000	74.620690	0.000000	-1.000000	-1.000000	1458884.000000	1772660806.440600
-26766.180000	-45207.675000	2264.940000	1975.320000	5987.655000	5010.930000	2916.990000	1845.765000	4.156598	-1.117538	1.725918	1.666232	2.276091	3.136856	3.613983	4.538726	-5.753020	2.548420	-1.297100	0.903806	0.133545	0.376098	-1.000000	-1.000000	-1.000000	-1.000000	-1.000000	-1.000000	-1.000000	74.620690	0.000000	-1.000000	-1.000000	1458885.000000	1772660806.443040
-26774.685000	-45222.435000	2247.255000	1956.915000	5967.180000	4989.240000	2901.780000	1833.795000	-8.910308	-13.225673	-9.710898	-11.091947	-10.811696	-9.810779	-6.192787	-11.647541	-5.753020	2.548420	-1.297100	0.903806	0.133545	0.376098	-1.000000	-1.000000	-1.000000	-1.000000	-1.000000	-1.000000	-1.000000	74.620690	0.000000	-1.000000	-1.000000	1458886.000000	1772660806.443049
-26752.275000	-45196.695000	2277.945000	1988.775000	5998.995000	5016.105000	2919.510000	1875.015000	-28.232023	-29.288774	-26.710895	-28.659936	-28.298833	-26.377227	-18.947658	-34.264725	-5.753020	2.548420	-1.297100	0.903806	0.133545	0.376098	-1.000000	-1.000000	-1.000000	-1.000000	-1.000000	-1.000000	-1.000000	74.620690	0.000000	-1.000000	-1.000000	1458887.000000	1772660806.447945
-26733.510000	-45184.140000	2288.160000	1996.380000	6011.460000	5037.390000	2954.205000	1910.745000	-36.586408	-34.724857	-34.122052	-35.815599	-35.247644	-32.494721	-23.065358	-41.748084	-5.753020	2.548420	-1.297100	0.903806	0.133545	0.376098	-1.000000	-1.000000	-1.000000	-1.000000	-1.000000	-1.000000	-1.000000	74.620690	0.000000	-1.000000	-1.000000	1458888.000000	1772660806.447953
-26732.115000	-45181.665000	2290.680000	1996.605000	6011.235000	5036.175000	2945.610000	1903.680000	-24.403652	-21.529138	-22.813381	-23.814367	-23.331088	-21.110303	-13.785866	-24.020902	-5.753020	2.548420	-1.297100	0.903806	0.133545	0.376098	-1.000000	-1.000000	-1.000000	-1.000000	-1.000000	-1.000000	-1.000000	74.620690	0.000000	-1.000000	-1.000000	1458889.000000	1772660806.451042
-26757.990000	-45197.370000	2275.965000	1980.765000	5996.880000	5019.120000	2922.570000	1856.070000	1.791648	4.036839	1.926146	1.468342	1.324010	1.529654	3.023805	8.022245	-5.753020	2.548420	-1.297100	0.903806	0.133545	0.376098	-1.000000	-1.000000	-1.000000	-1.000000	-1.000000	-1.000000	-1.000000	74.620690	0.000000	-1.000000	-1.000000	1458890.000000	1772660806.451049
-26745.795000	-45191.655000	2281.005000	1985.670000	6002.460000	5023.440000	2933.145000	1884.960000	24.451529	26.166676	24.576563	24.299731	23.216638	21.074383	16.092821	31.676315	-3.906560	2.685760	-0.961380	0.902280	0.133300	0.376830	-1.000000	-1.000000	-1.000000	-1.000000	-1.000000	-1.000000	-1.000000	74.620690	0.000000	-1.000000	-1.000000	1458891.000000	1772660806.456447
-26735.445000	-45176.445000	2298.240000	2003.805000	6018.480000	5039.145000	2950.830000	1911.510000	30.128776	32.224081	32.016999	31.904508	30.264276	26.950677	18.550644	33.586152	-3.906560	2.685760	-0.961380	0.902280	0.133300	0.376830	-1.000000	-1.000000	-1.000000	-1.000000	-1.000000	-1.000000	-1.000000	74.620690	0.000000	-1.000000	-1.000000	1458892.000000	1772660806.456454
-26732.880000	-45171.270000	2305.530000	2012.760000	6028.155000	5045.580000	2953.845000	1912.635000	21.738118	23.840399	25.052883	25.505966	24.063561	21.138935	13.294915	21.644151	-3.906560	2.685760	-0.961380	0.902280	0.133300	0.376830	-1.000000	-1.000000	-1.000000	-1.000000	-1.000000	-1.000000	-1.000000	74.620690	0.000000	-1.000000	-1.000000	1458893.000000	1772660806.458994
-26737.290000	-45185.580000	2290.770000	1998.990000	6016.635000	5030.685000	2933.055000	1890.630000	12.716229	12.952942	14.920071	16.278452	15.535949	13.557881	7.756113	12.578690	-3.906560	2.685760	-0.961380	0.902280	0.133300	0.376830	-1.000000	-1.000000	-1.000000	-1.000000	-1.000000	-1.000000	-1.000000	74.620690	0.000000	-1.000000	-1.000000	1458894.000000	1772660806.459000
-26718.390000	-45178.650000	2292.120000	1998.720000	6013.530000	5031.135000	2944.485000	1918.620000	9.973435	6.682810	8.286170	10.309845	10.370770	9.177458	4.896059	11.585685	-3.906560	2.685760	-0.961380	0.902280	0.133300	0.376830	-1.000000	-1.000000	-1.000000	-1.000000	-1.000000	-1.000000	-1.000000	74.620690	0.000000	-1.000000	-1.000000	1458895.000000	1772660806.463606
-26701.695000	-45158.625000	2311.875000	2017.440000	6032.925000	5053.860000	2969.415000	1953.765000	9.194763	2.670978	2.748734	4.619352	5.252289	5.044704	2.584754	11.210337	-3.906560	2.685760	-0.961380	0.902280	0.133300	0.376830	-1.000000	-1.000000	-1.000000	-1.000000	-1.000000	-1.000000	-1.000000	74.620690	0.000000	-1.000000	-1.000000	1458896.000000	1772660806.463613
-26725.905000	-45169.695000	2300.445000	2003.220000	6021.855000	5049.360000	2965.095000	1914.795000	4.079726	-2.868893	-4.712857	-3.856267	-3.118108	-1.936435	-1.378674	4.196367	-3.906560	2.685760	-0.961380	0.902280	0.133300	0.376830	-1.000000	-1.000000	-1.000000	-1.000000	-1.000000	-1.000000	-1.000000	74.620690	0.000000	-1.000000	-1.000000	1458897.000000	1772660806.467028
-26750.250000	-45192.780000	2277.630000	1979.865000	5999.085000	5027.130000	2945.385000	1875.150000	-6.680916	-10.157183	-13.041938	-13.566498	-13.118159	-10.673631	-6.818343	-9.904892	-3.906560	2.685760	-0.961380	0.902280	0.133300	0.376830	-1.000000	-1.000000	-1.000000	-1.000000	-1.000000	-1.000000	-1.000000	74.620690	0.000000	-1.000000	-1.000000	1458898.000000	1772660806.467035
-26715.465000	-45166.140000	2304.360000	2007.090000	6024.195000	5041.845000	2939.805000	1911.150000	-18.645410	-16.570540	-18.920126	-20.521635	-20.497285	-17.597368	-11.661966	-24.998934	-3.906560	2.685760	-0.961380	0.902280	0.133300	0.376830	-1.000000	-1.000000	-1.000000	-1.000000	-1.000000	-1.000000	-1.000000	74.620690	0.000000	-1.000000	-1.000000	1458899.000000	1772660806.477060
-26672.400000	-45125.685000	2345.085000	2049.795000	6063.885000	5077.530000	2964.735000	1968.480000	-24.657376	-18.334809	-18.943510	-20.802262	-21.149703	-19.057411	-13.614788	-32.110695	-3.906560	2.685760	-0.961380	0.902280	0.133300	0.376830	-1.000000	-1.000000	-1.000000	-1.000000	-1.000000	-1.000000	-1.000000	74.620690	0.000000	-1.000000	-1.000000	1458900.000000	1772660806.477069
-26726.265000	-45167.310000	2306.520000	2013.255000	6026.580000	5045.265000	2951.280000	1902.870000	-20.911129	-13.765513	-12.411665	-13.604133	-14.140913	-13.824486	-11.404766	-26.576581	-4.150720	3.021480	-2.014320	0.902708	0.135986	0.375976	-1.000000	-1.000000	-1.000000	-1.000000	-1.000000	-1.000000	-1.000000	74.620690	0.000000	-1.000000	-1.000000	1458901.000000	1772660806.477079
-26760.105000	-45201.915000	2271.330000	1979.325000	5993.055000	5012.460000	2930.040000	1876.140000	-10.445508	-5.606673	-3.019845	-3.025988	-3.494834	-4.790720	-5.487007	-11.898487	-4.150720	3.021480	-2.014320	0.902708	0.135986	0.375976	-1.000000	-1.000000	-1.000000	-1.000000	-1.000000	-1.000000	-1.000000	74.620690	0.000000	-1.000000	-1.000000	1458902.000000	1772660806.477083
-26737.065000	-45175.230000	2301.750000	2010.510000	6023.205000	5035.905000	2938.320000	1898.595000	0.673411	2.051462	4.734800	5.762076	5.580576	3.708965	1.977271	4.560665	-4.150720	3.021480	-2.014320	0.902708	0.135986	0.375976	-1.000000	-1.000000	-1.000000	-1.000000	-1.000000	-1.000000	-1.000000	74.620690	0.000000	-1.000000	-1.000000	1458903.000000	1772660806.479114
-26727.795000	-45166.320000	2312.460000	2022.075000	6036.120000	5047.245000	2936.970000	1901.205000	8.587724	7.444539	9.383712	10.814931	11.073976	9.480101	8.040379	16.474920	-4.150720	3.021480	-2.014320	0.902708	0.135986	0.375976	-1.000000	-1.000000	-1.000000	-1.000000	-1.000000	-1.000000	-1.000000	74.620690	0.000000	-1.000000	-1.000000	1458904.000000	1772660806.479122
-26730.315000	-45172.305000	2306.430000	2017.845000	6034.320000	5051.970000	2948.130000	1907.010000	12.058220	9.919063	10.808041	12.011978	12.757611	11.655913	10.020236	19.927231	-4.150720	3.021480	-2.014320	0.902708	0.135986	0.375976	-1.000000	-1.000000	-1.000000	-1.000000	-1.000000	-1.000000	-1.000000	74.620690	0.000000	-1.000000	-1.000000	1458905.000000	1772660806.483149
-26725.590000	-45173.340000	2301.165000	2007.810000	6023.295000	5046.885000	2951.685000	1918.215000	11.758796	9.098865	8.871660	9.473592	10.484369	9.914802	7.766140	16.066927	-4.150720	3.021480	-2.014320	0.902708	0.135986	0.375976	-1.000000	-1.000000	-1.000000	-1.000000	-1.000000	-1.000000	-1.000000	74.620690	0.000000	-1.000000	-1.000000	1458906.000000	1772660806.483156
-26651.250000	-45115.650000	2351.835000	2055.555000	6067.170000	5089.635000	2994.120000	2020.455000	10.593749	6.871252	5.422695	5.172427	5.924769	6.192676	4.826603	11.617405	-4.150720	3.021480	-2.014320	0.902708	0.135986	0.375976	-1.000000	-1.000000	-1.000000	-1.000000	-1.000000	-1.000000	-1.000000	74.620690	0.000000	-1.000000	-1.000000	1458907.000000	1772660806.488841
-26648.865000	-45101.565000	2369.925000	2076.480000	6087.465000	5106.195000	3003.705000	2011.230000	10.374556	5.658105	3.066709	1.864192	1.875780	3.315030	4.525575	10.791166	-4.150720	3.021480	-2.014320	0.902708	0.135986	0.375976	-1.000000	-1.000000	-1.000000	-1.000000	-1.000000	-1.000000	-1.000000	74.620690	0.000000	-1.000000	-1.000000	1458908.000000	1772660806.488849
-26791.245000	-45231.210000	2240.730000	1946.430000	5959.215000	4986.630000	2903.580000	1825.875000	6.626717	2.831512	-0.154392	-1.964532	-2.622315	-0.138492	4.138154	6.735059	-4.150720	3.021480	-2.014320	0.902708	0.135986	0.375976	-1.000000	-1.000000	-1.000000	-1.000000	-1.000000	-1.000000	-1.000000	74.620690	0.000000	-1.000000	-1.000000	1458909.000000	1772660806.491520
-26744.850000	-45199.170000	2267.280000	1969.110000	5978.160000	5008.905000	2932.020000	1893.105000	-4.831510	-5.451652	-7.708333	-9.489510	-10.234441	-7.403379	-1.527626	-7.804956	-4.150720	3.021480	-2.014320	0.902708	0.135986	0.375976	-1.000000	-1.000000	-1.000000	-1.000000	-1.000000	-1.000000	-1.000000	74.620690	0.000000	-1.000000	-1.000000	1458910.000000	1772660806.491528
-26669.115000	-45130.140000	2337.885000	2040.120000	6047.145000	5065.245000	2968.965000	1982.025000	-15.842414	-13.320647	-14.197630	-15.480035	-15.890553	-13.861267	-9.422283	-22.658676	-4.974760	3.113040	-1.831200	0.904417	0.137756	0.375548	-1.000000	-1.000000	-1.000000	-1.000000	-1.000000	-1.000000	-1.000000	74.620690	0.000000	-1.000000	-1.000000	1458911.000000	1772660806.495044
-26729.640000	-45166.095000	2309.265000	2015.370000	6024.645000	5039.955000	2931.435000	1887.435000	-15.432594	-11.560684	-10.972376	-11.458851	-11.536195	-11.560175	-11.654568	-22.994590	-4.974760	3.113040	-1.831200	0.904417	0.137756	0.375548	-1.000000	-1.000000	-1.000000	-1.000000	-1.000000	-1.000000	-1.000000	74.620690	0.000000	-1.000000	-1.000000	1458912.000000	1772660806.495052
-26757.765000	-45193.320000	2284.470000	1993.770000	6008.445000	5031.810000	2922.930000	1858.770000	-6.710891	-2.547462	-0.591694	0.026819	0.243001	-2.247536	-7.728014	-12.094155	-4.974760	3.113040	-1.831200	0.904417	0.137756	0.375548	-1.000000	-1.000000	-1.000000	-1.000000	-1.000000	-1.000000	-1.000000	74.620690	0.000000	-1.000000	-1.000000	1458913.000000	1772660806.498920
-26720.145000	-45165.465000	2312.415000	2020.050000	6036.300000	5059.755000	2950.020000	1922.130000	0.671980	4.787927	7.758656	9.572793	10.163024	6.178608	-2.481207	-1.530411	-4.974760	3.113040	-1.831200	0.904417	0.137756	0.375548	-1.000000	-1.000000	-1.000000	-1.000000	-1.000000	-1.000000	-1.000000	74.620690	0.000000	-1.000000	-1.000000	1458914.000000	1772660806.498927
-26746.470000	-45174.690000	2308.905000	2016.360000	6032.520000	5051.655000	2944.485000	1890.270000	3.647442	6.966424	10.265863	12.832555	13.758943	9.860079	1.796021	5.211528	-4.974760	3.113040	-1.831200	0.904417	0.137756	0.375548	-1.000000	-1.000000	-1.000000	-1.000000	-1.000000	-1.000000	-1.000000	74.620690	0.000000	-1.000000	-1.000000	1458915.000000	1772660806.502940
-26765.730000	-45195.120000	2283.660000	1987.650000	6000.795000	5019.795000	2923.470000	1860.930000	2.189100	4.231472	7.063113	9.470518	10.435604	7.902061	4.028827	6.984830	-4.974760	3.113040	-1.831200	0.904417	0.137756	0.375548	-1.000000	-1.000000	-1.000000	-1.000000	-1.000000	-1.000000	-1.000000	74.620690	0.000000	-1.000000	-1.000000	1458916.000000	1772660806.502946
-26753.805000	-45184.050000	2291.985000	1994.805000	6006.195000	5023.125000	2928.330000	1878.975000	-2.444163	-1.811786	-0.391768	0.801846	1.329007	0.895069	3.307064	3.353648	-4.974760	3.113040	-1.831200	0.904417	0.137756	0.375548	-1.000000	-1.000000	-1.000000	-1.000000	-1.000000	-1.000000	-1.000000	74.620690	0.000000	-1.000000	-1.000000	1458917.000000	1772660806.507089
-26730.720000	-45176.580000	2295.360000	1996.650000	6008.760000	5028.120000	2936.610000	1908.180000	-3.124242	-4.849797	-5.762719	-6.419834	-6.716456	-5.164842	2.477399	2.229597	-4.974760	3.113040	-1.831200	0.904417	0.137756	0.375548	-1.000000	-1.000000	-1.000000	-1.000000	-1.000000	-1.000000	-1.000000	74.620690	0.000000	-1.000000	-1.000000	1458918.000000	1772660806.507096
-26711.370000	-45162.180000	2309.535000	2010.825000	6020.010000	5035.455000	2942.775000	1926.495000	5.044699	-0.056089	-3.358076	-5.552323	-6.633228	-4.070220	4.653808	9.850515	-4.974760	3.113040	-1.831200	0.904417	0.137756	0.375548	-1.000000	-1.000000	-1.000000	-1.000000	-1.000000	-1.000000	-1.000000	74.620690	0.000000	-1.000000	-1.000000	1458919.000000	1772660806.513864
-26710.155000	-45154.260000	2319.165000	2022.075000	6032.340000	5045.580000	2942.145000	1921.770000	15.381318	7.822110	3.330102	0.721424	-0.663728	1.899200	7.524362	18.803076	-4.974760	3.113040	-1.831200	0.904417	0.137756	0.375548	-1.000000	-1.000000	-1.000000	-1.000000	-1.000000	-1.000000	-1.000000	74.620690	0.000000	-1.000000	-1.000000	1458920.000000	1772660806.513870
-26725.005000	-45171.090000	2301.480000	2004.345000	6020.190000	5039.820000	2937.870000	1907.640000	18.350292	11.067235	7.092571	5.227894	4.163547	6.303372	7.318337	19.159567	-4.364360	3.174080	-1.983800	0.905210	0.135009	0.375487	-1.000000	-1.000000	-1.000000	-1.000000	-1.000000	-1.000000	-1.000000	74.620690	0.000000	-1.000000	-1.000000	1458921.000000	1772660806.515048
-26709.300000	-45160.740000	2312.415000	2014.560000	6030.495000	5050.305000	2945.835000	1933.200000	12.111093	7.730041	5.526255	4.934484	4.603783	6.179609	3.609805	10.302561	-4.364360	3.174080	-1.983800	0.905210	0.135009	0.375487	-1.000000	-1.000000	-1.000000	-1.000000	-1.000000	-1.000000	-1.000000	74.620690	0.000000	-1.000000	-1.000000	1458922.000000	1772660806.515052
-26713.440000	-45158.265000	2322.630000	2029.005000	6047.730000	5070.825000	2964.420000	1938.330000	0.740553	0.636230	0.755341	1.369571	1.753756	2.515593	-1.722643	-2.758255	-4.364360	3.174080	-1.983800	0.905210	0.135009	0.375487	-1.000000	-1.000000	-1.000000	-1.000000	-1.000000	-1.000000	-1.000000	74.620690	0.000000	-1.000000	-1.000000	1458923.000000	1772660806.519046
-26730.945000	-45178.425000	2298.735000	2001.285000	6018.705000	5045.895000	2957.040000	1906.830000	-10.773757	-6.725135	-4.363498	-2.842128	-2.035023	-2.109729	-6.200158	-15.020154	-4.364360	3.174080	-1.983800	0.905210	0.135009	0.375487	-1.000000	-1.000000	-1.000000	-1.000000	-1.000000	-1.000000	-1.000000	74.620690	0.000000	-1.000000	-1.000000	1458924.000000	1772660806.519058
-26724.195000	-45174.330000	2301.120000	2003.175000	6020.145000	5043.690000	2960.505000	1916.730000	-18.282564	-11.792049	-8.054035	-6.149539	-5.218431	-5.687735	-7.972286	-22.535712	-4.364360	3.174080	-1.983800	0.905210	0.135009	0.375487	-1.000000	-1.000000	-1.000000	-1.000000	-1.000000	-1.000000	-1.000000	74.620690	0.000000	-1.000000	-1.000000	1458925.000000	1772660806.524526
-26710.290000	-45154.620000	2316.690000	2021.130000	6038.955000	5053.815000	2954.250000	1927.710000	-18.457418	-12.032748	-8.413178	-6.817187	-6.013327	-6.679453	-6.561363	-21.866013	-4.364360	3.174080	-1.983800	0.905210	0.135009	0.375487	-1.000000	-1.000000	-1.000000	-1.000000	-1.000000	-1.000000	-1.000000	74.620690	0.000000	-1.000000	-1.000000	1458926.000000	1772660806.524536
-26692.245000	-45131.895000	2339.190000	2043.720000	6060.600000	5072.535000	2961.180000	1955.655000	-10.708249	-5.940189	-3.797137	-2.948852	-2.473844	-3.864709	-3.007828	-12.327953	-4.364360	3.174080	-1.983800	0.905210	0.135009	0.375487	-1.000000	-1.000000	-1.000000	-1.000000	-1.000000	-1.000000	-1.000000	74.620690	0.000000	-1.000000	-1.000000	1458927.000000	1772660806.527129
-26721.540000	-45155.700000	2319.615000	2024.910000	6040.710000	5053.545000	2939.085000	1898.685000	-0.061417	3.061675	3.257567	3.318472	3.358116	0.933765	0.092162	0.211943	-4.364360	3.174080	-1.983800	0.905210	0.135009	0.375487	-1.000000	-1.000000	-1.000000	-1.000000	-1.000000	-1.000000	-1.000000	74.620690	0.000000	-1.000000	-1.000000	1458928.000000	1772660806.527135
-26745.435000	-45186.840000	2291.400000	1993.950000	6010.380000	5022.720000	2916.180000	1877.670000	6.241677	7.921048	6.695525	6.057744	5.627607	3.008339	0.337516	7.322114	-4.364360	3.174080	-1.983800	0.905210	0.135009	0.375487	-1.000000	-1.000000	-1.000000	-1.000000	-1.000000	-1.000000	-1.000000	74.620690	0.000000	-1.000000	-1.000000	1458929.000000	1772660806.531056
-26721.315000	-45170.370000	2304.630000	2004.030000	6022.485000	5042.070000	2951.145000	1926.630000	6.240093	5.670769	3.967873	2.657935	1.748046	0.273545	-1.526111	7.413746	-4.364360	3.174080	-1.983800	0.905210	0.135009	0.375487	-1.000000	-1.000000	-1.000000	-1.000000	-1.000000	-1.000000	-1.000000	74.620690	0.000000	-1.000000	-1.000000	1458930.000000	1772660806.531061
-26716.815000	-45164.925000	2310.435000	2009.790000	6026.760000	5043.870000	2953.845000	1931.220000	3.712196	0.120507	-1.424572	-3.287196	-4.569471	-4.190153	-2.182263	5.535231	-2.563680	3.082520	-1.358140	0.904661	0.133484	0.376891	-1.000000	-1.000000	-1.000000	-1.000000	-1.000000	-1.000000	-1.000000	74.620690	0.000000	-1.000000	-1.000000	1458931.000000	1772660806.536791
-26732.610000	-45180.405000	2295.540000	1997.640000	6018.030000	5037.255000	2940.975000	1911.105000	2.187485	-3.717358	-4.991106	-6.905088	-8.194263	-6.281796	-0.326152	4.942986	-2.563680	3.082520	-1.358140	0.904661	0.133484	0.376891	-1.000000	-1.000000	-1.000000	-1.000000	-1.000000	-1.000000	-1.000000	74.620690	0.000000	-1.000000	-1.000000	1458932.000000	1772660806.536799
-26735.445000	-45187.065000	2286.990000	1993.005000	6019.830000	5042.835000	2940.750000	1909.755000	2.109727	-4.061010	-5.071921	-6.121289	-6.728743	-4.237386	2.183228	4.950599	-2.563680	3.082520	-1.358140	0.904661	0.133484	0.376891	-1.000000	-1.000000	-1.000000	-1.000000	-1.000000	-1.000000	-1.000000	74.620690	0.000000	-1.000000	-1.000000	1458933.000000	1772660806.538954
-26719.740000	-45174.420000	2295.450000	1999.035000	6020.145000	5040.450000	2944.035000	1925.460000	2.636058	-1.659407	-2.232215	-1.641643	-0.931191	1.312252	3.781891	4.587257	-2.563680	3.082520	-1.358140	0.904661	0.133484	0.376891	-1.000000	-1.000000	-1.000000	-1.000000	-1.000000	-1.000000	-1.000000	74.620690	0.000000	-1.000000	-1.000000	1458934.000000	1772660806.538961
-26721.090000	-45170.505000	2298.825000	2001.330000	6018.930000	5040.405000	2948.220000	1922.580000	3.036901	1.805707	1.868219	3.909361	5.685425	7.308435	4.511531	3.567333	-2.563680	3.082520	-1.358140	0.904661	0.133484	0.376891	-1.000000	-1.000000	-1.000000	-1.000000	-1.000000	-1.000000	-1.000000	74.620690	0.000000	-1.000000	-1.000000	1458935.000000	1772660806.543152
-26719.920000	-45162.990000	2310.435000	2013.030000	6028.830000	5048.190000	2955.870000	1923.435000	2.328357	4.270048	5.017459	7.347000	9.014773	9.910272	4.596616	1.276415	-2.563680	3.082520	-1.358140	0.904661	0.133484	0.376891	-1.000000	-1.000000	-1.000000	-1.000000	-1.000000	-1.000000	-1.000000	74.620690	0.000000	-1.000000	-1.000000	1458936.000000	1772660806.543159
-26722.170000	-45162.990000	2311.380000	2012.985000	6028.065000	5045.940000	2947.500000	1910.340000	0.472658	4.827468	6.083963	7.465535	7.966048	8.041631	4.097711	-1.638245	-2.563680	3.082520	-1.358140	0.904661	0.133484	0.376891	-1.000000	-1.000000	-1.000000	-1.000000	-1.000000	-1.000000	-1.000000	74.620690	0.000000	-1.000000	-1.000000	1458937.000000	1772660806.547113
-26716.725000	-45162.720000	2309.940000	2010.780000	6029.595000	5048.145000	2943.540000	1911.690000	-0.743795	4.510115	5.799363	5.716033	4.873502	3.954136	2.970955	-3.053372	-2.563680	3.082520	-1.358140	0.904661	0.133484	0.376891	-1.000000	-1.000000	-1.000000	-1.000000	-1.000000	-1.000000	-1.000000	74.620690	0.000000	-1.000000	-1.000000	1458938.000000	1772660806.547119
-26671.860000	-45122.220000	2351.205000	2051.235000	6069.600000	5085.990000	2972.745000	1972.755000	-0.070909	4.276749	5.060011	3.874417	2.344352	0.321166	0.772703	-2.372802	-2.563680	3.082520	-1.358140	0.904661	0.133484	0.376891	-1.000000	-1.000000	-1.000000	-1.000000	-1.000000	-1.000000	-1.000000	74.620690	0.000000	-1.000000	-1.000000	1458939.000000	1772660806.551168
-26706.465000	-45150.435000	2323.845000	2024.820000	6045.435000	5062.995000	2953.620000	1931.625000	1.544274	3.617932	3.666545	2.202221	0.943776	-1.873871	-2.379151	-0.769712	-2.563680	3.082520	-1.358140	0.904661	0.133484	0.376891	-1.000000	-1.000000	-1.000000	-1.000000	-1.000000	-1.000000	-1.000000	74.620690	0.000000	-1.000000	-1.000000	1458940.000000	1772660806.551172
-26755.200000	-45199.710000	2274.300000	1975.095000	5996.835000	5019.750000	2927.565000	1880.370000	1.228535	0.718260	0.188861	-0.872086	-1.212628	-3.896388	-5.654260	-0.487253	-1.831200	3.525060	-1.083460	0.905759	0.133423	0.378051	-1.000000	-1.000000	-1.000000	-1.000000	-1.000000	-1.000000	-1.000000	74.620690	0.000000	-1.000000	-1.000000	1458941.000000	1772660806.562243
-26729.100000	-45178.155000	2295.045000	1994.400000	6011.820000	5033.205000	2942.235000	1912.815000	-2.867682	-5.181415	-5.863981	-6.298829	-5.765114	-7.148804	-8.013419	-3.073333	-1.831200	3.525060	-1.083460	0.905759	0.133423	0.378051	-1.000000	-1.000000	-1.000000	-1.000000	-1.000000	-1.000000	-1.000000	74.620690	0.000000	-1.000000	-1.000000	1458942.000000	1772660806.562252
-26726.895000	-45168.570000	2306.475000	2008.440000	6024.690000	5042.925000	2945.430000	1911.870000	-7.963633	-10.830111	-11.141679	-11.050462	-10.203552	-9.667484	-7.751269	-6.163055	-1.831200	3.525060	-1.083460	0.905759	0.133423	0.378051	-1.000000	-1.000000	-1.000000	-1.000000	-1.000000	-1.000000	-1.000000	74.620690	0.000000	-1.000000	-1.000000	1458943.000000	1772660806.562394
-26730.945000	-45169.965000	2304.585000	2005.605000	6018.435000	5036.220000	2946.645000	1911.645000	-9.585449	-11.881164	-11.519202	-11.019361	-10.368126	-8.283372	-4.072304	-6.209632	-1.831200	3.525060	-1.083460	0.905759	0.133423	0.378051	-1.000000	-1.000000	-1.000000	-1.000000	-1.000000	-1.000000	-1.000000	74.620690	0.000000	-1.000000	-1.000000	1458944.000000	1772660806.562402
-26710.110000	-45157.995000	2313.720000	2014.605000	6027.975000	5046.885000	2959.200000	1943.505000	-6.167133	-7.492552	-6.785785	-6.010325	-5.705812	-3.078059	1.491554	-2.159881	-1.831200	3.525060	-1.083460	0.905759	0.133423	0.378051	-1.000000	-1.000000	-1.000000	-1.000000	-1.000000	-1.000000	-1.000000	74.620690	0.000000	-1.000000	-1.000000	1458945.000000	1772660806.563196
-26677.350000	-45131.805000	2339.415000	2041.830000	6056.370000	5072.085000	2977.920000	1986.120000	1.548762	0.576005	0.775854	1.591441	1.653595	3.818718	7.028820	5.787216	-1.831200	3.525060	-1.083460	0.905759	0.133423	0.378051	-1.000000	-1.000000	-1.000000	-1.000000	-1.000000	-1.000000	-1.000000	74.620690	0.000000	-1.000000	-1.000000	1458946.000000	1772660806.563201
-26683.830000	-45126.540000	2349.270000	2053.350000	6068.610000	5083.245000	2976.570000	1965.420000	10.390311	9.262327	8.482791	9.173724	9.136463	10.090922	10.723402	14.315575	-1.831200	3.525060	-1.083460	0.905759	0.133423	0.378051	-1.000000	-1.000000	-1.000000	-1.000000	-1.000000	-1.000000	-1.000000	74.620690	0.000000	-1.000000	-1.000000	1458947.000000	1772660806.567111
-26706.330000	-45151.380000	2324.250000	2028.510000	6046.605000	5062.995000	2948.895000	1928.610000	14.120371	13.565544	12.287911	12.829611	12.792269	12.276288	9.637473	15.420255	-1.831200	3.525060	-1.083460	0.905759	0.133423	0.378051	-1.000000	-1.000000	-1.000000	-1.000000	-1.000000	-1.000000	-1.000000	74.620690	0.000000	-1.000000	-1.000000	1458948.000000	1772660806.567120
-26644.230000	-45101.565000	2369.520000	2072.115000	6091.425000	5114.070000	3007.755000	2016.135000	10.348446	11.140648	10.171355	10.455778	10.514771	9.048917	3.612710	6.765759	-1.831200	3.525060	-1.083460	0.905759	0.133423	0.378051	-1.000000	-1.000000	-1.000000	-1.000000	-1.000000	-1.000000	-1.000000	74.620690	0.000000	-1.000000	-1.000000	1458949.000000	1772660806.572541
-26688.150000	-45130.320000	2347.020000	2052.270000	6074.415000	5100.030000	2999.790000	1950.795000	4.136693	5.874847	5.628756	5.435333	5.656060	4.272820	-2.015100	-3.249006	-1.831200	3.525060	-1.083460	0.905759	0.133423	0.378051	-1.000000	-1.000000	-1.000000	-1.000000	-1.000000	-1.000000	-1.000000	74.620690	0.000000	-1.000000	-1.000000	1458950.000000	1772660806.572548
-26820.945000	-45244.170000	2242.170000	1950.840000	5975.685000	4996.125000	2905.155000	1800.180000	-2.792802	-0.468314	0.251031	-0.395159	0.078982	-0.415594	-4.762349	-10.821451	-3.555580	4.028640	-1.373400	0.907468	0.134277	0.377501	-1.000000	-1.000000	-1.000000	-1.000000	-1.000000	-1.000000	-1.000000	74.620690	0.000000	-1.000000	-1.000000	1458951.000000	1772660806.575080
-26741.520000	-45179.280000	2296.350000	1997.595000	6013.935000	5026.860000	2925.135000	1889.640000	-13.229561	-10.192267	-8.449583	-9.262913	-8.512851	-8.149467	-8.396588	-19.524842	-3.555580	4.028640	-1.373400	0.907468	0.134277	0.377501	-1.000000	-1.000000	-1.000000	-1.000000	-1.000000	-1.000000	-1.000000	74.620690	0.000000	-1.000000	-1.000000	1458952.000000	1772660806.575087
-26731.305000	-45180.450000	2289.420000	1986.660000	5999.895000	5014.080000	2914.425000	1889.910000	-21.614114	-18.964176	-17.079330	-18.009165	-17.418305	-16.977035	-13.274772	-24.721372	-3.555580	4.028640	-1.373400	0.907468	0.134277	0.377501	-1.000000	-1.000000	-1.000000	-1.000000	-1.000000	-1.000000	-1.000000	74.620690	0.000000	-1.000000	-1.000000	1458953.000000	1772660806.579180
-26737.920000	-45189.090000	2283.030000	1980.675000	5994.090000	5017.545000	2935.215000	1893.735000	-18.924101	-18.814723	-18.267568	-19.487186	-19.768825	-19.793195	-14.217425	-18.128510	-3.555580	4.028640	-1.373400	0.907468	0.134277	0.377501	-1.000000	-1.000000	-1.000000	-1.000000	-1.000000	-1.000000	-1.000000	74.620690	0.000000	-1.000000	-1.000000	1458954.000000	1772660806.579187
-26736.480000	-45185.445000	2288.430000	1986.885000	6001.470000	5029.155000	2956.545000	1905.660000	-6.322455	-9.476463	-10.830082	-12.176439	-13.580778	-13.616631	-7.857920	-1.824971	-3.555580	4.028640	-1.373400	0.907468	0.134277	0.377501	-1.000000	-1.000000	-1.000000	-1.000000	-1.000000	-1.000000	-1.000000	74.620690	0.000000	-1.000000	-1.000000	1458955.000000	1772660806.587939
-26741.385000	-45189.720000	2286.720000	1988.685000	6005.835000	5022.630000	2926.620000	1891.800000	7.834951	2.989802	0.599098	-0.233970	-2.219427	-1.588729	3.539929	15.118305	-3.555580	4.028640	-1.373400	0.907468	0.134277	0.377501	-1.000000	-1.000000	-1.000000	-1.000000	-1.000000	-1.000000	-1.000000	74.620690	0.000000	-1.000000	-1.000000	1458956.000000	1772660806.587946
-26727.885000	-45185.985000	2290.230000	1993.770000	6011.775000	5028.030000	2925.720000	1915.830000	16.953734	12.800253	10.832014	11.203625	9.605685	10.509493	13.472346	25.239460	-3.555580	4.028640	-1.373400	0.907468	0.134277	0.377501	-1.000000	-1.000000	-1.000000	-1.000000	-1.000000	-1.000000	-1.000000	74.620690	0.000000	-1.000000	-1.000000	1458957.000000	1772660806.587954
-26709.570000	-45165.510000	2309.175000	2011.050000	6026.490000	5042.655000	2945.475000	1935.630000	18.976377	17.145586	16.650395	18.386231	17.850417	17.785635	16.441590	25.814488	-3.555580	4.028640	-1.373400	0.907468	0.134277	0.377501	-1.000000	-1.000000	-1.000000	-1.000000	-1.000000	-1.000000	-1.000000	74.620690	0.000000	-1.000000	-1.000000	1458958.000000	1772660806.587958
-26727.255000	-45169.380000	2304.810000	2007.540000	6024.735000	5040.720000	2944.395000	1910.655000	15.988668	16.839170	17.791924	20.203914	20.695443	19.013092	12.838256	19.426140	-3.555580	4.028640	-1.373400	0.907468	0.134277	0.377501	-1.000000	-1.000000	-1.000000	-1.000000	-1.000000	-1.000000	-1.000000	74.620690	0.000000	-1.000000	-1.000000	1458959.000000	1772660806.595950
-26744.355000	-45179.955000	2295.090000	1998.135000	6015.780000	5032.530000	2937.195000	1901.610000	11.457960	14.353272	15.781410	17.734590	18.840000	16.369880	7.605218	11.134887	-3.555580	4.028640	-1.373400	0.907468	0.134277	0.377501	-1.000000	-1.000000	-1.000000	-1.000000	-1.000000	-1.000000	-1.000000	74.620690	0.000000	-1.000000	-1.000000	1458960.000000	1772660806.595957
-26744.940000	-45184.365000	2292.660000	1996.020000	6014.880000	5032.845000	2937.285000	1897.425000	5.399762	9.361264	10.446496	11.250187	12.748808	11.284162	3.824393	2.346484	-4.867940	5.310480	-1.983800	0.907774	0.133239	0.376342	-1.000000	-1.000000	-1.000000	-1.000000	-1.000000	-1.000000	-1.000000	74.620690	0.000000	-1.000000	-1.000000	1458961.000000	1772660806.596052
-26720.370000	-45169.470000	2303.370000	2001.915000	6018.660000	5035.635000	2939.265000	1904.085000	-3.718994	0.279961	1.033976	0.782183	2.620531	3.375973	0.376611	-8.441196	-4.867940	5.310480	-1.983800	0.907774	0.133239	0.376342	-1.000000	-1.000000	-1.000000	-1.000000	-1.000000	-1.000000	-1.000000	74.620690	0.000000	-1.000000	-1.000000	1458962.000000	1772660806.596058
-26721.675000	-45173.520000	2302.245000	2004.075000	6021.360000	5040.000000	2941.965000	1911.510000	-12.944468	-10.180938	-9.528384	-10.424300	-8.642215	-6.161467	-4.318025	-18.991041	-4.867940	5.310480	-1.983800	0.907774	0.133239	0.376342	-1.000000	-1.000000	-1.000000	-1.000000	-1.000000	-1.000000	-1.000000	74.620690	0.000000	-1.000000	-1.000000	1458963.000000	1772660806.604498
-26722.440000	-45175.770000	2301.030000	2005.155000	6022.215000	5041.080000	2942.595000	1918.035000	-17.262587	-16.966141	-16.539081	-17.682889	-16.745568	-14.171788	-9.538755	-23.885252	-4.867940	5.310480	-1.983800	0.907774	0.133239	0.376342	-1.000000	-1.000000	-1.000000	-1.000000	-1.000000	-1.000000	-1.000000	74.620690	0.000000	-1.000000	-1.000000	1458964.000000	1772660806.604508
-26690.490000	-45148.905000	2326.860000	2031.570000	6049.575000	5066.505000	2965.050000	1961.010000	-14.584523	-17.080146	-17.174911	-18.208830	-18.723505	-17.298807	-12.028980	-19.451678	-4.867940	5.310480	-1.983800	0.907774	0.133239	0.376342	-1.000000	-1.000000	-1.000000	-1.000000	-1.000000	-1.000000	-1.000000	74.620690	0.000000	-1.000000	-1.000000	1458965.000000	1772660806.604520
-26655.615000	-45117.675000	2354.895000	2056.770000	6071.400000	5083.920000	2979.630000	1998.270000	-6.021991	-10.233367	-10.997232	-11.745826	-13.668105	-13.683715	-8.916514	-6.603400	-4.867940	5.310480	-1.983800	0.907774	0.133239	0.376342	-1.000000	-1.000000	-1.000000	-1.000000	-1.000000	-1.000000	-1.000000	74.620690	0.000000	-1.000000	-1.000000	1458966.000000	1772660806.604524
-26702.280000	-45148.140000	2326.590000	2026.755000	6040.980000	5056.515000	2964.060000	1940.625000	4.082473	0.172998	-1.080748	-1.623741	-4.271157	-5.491540	-2.036065	8.012192	-4.867940	5.310480	-1.983800	0.907774	0.133239	0.376342	-1.000000	-1.000000	-1.000000	-1.000000	-1.000000	-1.000000	-1.000000	74.620690	0.000000	-1.000000	-1.000000	1458967.000000	1772660806.606895
-26660.430000	-45103.275000	2372.895000	2071.755000	6083.235000	5095.755000	2997.720000	1990.620000	10.760796	8.883049	7.628697	7.107365	4.681653	2.850448	4.328490	16.952948	-4.867940	5.310480	-1.983800	0.907774	0.133239	0.376342	-1.000000	-1.000000	-1.000000	-1.000000	-1.000000	-1.000000	-1.000000	74.620690	0.000000	-1.000000	-1.000000	1458968.000000	1772660806.606902
-26694.990000	-45139.095000	2334.285000	2031.660000	6045.300000	5059.755000	2962.260000	1925.370000	12.199549	12.766178	12.037484	11.483586	10.097950	8.521240	7.863287	17.402835	-4.867940	5.310480	-1.983800	0.907774	0.133239	0.376342	-1.000000	-1.000000	-1.000000	-1.000000	-1.000000	-1.000000	-1.000000	74.620690	0.000000	-1.000000	-1.000000	1458969.000000	1772660806.613453
-26772.795000	-45212.490000	2263.860000	1963.080000	5980.680000	5001.795000	2916.585000	1843.605000	6.933698	9.299547	9.383568	9.059910	9.266805	8.741141	6.561007	8.189294	-4.867940	5.310480	-1.983800	0.907774	0.133239	0.376342	-1.000000	-1.000000	-1.000000	-1.000000	-1.000000	-1.000000	-1.000000	74.620690	0.000000	-1.000000	-1.000000	1458970.000000	1772660806.613461
-26777.295000	-45223.155000	2251.485000	1952.730000	5972.445000	4998.060000	2918.835000	1848.105000	-5.907557	-2.582236	-1.698957	-1.291303	0.664791	1.604833	-0.690771	-9.232378	-3.204600	5.524120	-1.617560	0.907468	0.131591	0.378661	-1.000000	-1.000000	-1.000000	-1.000000	-1.000000	-1.000000	-1.000000	74.620690	0.000000	-1.000000	-1.000000	1458971.000000	1772660806.617861
-26752.005000	-45202.455000	2267.685000	1973.070000	5996.520000	5020.830000	2931.795000	1878.480000	-19.653879	-16.425230	-15.193149	-13.769605	-10.566001	-8.473001	-9.702543	-24.944266	-3.204600	5.524120	-1.617560	0.907468	0.131591	0.378661	-1.000000	-1.000000	-1.000000	-1.000000	-1.000000	-1.000000	-1.000000	74.620690	0.000000	-1.000000	-1.000000	1458972.000000	1772660806.617868
-26743.230000	-45189.630000	2282.985000	1988.460000	6010.245000	5033.205000	2939.760000	1887.210000	-23.129439	-21.308607	-20.551943	-18.471812	-15.185680	-13.003943	-13.276302	-26.808230	-3.204600	5.524120	-1.617560	0.907468	0.131591	0.378661	-1.000000	-1.000000	-1.000000	-1.000000	-1.000000	-1.000000	-1.000000	74.620690	0.000000	-1.000000	-1.000000	1458973.000000	1772660806.621066
-26736.120000	-45182.475000	2292.030000	1994.355000	6012.270000	5033.430000	2940.660000	1890.495000	-12.825451	-12.981822	-13.136369	-11.327800	-9.382583	-8.271549	-8.464414	-13.176744	-3.204600	5.524120	-1.617560	0.907468	0.131591	0.378661	-1.000000	-1.000000	-1.000000	-1.000000	-1.000000	-1.000000	-1.000000	74.620690	0.000000	-1.000000	-1.000000	1458974.000000	1772660806.621073
-26722.035000	-45169.200000	2305.350000	2006.685000	6021.810000	5040.180000	2945.340000	1905.435000	4.392801	2.807412	2.183536	2.797059	2.418337	1.878668	1.125359	6.658754	-3.204600	5.524120	-1.617560	0.907468	0.131591	0.378661	-1.000000	-1.000000	-1.000000	-1.000000	-1.000000	-1.000000	-1.000000	74.620690	0.000000	-1.000000	-1.000000	1458975.000000	1772660806.623084
-26719.830000	-45164.070000	2311.875000	2015.595000	6031.080000	5047.920000	2951.865000	1912.410000	19.602819	17.191828	16.829819	15.998518	13.408105	11.375979	9.816343	22.969594	-3.204600	5.524120	-1.617560	0.907468	0.131591	0.378661	-1.000000	-1.000000	-1.000000	-1.000000	-1.000000	-1.000000	-1.000000	74.620690	0.000000	-1.000000	-1.000000	1458976.000000	1772660806.623091
-26720.325000	-45162.315000	2315.070000	2018.295000	6032.610000	5047.245000	2950.155000	1910.295000	26.936609	23.918862	24.135693	22.461008	18.883890	16.123355	13.993163	30.488467	-3.204600	5.524120	-1.617560	0.907468	0.131591	0.378661	-1.000000	-1.000000	-1.000000	-1.000000	-1.000000	-1.000000	-1.000000	74.620690	0.000000	-1.000000	-1.000000	1458977.000000	1772660806.627214
-26715.645000	-45161.595000	2314.305000	2018.025000	6032.745000	5048.010000	2949.930000	1915.515000	24.401467	21.341182	21.988265	20.433523	17.452082	14.981760	13.096044	27.869865	-3.204600	5.524120	-1.617560	0.907468	0.131591	0.378661	-1.000000	-1.000000	-1.000000	-1.000000	-1.000000	-1.000000	-1.000000	74.620690	0.000000	-1.000000	-1.000000	1458978.000000	1772660806.627221
-26711.730000	-45159.345000	2317.545000	2020.995000	6035.670000	5048.820000	2952.585000	1925.280000	15.134768	13.064498	13.739807	12.963030	11.603024	10.122767	9.230033	18.464309	-3.204600	5.524120	-1.617560	0.907468	0.131591	0.378661	-1.000000	-1.000000	-1.000000	-1.000000	-1.000000	-1.000000	-1.000000	74.620690	0.000000	-1.000000	-1.000000	1458979.000000	1772660806.631225
-26710.515000	-45158.355000	2316.780000	2020.725000	6033.015000	5045.940000	2951.685000	1924.335000	4.012812	3.830485	4.127582	4.137143	4.447802	4.037580	4.349789	6.527545	-3.204600	5.524120	-1.617560	0.907468	0.131591	0.378661	-1.000000	-1.000000	-1.000000	-1.000000	-1.000000	-1.000000	-1.000000	74.620690	0.000000	-1.000000	-1.000000	1458980.000000	1772660806.631232
-26721.720000	-45170.595000	2304.900000	2009.835000	6022.395000	5041.845000	2958.075000	1917.270000	-6.889549	-4.934831	-5.180510	-4.886954	-3.621552	-3.086969	-1.337747	-6.705723	-2.990960	4.791640	-0.946120	0.905393	0.132812	0.378417	-1.000000	-1.000000	-1.000000	-1.000000	-1.000000	-1.000000	-1.000000	74.620690	0.000000	-1.000000	-1.000000	1458981.000000	1772660806.635037
-26707.365000	-45158.985000	2315.340000	2018.610000	6029.955000	5055.750000	2982.915000	1940.040000	-16.540014	-13.189263	-13.895983	-13.832990	-12.438918	-10.725810	-6.921373	-19.546835	-2.990960	4.791640	-0.946120	0.905393	0.132812	0.378417	-1.000000	-1.000000	-1.000000	-1.000000	-1.000000	-1.000000	-1.000000	74.620690	0.000000	-1.000000	-1.000000	1458982.000000	1772660806.635045
-26714.655000	-45159.975000	2313.720000	2017.035000	6028.875000	5050.710000	2960.730000	1918.710000	-22.408358	-19.039054	-20.017196	-20.268476	-19.089308	-15.970520	-10.343730	-27.730862	-2.990960	4.791640	-0.946120	0.905393	0.132812	0.378417	-1.000000	-1.000000	-1.000000	-1.000000	-1.000000	-1.000000	-1.000000	74.620690	0.000000	-1.000000	-1.000000	1458983.000000	1772660806.639205
-26713.890000	-45165.105000	2304.495000	2009.070000	6026.310000	5037.705000	2938.365000	1920.960000	-21.955449	-19.805909	-20.859253	-21.076034	-19.899507	-16.187856	-11.240333	-27.831989	-2.990960	4.791640	-0.946120	0.905393	0.132812	0.378417	-1.000000	-1.000000	-1.000000	-1.000000	-1.000000	-1.000000	-1.000000	74.620690	0.000000	-1.000000	-1.000000	1458984.000000	1772660806.639212
-26653.635000	-45112.995000	2355.975000	2063.835000	6080.490000	5085.405000	2973.645000	2001.735000	-14.070982	-14.085498	-15.090775	-14.849897	-13.337593	-10.960094	-10.230987	-18.581259	-2.990960	4.791640	-0.946120	0.905393	0.132812	0.378417	-1.000000	-1.000000	-1.000000	-1.000000	-1.000000	-1.000000	-1.000000	74.620690	0.000000	-1.000000	-1.000000	1458985.000000	1772660806.643203
-26634.735000	-45082.170000	2391.570000	2099.655000	6114.555000	5117.715000	2990.340000	2007.810000	0.230051	-2.172513	-2.913849	-2.044307	-0.333279	-0.912124	-6.114710	-1.053774	-2.990960	4.791640	-0.946120	0.905393	0.132812	0.378417	-1.000000	-1.000000	-1.000000	-1.000000	-1.000000	-1.000000	-1.000000	74.620690	0.000000	-1.000000	-1.000000	1458986.000000	1772660806.643210
-26792.055000	-45213.570000	2268.900000	1977.165000	5996.475000	5014.755000	2925.585000	1818.630000	13.844406	10.800672	10.923995	12.195848	13.408791	10.142754	0.982771	15.880046	-2.990960	4.791640	-0.946120	0.905393	0.132812	0.378417	-1.000000	-1.000000	-1.000000	-1.000000	-1.000000	-1.000000	-1.000000	74.620690	0.000000	-1.000000	-1.000000	1458987.000000	1772660806.647068
-26761.815000	-45214.335000	2263.230000	1967.580000	5985.540000	5007.645000	2942.820000	1882.350000	15.849612	14.989550	16.566836	17.625963	17.697381	14.060482	6.566714	18.844054	-2.990960	4.791640	-0.946120	0.905393	0.132812	0.378417	-1.000000	-1.000000	-1.000000	-1.000000	-1.000000	-1.000000	-1.000000	74.620690	0.000000	-1.000000	-1.000000	1458988.000000	1772660806.647075
-26715.915000	-45163.080000	2319.120000	2025.405000	6041.610000	5050.260000	2956.230000	1923.030000	5.844825	7.807683	10.574599	10.706059	9.500676	7.860503	7.424639	7.808366	-2.990960	4.791640	-0.946120	0.905393	0.132812	0.378417	-1.000000	-1.000000	-1.000000	-1.000000	-1.000000	-1.000000	-1.000000	74.620690	0.000000	-1.000000	-1.000000	1458989.000000	1772660806.651425
-26734.320000	-45163.305000	2321.370000	2026.845000	6041.115000	5044.590000	2938.185000	1886.895000	-4.450455	-1.464522	1.403326	0.341135	-1.828686	-1.378930	4.880225	-3.791463	-2.990960	4.791640	-0.946120	0.905393	0.132812	0.378417	-1.000000	-1.000000	-1.000000	-1.000000	-1.000000	-1.000000	-1.000000	74.620690	0.000000	-1.000000	-1.000000	1458990.000000	1772660806.651434
-26739.000000	-45177.255000	2299.455000	2001.285000	6017.895000	5028.525000	2934.360000	1886.895000	-7.109184	-4.741613	-3.017260	-4.829235	-7.293593	-6.479906	0.873029	-7.768104	-3.586100	4.242280	-1.388660	0.904172	0.131958	0.379455	-1.000000	-1.000000	-1.000000	-1.000000	-1.000000	-1.000000	-1.000000	74.620690	0.000000	-1.000000	-1.000000	1458991.000000	1772660806.655309
-26713.260000	-45171.990000	2296.260000	1997.955000	6015.825000	5028.930000	2940.030000	1912.320000	-3.111610	-2.534878	-2.979715	-4.736935	-6.599536	-6.426635	-2.561131	-4.620954	-3.586100	4.242280	-1.388660	0.904172	0.131958	0.379455	-1.000000	-1.000000	-1.000000	-1.000000	-1.000000	-1.000000	-1.000000	74.620690	0.000000	-1.000000	-1.000000	1458992.000000	1772660806.655316
-26700.930000	-45158.850000	2310.300000	2012.400000	6027.345000	5035.365000	2942.955000	1919.160000	3.798403	1.376363	-1.536441	-2.577340	-3.242484	-3.033137	-2.807743	2.749501	-3.586100	4.242280	-1.388660	0.904172	0.131958	0.379455	-1.000000	-1.000000	-1.000000	-1.000000	-1.000000	-1.000000	-1.000000	74.620690	0.000000	-1.000000	-1.000000	1458993.000000	1772660806.659216
-26687.790000	-45143.235000	2326.095000	2028.600000	6041.025000	5048.370000	2950.245000	1931.940000	9.004218	3.835788	-0.534725	-0.593940	-0.199975	1.041510	-0.053161	9.083654	-3.586100	4.242280	-1.388660	0.904172	0.131958	0.379455	-1.000000	-1.000000	-1.000000	-1.000000	-1.000000	-1.000000	-1.000000	74.620690	0.000000	-1.000000	-1.000000	1458994.000000	1772660806.659223
-26713.485000	-45161.415000	2311.560000	2016.900000	6033.870000	5049.090000	2950.245000	1904.580000	9.342567	3.712828	-0.212925	0.626061	1.522475	3.793466	3.090302	10.487157	-3.586100	4.242280	-1.388660	0.904172	0.131958	0.379455	-1.000000	-1.000000	-1.000000	-1.000000	-1.000000	-1.000000	-1.000000	74.620690	0.000000	-1.000000	-1.000000	1458995.000000	1772660806.663049
-26733.555000	-45171.495000	2307.870000	2016.180000	6035.490000	5053.770000	2953.755000	1891.845000	6.645589	3.341864	1.556183	3.092991	4.109741	6.371697	5.494803	9.154598	-3.586100	4.242280	-1.388660	0.904172	0.131958	0.379455	-1.000000	-1.000000	-1.000000	-1.000000	-1.000000	-1.000000	-1.000000	74.620690	0.000000	-1.000000	-1.000000	1458996.000000	1772660806.663058
-26717.220000	-45160.740000	2318.850000	2025.765000	6042.195000	5053.995000	2960.505000	1926.135000	3.527268	4.573228	5.713046	7.676962	8.706428	9.633751	6.770548	7.449607	-3.586100	4.242280	-1.388660	0.904172	0.131958	0.379455	-1.000000	-1.000000	-1.000000	-1.000000	-1.000000	-1.000000	-1.000000	74.620690	0.000000	-1.000000	-1.000000	1458997.000000	1772660806.667131
-26659.620000	-45116.280000	2361.330000	2065.725000	6077.700000	5084.595000	2991.195000	1997.325000	0.060627	5.329670	8.864348	10.669476	11.555718	10.476804	5.827449	4.633037	-3.586100	4.242280	-1.388660	0.904172	0.131958	0.379455	-1.000000	-1.000000	-1.000000	-1.000000	-1.000000	-1.000000	-1.000000	74.620690	0.000000	-1.000000	-1.000000	1458998.000000	1772660806.667138
-26696.340000	-45152.910000	2325.555000	2031.390000	6045.480000	5053.770000	2959.650000	1940.895000	-3.096001	3.203441	7.389485	8.262430	8.711581	6.049765	2.516603	0.993632	-3.586100	4.242280	-1.388660	0.904172	0.131958	0.379455	-1.000000	-1.000000	-1.000000	-1.000000	-1.000000	-1.000000	-1.000000	74.620690	0.000000	-1.000000	-1.000000	1458999.000000	1772660806.671152
-26764.290000	-45209.250000	2273.355000	1985.040000	6002.595000	5013.810000	2926.755000	1872.630000	-6.384203	-2.668566	0.468636	0.190499	0.117536	-2.968816	-2.867592	-4.533846	-3.586100	4.242280	-1.388660	0.904172	0.131958	0.379455	-1.000000	-1.000000	-1.000000	-1.000000	-1.000000	-1.000000	-1.000000	74.620690	0.000000	-1.000000	-1.000000	1459000.000000	1772660806.671160
-26755.650000	-45201.510000	2276.910000	1987.425000	6004.575000	5019.975000	2942.280000	1888.245000	-11.984917	-11.391486	-9.859763	-10.709815	-11.028843	-13.180927	-9.328146	-14.002822	-4.288060	5.341000	-1.785420	0.905332	0.133361	0.377318	-1.000000	-1.000000	-1.000000	-1.000000	-1.000000	-1.000000	-1.000000	74.620690	0.000000	-1.000000	-1.000000	1459001.000000	1772660806.675205
-26730.720000	-45182.115000	2292.525000	2000.655000	6017.445000	5032.440000	2949.615000	1914.840000	-17.628197	-18.310026	-18.252036	-19.075685	-19.280177	-19.375724	-13.406892	-23.167508	-4.288060	5.341000	-1.785420	0.905332	0.133361	0.377318	-1.000000	-1.000000	-1.000000	-1.000000	-1.000000	-1.000000	-1.000000	74.620690	0.000000	-1.000000	-1.000000	1459002.000000	1772660806.675213
-26724.060000	-45175.455000	2297.835000	2003.130000	6018.615000	5033.340000	2949.660000	1923.525000	-16.877404	-17.645051	-19.043630	-19.866308	-19.804311	-17.684787	-11.937002	-23.547671	-4.288060	5.341000	-1.785420	0.905332	0.133361	0.377318	-1.000000	-1.000000	-1.000000	-1.000000	-1.000000	-1.000000	-1.000000	74.620690	0.000000	-1.000000	-1.000000	1459003.000000	1772660806.680457
-26743.500000	-45180.765000	2299.185000	2004.705000	6019.335000	5029.785000	2938.995000	1903.050000	-6.260764	-7.428870	-10.180831	-11.382482	-11.291330	-8.354131	-5.303403	-11.192424	-4.288060	5.341000	-1.785420	0.905332	0.133361	0.377318	-1.000000	-1.000000	-1.000000	-1.000000	-1.000000	-1.000000	-1.000000	74.620690	0.000000	-1.000000	-1.000000	1459004.000000	1772660806.680465
-26711.820000	-45153.855000	2325.195000	2030.535000	6046.245000	5055.480000	2958.480000	1935.585000	10.651131	8.725242	5.346831	3.688424	3.367821	4.915416	3.289868	8.856037	-4.288060	5.341000	-1.785420	0.905332	0.133361	0.377318	-1.000000	-1.000000	-1.000000	-1.000000	-1.000000	-1.000000	-1.000000	74.620690	0.000000	-1.000000	-1.000000	1459005.000000	1772660806.683131
-26704.710000	-45155.385000	2320.875000	2025.495000	6041.880000	5053.185000	2953.485000	1928.430000	24.549914	22.337600	19.488827	17.888255	17.132344	16.246771	9.769152	24.646739	-4.288060	5.341000	-1.785420	0.905332	0.133361	0.377318	-1.000000	-1.000000	-1.000000	-1.000000	-1.000000	-1.000000	-1.000000	74.620690	0.000000	-1.000000	-1.000000	1459006.000000	1772660806.683138
-26748.000000	-45186.975000	2296.170000	2005.200000	6022.890000	5033.520000	2927.835000	1869.705000	26.145663	24.519112	23.178084	22.481124	21.889498	19.647736	10.801837	25.460291	-4.288060	5.341000	-1.785420	0.905332	0.133361	0.377318	-1.000000	-1.000000	-1.000000	-1.000000	-1.000000	-1.000000	-1.000000	74.620690	0.000000	-1.000000	-1.000000	1459007.000000	1772660806.687207
-26730.180000	-45176.445000	2302.290000	2007.720000	6023.880000	5035.185000	2936.430000	1893.555000	14.336070	13.983501	14.589973	15.356215	15.489614	13.772656	6.499522	11.751742	-4.288060	5.341000	-1.785420	0.905332	0.133361	0.377318	-1.000000	-1.000000	-1.000000	-1.000000	-1.000000	-1.000000	-1.000000	74.620690	0.000000	-1.000000	-1.000000	1459008.000000	1772660806.687213
-26711.640000	-45169.155000	2300.175000	2001.465000	6012.315000	5024.970000	2939.625000	1917.630000	-1.254902	-0.602135	1.473004	3.314531	3.946831	3.724784	1.274318	-3.774984	-4.288060	5.341000	-1.785420	0.905332	0.133361	0.377318	-1.000000	-1.000000	-1.000000	-1.000000	-1.000000	-1.000000	-1.000000	74.620690	0.000000	-1.000000	-1.000000	1459009.000000	1772660806.691190
-26678.115000	-45138.150000	2334.015000	2037.825000	6050.160000	5061.780000	2969.100000	1971.495000	-9.935934	-9.554272	-7.283728	-5.507947	-5.185850	-4.167933	-0.773238	-9.076697	-4.288060	5.341000	-1.785420	0.905332	0.133361	0.377318	-1.000000	-1.000000	-1.000000	-1.000000	-1.000000	-1.000000	-1.000000	74.620690	0.000000	-1.000000	-1.000000	1459010.000000	1772660806.691197
-26672.535000	-45125.415000	2350.440000	2053.935000	6066.360000	5077.485000	2982.645000	1973.070000	-9.809089	-10.444238	-8.903526	-7.980574	-8.383083	-6.970218	0.541144	-3.846036	-2.975700	5.524120	-1.663340	0.904295	0.132812	0.378173	-1.000000	-1.000000	-1.000000	-1.000000	-1.000000	-1.000000	-1.000000	74.620690	0.000000	-1.000000	-1.000000	1459011.000000	1772660806.695104
-26762.895000	-45202.005000	2277.135000	1982.070000	5999.130000	5018.715000	2940.480000	1857.960000	-6.580400	-7.437423	-6.584050	-6.410245	-7.096439	-5.987076	2.404017	2.659028	-2.975700	5.524120	-1.663340	0.904295	0.132812	0.378173	-1.000000	-1.000000	-1.000000	-1.000000	-1.000000	-1.000000	-1.000000	74.620690	0.000000	-1.000000	-1.000000	1459012.000000	1772660806.695113
-26746.740000	-45189.585000	2289.960000	1995.210000	6011.595000	5026.995000	2935.620000	1878.480000	-6.258004	-6.046816	-5.550882	-5.609172	-5.796738	-5.164949	1.293780	1.427692	-2.975700	5.524120	-1.663340	0.904295	0.132812	0.378173	-1.000000	-1.000000	-1.000000	-1.000000	-1.000000	-1.000000	-1.000000	74.620690	0.000000	-1.000000	-1.000000	1459013.000000	1772660806.699282
-26726.940000	-45175.095000	2302.785000	2006.280000	6022.080000	5033.475000	2928.825000	1904.220000	-9.021059	-7.396223	-7.244468	-7.201494	-6.538266	-6.341747	-3.743927	-7.046299	-2.975700	5.524120	-1.663340	0.904295	0.132812	0.378173	-1.000000	-1.000000	-1.000000	-1.000000	-1.000000	-1.000000	-1.000000	74.620690	0.000000	-1.000000	-1.000000	1459014.000000	1772660806.699290
-26708.220000	-45159.885000	2315.880000	2018.430000	6033.195000	5047.335000	2946.105000	1929.330000	-10.002611	-7.740905	-8.118201	-8.041616	-6.882475	-7.184830	-9.312594	-13.714528	-2.975700	5.524120	-1.663340	0.904295	0.132812	0.378173	-1.000000	-1.000000	-1.000000	-1.000000	-1.000000	-1.000000	-1.000000	74.620690	0.000000	-1.000000	-1.000000	1459015.000000	1772660806.703162
-26725.005000	-45167.175000	2312.145000	2014.650000	6027.480000	5041.620000	2941.560000	1905.120000	-5.293052	-3.548795	-4.534214	-4.728246	-3.815820	-4.555554	-10.250737	-10.938141	-2.975700	5.524120	-1.663340	0.904295	0.132812	0.378173	-1.000000	-1.000000	-1.000000	-1.000000	-1.000000	-1.000000	-1.000000	74.620690	0.000000	-1.000000	-1.000000	1459016.000000	1772660806.703169
-26739.495000	-45180.990000	2298.870000	1999.845000	6008.895000	5027.805000	2938.860000	1894.005000	3.489104	4.200628	2.983843	2.364499	2.400113	1.561855	-4.846255	-0.265604	-2.975700	5.524120	-1.663340	0.904295	0.132812	0.378173	-1.000000	-1.000000	-1.000000	-1.000000	-1.000000	-1.000000	-1.000000	74.620690	0.000000	-1.000000	-1.000000	1459017.000000	1772660806.710946
-26693.055000	-45143.505000	2333.520000	2034.990000	6043.545000	5065.515000	2981.025000	1959.525000	10.779744	10.849493	10.215442	9.395860	8.439951	7.955896	3.613514	10.180386	-2.975700	5.524120	-1.663340	0.904295	0.132812	0.378173	-1.000000	-1.000000	-1.000000	-1.000000	-1.000000	-1.000000	-1.000000	74.620690	0.000000	-1.000000	-1.000000	1459018.000000	1772660806.710955
-26670.015000	-45122.445000	2352.465000	2054.520000	6062.895000	5072.940000	2975.400000	1976.535000	12.992062	12.766463	13.147586	12.557798	11.106601	11.147602	10.184479	14.467567	-2.975700	5.524120	-1.663340	0.904295	0.132812	0.378173	-1.000000	-1.000000	-1.000000	-1.000000	-1.000000	-1.000000	-1.000000	74.620690	0.000000	-1.000000	-1.000000	1459019.000000	1772660806.712482
-26750.160000	-45190.890000	2288.430000	1993.230000	6003.450000	5014.170000	2914.425000	1876.995000	9.925456	9.165326	10.072079	10.039985	8.858596	8.898284	10.607911	11.284721	-2.975700	5.524120	-1.663340	0.904295	0.132812	0.378173	-1.000000	-1.000000	-1.000000	-1.000000	-1.000000	-1.000000	-1.000000	74.620690	0.000000	-1.000000	-1.000000	1459020.000000	1772660806.712491
-26731.485000	-45166.635000	2315.655000	2021.895000	6031.755000	5046.705000	2941.830000	1902.015000	3.451555	1.934359	2.531258	3.130530	2.748415	2.063554	4.270796	2.998073	-1.388660	4.562740	-1.602300	0.905943	0.131652	0.377807	-1.000000	-1.000000	-1.000000	-1.000000	-1.000000	-1.000000	-1.000000	74.620690	0.000000	-1.000000	-1.000000	1459021.000000	1772660806.719730
-26735.355000	-45166.680000	2314.575000	2020.860000	6034.230000	5051.880000	2943.360000	1892.430000	-2.897657	-4.674383	-4.791749	-3.780995	-3.271198	-4.483038	-3.550076	-5.167041	-1.388660	4.562740	-1.602300	0.905943	0.131652	0.377807	-1.000000	-1.000000	-1.000000	-1.000000	-1.000000	-1.000000	-1.000000	74.620690	0.000000	-1.000000	-1.000000	1459022.000000	1772660806.719737
-26745.615000	-45191.880000	2285.370000	1989.990000	6006.600000	5029.695000	2929.635000	1891.980000	-7.159854	-8.219747	-8.911743	-7.931776	-6.668298	-7.190944	-7.299330	-10.026939	-1.388660	4.562740	-1.602300	0.905943	0.131652	0.377807	-1.000000	-1.000000	-1.000000	-1.000000	-1.000000	-1.000000	-1.000000	74.620690	0.000000	-1.000000	-1.000000	1459023.000000	1772660806.719745
-26732.430000	-45183.915000	2289.780000	1991.205000	6004.260000	5023.890000	2930.220000	1905.480000	-9.265635	-9.424451	-10.405524	-9.974019	-8.248158	-7.093042	-6.500442	-11.130731	-1.388660	4.562740	-1.602300	0.905943	0.131652	0.377807	-1.000000	-1.000000	-1.000000	-1.000000	-1.000000	-1.000000	-1.000000	74.620690	0.000000	-1.000000	-1.000000	1459024.000000	1772660806.719749
-26726.490000	-45171.315000	2304.135000	2008.620000	6019.470000	5031.405000	2928.645000	1905.435000	-7.779919	-7.945668	-9.031250	-9.467714	-7.894812	-5.563266	-3.251232	-7.392632	-1.388660	4.562740	-1.602300	0.905943	0.131652	0.377807	-1.000000	-1.000000	-1.000000	-1.000000	-1.000000	-1.000000	-1.000000	74.620690	0.000000	-1.000000	-1.000000	1459025.000000	1772660806.723213
-26727.390000	-45171.045000	2305.305000	2012.625000	6024.780000	5039.280000	2942.505000	1910.700000	-2.154189	-2.793253	-3.635590	-4.665693	-3.928582	-2.209676	0.603573	0.281879	-1.388660	4.562740	-1.602300	0.905943	0.131652	0.377807	-1.000000	-1.000000	-1.000000	-1.000000	-1.000000	-1.000000	-1.000000	74.620690	0.000000	-1.000000	-1.000000	1459026.000000	1772660806.723220
-26728.470000	-45168.975000	2304.585000	2010.690000	6021.045000	5040.000000	2952.990000	1914.390000	3.577134	3.354405	3.329265	2.443906	2.108765	1.908012	3.221487	6.339071	-1.388660	4.562740	-1.602300	0.905943	0.131652	0.377807	-1.000000	-1.000000	-1.000000	-1.000000	-1.000000	-1.000000	-1.000000	74.620690	0.000000	-1.000000	-1.000000	1459027.000000	1772660806.727202
-26719.065000	-45158.490000	2314.170000	2018.430000	6028.110000	5045.130000	2946.195000	1920.555000	5.164450	6.455977	7.452173	7.158000	5.966476	4.364519	3.752688	6.645668	-1.388660	4.562740	-1.602300	0.905943	0.131652	0.377807	-1.000000	-1.000000	-1.000000	-1.000000	-1.000000	-1.000000	-1.000000	74.620690	0.000000	-1.000000	-1.000000	1459028.000000	1772660806.727208
-26720.190000	-45162.315000	2310.975000	2015.685000	6025.320000	5039.685000	2937.150000	1916.685000	4.473472	6.884612	8.331381	8.406113	6.741785	5.216399	3.498821	4.678734	-1.388660	4.562740	-1.602300	0.905943	0.131652	0.377807	-1.000000	-1.000000	-1.000000	-1.000000	-1.000000	-1.000000	-1.000000	74.620690	0.000000	-1.000000	-1.000000	1459029.000000	1772660806.731178
-26721.180000	-45166.455000	2308.140000	2015.505000	6030.630000	5047.290000	2943.315000	1917.540000	5.209147	6.817868	7.814142	7.807533	6.184919	5.535377	3.439972	5.207385	-1.388660	4.562740	-1.602300	0.905943	0.131652	0.377807	-1.000000	-1.000000	-1.000000	-1.000000	-1.000000	-1.000000	-1.000000	74.620690	0.000000	-1.000000	-1.000000	1459030.000000	1772660806.731185
-26717.670000	-45164.790000	2310.570000	2016.810000	6031.395000	5048.055000	2948.040000	1922.400000	6.164359	5.462895	5.610957	5.413883	4.436057	4.526703	2.757769	6.537800	-2.838360	4.120200	-1.922760	0.907346	0.132629	0.377257	-1.000000	-1.000000	-1.000000	-1.000000	-1.000000	-1.000000	-1.000000	74.620690	0.000000	-1.000000	-1.000000	1459031.000000	1772660806.735125
-26714.115000	-45161.550000	2314.485000	2018.520000	6031.755000	5047.740000	2949.660000	1925.910000	4.430833	1.997445	1.721968	1.568922	1.538049	1.887545	1.118769	4.798445	-2.838360	4.120200	-1.922760	0.907346	0.132629	0.377257	-1.000000	-1.000000	-1.000000	-1.000000	-1.000000	-1.000000	-1.000000	74.620690	0.000000	-1.000000	-1.000000	1459032.000000	1772660806.735131
-26715.375000	-45161.730000	2315.835000	2019.105000	6031.575000	5047.605000	2947.590000	1924.110000	-0.005293	-2.113108	-2.077764	-1.987868	-1.267354	-0.995843	-0.728015	-0.294753	-2.838360	4.120200	-1.922760	0.907346	0.132629	0.377257	-1.000000	-1.000000	-1.000000	-1.000000	-1.000000	-1.000000	-1.000000	74.620690	0.000000	-1.000000	-1.000000	1459033.000000	1772660806.739142
-26716.860000	-45163.080000	2315.025000	2017.665000	6029.955000	5044.635000	2945.520000	1922.940000	-5.050752	-5.307440	-4.646578	-4.380330	-3.307906	-3.060426	-2.351926	-6.134550	-2.838360	4.120200	-1.922760	0.907346	0.132629	0.377257	-1.000000	-1.000000	-1.000000	-1.000000	-1.000000	-1.000000	-1.000000	74.620690	0.000000	-1.000000	-1.000000	1459034.000000	1772660806.739149
-26697.285000	-45146.430000	2331.000000	2032.515000	6043.635000	5055.165000	2952.585000	1944.090000	-8.334164	-6.806534	-5.840390	-5.667450	-4.622261	-4.310507	-3.969425	-9.939037	-2.838360	4.120200	-1.922760	0.907346	0.132629	0.377257	-1.000000	-1.000000	-1.000000	-1.000000	-1.000000	-1.000000	-1.000000	74.620690	0.000000	-1.000000	-1.000000	1459035.000000	1772660806.744160
-26709.210000	-45147.780000	2333.475000	2035.530000	6046.020000	5056.875000	2953.710000	1927.305000	-8.556949	-6.304366	-5.582283	-5.683674	-4.995964	-4.859556	-5.448257	-10.474258	-2.838360	4.120200	-1.922760	0.907346	0.132629	0.377257	-1.000000	-1.000000	-1.000000	-1.000000	-1.000000	-1.000000	-1.000000	74.620690	0.000000	-1.000000	-1.000000	1459036.000000	1772660806.744170
-26731.890000	-45171.810000	2306.385000	2007.765000	6020.865000	5036.625000	2942.505000	1904.310000	-6.204001	-4.253410	-4.137952	-4.381764	-4.205190	-4.373222	-5.430397	-8.010041	-2.838360	4.120200	-1.922760	0.907346	0.132629	0.377257	-1.000000	-1.000000	-1.000000	-1.000000	-1.000000	-1.000000	-1.000000	74.620690	0.000000	-1.000000	-1.000000	1459037.000000	1772660806.747145
-26723.970000	-45170.280000	2300.805000	2001.870000	6018.120000	5036.445000	2943.900000	1920.780000	-2.622368	-1.712121	-2.504961	-2.630824	-2.828167	-2.899420	-2.893496	-3.315516	-2.838360	4.120200	-1.922760	0.907346	0.132629	0.377257	-1.000000	-1.000000	-1.000000	-1.000000	-1.000000	-1.000000	-1.000000	74.620690	0.000000	-1.000000	-1.000000	1459038.000000	1772660806.747152
-26718.255000	-45163.215000	2310.210000	2010.510000	6026.220000	5044.635000	2948.895000	1923.660000	1.148315	0.578073	-1.367344	-1.297485	-1.628219	-1.121581	1.018815	2.448303	-2.838360	4.120200	-1.922760	0.907346	0.132629	0.377257	-1.000000	-1.000000	-1.000000	-1.000000	-1.000000	-1.000000	-1.000000	74.620690	0.000000	-1.000000	-1.000000	1459039.000000	1772660806.751283
-26712.720000	-45157.005000	2318.085000	2019.240000	6036.435000	5053.770000	2958.120000	1924.695000	4.390503	2.687434	0.022491	0.233861	-0.129317	0.852290	4.309178	7.271583	-2.838360	4.120200	-1.922760	0.907346	0.132629	0.377257	-1.000000	-1.000000	-1.000000	-1.000000	-1.000000	-1.000000	-1.000000	74.620690	0.000000	-1.000000	-1.000000	1459040.000000	1772660806.751290
-26708.445000	-45154.845000	2319.210000	2020.410000	6039.135000	5057.145000	2965.140000	1927.890000	6.357058	4.616300	2.439461	2.835301	2.524851	3.356448	5.988855	9.122949	-3.723440	4.272800	-1.358140	0.904661	0.133300	0.377685	-1.000000	-1.000000	-1.000000	-1.000000	-1.000000	-1.000000	-1.000000	74.620690	0.000000	-1.000000	-1.000000	1459041.000000	1772660806.755070
-26708.940000	-45155.925000	2317.320000	2017.890000	6035.445000	5051.925000	2956.230000	1930.860000	6.452100	5.529453	4.893590	5.537606	5.472348	5.627340	5.813139	7.593636	-3.723440	4.272800	-1.358140	0.904661	0.133300	0.377685	-1.000000	-1.000000	-1.000000	-1.000000	-1.000000	-1.000000	-1.000000	74.620690	0.000000	-1.000000	-1.000000	1459042.000000	1772660806.755077
-26701.695000	-45148.725000	2323.935000	2023.470000	6037.245000	5045.310000	2940.075000	1943.910000	4.611090	4.572168	5.622556	6.343502	6.541571	5.844338	3.329077	3.987627	-3.723440	4.272800	-1.358140	0.904661	0.133300	0.377685	-1.000000	-1.000000	-1.000000	-1.000000	-1.000000	-1.000000	-1.000000	74.620690	0.000000	-1.000000	-1.000000	1459043.000000	1772660806.761540
-26660.970000	-45122.355000	2347.245000	2044.935000	6056.685000	5062.005000	2966.310000	2003.760000	1.827911	2.084985	4.128774	4.540860	4.660743	3.117472	-1.181514	0.632462	-3.723440	4.272800	-1.358140	0.904661	0.133300	0.377685	-1.000000	-1.000000	-1.000000	-1.000000	-1.000000	-1.000000	-1.000000	74.620690	0.000000	-1.000000	-1.000000	1459044.000000	1772660806.761549
-26673.165000	-45123.075000	2350.755000	2049.795000	6065.100000	5072.445000	2973.960000	1988.055000	0.158198	-0.194152	1.845252	1.662191	1.370222	-0.694457	-4.877051	0.125609	-3.723440	4.272800	-1.358140	0.904661	0.133300	0.377685	-1.000000	-1.000000	-1.000000	-1.000000	-1.000000	-1.000000	-1.000000	74.620690	0.000000	-1.000000	-1.000000	1459045.000000	1772660806.763130
-26633.205000	-45086.670000	2387.205000	2085.975000	6104.430000	5113.710000	3004.605000	2036.340000	1.014563	-0.192106	1.229028	0.528840	-0.065535	-1.860564	-4.168661	2.983567	-3.723440	4.272800	-1.358140	0.904661	0.133300	0.377685	-1.000000	-1.000000	-1.000000	-1.000000	-1.000000	-1.000000	-1.000000	74.620690	0.000000	-1.000000	-1.000000	1459046.000000	1772660806.763138
-26667.045000	-45109.620000	2368.665000	2069.235000	6091.920000	5105.880000	2991.915000	1975.725000	2.984831	2.010610	2.912295	2.090106	1.661077	1.027533	0.814348	5.592556	-3.723440	4.272800	-1.358140	0.904661	0.133300	0.377685	-1.000000	-1.000000	-1.000000	-1.000000	-1.000000	-1.000000	-1.000000	74.620690	0.000000	-1.000000	-1.000000	1459047.000000	1772660806.767159
-26818.965000	-45243.090000	2243.475000	1948.005000	5976.090000	4999.410000	2903.220000	1795.815000	0.244117	1.288037	2.154873	1.708104	1.921252	3.054933	4.284694	0.147366	-3.723440	4.272800	-1.358140	0.904661	0.133300	0.377685	-1.000000	-1.000000	-1.000000	-1.000000	-1.000000	-1.000000	-1.000000	74.620690	0.000000	-1.000000	-1.000000	1459048.000000	1772660806.767165
-26764.110000	-45207.360000	2270.655000	1971.990000	5996.655000	5013.990000	2921.085000	1872.180000	-11.384193	-7.478174	-6.469959	-6.220066	-5.226324	-2.350079	0.200546	-16.621634	-3.723440	4.272800	-1.358140	0.904661	0.133300	0.377685	-1.000000	-1.000000	-1.000000	-1.000000	-1.000000	-1.000000	-1.000000	74.620690	0.000000	-1.000000	-1.000000	1459049.000000	1772660806.771142
-26750.655000	-45191.925000	2284.695000	1984.770000	6006.915000	5020.335000	2921.445000	1883.340000	-23.903361	-18.773480	-18.242889	-17.489103	-16.228926	-12.728140	-8.930544	-32.436931	-3.723440	4.272800	-1.358140	0.904661	0.133300	0.377685	-1.000000	-1.000000	-1.000000	-1.000000	-1.000000	-1.000000	-1.000000	74.620690	0.000000	-1.000000	-1.000000	1459050.000000	1772660806.771151
-26712.360000	-45153.225000	2324.655000	2023.245000	6041.520000	5055.300000	2956.635000	1934.910000	-23.507137	-20.302833	-21.125759	-20.505740	-19.912058	-17.553518	-13.565315	-30.163936	-1.159760	4.135460	-1.678600	0.903562	0.130798	0.379638	-1.000000	-1.000000	-1.000000	-1.000000	-1.000000	-1.000000	-1.000000	74.620690	0.000000	-1.000000	-1.000000	1459051.000000	1772660806.775319
-26742.330000	-45171.405000	2309.895000	2008.215000	6026.085000	5045.445000	2953.710000	1892.295000	-7.655283	-8.087884	-10.274729	-10.311372	-10.937843	-10.638872	-7.881437	-8.503917	-1.159760	4.135460	-1.678600	0.903562	0.130798	0.379638	-1.000000	-1.000000	-1.000000	-1.000000	-1.000000	-1.000000	-1.000000	74.620690	0.000000	-1.000000	-1.000000	1459052.000000	1772660806.775326
-26764.245000	-45192.150000	2289.735000	1990.710000	6011.685000	5024.610000	2925.585000	1865.655000	12.204437	9.150128	6.638304	5.980265	4.472890	3.225238	3.935025	16.773604	-1.159760	4.135460	-1.678600	0.903562	0.130798	0.379638	-1.000000	-1.000000	-1.000000	-1.000000	-1.000000	-1.000000	-1.000000	74.620690	0.000000	-1.000000	-1.000000	1459053.000000	1772660806.779058
-26738.325000	-45170.865000	2312.280000	2015.235000	6036.120000	5042.115000	2932.605000	1902.600000	23.538824	19.955906	18.293032	17.552787	16.065688	14.065013	12.434264	30.067037	-1.159760	4.135460	-1.678600	0.903562	0.130798	0.379638	-1.000000	-1.000000	-1.000000	-1.000000	-1.000000	-1.000000	-1.000000	74.620690	0.000000	-1.000000	-1.000000	1459054.000000	1772660806.779062
-26728.155000	-45174.240000	2307.420000	2008.170000	6026.670000	5038.020000	2938.590000	1908.315000	23.241095	20.099577	19.761580	19.477440	18.624551	16.116853	12.584274	28.700607	-1.159760	4.135460	-1.678600	0.903562	0.130798	0.379638	-1.000000	-1.000000	-1.000000	-1.000000	-1.000000	-1.000000	-1.000000	74.620690	0.000000	-1.000000	-1.000000	1459055.000000	1772660806.794338
-26724.870000	-45176.670000	2299.905000	1997.100000	6016.635000	5036.040000	2951.820000	1909.665000	16.573366	13.288084	13.809805	13.961950	13.653395	10.992354	7.383463	20.197611	-1.159760	4.135460	-1.678600	0.903562	0.130798	0.379638	-1.000000	-1.000000	-1.000000	-1.000000	-1.000000	-1.000000	-1.000000	74.620690	0.000000	-1.000000	-1.000000	1459056.000000	1772660806.794347
-26670.555000	-45130.860000	2341.215000	2034.135000	6048.495000	5060.745000	2970.675000	1984.770000	11.509513	7.208948	7.483245	7.469849	7.261929	5.280426	3.674971	14.442254	-1.159760	4.135460	-1.678600	0.903562	0.130798	0.379638	-1.000000	-1.000000	-1.000000	-1.000000	-1.000000	-1.000000	-1.000000	74.620690	0.000000	-1.000000	-1.000000	1459057.000000	1772660806.794358
-26636.130000	-45082.620000	2389.320000	2081.700000	6091.650000	5086.035000	2956.770000	2011.455000	11.191573	6.691810	6.008730	5.315626	4.923065	4.060469	4.200011	14.533486	-1.159760	4.135460	-1.678600	0.903562	0.130798	0.379638	-1.000000	-1.000000	-1.000000	-1.000000	-1.000000	-1.000000	-1.000000	74.620690	0.000000	-1.000000	-1.000000	1459058.000000	1772660806.794362
-26655.570000	-45097.470000	2380.635000	2078.820000	6092.100000	5090.580000	2965.095000	1991.340000	9.968611	8.185346	7.126086	6.058764	5.691577	5.566715	4.808699	12.664734	-1.159760	4.135460	-1.678600	0.903562	0.130798	0.379638	-1.000000	-1.000000	-1.000000	-1.000000	-1.000000	-1.000000	-1.000000	74.620690	0.000000	-1.000000	-1.000000	1459059.000000	1772660806.794366
-26619.795000	-45078.930000	2394.585000	2091.465000	6106.995000	5114.880000	3011.625000	2035.035000	1.267081	4.393179	4.241693	3.814177	4.217716	4.625250	1.672312	0.884798	-1.159760	4.135460	-1.678600	0.903562	0.130798	0.379638	-1.000000	-1.000000	-1.000000	-1.000000	-1.000000	-1.000000	-1.000000	74.620690	0.000000	-1.000000	-1.000000	1459060.000000	1772660806.794370
-26758.215000	-45195.435000	2284.290000	1984.680000	6006.645000	5022.810000	2931.480000	1858.230000	-14.596228	-7.621205	-6.223472	-5.244455	-3.342247	-1.722847	-4.432481	-19.484246	-1.022420	4.852680	-1.815940	0.905393	0.131042	0.378722	-1.000000	-1.000000	-1.000000	-1.000000	-1.000000	-1.000000	-1.000000	74.620690	0.000000	-1.000000	-1.000000	1459061.000000	1772660806.795404
-26762.355000	-45207.495000	2270.070000	1971.180000	5993.100000	5004.630000	2902.545000	1854.855000	-32.255900	-24.523045	-22.026789	-19.848237	-16.566958	-13.057046	-11.917165	-41.302412	-1.022420	4.852680	-1.815940	0.905393	0.131042	0.378722	-1.000000	-1.000000	-1.000000	-1.000000	-1.000000	-1.000000	-1.000000	74.620690	0.000000	-1.000000	-1.000000	1459062.000000	1772660806.795411
-26739.180000	-45189.270000	2282.940000	1978.380000	5996.340000	5006.610000	2906.730000	1865.160000	-43.068714	-37.407526	-34.972334	-32.697375	-29.310814	-24.553948	-18.673591	-54.195238	-1.022420	4.852680	-1.815940	0.905393	0.131042	0.378722	-1.000000	-1.000000	-1.000000	-1.000000	-1.000000	-1.000000	-1.000000	74.620690	0.000000	-1.000000	-1.000000	1459063.000000	1772660806.799212
-26749.125000	-45188.280000	2294.190000	1994.130000	6015.105000	5027.310000	2928.960000	1890.765000	-38.182766	-35.963312	-34.681406	-33.562132	-31.794672	-27.875260	-19.960337	-47.241751	-1.022420	4.852680	-1.815940	0.905393	0.131042	0.378722	-1.000000	-1.000000	-1.000000	-1.000000	-1.000000	-1.000000	-1.000000	74.620690	0.000000	-1.000000	-1.000000	1459064.000000	1772660806.799219
-26715.465000	-45143.820000	2349.045000	2055.330000	6078.690000	5085.360000	2963.970000	1952.235000	-16.239240	-16.782280	-16.624854	-16.981152	-17.718321	-16.898717	-11.608404	-17.667299	-1.022420	4.852680	-1.815940	0.905393	0.131042	0.378722	-1.000000	-1.000000	-1.000000	-1.000000	-1.000000	-1.000000	-1.000000	74.620690	0.000000	-1.000000	-1.000000	1459065.000000	1772660806.803208
-26768.340000	-45196.740000	2284.110000	1983.285000	6006.510000	5020.695000	2920.185000	1864.080000	12.668452	11.275313	11.294063	10.254793	7.639603	4.769942	4.056618	21.580299	-1.022420	4.852680	-1.815940	0.905393	0.131042	0.378722	-1.000000	-1.000000	-1.000000	-1.000000	-1.000000	-1.000000	-1.000000	74.620690	0.000000	-1.000000	-1.000000	1459066.000000	1772660806.803218
-26752.140000	-45196.380000	2271.330000	1964.025000	5984.010000	5002.245000	2922.255000	1886.310000	32.621977	31.270382	31.325814	30.292687	27.326640	22.840966	17.790033	47.533111	-1.022420	4.852680	-1.815940	0.905393	0.131042	0.378722	-1.000000	-1.000000	-1.000000	-1.000000	-1.000000	-1.000000	-1.000000	74.620690	0.000000	-1.000000	-1.000000	1459067.000000	1772660806.809189
-26736.345000	-45164.790000	2310.210000	2007.630000	6023.295000	5034.375000	2939.985000	1900.125000	35.308252	33.150346	32.109533	30.945423	28.773837	25.661925	21.612202	47.790241	-1.022420	4.852680	-1.815940	0.905393	0.131042	0.378722	-1.000000	-1.000000	-1.000000	-1.000000	-1.000000	-1.000000	-1.000000	74.620690	0.000000	-1.000000	-1.000000	1459068.000000	1772660806.809198
-26654.580000	-45091.620000	2385.135000	2085.795000	6100.200000	5110.425000	3006.495000	2014.830000	26.623865	23.056893	20.341496	18.909221	17.627916	16.828665	16.242520	31.275192	-1.022420	4.852680	-1.815940	0.905393	0.131042	0.378722	-1.000000	-1.000000	-1.000000	-1.000000	-1.000000	-1.000000	-1.000000	74.620690	0.000000	-1.000000	-1.000000	1459069.000000	1772660806.811018
-26516.385000	-44983.800000	2485.935000	2182.545000	6192.495000	5192.955000	3068.145000	2176.380000	20.739791	15.925257	12.490297	11.214499	10.245007	10.279908	10.389046	19.088235	-1.022420	4.852680	-1.815940	0.905393	0.131042	0.378722	-1.000000	-1.000000	-1.000000	-1.000000	-1.000000	-1.000000	-1.000000	74.620690	0.000000	-1.000000	-1.000000	1459070.000000	1772660806.811026
-26757.720000	-45162.900000	2321.820000	2024.775000	6042.735000	5044.095000	2910.105000	1840.860000	21.866053	16.620707	14.093800	13.504969	12.511675	11.673914	8.732123	18.384312	-4.028640	4.654300	-2.502640	0.905637	0.135620	0.378234	-1.000000	-1.000000	-1.000000	-1.000000	-1.000000	-1.000000	-1.000000	74.620690	0.000000	-1.000000	-1.000000	1459071.000000	1772660806.815062
-26865.405000	-45244.170000	2245.095000	1948.275000	5972.130000	4990.365000	2888.055000	1737.585000	12.999666	10.853056	10.813076	11.290341	10.906649	9.249231	3.169865	7.823946	-4.028640	4.654300	-2.502640	0.905637	0.135620	0.378234	-1.000000	-1.000000	-1.000000	-1.000000	-1.000000	-1.000000	-1.000000	74.620690	0.000000	-1.000000	-1.000000	1459072.000000	1772660806.815069
-26723.070000	-45166.635000	2304.945000	2000.430000	6019.155000	5036.445000	2941.020000	1909.845000	-15.803837	-11.530745	-8.816703	-7.382732	-6.190959	-6.924614	-11.888097	-25.322604	-4.028640	4.654300	-2.502640	0.905637	0.135620	0.378234	-1.000000	-1.000000	-1.000000	-1.000000	-1.000000	-1.000000	-1.000000	74.620690	0.000000	-1.000000	-1.000000	1459073.000000	1772660806.821551
-26644.815000	-45126.405000	2340.180000	2033.775000	6047.370000	5057.460000	2962.710000	2019.870000	-43.304524	-36.284356	-32.969552	-31.566990	-28.987869	-27.417904	-26.384257	-55.362209	-4.028640	4.654300	-2.502640	0.905637	0.135620	0.378234	-1.000000	-1.000000	-1.000000	-1.000000	-1.000000	-1.000000	-1.000000	74.620690	0.000000	-1.000000	-1.000000	1459074.000000	1772660806.821558
-26603.190000	-45082.665000	2385.270000	2079.045000	6089.220000	5099.220000	3007.800000	2094.345000	-43.631125	-42.104930	-40.766822	-40.379987	-37.848830	-34.555335	-26.658278	-50.815992	-4.028640	4.654300	-2.502640	0.905637	0.135620	0.378234	-1.000000	-1.000000	-1.000000	-1.000000	-1.000000	-1.000000	-1.000000	74.620690	0.000000	-1.000000	-1.000000	1459075.000000	1772660806.823242
-26765.820000	-45201.240000	2274.030000	1973.610000	5988.600000	5007.960000	2927.835000	1865.115000	-18.960023	-25.672121	-26.483902	-26.938614	-25.699997	-22.450830	-11.611823	-15.219574	-4.028640	4.654300	-2.502640	0.905637	0.135620	0.378234	-1.000000	-1.000000	-1.000000	-1.000000	-1.000000	-1.000000	-1.000000	74.620690	0.000000	-1.000000	-1.000000	1459076.000000	1772660806.823250
-26815.545000	-45242.235000	2238.255000	1940.580000	5955.210000	4973.265000	2892.825000	1810.935000	4.663485	-3.971243	-5.032569	-5.334580	-5.395453	-3.420383	5.038832	16.288597	-4.028640	4.654300	-2.502640	0.905637	0.135620	0.378234	-1.000000	-1.000000	-1.000000	-1.000000	-1.000000	-1.000000	-1.000000	74.620690	0.000000	-1.000000	-1.000000	1459077.000000	1772660806.827581
-26704.980000	-45146.340000	2328.885000	2026.845000	6033.915000	5040.450000	2944.080000	1936.845000	8.793293	6.808551	7.113557	7.561240	6.936077	7.271776	9.956032	18.566422	-4.028640	4.654300	-2.502640	0.905637	0.135620	0.378234	-1.000000	-1.000000	-1.000000	-1.000000	-1.000000	-1.000000	-1.000000	74.620690	0.000000	-1.000000	-1.000000	1459078.000000	1772660806.827588
-26766.990000	-45199.890000	2276.460000	1975.635000	5985.855000	4994.730000	2902.590000	1852.155000	0.333118	7.804214	9.411055	10.251954	9.505523	8.219612	4.822306	1.718117	-4.028640	4.654300	-2.502640	0.905637	0.135620	0.378234	-1.000000	-1.000000	-1.000000	-1.000000	-1.000000	-1.000000	-1.000000	74.620690	0.000000	-1.000000	-1.000000	1459079.000000	1772660806.832111
-26774.190000	-45210.060000	2267.010000	1965.060000	5979.060000	4992.120000	2898.855000	1850.220000	-2.740098	9.321288	10.828753	11.250957	10.432427	8.030616	0.902397	-7.862447	-4.028640	4.654300	-2.502640	0.905637	0.135620	0.378234	-1.000000	-1.000000	-1.000000	-1.000000	-1.000000	-1.000000	-1.000000	74.620690	0.000000	-1.000000	-1.000000	1459080.000000	1772660806.832119
-26728.470000	-45176.670000	2295.450000	1991.835000	6009.030000	5025.105000	2933.280000	1911.510000	8.639466	16.925114	16.864754	16.369375	15.591790	12.939842	4.985041	3.997749	-5.768280	5.096840	-2.090620	0.905027	0.137329	0.377013	-1.000000	-1.000000	-1.000000	-1.000000	-1.000000	-1.000000	-1.000000	74.620690	0.000000	-1.000000	-1.000000	1459081.000000	1772660806.835245
-26732.340000	-45174.960000	2301.030000	2001.870000	6022.170000	5039.415000	2947.815000	1914.885000	25.626871	25.652249	23.817325	22.671928	22.335767	20.269023	13.348702	26.096157	-5.768280	5.096840	-2.090620	0.905027	0.137329	0.377013	-1.000000	-1.000000	-1.000000	-1.000000	-1.000000	-1.000000	-1.000000	74.620690	0.000000	-1.000000	-1.000000	1459082.000000	1772660806.835253
-26658.270000	-45119.835000	2350.755000	2046.375000	6061.185000	5073.930000	2978.820000	2027.880000	30.946693	25.528321	23.262318	22.343756	22.905339	22.153229	17.482692	35.513190	-5.768280	5.096840	-2.090620	0.905027	0.137329	0.377013	-1.000000	-1.000000	-1.000000	-1.000000	-1.000000	-1.000000	-1.000000	74.620690	0.000000	-1.000000	-1.000000	1459083.000000	1772660806.839338
-26716.185000	-45150.840000	2325.870000	2023.740000	6037.695000	5050.620000	2954.655000	1927.440000	19.275170	14.024849	12.956406	12.913611	14.254664	14.993520	13.249333	24.183708	-5.768280	5.096840	-2.090620	0.905027	0.137329	0.377013	-1.000000	-1.000000	-1.000000	-1.000000	-1.000000	-1.000000	-1.000000	74.620690	0.000000	-1.000000	-1.000000	1459084.000000	1772660806.839347
-26808.885000	-45232.920000	2247.345000	1949.445000	5967.990000	4987.845000	2911.950000	1813.095000	-0.534107	-2.684529	-2.004227	-1.306674	0.011256	1.585790	2.745850	1.383171	-5.768280	5.096840	-2.090620	0.905027	0.137329	0.377013	-1.000000	-1.000000	-1.000000	-1.000000	-1.000000	-1.000000	-1.000000	74.620690	0.000000	-1.000000	-1.000000	1459085.000000	1772660806.843456
-26763.480000	-45189.180000	2292.120000	1993.770000	6011.730000	5019.750000	2928.195000	1876.905000	-18.242788	-17.772723	-16.017148	-15.170643	-14.594023	-13.082519	-9.257243	-20.709049	-5.768280	5.096840	-2.090620	0.905027	0.137329	0.377013	-1.000000	-1.000000	-1.000000	-1.000000	-1.000000	-1.000000	-1.000000	74.620690	0.000000	-1.000000	-1.000000	1459086.000000	1772660806.843463
-26746.245000	-45162.855000	2322.990000	2026.395000	6041.295000	5040.720000	2928.105000	1885.230000	-27.871919	-26.407493	-24.632293	-24.092336	-24.367382	-23.594148	-18.015292	-33.510263	-5.768280	5.096840	-2.090620	0.905027	0.137329	0.377013	-1.000000	-1.000000	-1.000000	-1.000000	-1.000000	-1.000000	-1.000000	74.620690	0.000000	-1.000000	-1.000000	1459087.000000	1772660806.847067
-26730.135000	-45158.265000	2322.090000	2020.950000	6037.200000	5042.745000	2935.620000	1892.745000	-25.225075	-24.187669	-23.158450	-23.082545	-24.020833	-24.296165	-19.073592	-30.847030	-5.768280	5.096840	-2.090620	0.905027	0.137329	0.377013	-1.000000	-1.000000	-1.000000	-1.000000	-1.000000	-1.000000	-1.000000	74.620690	0.000000	-1.000000	-1.000000	1459088.000000	1772660806.847073
-26708.715000	-45152.010000	2321.910000	2015.865000	6033.195000	5043.690000	2947.320000	1915.560000	-9.099529	-10.157190	-10.471128	-10.974380	-12.446090	-13.489435	-10.554935	-11.532401	-5.768280	5.096840	-2.090620	0.905027	0.137329	0.377013	-1.000000	-1.000000	-1.000000	-1.000000	-1.000000	-1.000000	-1.000000	74.620690	0.000000	-1.000000	-1.000000	1459089.000000	1772660806.851139
-26718.975000	-45155.070000	2321.955000	2018.070000	6033.375000	5041.575000	2948.985000	1916.145000	11.800862	7.846110	5.976069	4.848685	3.019281	1.932175	2.356749	13.264403	-5.768280	5.096840	-2.090620	0.905027	0.137329	0.377013	-1.000000	-1.000000	-1.000000	-1.000000	-1.000000	-1.000000	-1.000000	74.620690	0.000000	-1.000000	-1.000000	1459090.000000	1772660806.851147
-26722.305000	-45161.415000	2315.385000	2011.860000	6027.885000	5036.130000	2948.805000	1925.910000	22.115038	17.373351	14.772954	13.418569	11.678758	11.230415	10.418740	25.364106	-3.250380	3.906560	-1.785420	0.902219	0.134765	0.380431	-1.000000	-1.000000	-1.000000	-1.000000	-1.000000	-1.000000	-1.000000	74.620690	0.000000	-1.000000	-1.000000	1459091.000000	1772660806.855193
-26739.630000	-45181.890000	2291.535000	1988.145000	6006.105000	5015.295000	2931.930000	1907.010000	14.418259	12.405319	10.528666	9.739618	8.862531	9.423387	8.898033	16.654952	-3.250380	3.906560	-1.785420	0.902219	0.134765	0.380431	-1.000000	-1.000000	-1.000000	-1.000000	-1.000000	-1.000000	-1.000000	74.620690	0.000000	-1.000000	-1.000000	1459092.000000	1772660806.855202
-26686.170000	-45133.110000	2340.450000	2039.400000	6057.405000	5062.770000	2961.045000	1968.210000	-1.983955	-0.329553	-0.695834	-0.361785	0.290122	1.659999	1.692220	-1.308640	-3.250380	3.906560	-1.785420	0.902219	0.134765	0.380431	-1.000000	-1.000000	-1.000000	-1.000000	-1.000000	-1.000000	-1.000000	74.620690	0.000000	-1.000000	-1.000000	1459093.000000	1772660806.860675
-26704.080000	-45135.675000	2345.085000	2046.960000	6065.505000	5073.120000	2972.340000	1937.925000	-9.935976	-7.032506	-6.204411	-4.911219	-2.892578	-1.534722	-2.451618	-8.588187	-3.250380	3.906560	-1.785420	0.902219	0.134765	0.380431	-1.000000	-1.000000	-1.000000	-1.000000	-1.000000	-1.000000	-1.000000	74.620690	0.000000	-1.000000	-1.000000	1459094.000000	1772660806.860682
-26766.180000	-45200.295000	2277.135000	1973.070000	5991.705000	5016.330000	2958.930000	1873.530000	-5.821526	-4.021050	-2.691633	-1.176970	1.258274	2.275486	-0.079622	-2.609044	-3.250380	3.906560	-1.785420	0.902219	0.134765	0.380431	-1.000000	-1.000000	-1.000000	-1.000000	-1.000000	-1.000000	-1.000000	74.620690	0.000000	-1.000000	-1.000000	1459095.000000	1772660806.863153
-26742.015000	-45188.550000	2284.200000	1978.830000	5997.960000	5011.515000	2933.820000	1900.620000	-1.017320	-0.675937	0.526930	1.394842	3.265998	4.706663	3.722828	2.292924	-3.250380	3.906560	-1.785420	0.902219	0.134765	0.380431	-1.000000	-1.000000	-1.000000	-1.000000	-1.000000	-1.000000	-1.000000	74.620690	0.000000	-1.000000	-1.000000	1459096.000000	1772660806.863158
-26734.995000	-45180.450000	2295.495000	1993.995000	6014.925000	5018.715000	2916.045000	1901.655000	-1.417426	-1.981898	-1.357482	-1.514172	-0.776990	1.049533	3.394142	0.039502	-3.250380	3.906560	-1.785420	0.902219	0.134765	0.380431	-1.000000	-1.000000	-1.000000	-1.000000	-1.000000	-1.000000	-1.000000	74.620690	0.000000	-1.000000	-1.000000	1459097.000000	1772660806.867815
-26728.065000	-45165.780000	2308.680000	2008.170000	6030.270000	5039.820000	2941.065000	1900.575000	-3.309827	-3.642441	-3.463713	-4.094986	-4.585366	-4.193883	-1.387152	-4.539912	-3.250380	3.906560	-1.785420	0.902219	0.134765	0.380431	-1.000000	-1.000000	-1.000000	-1.000000	-1.000000	-1.000000	-1.000000	74.620690	0.000000	-1.000000	-1.000000	1459098.000000	1772660806.867822
-26745.255000	-45154.440000	2327.085000	2029.095000	6051.285000	5058.405000	2953.080000	1879.470000	-3.769996	-1.932338	-1.583813	-1.778372	-3.100680	-5.507491	-6.551262	-8.312259	-3.250380	3.906560	-1.785420	0.902219	0.134765	0.380431	-1.000000	-1.000000	-1.000000	-1.000000	-1.000000	-1.000000	-1.000000	74.620690	0.000000	-1.000000	-1.000000	1459099.000000	1772660806.871128
-26747.370000	-45159.885000	2322.855000	2024.235000	6042.870000	5048.235000	2947.140000	1896.030000	-3.075250	2.372593	3.384006	3.979465	2.464309	-1.935381	-7.788036	-10.688789	-3.250380	3.906560	-1.785420	0.902219	0.134765	0.380431	-1.000000	-1.000000	-1.000000	-1.000000	-1.000000	-1.000000	-1.000000	74.620690	0.000000	-1.000000	-1.000000	1459100.000000	1772660806.871134
-26737.740000	-45175.365000	2304.135000	2003.985000	6021.810000	5029.110000	2939.310000	1926.720000	-1.530334	5.986889	7.572661	8.518624	7.253339	3.009161	-4.497423	-9.220857	-2.563680	2.380560	-1.373400	0.901121	0.134704	0.384032	-1.000000	-1.000000	-1.000000	-1.000000	-1.000000	-1.000000	-1.000000	74.620690	0.000000	-1.000000	-1.000000	1459101.000000	1772660806.875176
-26717.265000	-45174.420000	2299.230000	1996.695000	6013.080000	5019.885000	2932.515000	1926.135000	1.904041	6.194014	7.382688	7.746183	6.823074	4.700865	0.558664	-0.988658	-2.563680	2.380560	-1.373400	0.901121	0.134704	0.384032	-1.000000	-1.000000	-1.000000	-1.000000	-1.000000	-1.000000	-1.000000	74.620690	0.000000	-1.000000	-1.000000	1459102.000000	1772660806.875184
-26725.005000	-45165.195000	2312.685000	2012.625000	6029.460000	5033.970000	2940.795000	1925.505000	7.369883	3.379791	2.837644	1.904638	1.296110	1.971314	4.189817	11.631926	-2.563680	2.380560	-1.373400	0.901121	0.134704	0.384032	-1.000000	-1.000000	-1.000000	-1.000000	-1.000000	-1.000000	-1.000000	74.620690	0.000000	-1.000000	-1.000000	1459103.000000	1772660806.879121
-26732.160000	-45148.950000	2336.085000	2039.310000	6056.460000	5056.740000	2944.215000	1913.085000	12.106687	0.770855	-1.695170	-3.575476	-3.763590	-1.240040	5.448375	21.182466	-2.563680	2.380560	-1.373400	0.901121	0.134704	0.384032	-1.000000	-1.000000	-1.000000	-1.000000	-1.000000	-1.000000	-1.000000	74.620690	0.000000	-1.000000	-1.000000	1459104.000000	1772660806.879129
-26713.080000	-45147.060000	2333.610000	2034.855000	6051.375000	5052.150000	2937.690000	1924.425000	12.604702	0.889446	-2.023794	-3.596832	-3.220574	-0.466850	5.774192	21.686541	-2.563680	2.380560	-1.373400	0.901121	0.134704	0.384032	-1.000000	-1.000000	-1.000000	-1.000000	-1.000000	-1.000000	-1.000000	74.620690	0.000000	-1.000000	-1.000000	1459105.000000	1772660806.883170
-26709.030000	-45167.625000	2305.980000	2005.200000	6025.005000	5040.720000	2954.880000	1937.520000	7.700389	2.022763	0.295878	-0.043739	0.824510	3.051222	6.065145	12.700484	-2.563680	2.380560	-1.373400	0.901121	0.134704	0.384032	-1.000000	-1.000000	-1.000000	-1.000000	-1.000000	-1.000000	-1.000000	74.620690	0.000000	-1.000000	-1.000000	1459106.000000	1772660806.883178
-26736.030000	-45198.495000	2272.230000	1970.685000	5990.805000	5008.545000	2932.740000	1914.885000	-1.099681	-0.151842	-0.414775	0.307112	1.422147	3.525871	4.799543	-1.408752	-2.563680	2.380560	-1.373400	0.901121	0.134704	0.384032	-1.000000	-1.000000	-1.000000	-1.000000	-1.000000	-1.000000	-1.000000	74.620690	0.000000	-1.000000	-1.000000	1459107.000000	1772660806.887122
-26720.145000	-45180.810000	2290.050000	1988.415000	6006.645000	5017.995000	2934.225000	1929.555000	-10.298982	-6.591824	-6.249905	-5.317547	-4.215843	-1.933872	0.171146	-14.472286	-2.563680	2.380560	-1.373400	0.901121	0.134704	0.384032	-1.000000	-1.000000	-1.000000	-1.000000	-1.000000	-1.000000	-1.000000	74.620690	0.000000	-1.000000	-1.000000	1459108.000000	1772660806.887129
-26693.280000	-45153.360000	2318.130000	2016.855000	6031.305000	5036.760000	2945.340000	1949.490000	-14.963303	-11.903929	-11.734163	-11.256923	-10.452431	-8.822761	-6.066587	-21.132242	-2.563680	2.380560	-1.373400	0.901121	0.134704	0.384032	-1.000000	-1.000000	-1.000000	-1.000000	-1.000000	-1.000000	-1.000000	74.620690	0.000000	-1.000000	-1.000000	1459109.000000	1772660806.891132
-26686.530000	-45141.840000	2329.110000	2027.835000	6037.020000	5039.910000	2947.095000	1946.610000	-11.997340	-9.576756	-9.509199	-9.536820	-9.379540	-9.808338	-9.212431	-19.012521	-2.563680	2.380560	-1.373400	0.901121	0.134704	0.384032	-1.000000	-1.000000	-1.000000	-1.000000	-1.000000	-1.000000	-1.000000	74.620690	0.000000	-1.000000	-1.000000	1459110.000000	1772660806.891140
-26652.780000	-45092.475000	2384.235000	2087.505000	6097.635000	5099.760000	2993.850000	1993.410000	-3.223816	0.842282	1.464903	1.342719	0.612562	-2.428636	-6.339532	-9.461268	-2.990960	1.892240	-1.419180	0.901548	0.134887	0.383727	-1.000000	-1.000000	-1.000000	-1.000000	-1.000000	-1.000000	-1.000000	74.620690	0.000000	-1.000000	-1.000000	1459111.000000	1772660806.895341
-26718.255000	-45149.040000	2326.770000	2029.635000	6044.760000	5057.685000	2968.515000	1924.425000	5.805909	12.664491	14.251942	14.498021	13.182877	8.708732	0.918947	2.976279	-2.990960	1.892240	-1.419180	0.901548	0.134887	0.383727	-1.000000	-1.000000	-1.000000	-1.000000	-1.000000	-1.000000	-1.000000	74.620690	0.000000	-1.000000	-1.000000	1459112.000000	1772660806.895345
-26747.190000	-45190.395000	2282.310000	1982.970000	5995.125000	5007.510000	2922.705000	1889.820000	8.599967	16.124858	18.201015	18.875786	17.819258	14.372132	6.723316	10.881322	-2.990960	1.892240	-1.419180	0.901548	0.134887	0.383727	-1.000000	-1.000000	-1.000000	-1.000000	-1.000000	-1.000000	-1.000000	74.620690	0.000000	-1.000000	-1.000000	1459113.000000	1772660806.899204
-26703.585000	-45142.830000	2332.395000	2034.900000	6043.860000	5047.470000	2946.510000	1938.735000	3.060525	7.529533	9.109447	9.815110	9.595220	8.980894	6.020678	9.581124	-2.990960	1.892240	-1.419180	0.901548	0.134887	0.383727	-1.000000	-1.000000	-1.000000	-1.000000	-1.000000	-1.000000	-1.000000	74.620690	0.000000	-1.000000	-1.000000	1459114.000000	1772660806.899212
-26671.005000	-45117.045000	2354.760000	2055.105000	6062.310000	5061.735000	2959.020000	1979.595000	-4.425598	-4.820779	-4.229013	-3.895056	-3.541112	-1.985998	0.309139	3.539410	-2.990960	1.892240	-1.419180	0.901548	0.134887	0.383727	-1.000000	-1.000000	-1.000000	-1.000000	-1.000000	-1.000000	-1.000000	74.620690	0.000000	-1.000000	-1.000000	1459115.000000	1772660806.903288
-26763.345000	-45193.410000	2283.885000	1988.730000	6001.470000	5013.270000	2931.210000	1867.410000	-6.707098	-10.936593	-11.108077	-11.236693	-10.884843	-9.286552	-5.020880	-0.633560	-2.990960	1.892240	-1.419180	0.901548	0.134887	0.383727	-1.000000	-1.000000	-1.000000	-1.000000	-1.000000	-1.000000	-1.000000	74.620690	0.000000	-1.000000	-1.000000	1459116.000000	1772660806.903297
-26757.315000	-45186.255000	2289.645000	1993.095000	6007.005000	5021.505000	2945.565000	1882.260000	-5.117438	-10.804650	-11.304263	-11.698994	-11.369558	-10.558673	-6.875200	-3.629422	-2.990960	1.892240	-1.419180	0.901548	0.134887	0.383727	-1.000000	-1.000000	-1.000000	-1.000000	-1.000000	-1.000000	-1.000000	74.620690	0.000000	-1.000000	-1.000000	1459117.000000	1772660806.907917
-26651.700000	-45100.530000	2368.080000	2067.030000	6075.675000	5084.415000	3008.205000	2013.885000	-2.680219	-7.837879	-8.518902	-8.987096	-8.243732	-7.351881	-4.274424	-5.786249	-2.990960	1.892240	-1.419180	0.901548	0.134887	0.383727	-1.000000	-1.000000	-1.000000	-1.000000	-1.000000	-1.000000	-1.000000	74.620690	0.000000	-1.000000	-1.000000	1459118.000000	1772660806.907925
-26714.925000	-45151.110000	2323.035000	2024.955000	6034.995000	5044.185000	2964.105000	1916.820000	1.903539	-2.171562	-3.241936	-3.836708	-2.578292	-0.943539	2.012564	-2.739388	-2.990960	1.892240	-1.419180	0.901548	0.134887	0.383727	-1.000000	-1.000000	-1.000000	-1.000000	-1.000000	-1.000000	-1.000000	74.620690	0.000000	-1.000000	-1.000000	1459119.000000	1772660806.911248
-26774.145000	-45212.130000	2258.730000	1961.685000	5979.060000	4990.005000	2898.495000	1845.585000	6.245744	2.876815	1.315053	0.536122	1.909663	3.783506	5.982765	2.488845	-2.990960	1.892240	-1.419180	0.901548	0.134887	0.383727	-1.000000	-1.000000	-1.000000	-1.000000	-1.000000	-1.000000	-1.000000	74.620690	0.000000	-1.000000	-1.000000	1459120.000000	1772660806.911256
-26704.170000	-45162.450000	2307.870000	2012.130000	6031.755000	5038.965000	2944.125000	1959.210000	6.554632	3.345286	1.566636	0.842677	1.877864	2.836547	2.686845	4.038011	-3.616620	2.716280	-1.861720	0.905210	0.134094	0.381103	-1.000000	-1.000000	-1.000000	-1.000000	-1.000000	-1.000000	-1.000000	74.620690	0.000000	-1.000000	-1.000000	1459121.000000	1772660806.918148
-26721.630000	-45155.340000	2326.725000	2034.855000	6052.815000	5053.860000	2945.430000	1919.700000	5.714002	2.793213	1.513341	1.319895	1.737566	0.861426	-2.730963	5.246516	-3.616620	2.716280	-1.861720	0.905210	0.134094	0.381103	-1.000000	-1.000000	-1.000000	-1.000000	-1.000000	-1.000000	-1.000000	74.620690	0.000000	-1.000000	-1.000000	1459122.000000	1772660806.918156
-26744.760000	-45173.430000	2309.310000	2015.640000	6031.935000	5035.365000	2929.590000	1882.665000	5.223442	4.619175	4.903222	5.597035	5.234807	2.640789	-3.535703	7.145934	-3.616620	2.716280	-1.861720	0.905210	0.134094	0.381103	-1.000000	-1.000000	-1.000000	-1.000000	-1.000000	-1.000000	-1.000000	74.620690	0.000000	-1.000000	-1.000000	1459123.000000	1772660806.920686
-26728.785000	-45173.025000	2303.010000	2005.335000	6019.245000	5029.740000	2936.655000	1910.925000	2.161682	6.041024	8.291917	9.620000	8.378018	5.379321	-0.660076	4.473628	-3.616620	2.716280	-1.861720	0.905210	0.134094	0.381103	-1.000000	-1.000000	-1.000000	-1.000000	-1.000000	-1.000000	-1.000000	74.620690	0.000000	-1.000000	-1.000000	1459124.000000	1772660806.920693
-26739.495000	-45179.640000	2296.755000	1998.045000	6010.290000	5026.455000	2946.285000	1906.650000	-1.851041	5.338590	8.365598	9.413164	7.300990	5.586053	2.733294	-0.895757	-3.616620	2.716280	-1.861720	0.905210	0.134094	0.381103	-1.000000	-1.000000	-1.000000	-1.000000	-1.000000	-1.000000	-1.000000	74.620690	0.000000	-1.000000	-1.000000	1459125.000000	1772660806.923348
-26729.370000	-45174.060000	2297.970000	2000.385000	6014.430000	5021.370000	2939.310000	1915.470000	-3.359045	3.299239	5.160355	5.134697	2.545877	2.953859	4.827932	-3.510420	-3.616620	2.716280	-1.861720	0.905210	0.134094	0.381103	-1.000000	-1.000000	-1.000000	-1.000000	-1.000000	-1.000000	-1.000000	74.620690	0.000000	-1.000000	-1.000000	1459126.000000	1772660806.923355
-26698.095000	-45157.590000	2307.105000	2010.735000	6023.520000	5023.170000	2933.055000	1945.350000	-3.572315	-0.497344	-0.953790	-1.920873	-4.006537	-2.118603	3.478621	-4.161738	-3.616620	2.716280	-1.861720	0.905210	0.134094	0.381103	-1.000000	-1.000000	-1.000000	-1.000000	-1.000000	-1.000000	-1.000000	74.620690	0.000000	-1.000000	-1.000000	1459127.000000	1772660806.927142
-26659.305000	-45106.020000	2353.050000	2057.220000	6070.635000	5076.675000	2986.065000	1995.840000	-2.641342	-3.975922	-6.708697	-7.802053	-8.406330	-6.523366	-0.061156	-2.894138	-3.616620	2.716280	-1.861720	0.905210	0.134094	0.381103	-1.000000	-1.000000	-1.000000	-1.000000	-1.000000	-1.000000	-1.000000	74.620690	0.000000	-1.000000	-1.000000	1459128.000000	1772660806.927149
-26730.855000	-45138.915000	2313.225000	2019.735000	6039.135000	5046.930000	2950.335000	1897.110000	1.471402	-2.400014	-6.508242	-7.039875	-6.030567	-5.141350	-0.609203	2.370427	-3.616620	2.716280	-1.861720	0.905210	0.134094	0.381103	-1.000000	-1.000000	-1.000000	-1.000000	-1.000000	-1.000000	-1.000000	74.620690	0.000000	-1.000000	-1.000000	1459129.000000	1772660806.939796
-26749.665000	-45169.695000	2272.635000	1981.080000	6000.300000	5003.595000	2906.055000	1875.870000	4.724705	2.429432	-1.728997	-1.485671	0.491970	0.453464	1.729092	5.629197	-3.616620	2.716280	-1.861720	0.905210	0.134094	0.381103	-1.000000	-1.000000	-1.000000	-1.000000	-1.000000	-1.000000	-1.000000	74.620690	0.000000	-1.000000	-1.000000	1459130.000000	1772660806.939806
-26703.495000	-45142.695000	2308.275000	2023.425000	6047.280000	5052.555000	2943.630000	1932.075000	1.819640	3.280418	0.330637	1.228225	3.435213	3.128421	1.490077	0.651816	-3.982860	4.593260	-2.716280	0.906736	0.132873	0.380004	-1.000000	-1.000000	-1.000000	-1.000000	-1.000000	-1.000000	-1.000000	74.620690	0.000000	-1.000000	-1.000000	1459131.000000	1772660806.939916
-26705.385000	-45166.455000	2322.630000	2032.020000	6054.210000	5063.265000	2958.255000	1944.855000	-3.896043	-1.483052	-1.574579	-0.307944	1.658832	1.681902	-1.674029	-6.493706	-3.982860	4.593260	-2.716280	0.906736	0.132873	0.380004	-1.000000	-1.000000	-1.000000	-1.000000	-1.000000	-1.000000	-1.000000	74.620690	0.000000	-1.000000	-1.000000	1459132.000000	1772660806.939922
-26711.505000	-45167.175000	2332.260000	2031.435000	6043.455000	5050.575000	2957.940000	1945.620000	-6.091662	-7.135933	-2.124117	-1.108597	0.142239	0.488057	-3.416942	-7.153314	-3.982860	4.593260	-2.716280	0.906736	0.132873	0.380004	-1.000000	-1.000000	-1.000000	-1.000000	-1.000000	-1.000000	-1.000000	74.620690	0.000000	-1.000000	-1.000000	1459133.000000	1772660806.939930
-26777.700000	-45209.610000	2278.170000	1983.690000	5997.285000	5007.330000	2928.600000	1857.690000	-4.532068	-9.750511	0.586663	0.512169	0.373616	0.456241	-2.777155	-2.633450	-3.982860	4.593260	-2.716280	0.906736	0.132873	0.380004	-1.000000	-1.000000	-1.000000	-1.000000	-1.000000	-1.000000	-1.000000	74.620690	0.000000	-1.000000	-1.000000	1459134.000000	1772660806.939934
-26718.885000	-45164.565000	2312.505000	2016.810000	6026.805000	5032.125000	2943.945000	1924.110000	-3.427479	-8.973500	2.541533	1.202455	-0.569814	-1.036480	-2.278377	-0.444776	-3.982860	4.593260	-2.716280	0.906736	0.132873	0.380004	-1.000000	-1.000000	-1.000000	-1.000000	-1.000000	-1.000000	-1.000000	74.620690	0.000000	-1.000000	-1.000000	1459135.000000	1772660806.944146
-26701.740000	-45143.190000	2332.215000	2035.350000	6048.630000	5054.355000	2954.700000	1936.620000	-3.719733	-5.200737	1.286504	-0.572297	-3.242420	-3.830253	-2.685203	-2.446732	-3.982860	4.593260	-2.716280	0.906736	0.132873	0.380004	-1.000000	-1.000000	-1.000000	-1.000000	-1.000000	-1.000000	-1.000000	74.620690	0.000000	-1.000000	-1.000000	1459136.000000	1772660806.944154
-26764.515000	-45196.290000	2283.210000	1986.300000	6004.305000	5011.380000	2910.285000	1857.420000	-2.733063	0.706277	-1.357626	-2.847407	-5.081636	-5.356316	-2.952716	-4.205461	-3.982860	4.593260	-2.716280	0.906736	0.132873	0.380004	-1.000000	-1.000000	-1.000000	-1.000000	-1.000000	-1.000000	-1.000000	74.620690	0.000000	-1.000000	-1.000000	1459137.000000	1772660806.947241
-26699.175000	-45147.195000	2330.325000	2033.010000	6051.060000	5055.885000	2951.145000	1958.400000	1.084752	6.380157	-2.737634	-3.385979	-4.137060	-4.159813	-2.119163	-1.860625	-3.982860	4.593260	-2.716280	0.906736	0.132873	0.380004	-1.000000	-1.000000	-1.000000	-1.000000	-1.000000	-1.000000	-1.000000	74.620690	0.000000	-1.000000	-1.000000	1459138.000000	1772660806.947249
-26698.185000	-45126.450000	2357.820000	2064.825000	6084.585000	5087.115000	2967.345000	1939.365000	7.779386	11.061214	-0.158441	0.060346	0.945420	0.929027	1.650296	6.179494	-3.982860	4.593260	-2.716280	0.906736	0.132873	0.380004	-1.000000	-1.000000	-1.000000	-1.000000	-1.000000	-1.000000	-1.000000	74.620690	0.000000	-1.000000	-1.000000	1459139.000000	1772660806.951280
-26779.275000	-45203.355000	2283.075000	1991.655000	6016.545000	5027.805000	2926.620000	1851.795000	12.935556	13.453621	4.906381	5.788309	7.721360	7.684759	7.213274	14.138284	-3.982860	4.593260	-2.716280	0.906736	0.132873	0.380004	-1.000000	-1.000000	-1.000000	-1.000000	-1.000000	-1.000000	-1.000000	74.620690	0.000000	-1.000000	-1.000000	1459140.000000	1772660806.951288
-26707.770000	-45166.230000	2305.260000	2004.705000	6022.170000	5035.185000	2954.385000	1963.620000	10.142033	10.006997	5.654171	6.965429	9.144387	9.305922	8.962241	12.772407	-4.715340	4.059160	-2.914660	0.906187	0.133728	0.381347	-1.000000	-1.000000	-1.000000	-1.000000	-1.000000	-1.000000	-1.000000	74.620690	0.000000	-1.000000	-1.000000	1459141.000000	1772660806.955383
-26718.615000	-45172.575000	2300.760000	1999.710000	6012.945000	5022.135000	2943.135000	1934.640000	2.024602	2.053183	0.259758	1.668583	3.314847	3.744534	4.886529	4.397031	-4.715340	4.059160	-2.914660	0.906187	0.133728	0.381347	-1.000000	-1.000000	-1.000000	-1.000000	-1.000000	-1.000000	-1.000000	74.620690	0.000000	-1.000000	-1.000000	1459142.000000	1772660806.955389
-26735.130000	-45182.970000	2290.500000	1990.080000	6003.360000	5015.700000	2944.710000	1910.475000	-3.633544	-4.818330	-5.503427	-4.479725	-3.987085	-3.569491	-1.192645	-2.283339	-4.715340	4.059160	-2.914660	0.906187	0.133728	0.381347	-1.000000	-1.000000	-1.000000	-1.000000	-1.000000	-1.000000	-1.000000	74.620690	0.000000	-1.000000	-1.000000	1459143.000000	1772660806.959389
-26747.010000	-45180.450000	2294.505000	1995.480000	6009.615000	5018.400000	2935.260000	1892.115000	-6.083558	-8.729606	-7.505698	-7.213978	-7.975832	-7.774099	-5.647981	-6.523883	-4.715340	4.059160	-2.914660	0.906187	0.133728	0.381347	-1.000000	-1.000000	-1.000000	-1.000000	-1.000000	-1.000000	-1.000000	74.620690	0.000000	-1.000000	-1.000000	1459144.000000	1772660806.959396
-26734.230000	-45166.320000	2310.570000	2013.255000	6027.435000	5030.730000	2933.775000	1905.975000	-8.291404	-10.422964	-5.896770	-6.229469	-7.762989	-7.843698	-7.410321	-10.810836	-4.715340	4.059160	-2.914660	0.906187	0.133728	0.381347	-1.000000	-1.000000	-1.000000	-1.000000	-1.000000	-1.000000	-1.000000	74.620690	0.000000	-1.000000	-1.000000	1459145.000000	1772660806.963436
-26701.740000	-45139.905000	2336.490000	2038.680000	6050.880000	5051.520000	2949.030000	1937.700000	-8.214714	-8.329735	-0.845329	-1.361296	-3.098996	-3.755325	-5.903793	-11.722071	-4.715340	4.059160	-2.914660	0.906187	0.133728	0.381347	-1.000000	-1.000000	-1.000000	-1.000000	-1.000000	-1.000000	-1.000000	74.620690	0.000000	-1.000000	-1.000000	1459146.000000	1772660806.963440
-26728.830000	-45172.260000	2303.145000	2006.325000	6022.035000	5027.490000	2928.600000	1904.220000	-3.382265	-2.147881	5.925950	5.553476	4.013329	2.718007	-1.612916	-6.377519	-4.715340	4.059160	-2.914660	0.906187	0.133728	0.381347	-1.000000	-1.000000	-1.000000	-1.000000	-1.000000	-1.000000	-1.000000	74.620690	0.000000	-1.000000	-1.000000	1459147.000000	1772660806.967097
-26652.330000	-45108.315000	2366.415000	2069.685000	6085.710000	5091.255000	2987.280000	2011.230000	3.770580	4.432274	9.976972	9.685893	8.741599	7.518062	3.061770	2.515866	-4.715340	4.059160	-2.914660	0.906187	0.133728	0.381347	-1.000000	-1.000000	-1.000000	-1.000000	-1.000000	-1.000000	-1.000000	74.620690	0.000000	-1.000000	-1.000000	1459148.000000	1772660806.967105
-26632.845000	-45073.395000	2402.820000	2107.215000	6120.270000	5126.085000	3016.845000	2019.105000	11.070879	10.045823	10.842436	10.455257	10.383722	10.001284	7.307088	12.662468	-4.715340	4.059160	-2.914660	0.906187	0.133728	0.381347	-1.000000	-1.000000	-1.000000	-1.000000	-1.000000	-1.000000	-1.000000	74.620690	0.000000	-1.000000	-1.000000	1459149.000000	1772660806.971399
-26748.585000	-45152.190000	2326.860000	2033.235000	6049.575000	5064.210000	2967.210000	1868.220000	14.686701	13.950170	10.092871	9.877635	10.759117	11.350984	10.347085	17.924213	-4.715340	4.059160	-2.914660	0.906187	0.133728	0.381347	-1.000000	-1.000000	-1.000000	-1.000000	-1.000000	-1.000000	-1.000000	74.620690	0.000000	-1.000000	-1.000000	1459150.000000	1772660806.971408
-26775.540000	-45171.675000	2307.645000	2014.695000	6028.470000	5038.785000	2931.750000	1827.810000	7.249683	10.641351	4.615214	5.121840	6.956356	8.327560	7.926982	8.118620	-4.532220	4.837420	-2.899400	0.904905	0.133117	0.381469	-1.000000	-1.000000	-1.000000	-1.000000	-1.000000	-1.000000	-1.000000	74.620690	0.000000	-1.000000	-1.000000	1459151.000000	1772660806.975234
-26787.870000	-45209.565000	2270.655000	1979.100000	5991.660000	5001.075000	2907.495000	1833.345000	-10.202373	-2.270867	-7.264786	-6.023362	-3.639082	-1.895866	-1.998956	-13.790870	-4.532220	4.837420	-2.899400	0.904905	0.133117	0.381469	-1.000000	-1.000000	-1.000000	-1.000000	-1.000000	-1.000000	-1.000000	74.620690	0.000000	-1.000000	-1.000000	1459152.000000	1772660806.975241
-26735.310000	-45160.740000	2318.490000	2025.810000	6033.195000	5029.515000	2922.660000	1897.380000	-24.891559	-17.696937	-19.696635	-18.454621	-16.565925	-15.270295	-14.071444	-29.854499	-4.532220	4.837420	-2.899400	0.904905	0.133117	0.381469	-1.000000	-1.000000	-1.000000	-1.000000	-1.000000	-1.000000	-1.000000	74.620690	0.000000	-1.000000	-1.000000	1459153.000000	1772660806.979477
-26730.810000	-45179.955000	2290.725000	1993.770000	6005.655000	5010.345000	2909.520000	1898.730000	-24.643752	-24.916696	-24.113895	-23.835977	-23.520184	-23.458837	-19.718653	-25.679630	-4.532220	4.837420	-2.899400	0.904905	0.133117	0.381469	-1.000000	-1.000000	-1.000000	-1.000000	-1.000000	-1.000000	-1.000000	74.620690	0.000000	-1.000000	-1.000000	1459154.000000	1772660806.979484
-26731.215000	-45181.710000	2290.095000	1991.565000	6003.405000	5013.720000	2920.095000	1910.115000	-9.197826	-19.284119	-17.454205	-18.722771	-20.149532	-21.137282	-14.859837	-3.843962	-4.532220	4.837420	-2.899400	0.904905	0.133117	0.381469	-1.000000	-1.000000	-1.000000	-1.000000	-1.000000	-1.000000	-1.000000	74.620690	0.000000	-1.000000	-1.000000	1459155.000000	1772660806.983383
-26742.915000	-45203.085000	2264.310000	1963.845000	5976.495000	4997.565000	2922.885000	1913.400000	10.258182	-5.527216	-4.458971	-7.071927	-9.384212	-10.165307	-2.669213	20.067401	-4.532220	4.837420	-2.899400	0.904905	0.133117	0.381469	-1.000000	-1.000000	-1.000000	-1.000000	-1.000000	-1.000000	-1.000000	74.620690	0.000000	-1.000000	-1.000000	1459156.000000	1772660806.983391
-26745.075000	-45197.820000	2269.755000	1970.460000	5985.405000	5005.890000	2930.895000	1907.010000	21.190914	7.561255	7.124198	4.132277	2.105783	2.656989	9.456522	30.894036	-4.532220	4.837420	-2.899400	0.904905	0.133117	0.381469	-1.000000	-1.000000	-1.000000	-1.000000	-1.000000	-1.000000	-1.000000	74.620690	0.000000	-1.000000	-1.000000	1459157.000000	1772660806.987333
-26732.610000	-45176.445000	2293.830000	1997.280000	6013.350000	5021.910000	2925.000000	1908.135000	19.332083	14.542836	13.024736	11.026045	10.216881	11.730976	15.177398	24.120078	-4.532220	4.837420	-2.899400	0.904905	0.133117	0.381469	-1.000000	-1.000000	-1.000000	-1.000000	-1.000000	-1.000000	-1.000000	74.620690	0.000000	-1.000000	-1.000000	1459158.000000	1772660806.987337
-26722.080000	-45161.235000	2310.705000	2016.630000	6030.810000	5036.535000	2930.355000	1916.055000	11.308566	16.959052	15.598700	15.737602	16.489431	17.075280	14.013707	9.009638	-4.532220	4.837420	-2.899400	0.904905	0.133117	0.381469	-1.000000	-1.000000	-1.000000	-1.000000	-1.000000	-1.000000	-1.000000	74.620690	0.000000	-1.000000	-1.000000	1459159.000000	1772660806.991788
-26668.440000	-45115.965000	2354.805000	2062.080000	6073.560000	5075.775000	2966.220000	1990.305000	6.983094	19.184071	19.190476	21.625583	23.414456	21.472866	10.829601	-0.155230	-4.532220	4.837420	-2.899400	0.904905	0.133117	0.381469	-1.000000	-1.000000	-1.000000	-1.000000	-1.000000	-1.000000	-1.000000	74.620690	0.000000	-1.000000	-1.000000	1459160.000000	1772660806.991794
-26674.830000	-45121.005000	2347.515000	2052.855000	6059.610000	5060.655000	2955.735000	1970.685000	8.347426	21.159677	22.821880	26.488687	28.182883	24.187646	9.349913	0.771698	-3.769220	5.691980	-2.075360	0.905943	0.132995	0.379882	-1.000000	-1.000000	-1.000000	-1.000000	-1.000000	-1.000000	-1.000000	74.620690	0.000000	-1.000000	-1.000000	1459161.000000	1772660806.995510
-26697.465000	-45140.580000	2330.010000	2035.395000	6043.185000	5050.980000	2956.005000	1959.300000	8.055223	17.270547	19.875347	23.094932	23.688791	20.045076	7.829719	2.779768	-3.769220	5.691980	-2.075360	0.905943	0.132995	0.379882	-1.000000	-1.000000	-1.000000	-1.000000	-1.000000	-1.000000	-1.000000	74.620690	0.000000	-1.000000	-1.000000	1459162.000000	1772660806.995519
-26718.615000	-45146.295000	2326.095000	2032.605000	6039.135000	5048.640000	2953.845000	1919.430000	-0.928993	3.729753	6.313823	7.845584	7.039501	6.247530	2.829343	-3.774990	-3.769220	5.691980	-2.075360	0.905943	0.132995	0.379882	-1.000000	-1.000000	-1.000000	-1.000000	-1.000000	-1.000000	-1.000000	74.620690	0.000000	-1.000000	-1.000000	1459163.000000	1772660807.000391
-26717.580000	-45133.785000	2340.765000	2048.265000	6056.910000	5063.400000	2952.855000	1916.820000	-16.203460	-14.434198	-12.487760	-12.803492	-14.530453	-11.974096	-5.570961	-18.101901	-3.769220	5.691980	-2.075360	0.905943	0.132995	0.379882	-1.000000	-1.000000	-1.000000	-1.000000	-1.000000	-1.000000	-1.000000	74.620690	0.000000	-1.000000	-1.000000	1459164.000000	1772660807.000398
-26747.730000	-45172.575000	2301.210000	2009.610000	6021.810000	5031.180000	2921.085000	1860.570000	-28.359061	-27.591555	-26.615862	-28.093037	-29.773713	-25.762352	-14.538796	-31.351983	-3.769220	5.691980	-2.075360	0.905943	0.132995	0.379882	-1.000000	-1.000000	-1.000000	-1.000000	-1.000000	-1.000000	-1.000000	74.620690	0.000000	-1.000000	-1.000000	1459165.000000	1772660807.003378
-26764.290000	-45205.875000	2266.245000	1974.780000	5986.485000	5000.715000	2913.390000	1873.440000	-30.428600	-31.093459	-31.360852	-33.124174	-33.814404	-30.728967	-21.124783	-35.034002	-3.769220	5.691980	-2.075360	0.905943	0.132995	0.379882	-1.000000	-1.000000	-1.000000	-1.000000	-1.000000	-1.000000	-1.000000	74.620690	0.000000	-1.000000	-1.000000	1459166.000000	1772660807.003385
-26746.065000	-45185.580000	2284.335000	1992.555000	6000.795000	5013.585000	2928.600000	1907.865000	-21.288208	-25.957825	-27.664800	-29.154894	-28.544224	-27.263133	-21.876244	-24.220487	-3.769220	5.691980	-2.075360	0.905943	0.132995	0.379882	-1.000000	-1.000000	-1.000000	-1.000000	-1.000000	-1.000000	-1.000000	74.620690	0.000000	-1.000000	-1.000000	1459167.000000	1772660807.008003
-26750.205000	-45195.930000	2267.100000	1977.030000	5988.645000	5006.295000	2926.485000	1901.970000	-3.988849	-14.111843	-17.162385	-18.251598	-16.787110	-16.658123	-14.124182	-0.263127	-3.769220	5.691980	-2.075360	0.905943	0.132995	0.379882	-1.000000	-1.000000	-1.000000	-1.000000	-1.000000	-1.000000	-1.000000	74.620690	0.000000	-1.000000	-1.000000	1459168.000000	1772660807.008014
-26742.015000	-45189.135000	2272.545000	1981.395000	5990.805000	5008.185000	2926.755000	1904.850000	14.167371	1.034643	-2.742762	-3.496145	-1.836661	-1.832920	-0.344524	25.311651	-3.769220	5.691980	-2.075360	0.905943	0.132995	0.379882	-1.000000	-1.000000	-1.000000	-1.000000	-1.000000	-1.000000	-1.000000	74.620690	0.000000	-1.000000	-1.000000	1459169.000000	1772660807.011131
-26737.470000	-45181.215000	2284.470000	1993.455000	6002.730000	5019.255000	2928.060000	1905.975000	25.123719	14.367061	11.090286	10.666694	12.051895	12.391871	12.777489	38.423288	-3.769220	5.691980	-2.075360	0.905943	0.132995	0.379882	-1.000000	-1.000000	-1.000000	-1.000000	-1.000000	-1.000000	-1.000000	74.620690	0.000000	-1.000000	-1.000000	1459170.000000	1772660807.011141
-26730.180000	-45167.985000	2300.355000	2009.970000	6020.640000	5034.870000	2932.470000	1912.320000	26.185078	22.613279	21.310620	21.310019	22.092514	22.271525	19.902870	34.747176	-4.257540	5.585160	-1.556520	0.905576	0.134460	0.379210	-1.000000	-1.000000	-1.000000	-1.000000	-1.000000	-1.000000	-1.000000	74.620690	0.000000	-1.000000	-1.000000	1459171.000000	1772660807.015408
-26729.145000	-45152.415000	2322.630000	2035.980000	6047.775000	5059.710000	2949.660000	1919.430000	19.929869	24.970941	26.509466	27.040935	27.029867	26.014574	19.635158	20.273452	-4.257540	5.585160	-1.556520	0.905576	0.134460	0.379210	-1.000000	-1.000000	-1.000000	-1.000000	-1.000000	-1.000000	-1.000000	74.620690	0.000000	-1.000000	-1.000000	1459172.000000	1772660807.015415
-26728.515000	-45145.710000	2332.080000	2046.915000	6058.305000	5069.970000	2959.920000	1924.155000	10.301206	21.646665	25.668257	26.740806	25.944882	23.216472	14.000714	4.062440	-4.257540	5.585160	-1.556520	0.905576	0.134460	0.379210	-1.000000	-1.000000	-1.000000	-1.000000	-1.000000	-1.000000	-1.000000	74.620690	0.000000	-1.000000	-1.000000	1459173.000000	1772660807.023219
-26703.945000	-45150.390000	2312.910000	2019.870000	6030.180000	5049.045000	2961.720000	1945.440000	1.068349	13.938318	18.754852	20.032112	18.592633	14.858577	6.522301	-7.110712	-4.257540	5.585160	-1.556520	0.905576	0.134460	0.379210	-1.000000	-1.000000	-1.000000	-1.000000	-1.000000	-1.000000	-1.000000	74.620690	0.000000	-1.000000	-1.000000	1459174.000000	1772660807.023224
-26644.680000	-45106.335000	2352.735000	2057.760000	6067.350000	5088.960000	3010.410000	2027.070000	-4.056261	4.673638	7.755406	8.447388	6.671687	3.652358	0.352567	-10.140653	-4.257540	5.585160	-1.556520	0.905576	0.134460	0.379210	-1.000000	-1.000000	-1.000000	-1.000000	-1.000000	-1.000000	-1.000000	74.620690	0.000000	-1.000000	-1.000000	1459175.000000	1772660807.023335
-26693.865000	-45127.530000	2338.470000	2045.970000	6051.060000	5058.450000	2955.960000	1943.730000	-4.364620	-3.470109	-3.817415	-4.357382	-5.963546	-6.803976	-3.534056	-7.191807	-4.257540	5.585160	-1.556520	0.905576	0.134460	0.379210	-1.000000	-1.000000	-1.000000	-1.000000	-1.000000	-1.000000	-1.000000	74.620690	0.000000	-1.000000	-1.000000	1459176.000000	1772660807.023342
-26779.455000	-45201.330000	2268.000000	1977.885000	5981.085000	4983.300000	2876.535000	1833.030000	-5.718431	-11.163377	-14.155175	-15.664888	-16.678430	-15.533199	-8.364473	-7.353962	-4.257540	5.585160	-1.556520	0.905576	0.134460	0.379210	-1.000000	-1.000000	-1.000000	-1.000000	-1.000000	-1.000000	-1.000000	74.620690	0.000000	-1.000000	-1.000000	1459177.000000	1772660807.028907
-26737.515000	-45170.820000	2298.015000	2006.640000	6011.685000	5020.110000	2920.230000	1901.070000	-13.503619	-19.926438	-23.030389	-24.471735	-24.690289	-22.932141	-16.402404	-16.600327	-4.257540	5.585160	-1.556520	0.905576	0.134460	0.379210	-1.000000	-1.000000	-1.000000	-1.000000	-1.000000	-1.000000	-1.000000	74.620690	0.000000	-1.000000	-1.000000	1459178.000000	1772660807.028915
-26719.155000	-45157.140000	2310.345000	2018.205000	6024.780000	5039.775000	2940.165000	1923.345000	-22.245818	-25.722597	-27.032553	-27.472873	-26.768943	-25.136221	-21.701775	-26.033515	-4.257540	5.585160	-1.556520	0.905576	0.134460	0.379210	-1.000000	-1.000000	-1.000000	-1.000000	-1.000000	-1.000000	-1.000000	74.620690	0.000000	-1.000000	-1.000000	1459179.000000	1772660807.036501
-26744.580000	-45178.695000	2290.545000	1999.575000	6007.185000	5023.845000	2922.570000	1886.670000	-22.046281	-22.656911	-22.147290	-21.415347	-19.854409	-17.988461	-17.062043	-23.057571	-4.257540	5.585160	-1.556520	0.905576	0.134460	0.379210	-1.000000	-1.000000	-1.000000	-1.000000	-1.000000	-1.000000	-1.000000	74.620690	0.000000	-1.000000	-1.000000	1459180.000000	1772660807.036508
-26725.320000	-45162.180000	2308.770000	2016.360000	6022.755000	5032.710000	2924.325000	1910.340000	-11.111741	-11.217924	-10.123926	-8.796454	-6.864503	-4.475604	-4.371497	-7.551156	-4.913720	4.990020	-1.449700	0.904417	0.136108	0.378661	-1.000000	-1.000000	-1.000000	-1.000000	-1.000000	-1.000000	-1.000000	74.620690	0.000000	-1.000000	-1.000000	1459181.000000	1772660807.038344
-26710.380000	-45139.185000	2333.655000	2039.940000	6045.705000	5047.335000	2920.545000	1911.285000	4.931903	3.638246	4.199662	5.287564	6.816522	8.893852	8.659737	11.564818	-4.913720	4.990020	-1.449700	0.904417	0.136108	0.378661	-1.000000	-1.000000	-1.000000	-1.000000	-1.000000	-1.000000	-1.000000	74.620690	0.000000	-1.000000	-1.000000	1459182.000000	1772660807.038353
-26743.680000	-45166.320000	2306.520000	2013.345000	6023.655000	5035.185000	2929.770000	1886.310000	17.984881	16.593641	16.604484	17.028611	17.616554	17.908130	16.118966	24.377645	-4.913720	4.990020	-1.449700	0.904417	0.136108	0.378661	-1.000000	-1.000000	-1.000000	-1.000000	-1.000000	-1.000000	-1.000000	74.620690	0.000000	-1.000000	-1.000000	1459183.000000	1772660807.039292
-26735.940000	-45171.270000	2294.460000	1997.505000	6004.755000	5021.145000	2939.310000	1909.350000	20.837949	21.860955	21.980857	21.908688	21.672203	19.888169	16.307871	24.335252	-4.913720	4.990020	-1.449700	0.904417	0.136108	0.378661	-1.000000	-1.000000	-1.000000	-1.000000	-1.000000	-1.000000	-1.000000	74.620690	0.000000	-1.000000	-1.000000	1459184.000000	1772660807.039298
-26716.995000	-45154.170000	2312.685000	2016.090000	6019.965000	5030.100000	2940.435000	1921.995000	14.291354	17.686047	18.003130	17.665691	17.084760	14.804836	12.170428	15.091258	-4.913720	4.990020	-1.449700	0.904417	0.136108	0.378661	-1.000000	-1.000000	-1.000000	-1.000000	-1.000000	-1.000000	-1.000000	74.620690	0.000000	-1.000000	-1.000000	1459185.000000	1772660807.043280
-26718.615000	-45155.160000	2312.865000	2017.935000	6023.610000	5036.715000	2943.495000	1919.520000	6.862326	9.583896	9.531375	8.979178	8.377252	7.450255	8.589289	7.229941	-4.913720	4.990020	-1.449700	0.904417	0.136108	0.378661	-1.000000	-1.000000	-1.000000	-1.000000	-1.000000	-1.000000	-1.000000	74.620690	0.000000	-1.000000	-1.000000	1459186.000000	1772660807.043286
-26709.930000	-45142.020000	2325.285000	2033.370000	6045.030000	5062.005000	2965.410000	1952.910000	3.227342	3.028185	2.313710	1.770391	1.325865	2.210245	6.517769	4.481354	-4.913720	4.990020	-1.449700	0.904417	0.136108	0.378661	-1.000000	-1.000000	-1.000000	-1.000000	-1.000000	-1.000000	-1.000000	74.620690	0.000000	-1.000000	-1.000000	1459187.000000	1772660807.047418
-26709.030000	-45135.405000	2336.130000	2047.590000	6059.205000	5075.235000	2968.785000	1942.155000	0.878504	-1.445581	-2.460706	-2.503721	-2.622631	-0.941787	3.137235	2.367784	-4.913720	4.990020	-1.449700	0.904417	0.136108	0.378661	-1.000000	-1.000000	-1.000000	-1.000000	-1.000000	-1.000000	-1.000000	74.620690	0.000000	-1.000000	-1.000000	1459188.000000	1772660807.047426
-26715.420000	-45152.100000	2317.140000	2026.260000	6033.150000	5047.155000	2941.785000	1924.560000	-2.609341	-4.888117	-5.597500	-4.873506	-4.763556	-3.779705	-3.016198	-2.599684	-4.913720	4.990020	-1.449700	0.904417	0.136108	0.378661	-1.000000	-1.000000	-1.000000	-1.000000	-1.000000	-1.000000	-1.000000	74.620690	0.000000	-1.000000	-1.000000	1459189.000000	1772660807.051288
-26666.055000	-45116.550000	2347.020000	2051.955000	6058.170000	5074.605000	2974.635000	1990.620000	-6.181572	-7.536189	-7.766227	-6.700738	-6.834380	-7.272474	-10.113520	-8.986345	-4.913720	4.990020	-1.449700	0.904417	0.136108	0.378661	-1.000000	-1.000000	-1.000000	-1.000000	-1.000000	-1.000000	-1.000000	74.620690	0.000000	-1.000000	-1.000000	1459190.000000	1772660807.051295
-26745.435000	-45170.010000	2299.320000	2003.355000	6010.740000	5027.265000	2930.580000	1880.640000	-8.340323	-9.131183	-9.156910	-8.598797	-9.349137	-10.722274	-14.767210	-13.626599	-3.128300	3.601360	-1.037680	0.903623	0.135376	0.380980	-1.000000	-1.000000	-1.000000	-1.000000	-1.000000	-1.000000	-1.000000	74.620690	0.000000	-1.000000	-1.000000	1459191.000000	1772660807.055421
-26758.170000	-45187.740000	2279.970000	1982.520000	5987.655000	5009.895000	2932.830000	1883.475000	-10.183329	-10.013273	-9.823923	-10.272647	-11.500375	-12.907458	-15.619365	-16.660775	-3.128300	3.601360	-1.037680	0.903623	0.135376	0.380980	-1.000000	-1.000000	-1.000000	-1.000000	-1.000000	-1.000000	-1.000000	74.620690	0.000000	-1.000000	-1.000000	1459192.000000	1772660807.055429
-26733.870000	-45164.745000	2305.260000	2009.205000	6011.325000	5030.640000	2955.150000	1917.720000	-11.916010	-9.881501	-9.068331	-10.276176	-11.450214	-12.330408	-12.802066	-17.904680	-3.128300	3.601360	-1.037680	0.903623	0.135376	0.380980	-1.000000	-1.000000	-1.000000	-1.000000	-1.000000	-1.000000	-1.000000	74.620690	0.000000	-1.000000	-1.000000	1459193.000000	1772660807.060252
-26732.385000	-45154.620000	2323.530000	2032.245000	6035.085000	5040.765000	2944.395000	1920.555000	-9.883306	-6.304632	-4.644806	-5.830728	-6.351441	-6.656692	-5.511663	-12.731222	-3.128300	3.601360	-1.037680	0.903623	0.135376	0.380980	-1.000000	-1.000000	-1.000000	-1.000000	-1.000000	-1.000000	-1.000000	74.620690	0.000000	-1.000000	-1.000000	1459194.000000	1772660807.060261
-26738.550000	-45162.540000	2317.905000	2027.205000	6032.745000	5039.460000	2930.760000	1914.480000	-2.374568	1.282048	3.546587	3.158986	3.631594	3.339760	4.332655	-0.191584	-3.128300	3.601360	-1.037680	0.903623	0.135376	0.380980	-1.000000	-1.000000	-1.000000	-1.000000	-1.000000	-1.000000	-1.000000	74.620690	0.000000	-1.000000	-1.000000	1459195.000000	1772660807.064120
-26722.350000	-45157.230000	2314.125000	2019.465000	6028.380000	5043.060000	2939.040000	1918.440000	6.820501	8.788659	10.825098	11.369003	12.684952	11.852456	11.042131	12.536877	-3.128300	3.601360	-1.037680	0.903623	0.135376	0.380980	-1.000000	-1.000000	-1.000000	-1.000000	-1.000000	-1.000000	-1.000000	74.620690	0.000000	-1.000000	-1.000000	1459196.000000	1772660807.064128
-26637.795000	-45092.880000	2371.545000	2072.880000	6079.995000	5093.235000	2988.585000	2020.635000	14.201597	12.756310	13.134835	13.873282	15.506105	14.528512	12.253669	19.874369	-3.128300	3.601360	-1.037680	0.903623	0.135376	0.380980	-1.000000	-1.000000	-1.000000	-1.000000	-1.000000	-1.000000	-1.000000	74.620690	0.000000	-1.000000	-1.000000	1459197.000000	1772660807.067147
-26628.705000	-45078.615000	2387.565000	2088.360000	6095.070000	5109.480000	3001.455000	2028.285000	19.325260	13.978350	11.663622	11.682433	13.072015	12.994422	11.276974	22.911567	-3.128300	3.601360	-1.037680	0.903623	0.135376	0.380980	-1.000000	-1.000000	-1.000000	-1.000000	-1.000000	-1.000000	-1.000000	74.620690	0.000000	-1.000000	-1.000000	1459198.000000	1772660807.067154
-26758.980000	-45186.660000	2280.870000	1985.985000	5999.355000	5021.730000	2924.820000	1855.035000	18.383171	11.571422	7.270034	6.514723	7.373419	8.898479	9.417159	19.502368	-3.128300	3.601360	-1.037680	0.903623	0.135376	0.380980	-1.000000	-1.000000	-1.000000	-1.000000	-1.000000	-1.000000	-1.000000	74.620690	0.000000	-1.000000	-1.000000	1459199.000000	1772660807.071257
-26775.495000	-45194.310000	2277.180000	1985.040000	5999.355000	5015.745000	2913.120000	1828.440000	6.023865	2.145226	-1.899837	-2.476651	-2.070323	0.782321	3.513936	3.934007	-3.128300	3.601360	-1.037680	0.903623	0.135376	0.380980	-1.000000	-1.000000	-1.000000	-1.000000	-1.000000	-1.000000	-1.000000	74.620690	0.000000	-1.000000	-1.000000	1459200.000000	1772660807.071265
-26745.840000	-45174.600000	2295.495000	2000.475000	6012.225000	5023.530000	2913.795000	1863.810000	-12.858133	-11.065352	-12.695062	-12.135583	-11.996605	-9.281740	-6.407771	-18.560908	-2.868880	3.402980	-1.800680	0.904539	0.133545	0.380370	-1.000000	-1.000000	-1.000000	-1.000000	-1.000000	-1.000000	-1.000000	74.620690	0.000000	-1.000000	-1.000000	1459201.000000	1772660807.081849
-26758.665000	-45191.565000	2285.190000	1991.025000	6001.155000	5023.665000	2940.030000	1897.830000	-25.441498	-19.239081	-17.744685	-16.132514	-16.271306	-15.206636	-14.349512	-32.269078	-2.868880	3.402980	-1.800680	0.904539	0.133545	0.380370	-1.000000	-1.000000	-1.000000	-1.000000	-1.000000	-1.000000	-1.000000	74.620690	0.000000	-1.000000	-1.000000	1459202.000000	1772660807.081858
-26750.115000	-45169.830000	2306.745000	2010.960000	6016.005000	5037.705000	2961.945000	1907.055000	-24.354426	-17.716731	-14.114246	-12.555033	-13.239616	-13.675082	-13.891900	-26.978214	-2.868880	3.402980	-1.800680	0.904539	0.133545	0.380370	-1.000000	-1.000000	-1.000000	-1.000000	-1.000000	-1.000000	-1.000000	74.620690	0.000000	-1.000000	-1.000000	1459203.000000	1772660807.081869
-26730.090000	-45152.370000	2322.900000	2029.365000	6034.545000	5044.635000	2938.680000	1916.910000	-11.571324	-7.822947	-4.080071	-3.705057	-5.311000	-6.160598	-4.722692	-6.546846	-2.868880	3.402980	-1.800680	0.904539	0.133545	0.380370	-1.000000	-1.000000	-1.000000	-1.000000	-1.000000	-1.000000	-1.000000	74.620690	0.000000	-1.000000	-1.000000	1459204.000000	1772660807.081873
-26691.975000	-45147.060000	2319.345000	2022.930000	6028.830000	5039.640000	2935.980000	1973.610000	5.565150	5.300256	7.465791	6.442886	3.925534	2.746352	5.889972	16.152231	-2.868880	3.402980	-1.800680	0.904539	0.133545	0.380370	-1.000000	-1.000000	-1.000000	-1.000000	-1.000000	-1.000000	-1.000000	74.620690	0.000000	-1.000000	-1.000000	1459205.000000	1772660807.083345
-26707.905000	-45160.605000	2305.755000	2008.980000	6018.435000	5035.995000	2941.200000	1947.510000	17.808345	13.934859	13.835306	12.145728	9.600177	7.636986	9.889527	28.352621	-2.868880	3.402980	-1.800680	0.904539	0.133545	0.380370	-1.000000	-1.000000	-1.000000	-1.000000	-1.000000	-1.000000	-1.000000	74.620690	0.000000	-1.000000	-1.000000	1459206.000000	1772660807.083353
-26766.045000	-45198.045000	2270.115000	1974.105000	5986.035000	5005.440000	2915.775000	1868.985000	18.488585	12.881637	10.996373	9.637814	8.462022	6.211173	5.875876	23.549870	-2.868880	3.402980	-1.800680	0.904539	0.133545	0.380370	-1.000000	-1.000000	-1.000000	-1.000000	-1.000000	-1.000000	-1.000000	74.620690	0.000000	-1.000000	-1.000000	1459207.000000	1772660807.087257
-26749.080000	-45178.920000	2289.015000	1990.800000	6000.120000	5017.185000	2928.465000	1893.600000	10.083043	5.607480	3.152134	2.677185	3.597858	2.141220	-0.449393	7.558898	-2.868880	3.402980	-1.800680	0.904539	0.133545	0.380370	-1.000000	-1.000000	-1.000000	-1.000000	-1.000000	-1.000000	-1.000000	74.620690	0.000000	-1.000000	-1.000000	1459208.000000	1772660807.087263
-26739.270000	-45171.405000	2296.170000	1997.055000	6005.070000	5018.625000	2929.635000	1903.635000	2.138226	0.638850	-1.233334	-0.987022	1.400857	1.257259	-2.398405	-5.339942	-2.868880	3.402980	-1.800680	0.904539	0.133545	0.380370	-1.000000	-1.000000	-1.000000	-1.000000	-1.000000	-1.000000	-1.000000	74.620690	0.000000	-1.000000	-1.000000	1459209.000000	1772660807.091432
-26738.190000	-45175.860000	2292.120000	1995.705000	6007.635000	5021.595000	2931.480000	1910.070000	-0.448185	0.981036	0.245460	0.756552	3.356341	4.286257	0.683449	-8.507290	-2.868880	3.402980	-1.800680	0.904539	0.133545	0.380370	-1.000000	-1.000000	-1.000000	-1.000000	-1.000000	-1.000000	-1.000000	74.620690	0.000000	-1.000000	-1.000000	1459210.000000	1772660807.091437
-26711.460000	-45152.865000	2315.880000	2020.500000	6032.385000	5044.590000	2947.770000	1941.930000	0.004219	3.002009	3.261073	3.815370	5.836098	7.198803	4.144527	-6.340582	-3.616620	2.914660	-2.121140	0.907163	0.133667	0.378966	-1.000000	-1.000000	-1.000000	-1.000000	-1.000000	-1.000000	-1.000000	74.620690	0.000000	-1.000000	-1.000000	1459211.000000	1772660807.095266
-26676.045000	-45108.990000	2363.580000	2069.235000	6079.185000	5086.395000	2968.920000	1966.455000	0.989023	3.682627	4.422188	5.021354	6.254687	7.363467	4.678923	-3.552538	-3.616620	2.914660	-2.121140	0.907163	0.133667	0.378966	-1.000000	-1.000000	-1.000000	-1.000000	-1.000000	-1.000000	-1.000000	74.620690	0.000000	-1.000000	-1.000000	1459212.000000	1772660807.095270
-26752.050000	-45175.590000	2300.310000	2006.055000	6018.525000	5030.910000	2923.695000	1873.755000	0.218781	1.809438	2.832866	3.461029	3.826377	4.414718	2.369731	-2.952573	-3.616620	2.914660	-2.121140	0.907163	0.133667	0.378966	-1.000000	-1.000000	-1.000000	-1.000000	-1.000000	-1.000000	-1.000000	74.620690	0.000000	-1.000000	-1.000000	1459213.000000	1772660807.099279
-26750.025000	-45186.030000	2284.245000	1986.345000	5996.070000	5013.585000	2926.035000	1895.310000	-6.032640	-4.390732	-2.843198	-2.310538	-2.891117	-2.443421	-2.197263	-7.895951	-3.616620	2.914660	-2.121140	0.907163	0.133667	0.378966	-1.000000	-1.000000	-1.000000	-1.000000	-1.000000	-1.000000	-1.000000	74.620690	0.000000	-1.000000	-1.000000	1459214.000000	1772660807.099286
-26699.490000	-45143.640000	2324.295000	2025.630000	6032.160000	5045.940000	2949.165000	1952.235000	-15.282146	-12.693844	-10.771900	-10.557196	-12.085822	-11.366190	-7.309105	-14.773333	-3.616620	2.914660	-2.121140	0.907163	0.133667	0.378966	-1.000000	-1.000000	-1.000000	-1.000000	-1.000000	-1.000000	-1.000000	74.620690	0.000000	-1.000000	-1.000000	1459215.000000	1772660807.103556
-26667.495000	-45113.895000	2351.610000	2051.685000	6056.685000	5070.465000	2975.310000	1983.780000	-16.198581	-14.436355	-13.109086	-13.421302	-15.761395	-15.065221	-8.299037	-11.332851	-3.616620	2.914660	-2.121140	0.907163	0.133667	0.378966	-1.000000	-1.000000	-1.000000	-1.000000	-1.000000	-1.000000	-1.000000	74.620690	0.000000	-1.000000	-1.000000	1459216.000000	1772660807.103566
-26753.490000	-45179.505000	2290.545000	1992.960000	5999.715000	5018.805000	2938.455000	1882.080000	-4.080963	-5.706170	-5.935179	-6.723553	-9.325184	-9.206155	-2.923985	5.324226	-3.616620	2.914660	-2.121140	0.907163	0.133667	0.378966	-1.000000	-1.000000	-1.000000	-1.000000	-1.000000	-1.000000	-1.000000	74.620690	0.000000	-1.000000	-1.000000	1459217.000000	1772660807.107415
-26701.515000	-45134.865000	2333.745000	2036.025000	6041.025000	5053.860000	2959.560000	1955.070000	10.561060	5.848571	4.106981	3.262747	1.412031	0.979151	4.195635	21.064046	-3.616620	2.914660	-2.121140	0.907163	0.133667	0.378966	-1.000000	-1.000000	-1.000000	-1.000000	-1.000000	-1.000000	-1.000000	74.620690	0.000000	-1.000000	-1.000000	1459218.000000	1772660807.107422
-26717.625000	-45137.790000	2335.950000	2043.405000	6048.585000	5055.300000	2936.655000	1912.230000	16.405805	11.788989	9.523120	9.138840	8.864069	8.132574	7.012615	22.851428	-3.616620	2.914660	-2.121140	0.907163	0.133667	0.378966	-1.000000	-1.000000	-1.000000	-1.000000	-1.000000	-1.000000	-1.000000	74.620690	0.000000	-1.000000	-1.000000	1459219.000000	1772660807.111492
-26768.565000	-45178.740000	2300.265000	2010.330000	6019.920000	5031.180000	2909.430000	1841.265000	10.912210	9.601600	8.003076	8.360162	9.776520	8.770330	3.137743	9.249674	-3.616620	2.914660	-2.121140	0.907163	0.133667	0.378966	-1.000000	-1.000000	-1.000000	-1.000000	-1.000000	-1.000000	-1.000000	74.620690	0.000000	-1.000000	-1.000000	1459220.000000	1772660807.111500
-26737.110000	-45166.005000	2305.485000	2012.130000	6022.215000	5045.355000	2952.630000	1907.055000	-2.234524	0.384629	0.087336	1.040058	3.686494	2.857548	-4.751448	-11.910057	-4.425400	2.227960	-2.151660	0.906431	0.133239	0.380614	-1.000000	-1.000000	-1.000000	-1.000000	-1.000000	-1.000000	-1.000000	74.620690	0.000000	-1.000000	-1.000000	1459221.000000	1772660807.115354
-26711.730000	-45143.100000	2324.745000	2031.615000	6040.710000	5058.810000	2971.485000	1938.960000	-13.170995	-9.153028	-8.532844	-7.564048	-4.575468	-4.342797	-8.880546	-24.879241	-4.425400	2.227960	-2.151660	0.906431	0.133239	0.380614	-1.000000	-1.000000	-1.000000	-1.000000	-1.000000	-1.000000	-1.000000	74.620690	0.000000	-1.000000	-1.000000	1459222.000000	1772660807.115362
-26737.605000	-45158.535000	2314.080000	2024.865000	6035.310000	5041.125000	2939.220000	1894.725000	-13.248312	-10.797411	-10.071998	-9.595248	-7.343659	-6.200539	-4.691957	-19.761632	-4.425400	2.227960	-2.151660	0.906431	0.133239	0.380614	-1.000000	-1.000000	-1.000000	-1.000000	-1.000000	-1.000000	-1.000000	74.620690	0.000000	-1.000000	-1.000000	1459223.000000	1772660807.119421
-26740.935000	-45182.340000	2283.615000	1990.845000	5999.490000	5010.030000	2921.985000	1907.865000	-5.016057	-5.060650	-4.561577	-4.594036	-3.792075	-3.197195	2.504427	-3.931965	-4.425400	2.227960	-2.151660	0.906431	0.133239	0.380614	-1.000000	-1.000000	-1.000000	-1.000000	-1.000000	-1.000000	-1.000000	74.620690	0.000000	-1.000000	-1.000000	1459224.000000	1772660807.119429
-26743.815000	-45173.430000	2294.190000	2002.635000	6006.870000	5016.555000	2926.755000	1907.145000	3.675607	1.451350	1.738801	1.373913	0.601570	-0.361456	5.443959	10.314400	-4.425400	2.227960	-2.151660	0.906431	0.133239	0.380614	-1.000000	-1.000000	-1.000000	-1.000000	-1.000000	-1.000000	-1.000000	74.620690	0.000000	-1.000000	-1.000000	1459225.000000	1772660807.124885
-26739.855000	-45166.590000	2299.680000	2009.565000	6010.020000	5020.200000	2933.055000	1909.620000	9.258359	5.622226	5.645930	5.049930	2.962495	0.941483	3.717766	17.922547	-4.425400	2.227960	-2.151660	0.906431	0.133239	0.380614	-1.000000	-1.000000	-1.000000	-1.000000	-1.000000	-1.000000	-1.000000	74.620690	0.000000	-1.000000	-1.000000	1459226.000000	1772660807.124892
-26722.530000	-45159.795000	2308.185000	2020.185000	6023.835000	5033.025000	2940.660000	1931.355000	11.342738	7.717305	7.451708	6.751447	3.970489	2.309322	1.273972	18.201335	-4.425400	2.227960	-2.151660	0.906431	0.133239	0.380614	-1.000000	-1.000000	-1.000000	-1.000000	-1.000000	-1.000000	-1.000000	74.620690	0.000000	-1.000000	-1.000000	1459227.000000	1772660807.127345
-26706.555000	-45137.295000	2331.810000	2042.910000	6046.290000	5049.990000	2943.585000	1936.485000	10.163401	7.833330	7.371466	6.673959	4.212902	4.107805	0.832592	12.508399	-4.425400	2.227960	-2.151660	0.906431	0.133239	0.380614	-1.000000	-1.000000	-1.000000	-1.000000	-1.000000	-1.000000	-1.000000	74.620690	0.000000	-1.000000	-1.000000	1459228.000000	1772660807.127353
-26744.535000	-45171.900000	2298.105000	2007.810000	6015.960000	5031.090000	2940.615000	1900.395000	6.627223	6.140783	5.648043	4.928584	3.777630	5.367926	2.235276	4.264837	-4.425400	2.227960	-2.151660	0.906431	0.133239	0.380614	-1.000000	-1.000000	-1.000000	-1.000000	-1.000000	-1.000000	-1.000000	74.620690	0.000000	-1.000000	-1.000000	1459229.000000	1772660807.133322
-26736.975000	-45169.290000	2297.745000	2004.390000	6011.685000	5029.335000	2946.195000	1911.330000	0.825704	2.461091	2.235434	1.487910	2.065635	4.565252	3.075422	-4.662044	-4.425400	2.227960	-2.151660	0.906431	0.133239	0.380614	-1.000000	-1.000000	-1.000000	-1.000000	-1.000000	-1.000000	-1.000000	74.620690	0.000000	-1.000000	-1.000000	1459230.000000	1772660807.133330
-26720.595000	-45143.865000	2324.430000	2030.220000	6035.445000	5049.765000	2954.970000	1918.080000	-6.339726	-2.538271	-2.145211	-2.772594	-0.858315	1.536921	1.550107	-13.080656	-3.479280	1.373400	-2.090620	0.905271	0.132324	0.382689	-1.000000	-1.000000	-1.000000	-1.000000	-1.000000	-1.000000	-1.000000	74.620690	0.000000	-1.000000	-1.000000	1459231.000000	1772660807.135336
-26713.890000	-45145.440000	2320.335000	2026.980000	6035.265000	5054.355000	2960.235000	1922.985000	-10.979030	-5.819452	-4.768537	-5.049564	-2.768930	-1.154517	-0.909820	-17.170494	-3.479280	1.373400	-2.090620	0.905271	0.132324	0.382689	-1.000000	-1.000000	-1.000000	-1.000000	-1.000000	-1.000000	-1.000000	74.620690	0.000000	-1.000000	-1.000000	1459232.000000	1772660807.135343
-26721.090000	-45171.000000	2292.120000	1998.540000	6008.760000	5032.125000	2953.710000	1932.930000	-10.013726	-5.511896	-4.247201	-3.952414	-2.156689	-1.453738	-1.839712	-13.784823	-3.479280	1.373400	-2.090620	0.905271	0.132324	0.382689	-1.000000	-1.000000	-1.000000	-1.000000	-1.000000	-1.000000	-1.000000	74.620690	0.000000	-1.000000	-1.000000	1459233.000000	1772660807.139965
-26699.535000	-45150.975000	2312.910000	2018.205000	6024.015000	5039.460000	2956.545000	1970.145000	-4.230309	-3.079310	-2.255957	-1.312094	-0.302349	-0.480632	-1.171127	-3.823637	-3.479280	1.373400	-2.090620	0.905271	0.132324	0.382689	-1.000000	-1.000000	-1.000000	-1.000000	-1.000000	-1.000000	-1.000000	74.620690	0.000000	-1.000000	-1.000000	1459234.000000	1772660807.139972
-26721.900000	-45157.320000	2309.580000	2015.415000	6017.985000	5025.690000	2926.485000	1923.570000	2.666770	-0.716211	-0.714810	0.574744	0.746218	-0.595100	-1.019054	7.557818	-3.479280	1.373400	-2.090620	0.905271	0.132324	0.382689	-1.000000	-1.000000	-1.000000	-1.000000	-1.000000	-1.000000	-1.000000	74.620690	0.000000	-1.000000	-1.000000	1459235.000000	1772660807.143429
-26740.215000	-45180.180000	2285.820000	1995.525000	6004.665000	5019.480000	2927.205000	1905.075000	5.575501	-0.180953	-0.876268	0.245277	-0.448235	-3.062456	-3.078507	12.370175	-3.479280	1.373400	-2.090620	0.905271	0.132324	0.382689	-1.000000	-1.000000	-1.000000	-1.000000	-1.000000	-1.000000	-1.000000	74.620690	0.000000	-1.000000	-1.000000	1459236.000000	1772660807.143436
-26699.490000	-45143.415000	2321.280000	2031.570000	6043.455000	5062.860000	2967.255000	1956.285000	2.875336	-1.682903	-2.746892	-2.074284	-3.342015	-6.293997	-5.570117	8.026938	-3.479280	1.373400	-2.090620	0.905271	0.132324	0.382689	-1.000000	-1.000000	-1.000000	-1.000000	-1.000000	-1.000000	-1.000000	74.620690	0.000000	-1.000000	-1.000000	1459237.000000	1772660807.147312
-26737.020000	-45165.420000	2302.785000	2014.155000	6029.370000	5052.240000	2954.340000	1899.225000	-1.142704	-2.394976	-3.486350	-3.152475	-4.373247	-6.227213	-4.717613	0.596138	-3.479280	1.373400	-2.090620	0.905271	0.132324	0.382689	-1.000000	-1.000000	-1.000000	-1.000000	-1.000000	-1.000000	-1.000000	74.620690	0.000000	-1.000000	-1.000000	1459238.000000	1772660807.147321
-26751.915000	-45184.095000	2286.000000	1996.920000	6010.200000	5024.475000	2920.230000	1876.725000	-3.231161	-0.815395	-1.388047	-1.116611	-1.786096	-2.006321	-0.940561	-5.292350	-3.479280	1.373400	-2.090620	0.905271	0.132324	0.382689	-1.000000	-1.000000	-1.000000	-1.000000	-1.000000	-1.000000	-1.000000	74.620690	0.000000	-1.000000	-1.000000	1459239.000000	1772660807.151448
-26717.490000	-45146.790000	2323.845000	2033.775000	6042.105000	5052.060000	2941.920000	1914.705000	-3.883060	1.029890	1.486631	1.774781	1.662392	2.422069	1.754050	-9.002387	-3.479280	1.373400	-2.090620	0.905271	0.132324	0.382689	-1.000000	-1.000000	-1.000000	-1.000000	-1.000000	-1.000000	-1.000000	74.620690	0.000000	-1.000000	-1.000000	1459240.000000	1772660807.151458
-26633.835000	-45075.600000	2392.200000	2099.745000	6103.935000	5111.325000	3001.005000	2031.030000	-1.571553	3.446036	4.841419	4.863327	4.735383	5.373835	3.090968	-6.851302	-1.800680	2.426340	-2.044840	0.908140	0.131775	0.381469	-1.000000	-1.000000	-1.000000	-1.000000	-1.000000	-1.000000	-1.000000	74.620690	0.000000	-1.000000	-1.000000	1459241.000000	1772660807.155435
-26628.660000	-45074.070000	2393.595000	2101.590000	6106.680000	5115.645000	3004.605000	2034.855000	6.084473	8.940917	10.539997	9.932168	9.179978	9.025785	6.204689	4.333625	-1.800680	2.426340	-2.044840	0.908140	0.131775	0.381469	-1.000000	-1.000000	-1.000000	-1.000000	-1.000000	-1.000000	-1.000000	74.620690	0.000000	-1.000000	-1.000000	1459242.000000	1772660807.155443
-26756.460000	-45188.955000	2280.780000	1991.070000	6000.840000	5015.790000	2921.310000	1863.585000	13.487063	13.172812	14.086145	12.872471	11.752077	11.300172	9.517860	15.936713	-1.800680	2.426340	-2.044840	0.908140	0.131775	0.381469	-1.000000	-1.000000	-1.000000	-1.000000	-1.000000	-1.000000	-1.000000	74.620690	0.000000	-1.000000	-1.000000	1459243.000000	1772660807.159402
-26723.925000	-45162.045000	2306.430000	2014.020000	6021.450000	5038.875000	2952.765000	1916.595000	10.394338	7.411878	7.118002	5.737512	5.298036	5.994742	7.430357	13.907037	-1.800680	2.426340	-2.044840	0.908140	0.131775	0.381469	-1.000000	-1.000000	-1.000000	-1.000000	-1.000000	-1.000000	-1.000000	74.620690	0.000000	-1.000000	-1.000000	1459244.000000	1772660807.159410
-26771.940000	-45192.330000	2283.570000	1994.355000	6001.920000	5021.235000	2936.070000	1855.890000	-3.502414	-7.485534	-8.820804	-9.931780	-9.112393	-6.423196	-0.495683	-1.909004	-1.800680	2.426340	-2.044840	0.908140	0.131775	0.381469	-1.000000	-1.000000	-1.000000	-1.000000	-1.000000	-1.000000	-1.000000	74.620690	0.000000	-1.000000	-1.000000	1459245.000000	1772660807.163326
-26737.155000	-45149.220000	2327.085000	2037.555000	6042.555000	5052.555000	2951.055000	1890.360000	-17.789129	-20.544098	-22.076055	-22.652767	-21.196514	-17.620561	-9.158409	-18.515251	-1.800680	2.426340	-2.044840	0.908140	0.131775	0.381469	-1.000000	-1.000000	-1.000000	-1.000000	-1.000000	-1.000000	-1.000000	74.620690	0.000000	-1.000000	-1.000000	1459246.000000	1772660807.163333
-26753.985000	-45173.250000	2298.150000	2003.895000	6013.080000	5026.815000	2925.585000	1864.800000	-21.969280	-22.075480	-22.970490	-22.911595	-21.907126	-19.840361	-13.633718	-23.824022	-1.800680	2.426340	-2.044840	0.908140	0.131775	0.381469	-1.000000	-1.000000	-1.000000	-1.000000	-1.000000	-1.000000	-1.000000	74.620690	0.000000	-1.000000	-1.000000	1459247.000000	1772660807.167434
-26727.255000	-45168.840000	2299.185000	2001.195000	6008.445000	5024.520000	2931.885000	1899.945000	-12.864807	-11.362531	-11.623387	-11.156673	-11.023420	-11.785311	-11.584132	-14.071608	-1.800680	2.426340	-2.044840	0.908140	0.131775	0.381469	-1.000000	-1.000000	-1.000000	-1.000000	-1.000000	-1.000000	-1.000000	74.620690	0.000000	-1.000000	-1.000000	1459248.000000	1772660807.167442
-26732.475000	-45165.195000	2304.450000	2007.180000	6013.935000	5029.380000	2932.110000	1890.360000	2.954265	3.402939	3.197473	3.657255	3.388135	0.781231	-4.636543	3.631330	-1.800680	2.426340	-2.044840	0.908140	0.131775	0.381469	-1.000000	-1.000000	-1.000000	-1.000000	-1.000000	-1.000000	-1.000000	74.620690	0.000000	-1.000000	-1.000000	1459249.000000	1772660807.171436
-26742.780000	-45172.620000	2298.285000	2001.195000	6008.760000	5023.935000	2925.135000	1879.380000	14.046423	12.448176	12.113179	12.437915	12.463808	9.953628	2.191805	15.779005	-1.800680	2.426340	-2.044840	0.908140	0.131775	0.381469	-1.000000	-1.000000	-1.000000	-1.000000	-1.000000	-1.000000	-1.000000	74.620690	0.000000	-1.000000	-1.000000	1459250.000000	1772660807.171441
-26728.425000	-45160.605000	2309.895000	2013.930000	6020.955000	5031.180000	2927.205000	1895.535000	14.864920	12.883502	12.813219	13.226545	13.827559	12.523495	5.550090	15.674784	-5.386780	3.708180	-2.044840	0.909116	0.135376	0.379271	-1.000000	-1.000000	-1.000000	-1.000000	-1.000000	-1.000000	-1.000000	74.620690	0.000000	-1.000000	-1.000000	1459251.000000	1772660807.177325
-26719.335000	-45162.855000	2300.490000	2005.425000	6016.410000	5034.060000	2942.415000	1917.270000	10.793993	10.023272	10.427418	11.128974	12.026851	11.843793	7.387093	10.691692	-5.386780	3.708180	-2.044840	0.909116	0.135376	0.379271	-1.000000	-1.000000	-1.000000	-1.000000	-1.000000	-1.000000	-1.000000	74.620690	0.000000	-1.000000	-1.000000	1459252.000000	1772660807.177332
-26720.370000	-45160.470000	2302.830000	2006.415000	6017.040000	5037.210000	2949.660000	1922.265000	8.826350	9.004988	9.445954	10.342201	11.038546	11.459368	10.227477	10.015006	-5.386780	3.708180	-2.044840	0.909116	0.135376	0.379271	-1.000000	-1.000000	-1.000000	-1.000000	-1.000000	-1.000000	-1.000000	74.620690	0.000000	-1.000000	-1.000000	1459253.000000	1772660807.179419
-26738.460000	-45172.125000	2296.350000	2001.555000	6011.955000	5036.715000	2951.235000	1907.010000	8.293820	8.422438	8.360783	9.088283	9.207397	9.945270	12.050558	12.059304	-5.386780	3.708180	-2.044840	0.909116	0.135376	0.379271	-1.000000	-1.000000	-1.000000	-1.000000	-1.000000	-1.000000	-1.000000	74.620690	0.000000	-1.000000	-1.000000	1459254.000000	1772660807.179426
-26712.630000	-45165.915000	2297.565000	1999.350000	6009.030000	5040.135000	2963.610000	1937.655000	5.082990	4.566806	4.068342	4.268552	3.643727	4.740840	9.700437	10.290966	-5.386780	3.708180	-2.044840	0.909116	0.135376	0.379271	-1.000000	-1.000000	-1.000000	-1.000000	-1.000000	-1.000000	-1.000000	74.620690	0.000000	-1.000000	-1.000000	1459255.000000	1772660807.184402
-26611.605000	-45081.225000	2378.790000	2079.630000	6089.445000	5106.060000	3007.935000	2049.210000	0.105730	-1.255499	-1.656806	-2.029195	-3.311172	-1.967388	4.305096	4.469556	-5.386780	3.708180	-2.044840	0.909116	0.135376	0.379271	-1.000000	-1.000000	-1.000000	-1.000000	-1.000000	-1.000000	-1.000000	74.620690	0.000000	-1.000000	-1.000000	1459256.000000	1772660807.184408
-26679.420000	-45115.830000	2352.735000	2056.320000	6066.585000	5078.025000	2971.710000	1952.190000	-2.861005	-4.173199	-3.928787	-4.522994	-6.033767	-5.374227	-0.812078	-1.636258	-5.386780	3.708180	-2.044840	0.909116	0.135376	0.379271	-1.000000	-1.000000	-1.000000	-1.000000	-1.000000	-1.000000	-1.000000	74.620690	0.000000	-1.000000	-1.000000	1459257.000000	1772660807.187456
-26780.895000	-45199.215000	2275.695000	1983.150000	5996.025000	5013.495000	2915.820000	1847.520000	-6.868124	-5.422765	-4.066158	-4.321369	-5.357624	-6.439889	-6.350137	-10.923408	-5.386780	3.708180	-2.044840	0.909116	0.135376	0.379271	-1.000000	-1.000000	-1.000000	-1.000000	-1.000000	-1.000000	-1.000000	74.620690	0.000000	-1.000000	-1.000000	1459258.000000	1772660807.187463
-26739.990000	-45160.065000	2310.705000	2014.560000	6022.305000	5036.715000	2933.820000	1880.235000	-16.605513	-10.182207	-7.698674	-7.313090	-7.368473	-9.911560	-14.118960	-26.481969	-5.386780	3.708180	-2.044840	0.909116	0.135376	0.379271	-1.000000	-1.000000	-1.000000	-1.000000	-1.000000	-1.000000	-1.000000	74.620690	0.000000	-1.000000	-1.000000	1459259.000000	1772660807.191329
-26730.855000	-45147.825000	2325.780000	2027.385000	6029.730000	5037.705000	2934.045000	1883.340000	-25.448233	-15.515738	-12.793348	-12.163833	-11.521182	-14.121891	-19.838614	-38.321708	-5.386780	3.708180	-2.044840	0.909116	0.135376	0.379271	-1.000000	-1.000000	-1.000000	-1.000000	-1.000000	-1.000000	-1.000000	74.620690	0.000000	-1.000000	-1.000000	1459260.000000	1772660807.191336
-26741.835000	-45168.795000	2303.820000	2005.695000	6013.755000	5036.535000	2966.310000	1913.130000	-22.697167	-13.986185	-12.269649	-12.208950	-11.728939	-13.149473	-17.136107	-33.034651	-6.867000	3.586100	-0.915600	0.908140	0.135681	0.379394	-1.000000	-1.000000	-1.000000	-1.000000	-1.000000	-1.000000	-1.000000	74.620690	0.000000	-1.000000	-1.000000	1459261.000000	1772660807.195355
-26738.100000	-45168.750000	2296.080000	1996.605000	6005.430000	5026.185000	2948.760000	1920.105000	-7.729824	-5.172876	-5.347943	-6.283102	-6.389913	-6.018210	-5.928992	-9.951003	-6.867000	3.586100	-0.915600	0.908140	0.135681	0.379394	-1.000000	-1.000000	-1.000000	-1.000000	-1.000000	-1.000000	-1.000000	74.620690	0.000000	-1.000000	-1.000000	1459262.000000	1772660807.195362
-26726.445000	-45172.485000	2293.155000	1998.360000	6011.550000	5030.010000	2937.285000	1919.565000	11.315052	5.304403	2.860872	1.301562	1.064461	3.005869	7.066738	19.032102	-6.867000	3.586100	-0.915600	0.908140	0.135681	0.379394	-1.000000	-1.000000	-1.000000	-1.000000	-1.000000	-1.000000	-1.000000	74.620690	0.000000	-1.000000	-1.000000	1459263.000000	1772660807.199420
-26681.625000	-45133.605000	2333.565000	2037.645000	6048.765000	5064.795000	2971.980000	1982.610000	25.047296	12.274114	8.207889	7.002817	7.340778	9.713058	14.689616	38.841589	-6.867000	3.586100	-0.915600	0.908140	0.135681	0.379394	-1.000000	-1.000000	-1.000000	-1.000000	-1.000000	-1.000000	-1.000000	74.620690	0.000000	-1.000000	-1.000000	1459264.000000	1772660807.199428
-26660.205000	-45091.665000	2379.330000	2083.050000	6088.995000	5098.185000	2990.070000	1995.660000	27.555687	13.861275	10.042751	10.063687	11.070036	12.702651	15.200828	40.767134	-6.867000	3.586100	-0.915600	0.908140	0.135681	0.379394	-1.000000	-1.000000	-1.000000	-1.000000	-1.000000	-1.000000	-1.000000	74.620690	0.000000	-1.000000	-1.000000	1459265.000000	1772660807.203441
-26740.170000	-45156.555000	2317.905000	2023.335000	6031.530000	5044.095000	2945.520000	1882.305000	19.206338	11.204739	9.488080	10.741424	11.755131	12.282859	11.231877	26.309826	-6.867000	3.586100	-0.915600	0.908140	0.135681	0.379394	-1.000000	-1.000000	-1.000000	-1.000000	-1.000000	-1.000000	-1.000000	74.620690	0.000000	-1.000000	-1.000000	1459266.000000	1772660807.203449
-26734.365000	-45180.180000	2285.685000	1989.900000	6000.615000	5020.740000	2941.200000	1913.985000	5.407369	5.774146	6.533908	8.183264	8.553034	8.390891	5.419800	4.071720	-6.867000	3.586100	-0.915600	0.908140	0.135681	0.379394	-1.000000	-1.000000	-1.000000	-1.000000	-1.000000	-1.000000	-1.000000	74.620690	0.000000	-1.000000	-1.000000	1459267.000000	1772660807.207364
-26740.350000	-45174.555000	2288.610000	1988.100000	5993.775000	5013.585000	2929.905000	1890.360000	-7.630119	-1.631376	0.378213	1.407151	1.137619	1.121353	-0.776548	-15.408955	-6.867000	3.586100	-0.915600	0.908140	0.135681	0.379394	-1.000000	-1.000000	-1.000000	-1.000000	-1.000000	-1.000000	-1.000000	74.620690	0.000000	-1.000000	-1.000000	1459268.000000	1772660807.207372
-26735.265000	-45172.890000	2289.285000	1988.775000	5994.045000	5012.685000	2926.755000	1893.600000	-15.675331	-8.683716	-7.046619	-7.219930	-7.746703	-7.100434	-6.357395	-25.330965	-6.867000	3.586100	-0.915600	0.908140	0.135681	0.379394	-1.000000	-1.000000	-1.000000	-1.000000	-1.000000	-1.000000	-1.000000	74.620690	0.000000	-1.000000	-1.000000	1459269.000000	1772660807.213416
-26730.045000	-45166.005000	2301.210000	2004.525000	6013.080000	5031.765000	2939.355000	1909.305000	-16.641149	-11.421913	-10.821089	-11.994467	-12.539985	-11.805962	-10.124928	-24.750158	-6.867000	3.586100	-0.915600	0.908140	0.135681	0.379394	-1.000000	-1.000000	-1.000000	-1.000000	-1.000000	-1.000000	-1.000000	74.620690	0.000000	-1.000000	-1.000000	1459270.000000	1772660807.213424
-26739.990000	-45179.685000	2289.105000	1992.780000	6004.395000	5025.060000	2933.055000	1901.160000	-11.036897	-8.043091	-7.854830	-9.167404	-9.623432	-9.935831	-10.234570	-16.004516	-5.203660	2.151660	-1.510740	0.904478	0.132751	0.381225	-1.000000	-1.000000	-1.000000	-1.000000	-1.000000	-1.000000	-1.000000	74.620690	0.000000	-1.000000	-1.000000	1459271.000000	1772660807.215190
-26730.270000	-45168.165000	2303.010000	2007.000000	6017.760000	5033.160000	2928.330000	1901.115000	-2.905513	-1.293864	-0.491531	-1.113465	-1.353057	-3.102846	-6.130509	-3.884796	-5.203660	2.151660	-1.510740	0.904478	0.132751	0.381225	-1.000000	-1.000000	-1.000000	-1.000000	-1.000000	-1.000000	-1.000000	74.620690	0.000000	-1.000000	-1.000000	1459272.000000	1772660807.215196
-26711.235000	-45144.675000	2325.555000	2029.770000	6038.910000	5051.205000	2933.730000	1907.145000	2.397851	3.844401	5.556991	5.883212	5.920081	3.429453	-0.648980	4.831610	-5.203660	2.151660	-1.510740	0.904478	0.132751	0.381225	-1.000000	-1.000000	-1.000000	-1.000000	-1.000000	-1.000000	-1.000000	74.620690	0.000000	-1.000000	-1.000000	1459273.000000	1772660807.223202
-26690.445000	-45125.370000	2341.710000	2044.350000	6050.835000	5062.770000	2953.260000	1928.880000	3.689894	5.065192	6.831874	7.789579	8.034886	6.042220	3.279061	7.669311	-5.203660	2.151660	-1.510740	0.904478	0.132751	0.381225	-1.000000	-1.000000	-1.000000	-1.000000	-1.000000	-1.000000	-1.000000	74.620690	0.000000	-1.000000	-1.000000	1459274.000000	1772660807.223210
-26655.480000	-45113.265000	2348.460000	2047.230000	6054.210000	5074.830000	2989.395000	1999.485000	5.957955	5.424390	5.793637	6.664444	6.899735	6.434148	6.925921	10.880339	-5.203660	2.151660	-1.510740	0.904478	0.132751	0.381225	-1.000000	-1.000000	-1.000000	-1.000000	-1.000000	-1.000000	-1.000000	74.620690	0.000000	-1.000000	-1.000000	1459275.000000	1772660807.223259
-26635.770000	-45094.230000	2370.330000	2070.180000	6075.090000	5095.440000	3014.145000	2031.480000	12.650374	8.429924	6.706633	6.819552	6.781375	8.063727	12.467465	19.759043	-5.203660	2.151660	-1.510740	0.904478	0.132751	0.381225	-1.000000	-1.000000	-1.000000	-1.000000	-1.000000	-1.000000	-1.000000	74.620690	0.000000	-1.000000	-1.000000	1459276.000000	1772660807.223267
-26774.055000	-45183.645000	2298.690000	2006.505000	6010.875000	5020.335000	2934.945000	1862.910000	17.058244	10.636073	7.978821	7.454593	7.149350	9.385159	16.319967	26.244662	-5.203660	2.151660	-1.510740	0.904478	0.132751	0.381225	-1.000000	-1.000000	-1.000000	-1.000000	-1.000000	-1.000000	-1.000000	74.620690	0.000000	-1.000000	-1.000000	1459277.000000	1772660807.227377
-26775.450000	-45191.430000	2285.235000	1991.070000	6001.380000	5010.615000	2921.400000	1870.830000	8.673964	4.866543	3.544729	3.267699	3.054152	4.713084	11.003727	16.150048	-5.203660	2.151660	-1.510740	0.904478	0.132751	0.381225	-1.000000	-1.000000	-1.000000	-1.000000	-1.000000	-1.000000	-1.000000	74.620690	0.000000	-1.000000	-1.000000	1459278.000000	1772660807.227384
-26770.815000	-45196.335000	2268.720000	1969.920000	5983.245000	5005.890000	2926.530000	1867.545000	-10.867760	-8.531324	-7.586986	-7.139424	-6.862756	-6.825778	-4.245382	-10.153896	-5.203660	2.151660	-1.510740	0.904478	0.132751	0.381225	-1.000000	-1.000000	-1.000000	-1.000000	-1.000000	-1.000000	-1.000000	74.620690	0.000000	-1.000000	-1.000000	1459279.000000	1772660807.231350
-26750.835000	-45174.375000	2293.920000	1994.895000	6003.270000	5021.820000	2932.110000	1881.405000	-26.914908	-19.897114	-18.158634	-17.573307	-16.832069	-17.876307	-19.740270	-34.806189	-5.203660	2.151660	-1.510740	0.904478	0.132751	0.381225	-1.000000	-1.000000	-1.000000	-1.000000	-1.000000	-1.000000	-1.000000	74.620690	0.000000	-1.000000	-1.000000	1459280.000000	1772660807.231355
-26721.945000	-45170.370000	2297.970000	2000.385000	6010.200000	5027.805000	2937.060000	1921.185000	-27.522492	-20.742120	-20.223428	-20.328446	-19.674932	-20.402546	-24.985512	-40.802171	-4.410140	2.258480	-1.434440	0.904417	0.130798	0.379638	-1.000000	-1.000000	-1.000000	-1.000000	-1.000000	-1.000000	-1.000000	74.620690	0.000000	-1.000000	-1.000000	1459281.000000	1772660807.235444
-26718.390000	-45165.780000	2303.325000	2007.360000	6016.365000	5033.970000	2941.605000	1926.720000	-13.270935	-11.626136	-12.894986	-13.768093	-13.676613	-13.210036	-17.823351	-25.314983	-4.410140	2.258480	-1.434440	0.904417	0.130798	0.379638	-1.000000	-1.000000	-1.000000	-1.000000	-1.000000	-1.000000	-1.000000	74.620690	0.000000	-1.000000	-1.000000	1459282.000000	1772660807.235451
-26717.355000	-45157.905000	2311.695000	2014.335000	6022.530000	5040.720000	2951.685000	1929.105000	6.323867	1.138208	-0.950896	-1.941467	-2.349902	-0.864518	-3.669781	1.395249	-4.410140	2.258480	-1.434440	0.904417	0.130798	0.379638	-1.000000	-1.000000	-1.000000	-1.000000	-1.000000	-1.000000	-1.000000	74.620690	0.000000	-1.000000	-1.000000	1459283.000000	1772660807.239430
-26713.440000	-45149.265000	2319.480000	2019.780000	6023.025000	5037.525000	2953.215000	1931.085000	20.585633	11.967299	10.582622	10.156714	9.515056	10.852576	9.610951	23.630027	-4.410140	2.258480	-1.434440	0.904417	0.130798	0.379638	-1.000000	-1.000000	-1.000000	-1.000000	-1.000000	-1.000000	-1.000000	74.620690	0.000000	-1.000000	-1.000000	1459284.000000	1772660807.239437
-26713.485000	-45140.670000	2331.450000	2030.625000	6029.955000	5038.785000	2948.670000	1927.935000	24.032081	17.889916	18.127095	18.394068	17.618563	17.440985	16.326100	30.940607	-4.410140	2.258480	-1.434440	0.904417	0.130798	0.379638	-1.000000	-1.000000	-1.000000	-1.000000	-1.000000	-1.000000	-1.000000	74.620690	0.000000	-1.000000	-1.000000	1459285.000000	1772660807.248412
-26714.430000	-45142.065000	2330.820000	2030.400000	6028.560000	5037.975000	2946.960000	1932.480000	19.441678	18.845741	20.324090	20.809928	19.900195	17.913799	16.233839	25.702092	-4.410140	2.258480	-1.434440	0.904417	0.130798	0.379638	-1.000000	-1.000000	-1.000000	-1.000000	-1.000000	-1.000000	-1.000000	74.620690	0.000000	-1.000000	-1.000000	1459286.000000	1772660807.248422
-26706.870000	-45140.895000	2328.840000	2029.005000	6030.720000	5044.770000	2952.270000	1936.980000	12.524258	16.032799	17.630953	17.815810	16.848272	14.144865	12.500456	16.205881	-4.410140	2.258480	-1.434440	0.904417	0.130798	0.379638	-1.000000	-1.000000	-1.000000	-1.000000	-1.000000	-1.000000	-1.000000	74.620690	0.000000	-1.000000	-1.000000	1459287.000000	1772660807.248603
-26709.525000	-45142.020000	2328.435000	2031.030000	6035.985000	5050.170000	2944.215000	1919.340000	4.846251	9.361159	10.371894	10.300793	9.604857	7.636497	6.954996	5.784353	-4.410140	2.258480	-1.434440	0.904417	0.130798	0.379638	-1.000000	-1.000000	-1.000000	-1.000000	-1.000000	-1.000000	-1.000000	74.620690	0.000000	-1.000000	-1.000000	1459288.000000	1772660807.248610
-26714.745000	-45144.855000	2327.625000	2028.690000	6033.915000	5052.870000	2948.805000	1912.185000	-4.691477	-1.092284	-0.667085	-0.527146	-0.361941	-0.685782	0.025356	-6.099308	-4.410140	2.258480	-1.434440	0.904417	0.130798	0.379638	-1.000000	-1.000000	-1.000000	-1.000000	-1.000000	-1.000000	-1.000000	74.620690	0.000000	-1.000000	-1.000000	1459289.000000	1772660807.251565
-26719.785000	-45156.015000	2312.010000	2012.400000	6022.035000	5053.950000	2969.955000	1917.990000	-15.460551	-12.981857	-12.969620	-12.425849	-10.971515	-9.206026	-6.666907	-18.235405	-4.410140	2.258480	-1.434440	0.904417	0.130798	0.379638	-1.000000	-1.000000	-1.000000	-1.000000	-1.000000	-1.000000	-1.000000	74.620690	0.000000	-1.000000	-1.000000	1459290.000000	1772660807.251572
-26712.270000	-45150.570000	2318.760000	2022.795000	6035.715000	5061.105000	2976.210000	1934.100000	-23.470363	-21.892996	-22.303892	-21.636148	-19.034976	-15.303232	-10.349410	-25.751920	-5.005280	2.701020	-1.464960	0.906919	0.130737	0.375854	-1.000000	-1.000000	-1.000000	-1.000000	-1.000000	-1.000000	-1.000000	74.620690	0.000000	-1.000000	-1.000000	1459291.000000	1772660807.255519
-26705.520000	-45145.665000	2324.430000	2028.285000	6035.400000	5049.630000	2951.280000	1936.080000	-23.563283	-23.282240	-24.060455	-23.544133	-20.601350	-16.455460	-10.180298	-23.644538	-5.005280	2.701020	-1.464960	0.906919	0.130737	0.375854	-1.000000	-1.000000	-1.000000	-1.000000	-1.000000	-1.000000	-1.000000	74.620690	0.000000	-1.000000	-1.000000	1459292.000000	1772660807.255526
-26708.940000	-45146.385000	2322.540000	2022.435000	6021.990000	5033.385000	2931.570000	1927.485000	-14.526956	-15.988890	-16.797344	-16.494643	-14.525012	-12.585339	-8.451174	-12.603252	-5.005280	2.701020	-1.464960	0.906919	0.130737	0.375854	-1.000000	-1.000000	-1.000000	-1.000000	-1.000000	-1.000000	-1.000000	74.620690	0.000000	-1.000000	-1.000000	1459293.000000	1772660807.261000
-26712.675000	-45144.315000	2327.580000	2028.330000	6025.770000	5038.470000	2939.580000	1923.165000	-0.218209	-3.272910	-3.840045	-3.869894	-4.040860	-5.741444	-6.633992	1.969931	-5.005280	2.701020	-1.464960	0.906919	0.130737	0.375854	-1.000000	-1.000000	-1.000000	-1.000000	-1.000000	-1.000000	-1.000000	74.620690	0.000000	-1.000000	-1.000000	1459294.000000	1772660807.261009
-26714.970000	-45143.190000	2333.070000	2035.440000	6035.220000	5048.505000	2945.160000	1924.875000	13.403511	9.701877	9.466770	8.957430	6.481219	2.181648	-3.255671	14.398919	-5.005280	2.701020	-1.464960	0.906919	0.130737	0.375854	-1.000000	-1.000000	-1.000000	-1.000000	-1.000000	-1.000000	-1.000000	74.620690	0.000000	-1.000000	-1.000000	1459295.000000	1772660807.263523
-26707.635000	-45141.165000	2332.035000	2031.525000	6032.295000	5048.730000	2951.235000	1936.935000	20.698974	18.029745	18.340403	17.445085	13.677997	9.149416	2.420411	20.363856	-5.005280	2.701020	-1.464960	0.906919	0.130737	0.375854	-1.000000	-1.000000	-1.000000	-1.000000	-1.000000	-1.000000	-1.000000	74.620690	0.000000	-1.000000	-1.000000	1459296.000000	1772660807.263530
-26712.090000	-45146.115000	2327.310000	2028.960000	6034.770000	5052.555000	2950.290000	1933.155000	19.048580	18.709952	19.640926	18.648648	15.233037	12.504662	8.243220	18.588309	-5.005280	2.701020	-1.464960	0.906919	0.130737	0.375854	-1.000000	-1.000000	-1.000000	-1.000000	-1.000000	-1.000000	-1.000000	74.620690	0.000000	-1.000000	-1.000000	1459297.000000	1772660807.267378
-26710.965000	-45145.890000	2329.920000	2033.550000	6040.395000	5056.425000	2947.815000	1931.625000	10.232236	12.171543	13.300294	12.593365	11.020830	10.865743	10.958924	10.853604	-5.005280	2.701020	-1.464960	0.906919	0.130737	0.375854	-1.000000	-1.000000	-1.000000	-1.000000	-1.000000	-1.000000	-1.000000	74.620690	0.000000	-1.000000	-1.000000	1459298.000000	1772660807.267386
-26687.745000	-45128.925000	2349.630000	2055.105000	6061.005000	5080.230000	2976.075000	1974.060000	-0.749505	2.361560	3.196742	3.161496	3.945801	5.703184	8.897243	0.758431	-5.005280	2.701020	-1.464960	0.906919	0.130737	0.375854	-1.000000	-1.000000	-1.000000	-1.000000	-1.000000	-1.000000	-1.000000	74.620690	0.000000	-1.000000	-1.000000	1459299.000000	1772660807.271469
-26631.720000	-45075.780000	2400.255000	2102.670000	6107.085000	5122.260000	3010.410000	2050.695000	-7.597875	-4.863028	-4.509912	-3.837475	-1.481217	0.917707	4.256237	-5.996670	-5.005280	2.701020	-1.464960	0.906919	0.130737	0.375854	-1.000000	-1.000000	-1.000000	-1.000000	-1.000000	-1.000000	-1.000000	74.620690	0.000000	-1.000000	-1.000000	1459300.000000	1772660807.271477
-26697.420000	-45116.010000	2357.055000	2056.725000	6060.960000	5076.855000	2966.670000	1936.035000	-7.638747	-6.216876	-6.458678	-5.565804	-2.956109	-0.716282	0.715353	-6.757376	-5.371520	2.929920	-2.319520	0.905149	0.131714	0.376830	-1.000000	-1.000000	-1.000000	-1.000000	-1.000000	-1.000000	-1.000000	74.620690	0.000000	-1.000000	-1.000000	1459301.000000	1772660807.275504
-26755.065000	-45177.660000	2289.150000	1984.995000	5989.095000	5012.415000	2923.290000	1858.455000	-5.629188	-5.115245	-6.187721	-5.721663	-3.668384	-1.648614	-1.851358	-7.442034	-5.371520	2.929920	-2.319520	0.905149	0.131714	0.376830	-1.000000	-1.000000	-1.000000	-1.000000	-1.000000	-1.000000	-1.000000	74.620690	0.000000	-1.000000	-1.000000	1459302.000000	1772660807.275511
-26725.365000	-45178.290000	2284.605000	1979.010000	5983.830000	5005.305000	2913.435000	1912.005000	-6.705759	-6.963805	-9.096190	-9.442972	-8.121240	-6.153464	-5.998439	-12.821189	-5.371520	2.929920	-2.319520	0.905149	0.131714	0.376830	-1.000000	-1.000000	-1.000000	-1.000000	-1.000000	-1.000000	-1.000000	74.620690	0.000000	-1.000000	-1.000000	1459303.000000	1772660807.280519
-26689.905000	-45130.995000	2338.785000	2034.315000	6036.120000	5046.480000	2931.885000	1943.010000	-8.212725	-10.395526	-13.248716	-14.309058	-13.850368	-12.443914	-10.854286	-16.613506	-5.371520	2.929920	-2.319520	0.905149	0.131714	0.376830	-1.000000	-1.000000	-1.000000	-1.000000	-1.000000	-1.000000	-1.000000	74.620690	0.000000	-1.000000	-1.000000	1459304.000000	1772660807.280526
-26733.420000	-45167.445000	2308.455000	2007.540000	6015.420000	5035.545000	2932.650000	1905.930000	-5.384353	-9.541741	-11.695846	-12.798619	-13.459384	-13.783668	-12.083882	-11.326505	-5.371520	2.929920	-2.319520	0.905149	0.131714	0.376830	-1.000000	-1.000000	-1.000000	-1.000000	-1.000000	-1.000000	-1.000000	74.620690	0.000000	-1.000000	-1.000000	1459305.000000	1772660807.283655
-26704.395000	-45152.190000	2317.905000	2012.895000	6020.955000	5049.045000	2965.500000	1956.285000	0.774748	-3.125420	-2.957084	-3.288542	-4.976754	-7.293073	-6.871116	1.234078	-5.371520	2.929920	-2.319520	0.905149	0.131714	0.376830	-1.000000	-1.000000	-1.000000	-1.000000	-1.000000	-1.000000	-1.000000	74.620690	0.000000	-1.000000	-1.000000	1459306.000000	1772660807.283662
-26682.390000	-45124.380000	2346.300000	2041.335000	6046.560000	5070.780000	2979.585000	1980.630000	6.732869	5.364660	8.015801	8.641216	6.495415	3.484554	3.149002	14.440615	-5.371520	2.929920	-2.319520	0.905149	0.131714	0.376830	-1.000000	-1.000000	-1.000000	-1.000000	-1.000000	-1.000000	-1.000000	74.620690	0.000000	-1.000000	-1.000000	1459307.000000	1772660807.287435
-26777.115000	-45194.265000	2284.290000	1983.105000	5989.365000	5013.495000	2916.045000	1856.340000	8.852301	11.065528	14.818005	15.918187	13.988934	11.778142	11.419992	20.057511	-5.371520	2.929920	-2.319520	0.905149	0.131714	0.376830	-1.000000	-1.000000	-1.000000	-1.000000	-1.000000	-1.000000	-1.000000	74.620690	0.000000	-1.000000	-1.000000	1459308.000000	1772660807.287441
-26777.520000	-45190.530000	2285.415000	1983.330000	5987.295000	5007.870000	2911.725000	1864.080000	3.188772	9.004942	12.311684	13.426592	12.286369	11.511407	10.726240	10.977837	-5.371520	2.929920	-2.319520	0.905149	0.131714	0.376830	-1.000000	-1.000000	-1.000000	-1.000000	-1.000000	-1.000000	-1.000000	74.620690	0.000000	-1.000000	-1.000000	1459309.000000	1772660807.292777
-26740.305000	-45165.420000	2308.410000	2004.300000	6005.385000	5024.385000	2932.560000	1898.550000	-6.260943	1.047145	2.975967	3.968329	3.945019	4.395327	2.652192	-5.810232	-5.371520	2.929920	-2.319520	0.905149	0.131714	0.376830	-1.000000	-1.000000	-1.000000	-1.000000	-1.000000	-1.000000	-1.000000	74.620690	0.000000	-1.000000	-1.000000	1459310.000000	1772660807.292786
-26726.220000	-45166.770000	2306.520000	2003.130000	6003.810000	5023.485000	2930.805000	1907.595000	-7.791098	-3.297191	-3.074431	-2.260670	-1.301963	-0.412618	-3.088659	-12.384871	-3.021480	3.952340	-2.075360	0.905759	0.132080	0.374938	-1.000000	-1.000000	-1.000000	-1.000000	-1.000000	-1.000000	-1.000000	74.620690	0.000000	-1.000000	-1.000000	1459311.000000	1772660807.295468
-26729.145000	-45162.810000	2313.585000	2012.535000	6016.320000	5037.255000	2938.545000	1911.870000	1.778984	0.402598	-0.834832	-0.309618	1.142751	1.777563	-1.269259	-3.419492	-3.021480	3.952340	-2.075360	0.905759	0.132080	0.374938	-1.000000	-1.000000	-1.000000	-1.000000	-1.000000	-1.000000	-1.000000	74.620690	0.000000	-1.000000	-1.000000	1459312.000000	1772660807.295475
-26724.780000	-45159.300000	2318.670000	2016.045000	6018.975000	5046.435000	2952.405000	1921.275000	12.906946	6.571145	4.501962	4.591392	6.029376	6.491395	4.348470	9.720117	-3.021480	3.952340	-2.075360	0.905759	0.132080	0.374938	-1.000000	-1.000000	-1.000000	-1.000000	-1.000000	-1.000000	-1.000000	74.620690	0.000000	-1.000000	-1.000000	1459313.000000	1772660807.299588
-26720.865000	-45165.195000	2303.505000	1997.730000	6003.810000	5033.880000	2944.845000	1918.170000	16.433071	8.599281	6.220756	5.648548	6.644268	7.425923	7.491625	15.662313	-3.021480	3.952340	-2.075360	0.905759	0.132080	0.374938	-1.000000	-1.000000	-1.000000	-1.000000	-1.000000	-1.000000	-1.000000	74.620690	0.000000	-1.000000	-1.000000	1459314.000000	1772660807.299596
-26718.570000	-45160.155000	2305.800000	2003.085000	6013.575000	5034.645000	2933.640000	1918.980000	10.774469	4.868749	2.389034	1.070199	1.418465	2.368707	4.454988	10.967548	-3.021480	3.952340	-2.075360	0.905759	0.132080	0.374938	-1.000000	-1.000000	-1.000000	-1.000000	-1.000000	-1.000000	-1.000000	74.620690	0.000000	-1.000000	-1.000000	1459315.000000	1772660807.304887
-26714.790000	-45149.445000	2317.725000	2015.730000	6022.755000	5043.195000	2940.345000	1924.155000	-0.264589	-2.159450	-4.501319	-6.161189	-6.254951	-6.047370	-3.711620	-0.998625	-3.021480	3.952340	-2.075360	0.905759	0.132080	0.374938	-1.000000	-1.000000	-1.000000	-1.000000	-1.000000	-1.000000	-1.000000	74.620690	0.000000	-1.000000	-1.000000	1459316.000000	1772660807.304893
-26714.655000	-45145.890000	2322.495000	2021.265000	6025.410000	5043.015000	2939.895000	1919.070000	-9.769519	-7.646434	-9.318680	-10.629482	-10.894455	-11.985421	-10.885135	-11.625405	-3.021480	3.952340	-2.075360	0.905759	0.132080	0.374938	-1.000000	-1.000000	-1.000000	-1.000000	-1.000000	-1.000000	-1.000000	74.620690	0.000000	-1.000000	-1.000000	1459317.000000	1772660807.307508
-26712.765000	-45146.430000	2320.020000	2020.230000	6022.035000	5040.180000	2944.485000	1923.525000	-12.333755	-8.126905	-8.474648	-8.906977	-9.340477	-11.168491	-11.190092	-13.686184	-3.021480	3.952340	-2.075360	0.905759	0.132080	0.374938	-1.000000	-1.000000	-1.000000	-1.000000	-1.000000	-1.000000	-1.000000	74.620690	0.000000	-1.000000	-1.000000	1459318.000000	1772660807.307516
-26694.900000	-45131.940000	2334.420000	2034.855000	6036.705000	5055.120000	2956.635000	1945.260000	-8.465264	-4.455241	-3.083001	-2.434133	-3.056899	-4.433439	-4.595880	-7.408535	-3.021480	3.952340	-2.075360	0.905759	0.132080	0.374938	-1.000000	-1.000000	-1.000000	-1.000000	-1.000000	-1.000000	-1.000000	74.620690	0.000000	-1.000000	-1.000000	1459319.000000	1772660807.311455
-26676.630000	-45115.785000	2351.520000	2051.955000	6056.010000	5074.470000	2967.525000	1965.330000	-2.304189	0.510372	3.366246	4.834939	4.209571	4.131519	4.333201	1.743885	-3.021480	3.952340	-2.075360	0.905759	0.132080	0.374938	-1.000000	-1.000000	-1.000000	-1.000000	-1.000000	-1.000000	-1.000000	74.620690	0.000000	-1.000000	-1.000000	1459320.000000	1772660807.311464
-26699.490000	-45132.345000	2336.445000	2038.230000	6043.185000	5063.760000	2957.850000	1934.055000	2.074564	3.898610	7.290039	8.857427	8.498271	9.743794	10.168354	7.388132	-3.036740	4.776380	-1.526000	0.907224	0.131591	0.370605	-1.000000	-1.000000	-1.000000	-1.000000	-1.000000	-1.000000	-1.000000	74.620690	0.000000	-1.000000	-1.000000	1459321.000000	1772660807.315337
-26721.270000	-45152.595000	2320.110000	2021.445000	6029.280000	5053.860000	2954.655000	1915.785000	1.991164	3.205944	5.955304	6.879786	6.924715	8.813511	9.301584	5.454210	-3.036740	4.776380	-1.526000	0.907224	0.131591	0.370605	-1.000000	-1.000000	-1.000000	-1.000000	-1.000000	-1.000000	-1.000000	74.620690	0.000000	-1.000000	-1.000000	1459322.000000	1772660807.315344
-26712.270000	-45142.920000	2332.215000	2032.065000	6039.945000	5067.495000	2977.335000	1934.055000	-2.240752	-1.388095	0.164618	0.131597	0.463469	2.112514	2.764949	-2.549388	-3.036740	4.776380	-1.526000	0.907224	0.131591	0.370605	-1.000000	-1.000000	-1.000000	-1.000000	-1.000000	-1.000000	-1.000000	74.620690	0.000000	-1.000000	-1.000000	1459323.000000	1772660807.319343
-26705.700000	-45135.000000	2337.930000	2036.385000	6044.220000	5071.860000	2987.235000	1951.920000	-6.859177	-6.343612	-5.773910	-6.670121	-6.371826	-5.389588	-4.150115	-10.054700	-3.036740	4.776380	-1.526000	0.907224	0.131591	0.370605	-1.000000	-1.000000	-1.000000	-1.000000	-1.000000	-1.000000	-1.000000	74.620690	0.000000	-1.000000	-1.000000	1459324.000000	1772660807.319350
-26677.530000	-45113.625000	2356.965000	2053.620000	6055.605000	5077.170000	2974.410000	1984.635000	-7.058553	-7.561324	-7.836167	-9.333581	-9.357231	-8.972650	-6.989019	-10.336101	-3.036740	4.776380	-1.526000	0.907224	0.131591	0.370605	-1.000000	-1.000000	-1.000000	-1.000000	-1.000000	-1.000000	-1.000000	74.620690	0.000000	-1.000000	-1.000000	1459325.000000	1772660807.323450
-26698.680000	-45122.670000	2352.420000	2051.910000	6049.980000	5068.845000	2967.210000	1946.610000	-1.166181	-3.614720	-4.936860	-6.610838	-7.049638	-7.258383	-5.678893	-2.326930	-3.036740	4.776380	-1.526000	0.907224	0.131591	0.370605	-1.000000	-1.000000	-1.000000	-1.000000	-1.000000	-1.000000	-1.000000	74.620690	0.000000	-1.000000	-1.000000	1459326.000000	1772660807.323457
-26659.710000	-45097.695000	2372.220000	2072.295000	6074.820000	5087.610000	2976.345000	1997.595000	7.239107	3.079399	0.835529	-0.349326	-0.989864	-2.017614	-2.769461	8.086381	-3.036740	4.776380	-1.526000	0.907224	0.131591	0.370605	-1.000000	-1.000000	-1.000000	-1.000000	-1.000000	-1.000000	-1.000000	74.620690	0.000000	-1.000000	-1.000000	1459327.000000	1772660807.327490
-26611.605000	-45057.465000	2405.070000	2101.230000	6101.145000	5113.080000	2995.470000	2030.220000	13.352114	8.975837	6.330307	6.186976	5.843183	3.885777	-0.082622	14.468366	-3.036740	4.776380	-1.526000	0.907224	0.131591	0.370605	-1.000000	-1.000000	-1.000000	-1.000000	-1.000000	-1.000000	-1.000000	74.620690	0.000000	-1.000000	-1.000000	1459328.000000	1772660807.327497
-26758.755000	-45186.930000	2274.705000	1969.425000	5975.010000	4998.150000	2899.980000	1826.370000	13.017414	10.196368	7.552704	8.356688	8.681476	6.345073	0.727086	11.818021	-3.036740	4.776380	-1.526000	0.907224	0.131591	0.370605	-1.000000	-1.000000	-1.000000	-1.000000	-1.000000	-1.000000	-1.000000	74.620690	0.000000	-1.000000	-1.000000	1459329.000000	1772660807.331430
-26802.720000	-45225.090000	2244.060000	1943.910000	5953.725000	4982.490000	2886.390000	1805.310000	2.174982	2.367105	0.147048	1.315875	2.314864	0.927714	-2.762555	-3.589269	-3.036740	4.776380	-1.526000	0.907224	0.131591	0.370605	-1.000000	-1.000000	-1.000000	-1.000000	-1.000000	-1.000000	-1.000000	74.620690	0.000000	-1.000000	-1.000000	1459330.000000	1772660807.331437
-26742.690000	-45173.250000	2296.800000	1995.300000	6002.820000	5029.470000	2931.705000	1896.210000	-14.827163	-11.338106	-12.341481	-11.214075	-9.864920	-9.282298	-8.495450	-23.435733	-3.418240	3.830260	-0.930860	0.906248	0.132934	0.372252	-1.000000	-1.000000	-1.000000	-1.000000	-1.000000	-1.000000	-1.000000	74.620690	0.000000	-1.000000	-1.000000	1459331.000000	1772660807.335329
-26638.695000	-45096.480000	2363.715000	2055.015000	6059.430000	5084.370000	2989.575000	2034.135000	-22.754025	-17.957620	-17.160406	-16.251705	-15.255227	-13.105367	-8.681841	-27.709315	-3.418240	3.830260	-0.930860	0.906248	0.132934	0.372252	-1.000000	-1.000000	-1.000000	-1.000000	-1.000000	-1.000000	-1.000000	74.620690	0.000000	-1.000000	-1.000000	1459332.000000	1772660807.335334
-26721.675000	-45147.915000	2323.035000	2017.035000	6023.790000	5047.830000	2950.965000	1912.275000	-12.610406	-9.691235	-7.405707	-6.992027	-7.018155	-4.700651	0.410797	-8.592301	-3.418240	3.830260	-0.930860	0.906248	0.132934	0.372252	-1.000000	-1.000000	-1.000000	-1.000000	-1.000000	-1.000000	-1.000000	74.620690	0.000000	-1.000000	-1.000000	1459333.000000	1772660807.339459
-26788.455000	-45205.920000	2264.895000	1960.020000	5965.425000	4987.710000	2895.210000	1823.805000	5.256099	5.253832	8.247662	8.042925	7.112341	8.459238	11.939989	16.260567	-3.418240	3.830260	-0.930860	0.906248	0.132934	0.372252	-1.000000	-1.000000	-1.000000	-1.000000	-1.000000	-1.000000	-1.000000	74.620690	0.000000	-1.000000	-1.000000	1459334.000000	1772660807.339465
-26736.075000	-45168.795000	2298.015000	1991.835000	5996.520000	5018.580000	2928.870000	1901.295000	14.775531	13.493268	16.380485	15.820588	14.806031	14.956889	16.279786	25.542271	-3.418240	3.830260	-0.930860	0.906248	0.132934	0.372252	-1.000000	-1.000000	-1.000000	-1.000000	-1.000000	-1.000000	-1.000000	74.620690	0.000000	-1.000000	-1.000000	1459335.000000	1772660807.343472
-26649.270000	-45093.285000	2376.810000	2074.770000	6081.660000	5099.805000	2994.525000	2023.470000	13.463188	12.392466	14.373484	13.867126	13.437036	12.832501	12.469736	19.227794	-3.418240	3.830260	-0.930860	0.906248	0.132934	0.372252	-1.000000	-1.000000	-1.000000	-1.000000	-1.000000	-1.000000	-1.000000	74.620690	0.000000	-1.000000	-1.000000	1459336.000000	1772660807.343481
-26707.320000	-45131.220000	2350.260000	2054.160000	6063.165000	5080.815000	2965.815000	1933.875000	8.882669	8.375663	9.282624	9.321600	9.553737	8.634265	6.759733	10.459481	-3.418240	3.830260	-0.930860	0.906248	0.132934	0.372252	-1.000000	-1.000000	-1.000000	-1.000000	-1.000000	-1.000000	-1.000000	74.620690	0.000000	-1.000000	-1.000000	1459337.000000	1772660807.347512
-26781.480000	-45193.545000	2290.230000	1992.330000	6000.120000	5021.460000	2916.990000	1841.850000	5.561588	5.816286	6.260101	7.206305	7.682625	6.490067	2.887889	5.526413	-3.418240	3.830260	-0.930860	0.906248	0.132934	0.372252	-1.000000	-1.000000	-1.000000	-1.000000	-1.000000	-1.000000	-1.000000	74.620690	0.000000	-1.000000	-1.000000	1459338.000000	1772660807.347519
-26739.675000	-45165.825000	2302.560000	1990.755000	5995.530000	5022.855000	2929.005000	1887.030000	3.167752	4.121963	4.204581	5.493170	5.507429	4.032731	-0.581059	1.696206	-3.418240	3.830260	-0.930860	0.906248	0.132934	0.372252	-1.000000	-1.000000	-1.000000	-1.000000	-1.000000	-1.000000	-1.000000	74.620690	0.000000	-1.000000	-1.000000	1459339.000000	1772660807.351480
-26738.820000	-45170.190000	2295.180000	1981.530000	5986.890000	5015.970000	2925.720000	1881.360000	-0.168637	0.703217	-0.647470	-0.489737	-1.398159	-2.633977	-6.095759	-5.328821	-3.418240	3.830260	-0.930860	0.906248	0.132934	0.372252	-1.000000	-1.000000	-1.000000	-1.000000	-1.000000	-1.000000	-1.000000	74.620690	0.000000	-1.000000	-1.000000	1459340.000000	1772660807.351487
-26712.495000	-45143.010000	2326.905000	2017.260000	6017.445000	5036.850000	2935.080000	1907.460000	-5.743061	-5.753707	-9.226222	-10.976068	-12.530240	-12.804878	-13.257429	-16.043230	-4.471180	4.684820	-1.571780	0.908079	0.133850	0.370116	-1.000000	-1.000000	-1.000000	-1.000000	-1.000000	-1.000000	-1.000000	74.620690	0.000000	-1.000000	-1.000000	1459341.000000	1772660807.355578
-26702.820000	-45139.320000	2330.910000	2023.335000	6024.015000	5046.390000	2952.045000	1935.855000	-10.044445	-11.452307	-16.000839	-18.681012	-20.106746	-19.333825	-16.876839	-22.378056	-4.471180	4.684820	-1.571780	0.908079	0.133850	0.370116	-1.000000	-1.000000	-1.000000	-1.000000	-1.000000	-1.000000	-1.000000	74.620690	0.000000	-1.000000	-1.000000	1459342.000000	1772660807.355586
-26717.445000	-45154.800000	2313.810000	2006.460000	6007.365000	5033.430000	2950.650000	1928.205000	-7.366273	-10.590735	-14.240319	-16.079806	-16.605310	-15.201379	-11.215565	-14.380199	-4.471180	4.684820	-1.571780	0.908079	0.133850	0.370116	-1.000000	-1.000000	-1.000000	-1.000000	-1.000000	-1.000000	-1.000000	74.620690	0.000000	-1.000000	-1.000000	1459343.000000	1772660807.359645
-26700.840000	-45142.740000	2325.060000	2019.150000	6021.945000	5047.560000	2956.455000	1949.985000	-0.101088	-4.350228	-5.585823	-5.505303	-4.691517	-2.968418	1.181269	3.330264	-4.471180	4.684820	-1.571780	0.908079	0.133850	0.370116	-1.000000	-1.000000	-1.000000	-1.000000	-1.000000	-1.000000	-1.000000	74.620690	0.000000	-1.000000	-1.000000	1459344.000000	1772660807.359654
-26668.215000	-45106.515000	2364.210000	2061.045000	6067.305000	5091.525000	2985.570000	1980.270000	3.549765	0.714155	2.232864	4.067764	6.067627	7.827851	10.949297	15.179384	-4.471180	4.684820	-1.571780	0.908079	0.133850	0.370116	-1.000000	-1.000000	-1.000000	-1.000000	-1.000000	-1.000000	-1.000000	74.620690	0.000000	-1.000000	-1.000000	1459345.000000	1772660807.363562
-26739.360000	-45164.250000	2310.480000	2007.630000	6014.160000	5038.335000	2936.880000	1885.095000	1.875328	2.455768	5.806811	8.311824	10.766178	11.983135	12.958761	14.865707	-4.471180	4.684820	-1.571780	0.908079	0.133850	0.370116	-1.000000	-1.000000	-1.000000	-1.000000	-1.000000	-1.000000	-1.000000	74.620690	0.000000	-1.000000	-1.000000	1459346.000000	1772660807.363571
-26740.755000	-45176.940000	2297.835000	1995.480000	6000.930000	5026.455000	2933.055000	1904.535000	-0.360594	3.294097	6.947474	8.936304	10.865052	10.773500	9.089158	8.326881	-4.471180	4.684820	-1.571780	0.908079	0.133850	0.370116	-1.000000	-1.000000	-1.000000	-1.000000	-1.000000	-1.000000	-1.000000	74.620690	0.000000	-1.000000	-1.000000	1459347.000000	1772660807.368802
-26688.015000	-45136.980000	2336.895000	2035.800000	6039.270000	5061.735000	2966.265000	1972.035000	-0.386803	4.116676	6.984815	8.017507	8.660888	6.835590	3.061207	2.116610	-4.471180	4.684820	-1.571780	0.908079	0.133850	0.370116	-1.000000	-1.000000	-1.000000	-1.000000	-1.000000	-1.000000	-1.000000	74.620690	0.000000	-1.000000	-1.000000	1459348.000000	1772660807.368810
-26726.130000	-45157.590000	2317.140000	2016.045000	6021.000000	5046.615000	2950.920000	1925.100000	0.289103	3.622417	5.435990	5.844883	5.084186	2.015266	-2.416138	-2.287463	-4.471180	4.684820	-1.571780	0.908079	0.133850	0.370116	-1.000000	-1.000000	-1.000000	-1.000000	-1.000000	-1.000000	-1.000000	74.620690	0.000000	-1.000000	-1.000000	1459349.000000	1772660807.371636
-26719.245000	-45155.340000	2313.135000	2007.360000	6011.010000	5038.605000	2951.865000	1933.020000	-1.053259	0.701293	1.351938	1.335322	-0.227652	-2.996409	-6.185535	-6.684855	-4.471180	4.684820	-1.571780	0.908079	0.133850	0.370116	-1.000000	-1.000000	-1.000000	-1.000000	-1.000000	-1.000000	-1.000000	74.620690	0.000000	-1.000000	-1.000000	1459350.000000	1772660807.371644
-26624.070000	-45082.350000	2380.005000	2070.900000	6069.735000	5088.465000	2995.245000	2037.195000	-2.581312	-2.278490	-3.262054	-4.157077	-5.700115	-6.618040	-7.082491	-9.280524	-3.540320	4.028640	-1.602300	0.907102	0.132934	0.373046	-1.000000	-1.000000	-1.000000	-1.000000	-1.000000	-1.000000	-1.000000	74.620690	0.000000	-1.000000	-1.000000	1459351.000000	1772660807.375612
-26735.715000	-45160.740000	2313.495000	2010.150000	6012.630000	5032.935000	2931.975000	1864.845000	-0.422412	-1.617884	-4.289461	-6.429424	-7.500838	-6.443879	-4.569168	-7.170733	-3.540320	4.028640	-1.602300	0.907102	0.132934	0.373046	-1.000000	-1.000000	-1.000000	-1.000000	-1.000000	-1.000000	-1.000000	74.620690	0.000000	-1.000000	-1.000000	1459352.000000	1772660807.375620
-26745.705000	-45174.465000	2298.375000	1990.845000	5992.470000	5015.430000	2924.730000	1865.610000	1.045872	-0.427292	-3.532179	-6.379501	-6.925725	-4.946690	-2.388371	-6.665233	-3.540320	4.028640	-1.602300	0.907102	0.132934	0.373046	-1.000000	-1.000000	-1.000000	-1.000000	-1.000000	-1.000000	-1.000000	74.620690	0.000000	-1.000000	-1.000000	1459353.000000	1772660807.379627
-26724.150000	-45155.205000	2318.445000	2010.825000	6013.530000	5035.230000	2941.605000	1903.320000	-3.375031	-3.474901	-5.383686	-7.892449	-8.061274	-6.130068	-3.602595	-11.657041	-3.540320	4.028640	-1.602300	0.907102	0.132934	0.373046	-1.000000	-1.000000	-1.000000	-1.000000	-1.000000	-1.000000	-1.000000	74.620690	0.000000	-1.000000	-1.000000	1459354.000000	1772660807.379635
-26713.620000	-45146.790000	2329.110000	2023.110000	6028.020000	5050.260000	2946.780000	1918.575000	-7.005908	-6.242213	-6.419717	-7.768716	-7.727028	-6.388693	-3.988985	-11.103369	-3.540320	4.028640	-1.602300	0.907102	0.132934	0.373046	-1.000000	-1.000000	-1.000000	-1.000000	-1.000000	-1.000000	-1.000000	74.620690	0.000000	-1.000000	-1.000000	1459355.000000	1772660807.383494
-26698.095000	-45130.005000	2345.940000	2039.175000	6041.160000	5057.010000	2933.595000	1916.235000	-2.024850	-2.135377	-1.059403	-0.794440	-0.540037	-0.188211	0.702278	2.417125	-3.540320	4.028640	-1.602300	0.907102	0.132934	0.373046	-1.000000	-1.000000	-1.000000	-1.000000	-1.000000	-1.000000	-1.000000	74.620690	0.000000	-1.000000	-1.000000	1459356.000000	1772660807.383501
-26717.760000	-45143.145000	2336.535000	2032.605000	6037.830000	5058.180000	2940.705000	1905.705000	7.392415	6.116267	7.813031	9.716046	10.279653	9.505073	7.042382	18.582274	-3.540320	4.028640	-1.602300	0.907102	0.132934	0.373046	-1.000000	-1.000000	-1.000000	-1.000000	-1.000000	-1.000000	-1.000000	74.620690	0.000000	-1.000000	-1.000000	1459357.000000	1772660807.387620
-26731.125000	-45168.840000	2304.810000	1998.495000	6004.170000	5034.690000	2950.965000	1919.610000	11.926677	10.380275	12.144196	15.117256	16.017715	14.732776	9.765239	24.350886	-3.540320	4.028640	-1.602300	0.907102	0.132934	0.373046	-1.000000	-1.000000	-1.000000	-1.000000	-1.000000	-1.000000	-1.000000	74.620690	0.000000	-1.000000	-1.000000	1459358.000000	1772660807.387627
-26735.445000	-45180.495000	2292.345000	1985.625000	5994.450000	5026.680000	2953.125000	1924.425000	7.754156	6.259642	7.481936	10.490228	11.673722	11.200424	7.962523	17.591497	-3.540320	4.028640	-1.602300	0.907102	0.132934	0.373046	-1.000000	-1.000000	-1.000000	-1.000000	-1.000000	-1.000000	-1.000000	74.620690	0.000000	-1.000000	-1.000000	1459359.000000	1772660807.391605
-26722.215000	-45169.155000	2299.725000	1990.035000	5995.305000	5024.655000	2954.115000	1933.470000	-2.034115	-3.664073	-3.474168	-1.513125	-0.238395	1.000626	3.376410	4.054963	-3.540320	4.028640	-1.602300	0.907102	0.132934	0.373046	-1.000000	-1.000000	-1.000000	-1.000000	-1.000000	-1.000000	-1.000000	74.620690	0.000000	-1.000000	-1.000000	1459360.000000	1772660807.391612
-26715.915000	-45156.960000	2316.420000	2007.810000	6011.820000	5037.255000	2955.735000	1931.535000	-9.568747	-11.271602	-12.262661	-12.061050	-11.220662	-8.860728	-1.208958	-7.217546	-2.594200	3.296160	-1.953280	0.903257	0.131286	0.376159	-1.000000	-1.000000	-1.000000	-1.000000	-1.000000	-1.000000	-1.000000	74.620690	0.000000	-1.000000	-1.000000	1459361.000000	1772660807.395288
-26715.870000	-45154.395000	2323.710000	2016.900000	6022.620000	5050.935000	2967.480000	1935.180000	-8.568004	-9.869550	-11.641725	-13.143175	-13.405376	-11.643887	-3.213485	-9.849676	-2.594200	3.296160	-1.953280	0.903257	0.131286	0.376159	-1.000000	-1.000000	-1.000000	-1.000000	-1.000000	-1.000000	-1.000000	74.620690	0.000000	-1.000000	-1.000000	1459362.000000	1772660807.395296
-26704.395000	-45138.915000	2337.975000	2029.230000	6033.645000	5062.590000	2981.835000	1947.105000	-0.584807	-0.658395	-2.292296	-4.616977	-6.164853	-6.344141	-2.288707	-5.591390	-2.594200	3.296160	-1.953280	0.903257	0.131286	0.376159	-1.000000	-1.000000	-1.000000	-1.000000	-1.000000	-1.000000	-1.000000	74.620690	0.000000	-1.000000	-1.000000	1459363.000000	1772660807.400301
-26689.005000	-45123.705000	2348.910000	2037.105000	6038.595000	5064.255000	2976.840000	1950.570000	8.058927	9.851442	9.065367	6.966597	4.633956	2.501305	0.063137	-0.252195	-2.594200	3.296160	-1.953280	0.903257	0.131286	0.376159	-1.000000	-1.000000	-1.000000	-1.000000	-1.000000	-1.000000	-1.000000	74.620690	0.000000	-1.000000	-1.000000	1459364.000000	1772660807.400308
-26716.635000	-45142.425000	2332.980000	2021.355000	6023.385000	5046.030000	2949.165000	1916.730000	11.357477	14.930695	14.997326	13.716831	11.468585	8.389449	1.136619	1.197381	-2.594200	3.296160	-1.953280	0.903257	0.131286	0.376159	-1.000000	-1.000000	-1.000000	-1.000000	-1.000000	-1.000000	-1.000000	74.620690	0.000000	-1.000000	-1.000000	1459365.000000	1772660807.403638
-26694.810000	-45126.945000	2349.990000	2041.335000	6045.120000	5064.705000	2960.550000	1939.275000	7.132209	11.490651	12.103420	11.795437	10.495457	7.594849	-1.263132	-2.687008	-2.594200	3.296160	-1.953280	0.903257	0.131286	0.376159	-1.000000	-1.000000	-1.000000	-1.000000	-1.000000	-1.000000	-1.000000	74.620690	0.000000	-1.000000	-1.000000	1459366.000000	1772660807.403647
-26700.120000	-45136.305000	2341.125000	2034.540000	6040.260000	5055.255000	2942.055000	1925.730000	-0.791161	2.672480	3.697755	4.375935	4.534155	2.331325	-6.026831	-8.285444	-2.594200	3.296160	-1.953280	0.903257	0.131286	0.376159	-1.000000	-1.000000	-1.000000	-1.000000	-1.000000	-1.000000	-1.000000	74.620690	0.000000	-1.000000	-1.000000	1459367.000000	1772660807.407448
-26743.590000	-45180.405000	2296.980000	1991.835000	6003.090000	5031.180000	2943.270000	1907.775000	-7.828802	-6.569424	-5.116331	-3.513767	-1.883318	-3.149023	-9.871390	-11.560489	-2.594200	3.296160	-1.953280	0.903257	0.131286	0.376159	-1.000000	-1.000000	-1.000000	-1.000000	-1.000000	-1.000000	-1.000000	74.620690	0.000000	-1.000000	-1.000000	1459368.000000	1772660807.407456
-26721.720000	-45167.940000	2303.505000	1994.445000	6003.495000	5033.385000	2952.855000	1933.605000	-12.423985	-13.722904	-12.149312	-10.047113	-7.376276	-6.915568	-9.756577	-10.546330	-2.594200	3.296160	-1.953280	0.903257	0.131286	0.376159	-1.000000	-1.000000	-1.000000	-1.000000	-1.000000	-1.000000	-1.000000	74.620690	0.000000	-1.000000	-1.000000	1459369.000000	1772660807.411514
-26663.895000	-45119.025000	2349.000000	2037.510000	6041.880000	5064.885000	2975.490000	1995.480000	-11.958942	-15.779239	-15.033844	-13.390556	-10.642259	-7.793940	-4.139196	-3.075636	-2.594200	3.296160	-1.953280	0.903257	0.131286	0.376159	-1.000000	-1.000000	-1.000000	-1.000000	-1.000000	-1.000000	-1.000000	74.620690	0.000000	-1.000000	-1.000000	1459370.000000	1772660807.411521
-26674.695000	-45118.215000	2356.200000	2046.375000	6047.910000	5066.325000	2965.770000	1967.220000	-4.100292	-9.821987	-10.800426	-10.580251	-9.111160	-4.838677	4.831819	9.657312	-1.846460	2.548420	-1.709120	0.904600	0.129577	0.377318	-1.000000	-1.000000	-1.000000	-1.000000	-1.000000	-1.000000	-1.000000	74.620690	0.000000	-1.000000	-1.000000	1459371.000000	1772660807.415453
-26727.705000	-45158.670000	2314.935000	2005.380000	6011.460000	5039.685000	2946.285000	1891.665000	6.313903	0.876137	-1.507465	-2.819865	-3.466876	0.102294	11.519640	18.735501	-1.846460	2.548420	-1.709120	0.904600	0.129577	0.377318	-1.000000	-1.000000	-1.000000	-1.000000	-1.000000	-1.000000	-1.000000	74.620690	0.000000	-1.000000	-1.000000	1459372.000000	1772660807.415462
-26723.925000	-45171.090000	2294.640000	1984.770000	6000.210000	5038.920000	2954.385000	1908.360000	10.299297	7.956294	5.543306	3.590534	1.498387	3.224386	11.837451	15.240175	-1.846460	2.548420	-1.709120	0.904600	0.129577	0.377318	-1.000000	-1.000000	-1.000000	-1.000000	-1.000000	-1.000000	-1.000000	74.620690	0.000000	-1.000000	-1.000000	1459373.000000	1772660807.419358
-26735.895000	-45174.690000	2294.325000	1985.895000	5998.545000	5029.920000	2939.040000	1891.980000	5.433807	7.096966	5.779503	4.323724	2.536844	2.939080	6.886580	1.616953	-1.846460	2.548420	-1.709120	0.904600	0.129577	0.377318	-1.000000	-1.000000	-1.000000	-1.000000	-1.000000	-1.000000	-1.000000	74.620690	0.000000	-1.000000	-1.000000	1459374.000000	1772660807.419363
-26727.390000	-45153.855000	2319.840000	2012.085000	6019.245000	5040.810000	2942.640000	1905.930000	-2.534066	1.973091	2.120592	1.745296	1.324561	0.966687	0.432891	-11.378492	-1.846460	2.548420	-1.709120	0.904600	0.129577	0.377318	-1.000000	-1.000000	-1.000000	-1.000000	-1.000000	-1.000000	-1.000000	74.620690	0.000000	-1.000000	-1.000000	1459375.000000	1772660807.427088
-26643.375000	-45079.560000	2395.755000	2086.470000	6087.060000	5100.705000	2994.660000	2026.170000	-5.794102	0.027472	1.625579	2.153030	2.460504	0.825177	-3.692435	-14.084865	-1.846460	2.548420	-1.709120	0.904600	0.129577	0.377318	-1.000000	-1.000000	-1.000000	-1.000000	-1.000000	-1.000000	-1.000000	74.620690	0.000000	-1.000000	-1.000000	1459376.000000	1772660807.427096
-26583.255000	-45032.850000	2435.085000	2119.680000	6113.880000	5124.915000	3020.580000	2087.820000	1.094072	6.370697	8.966258	9.701211	9.220537	5.515854	-2.401165	-2.074895	-1.846460	2.548420	-1.709120	0.904600	0.129577	0.377318	-1.000000	-1.000000	-1.000000	-1.000000	-1.000000	-1.000000	-1.000000	74.620690	0.000000	-1.000000	-1.000000	1459377.000000	1772660807.431228
-26759.700000	-45179.685000	2295.045000	1983.285000	5984.595000	5003.145000	2903.580000	1848.330000	12.701509	15.518322	18.132197	18.413441	16.467317	11.190876	1.628333	14.936688	-1.846460	2.548420	-1.709120	0.904600	0.129577	0.377318	-1.000000	-1.000000	-1.000000	-1.000000	-1.000000	-1.000000	-1.000000	74.620690	0.000000	-1.000000	-1.000000	1459378.000000	1772660807.431235
-26787.600000	-45197.640000	2280.420000	1970.820000	5976.945000	5004.090000	2910.510000	1819.980000	12.306272	12.668291	14.429024	14.248834	12.035826	7.678094	0.091956	14.939781	-1.846460	2.548420	-1.709120	0.904600	0.129577	0.377318	-1.000000	-1.000000	-1.000000	-1.000000	-1.000000	-1.000000	-1.000000	74.620690	0.000000	-1.000000	-1.000000	1459379.000000	1772660807.433189
-26739.765000	-45172.530000	2299.860000	1992.645000	6004.935000	5035.950000	2943.630000	1891.080000	-5.085798	-6.002567	-5.534271	-5.593621	-5.891084	-6.322616	-8.087664	-6.557250	-1.846460	2.548420	-1.709120	0.904600	0.129577	0.377318	-1.000000	-1.000000	-1.000000	-1.000000	-1.000000	-1.000000	-1.000000	74.620690	0.000000	-1.000000	-1.000000	1459380.000000	1772660807.433196
-26717.580000	-45156.330000	2315.205000	2007.135000	6021.810000	5048.820000	2945.610000	1915.830000	-22.205174	-24.775583	-25.786692	-25.245543	-22.529069	-18.293810	-13.366632	-26.039901	-1.190280	2.533160	-2.411080	0.906675	0.128112	0.375792	-1.000000	-1.000000	-1.000000	-1.000000	-1.000000	-1.000000	-1.000000	74.620690	0.000000	-1.000000	-1.000000	1459381.000000	1772660807.437963
-26746.515000	-45180.135000	2290.905000	1982.070000	5997.735000	5028.975000	2927.115000	1881.135000	-22.462687	-27.633276	-29.806473	-28.772008	-24.129970	-17.665080	-9.233954	-23.637638	-1.190280	2.533160	-2.411080	0.906675	0.128112	0.375792	-1.000000	-1.000000	-1.000000	-1.000000	-1.000000	-1.000000	-1.000000	74.620690	0.000000	-1.000000	-1.000000	1459382.000000	1772660807.437970
-26752.725000	-45187.065000	2284.065000	1974.015000	5986.935000	5018.940000	2925.180000	1877.220000	-7.578800	-14.328841	-16.810812	-15.929437	-11.804230	-6.505136	0.931941	-3.945522	-1.190280	2.533160	-2.411080	0.906675	0.128112	0.375792	-1.000000	-1.000000	-1.000000	-1.000000	-1.000000	-1.000000	-1.000000	74.620690	0.000000	-1.000000	-1.000000	1459383.000000	1772660807.439642
-26736.255000	-45170.595000	2302.425000	1994.355000	6003.585000	5029.380000	2934.945000	1901.655000	9.700801	3.946891	1.971624	2.032766	3.605863	5.890650	9.882313	16.018537	-1.190280	2.533160	-2.411080	0.906675	0.128112	0.375792	-1.000000	-1.000000	-1.000000	-1.000000	-1.000000	-1.000000	-1.000000	74.620690	0.000000	-1.000000	-1.000000	1459384.000000	1772660807.439649
-26683.740000	-45116.910000	2358.540000	2052.270000	6057.675000	5073.345000	2962.530000	1951.470000	18.751488	16.478408	15.552193	14.758191	13.255972	12.402048	12.720939	23.487313	-1.190280	2.533160	-2.411080	0.906675	0.128112	0.375792	-1.000000	-1.000000	-1.000000	-1.000000	-1.000000	-1.000000	-1.000000	74.620690	0.000000	-1.000000	-1.000000	1459385.000000	1772660807.443534
-26725.095000	-45153.360000	2317.455000	2010.195000	6019.020000	5043.960000	2949.030000	1897.740000	17.271279	19.745742	20.151568	19.179862	15.607006	12.355336	9.554848	17.167979	-1.190280	2.533160	-2.411080	0.906675	0.128112	0.375792	-1.000000	-1.000000	-1.000000	-1.000000	-1.000000	-1.000000	-1.000000	74.620690	0.000000	-1.000000	-1.000000	1459386.000000	1772660807.443541
-26730.990000	-45173.205000	2292.660000	1981.755000	5992.785000	5027.715000	2953.800000	1909.125000	10.478336	16.411619	17.748804	17.226471	13.378977	9.228672	4.920329	6.509389	-1.190280	2.533160	-2.411080	0.906675	0.128112	0.375792	-1.000000	-1.000000	-1.000000	-1.000000	-1.000000	-1.000000	-1.000000	74.620690	0.000000	-1.000000	-1.000000	1459387.000000	1772660807.447575
-26723.160000	-45164.115000	2305.800000	1996.650000	6008.490000	5035.410000	2944.170000	1924.020000	4.707637	10.367499	11.544178	11.392908	8.783396	5.529679	2.300752	1.562161	-1.190280	2.533160	-2.411080	0.906675	0.128112	0.375792	-1.000000	-1.000000	-1.000000	-1.000000	-1.000000	-1.000000	-1.000000	74.620690	0.000000	-1.000000	-1.000000	1459388.000000	1772660807.447582
-26711.505000	-45154.080000	2316.960000	2006.010000	6012.360000	5028.255000	2922.030000	1928.835000	1.161079	3.526024	3.880290	3.636092	2.687728	0.988875	-0.086245	2.182407	-1.190280	2.533160	-2.411080	0.906675	0.128112	0.375792	-1.000000	-1.000000	-1.000000	-1.000000	-1.000000	-1.000000	-1.000000	74.620690	0.000000	-1.000000	-1.000000	1459389.000000	1772660807.451529
-26698.365000	-45130.230000	2346.345000	2037.825000	6043.635000	5053.905000	2932.605000	1932.030000	-2.226472	-2.839479	-2.803209	-3.305851	-3.255989	-4.249824	-4.687363	1.571119	-1.190280	2.533160	-2.411080	0.906675	0.128112	0.375792	-1.000000	-1.000000	-1.000000	-1.000000	-1.000000	-1.000000	-1.000000	74.620690	0.000000	-1.000000	-1.000000	1459390.000000	1772660807.451536
-26723.700000	-45150.570000	2324.520000	2012.985000	6021.945000	5045.670000	2952.855000	1924.830000	-5.720270	-6.761410	-6.120900	-6.596373	-6.356512	-7.434523	-8.885999	-2.993849	-3.280900	3.341940	-1.648080	0.908689	0.130371	0.373900	-1.000000	-1.000000	-1.000000	-1.000000	-1.000000	-1.000000	-1.000000	74.620690	0.000000	-1.000000	-1.000000	1459391.000000	1772660807.455612
-26706.600000	-45136.440000	2329.785000	2011.275000	6015.645000	5041.980000	2963.475000	1943.595000	-8.157440	-7.696999	-6.409136	-6.610220	-6.236321	-6.648813	-8.242403	-8.675572	-3.280900	3.341940	-1.648080	0.908689	0.130371	0.373900	-1.000000	-1.000000	-1.000000	-1.000000	-1.000000	-1.000000	-1.000000	74.620690	0.000000	-1.000000	-1.000000	1459392.000000	1772660807.455616
-26698.860000	-45121.455000	2348.100000	2033.955000	6039.360000	5058.360000	2964.105000	1944.045000	-9.436157	-7.499476	-6.648068	-6.704218	-5.695502	-3.896843	-3.186050	-12.983579	-3.280900	3.341940	-1.648080	0.908689	0.130371	0.373900	-1.000000	-1.000000	-1.000000	-1.000000	-1.000000	-1.000000	-1.000000	74.620690	0.000000	-1.000000	-1.000000	1459393.000000	1772660807.459603
-26651.385000	-45091.710000	2377.080000	2063.880000	6068.250000	5083.470000	2983.185000	1995.210000	-9.597021	-7.631128	-8.170106	-8.155123	-6.197478	-1.943234	1.681287	-14.940553	-3.280900	3.341940	-1.648080	0.908689	0.130371	0.373900	-1.000000	-1.000000	-1.000000	-1.000000	-1.000000	-1.000000	-1.000000	74.620690	0.000000	-1.000000	-1.000000	1459394.000000	1772660807.459609
-26690.940000	-45134.010000	2336.175000	2026.035000	6037.335000	5059.170000	2961.585000	1945.440000	-6.640542	-6.660574	-8.302284	-7.871994	-5.261572	-0.366754	3.731078	-11.670919	-3.280900	3.341940	-1.648080	0.908689	0.130371	0.373900	-1.000000	-1.000000	-1.000000	-1.000000	-1.000000	-1.000000	-1.000000	74.620690	0.000000	-1.000000	-1.000000	1459395.000000	1772660807.463596
-26727.165000	-45163.710000	2309.040000	2001.555000	6018.570000	5043.555000	2944.530000	1910.295000	-0.269793	-3.371361	-4.920396	-3.672053	-1.153097	1.906552	3.212711	-2.818267	-3.280900	3.341940	-1.648080	0.908689	0.130371	0.373900	-1.000000	-1.000000	-1.000000	-1.000000	-1.000000	-1.000000	-1.000000	74.620690	0.000000	-1.000000	-1.000000	1459396.000000	1772660807.463603
-26725.995000	-45157.905000	2316.060000	2007.675000	6024.330000	5049.630000	2949.120000	1909.170000	4.725651	-0.068882	-0.496642	1.465350	3.174832	3.258753	0.777470	5.126414	-3.280900	3.341940	-1.648080	0.908689	0.130371	0.373900	-1.000000	-1.000000	-1.000000	-1.000000	-1.000000	-1.000000	-1.000000	74.620690	0.000000	-1.000000	-1.000000	1459397.000000	1772660807.467536
-26731.485000	-45168.435000	2303.010000	1991.700000	6004.215000	5028.480000	2938.050000	1900.620000	4.349081	0.765940	1.562319	3.433070	3.829979	1.804185	-2.017515	6.663593	-3.280900	3.341940	-1.648080	0.908689	0.130371	0.373900	-1.000000	-1.000000	-1.000000	-1.000000	-1.000000	-1.000000	-1.000000	74.620690	0.000000	-1.000000	-1.000000	1459398.000000	1772660807.467543
-26708.850000	-45152.910000	2317.635000	2004.030000	6012.225000	5032.485000	2940.930000	1927.170000	0.667472	-0.117086	1.070830	1.761313	0.502104	-1.970417	-3.379948	3.746241	-3.280900	3.341940	-1.648080	0.908689	0.130371	0.373900	-1.000000	-1.000000	-1.000000	-1.000000	-1.000000	-1.000000	-1.000000	74.620690	0.000000	-1.000000	-1.000000	1459399.000000	1772660807.471375
-26656.605000	-45102.870000	2366.325000	2051.370000	6054.975000	5073.750000	2980.800000	1991.205000	-0.334941	0.795196	1.374731	0.335873	-2.600410	-4.731732	-2.575965	2.751088	-3.280900	3.341940	-1.648080	0.908689	0.130371	0.373900	-1.000000	-1.000000	-1.000000	-1.000000	-1.000000	-1.000000	-1.000000	74.620690	0.000000	-1.000000	-1.000000	1459400.000000	1772660807.471385
-26655.390000	-45091.305000	2384.550000	2074.860000	6078.375000	5097.150000	2997.045000	1990.710000	4.390089	5.791336	5.558180	3.357041	-0.547856	-2.500151	0.617225	6.974965	-4.394880	3.540320	-1.922760	0.907896	0.133606	0.376281	-1.000000	-1.000000	-1.000000	-1.000000	-1.000000	-1.000000	-1.000000	74.620690	0.000000	-1.000000	-1.000000	1459401.000000	1772660807.475594
-26748.720000	-45168.975000	2312.145000	2006.460000	6012.675000	5037.615000	2949.930000	1872.315000	8.761395	10.208429	9.898286	7.894392	4.523351	2.973413	4.104663	10.124313	-4.394880	3.540320	-1.922760	0.907896	0.133606	0.376281	-1.000000	-1.000000	-1.000000	-1.000000	-1.000000	-1.000000	-1.000000	74.620690	0.000000	-1.000000	-1.000000	1459402.000000	1772660807.475602
-26750.205000	-45182.250000	2287.980000	1980.675000	5991.210000	5018.580000	2937.060000	1866.735000	3.856378	6.434255	6.742965	6.030189	4.754762	4.550640	3.627304	2.993378	-4.394880	3.540320	-1.922760	0.907896	0.133606	0.376281	-1.000000	-1.000000	-1.000000	-1.000000	-1.000000	-1.000000	-1.000000	74.620690	0.000000	-1.000000	-1.000000	1459403.000000	1772660807.479602
-26731.440000	-45177.930000	2287.125000	1980.720000	5995.935000	5019.255000	2926.845000	1900.845000	-7.594531	-3.856629	-3.324446	-2.712932	-1.330096	0.096630	-1.226267	-10.500766	-4.394880	3.540320	-1.922760	0.907896	0.133606	0.376281	-1.000000	-1.000000	-1.000000	-1.000000	-1.000000	-1.000000	-1.000000	74.620690	0.000000	-1.000000	-1.000000	1459404.000000	1772660807.479609
-26739.360000	-45176.400000	2297.610000	1991.835000	6004.620000	5025.240000	2928.735000	1905.885000	-13.417827	-10.599464	-10.880768	-9.788017	-6.628083	-4.754480	-5.722691	-16.018085	-4.394880	3.540320	-1.922760	0.907896	0.133606	0.376281	-1.000000	-1.000000	-1.000000	-1.000000	-1.000000	-1.000000	-1.000000	74.620690	0.000000	-1.000000	-1.000000	1459405.000000	1772660807.483482
-26733.645000	-45152.955000	2327.760000	2020.230000	6027.480000	5042.520000	2937.420000	1907.910000	-8.132840	-8.000902	-9.211177	-8.539334	-5.383084	-4.631686	-5.630459	-7.710169	-4.394880	3.540320	-1.922760	0.907896	0.133606	0.376281	-1.000000	-1.000000	-1.000000	-1.000000	-1.000000	-1.000000	-1.000000	74.620690	0.000000	-1.000000	-1.000000	1459406.000000	1772660807.483491
-26722.755000	-45153.405000	2320.020000	2008.395000	6015.330000	5038.920000	2946.735000	1915.875000	3.112894	1.161496	0.057581	-0.096391	1.521832	0.721955	-0.583739	7.011579	-4.394880	3.540320	-1.922760	0.907896	0.133606	0.376281	-1.000000	-1.000000	-1.000000	-1.000000	-1.000000	-1.000000	-1.000000	74.620690	0.000000	-1.000000	-1.000000	1459407.000000	1772660807.487672
-26691.885000	-45136.395000	2331.720000	2017.845000	6023.250000	5053.905000	2969.145000	1952.640000	12.475594	9.919570	9.667623	8.799371	8.523949	7.306509	6.293510	17.471713	-4.394880	3.540320	-1.922760	0.907896	0.133606	0.376281	-1.000000	-1.000000	-1.000000	-1.000000	-1.000000	-1.000000	-1.000000	74.620690	0.000000	-1.000000	-1.000000	1459408.000000	1772660807.487681
-26636.355000	-45090.945000	2376.945000	2066.400000	6075.360000	5098.365000	3002.220000	2022.480000	15.515440	12.663001	12.971722	11.886905	10.599458	10.508084	10.655644	18.401087	-4.394880	3.540320	-1.922760	0.907896	0.133606	0.376281	-1.000000	-1.000000	-1.000000	-1.000000	-1.000000	-1.000000	-1.000000	74.620690	0.000000	-1.000000	-1.000000	1459409.000000	1772660807.492966
-26690.265000	-45139.905000	2327.760000	2017.755000	6028.785000	5047.470000	2956.635000	1957.680000	12.153359	8.472715	8.610382	7.921724	6.975981	8.279055	9.623698	11.465502	-4.394880	3.540320	-1.922760	0.907896	0.133606	0.376281	-1.000000	-1.000000	-1.000000	-1.000000	-1.000000	-1.000000	-1.000000	74.620690	0.000000	-1.000000	-1.000000	1459410.000000	1772660807.492974
-26708.130000	-45153.315000	2315.430000	2004.030000	6013.260000	5033.700000	2943.855000	1942.245000	4.423220	0.220188	-0.200863	-0.228377	-0.086881	1.400684	3.173532	1.215899	-4.288060	3.815000	-1.770160	0.905820	0.134887	0.376891	-1.000000	-1.000000	-1.000000	-1.000000	-1.000000	-1.000000	-1.000000	74.620690	0.000000	-1.000000	-1.000000	1459411.000000	1772660807.495594
-26727.300000	-45148.815000	2326.950000	2017.260000	6029.730000	5053.230000	2955.420000	1913.265000	-4.881814	-7.296151	-7.733368	-7.266699	-6.470602	-6.122015	-4.967840	-8.435962	-4.288060	3.815000	-1.770160	0.905820	0.134887	0.376891	-1.000000	-1.000000	-1.000000	-1.000000	-1.000000	-1.000000	-1.000000	74.620690	0.000000	-1.000000	-1.000000	1459412.000000	1772660807.495600
-26754.255000	-45172.800000	2306.205000	1997.415000	6009.210000	5032.170000	2933.235000	1867.185000	-12.848080	-10.257131	-9.508413	-8.809599	-8.436398	-9.458143	-9.660476	-15.919746	-4.288060	3.815000	-1.770160	0.905820	0.134887	0.376891	-1.000000	-1.000000	-1.000000	-1.000000	-1.000000	-1.000000	-1.000000	74.620690	0.000000	-1.000000	-1.000000	1459413.000000	1772660807.499420
-26743.770000	-45177.885000	2298.690000	1988.910000	6001.380000	5023.575000	2924.775000	1869.570000	-17.003634	-9.052819	-6.761609	-6.017002	-6.693115	-8.202369	-9.391266	-20.852369	-4.288060	3.815000	-1.770160	0.905820	0.134887	0.376891	-1.000000	-1.000000	-1.000000	-1.000000	-1.000000	-1.000000	-1.000000	74.620690	0.000000	-1.000000	-1.000000	1459414.000000	1772660807.499427
-26727.120000	-45166.905000	2305.935000	1995.345000	6007.680000	5031.180000	2937.735000	1903.680000	-15.119217	-6.314395	-3.811544	-3.141284	-4.458712	-5.300499	-6.155398	-20.318070	-4.288060	3.815000	-1.770160	0.905820	0.134887	0.376891	-1.000000	-1.000000	-1.000000	-1.000000	-1.000000	-1.000000	-1.000000	74.620690	0.000000	-1.000000	-1.000000	1459415.000000	1772660807.508216
-26709.795000	-45153.360000	2316.375000	2002.095000	6010.785000	5031.855000	2941.650000	1919.295000	-7.008367	-3.055889	-2.138369	-1.599187	-2.603167	-2.352013	-1.943937	-11.184386	-4.288060	3.815000	-1.770160	0.905820	0.134887	0.376891	-1.000000	-1.000000	-1.000000	-1.000000	-1.000000	-1.000000	-1.000000	74.620690	0.000000	-1.000000	-1.000000	1459416.000000	1772660807.508224
-26710.155000	-45147.870000	2325.600000	2012.265000	6020.370000	5037.390000	2939.175000	1915.335000	3.043332	0.404417	-0.793345	-0.441405	-0.576498	0.094539	1.323852	2.857616	-4.288060	3.815000	-1.770160	0.905820	0.134887	0.376891	-1.000000	-1.000000	-1.000000	-1.000000	-1.000000	-1.000000	-1.000000	74.620690	0.000000	-1.000000	-1.000000	1459417.000000	1772660807.508362
-26703.720000	-45144.945000	2329.830000	2020.725000	6032.880000	5050.485000	2943.945000	1923.165000	9.060972	2.723331	0.422545	0.516173	1.117568	1.312678	2.040146	13.166840	-4.288060	3.815000	-1.770160	0.905820	0.134887	0.376891	-1.000000	-1.000000	-1.000000	-1.000000	-1.000000	-1.000000	-1.000000	74.620690	0.000000	-1.000000	-1.000000	1459418.000000	1772660807.508370
-26724.195000	-45163.080000	2309.670000	2000.070000	6013.800000	5045.220000	2964.420000	1916.820000	9.759965	3.825788	1.834694	1.669147	2.589299	2.425501	1.963877	16.433781	-4.288060	3.815000	-1.770160	0.905820	0.134887	0.376891	-1.000000	-1.000000	-1.000000	-1.000000	-1.000000	-1.000000	-1.000000	74.620690	0.000000	-1.000000	-1.000000	1459419.000000	1772660807.512924
-26711.370000	-45156.555000	2313.045000	2000.025000	6013.395000	5045.940000	2979.720000	1947.510000	8.618346	5.288636	4.294612	3.904202	4.749886	5.242263	4.688158	16.512618	-4.288060	3.815000	-1.770160	0.905820	0.134887	0.376891	-1.000000	-1.000000	-1.000000	-1.000000	-1.000000	-1.000000	-1.000000	74.620690	0.000000	-1.000000	-1.000000	1459420.000000	1772660807.512931
-26686.845000	-45132.165000	2337.885000	2022.750000	6033.645000	5057.910000	2981.475000	1969.605000	8.603561	7.589603	7.367555	6.676370	7.025854	8.570366	9.815528	16.949276	-1.495480	4.150720	-1.510740	0.905759	0.133178	0.376830	-1.000000	-1.000000	-1.000000	-1.000000	-1.000000	-1.000000	-1.000000	74.620690	0.000000	-1.000000	-1.000000	1459421.000000	1772660807.515593
-26705.700000	-45134.100000	2341.260000	2026.935000	6034.950000	5049.810000	2947.185000	1920.870000	9.503540	9.667523	9.678725	8.615040	8.079616	9.540603	12.476491	16.392649	-1.495480	4.150720	-1.510740	0.905759	0.133178	0.376830	-1.000000	-1.000000	-1.000000	-1.000000	-1.000000	-1.000000	-1.000000	74.620690	0.000000	-1.000000	-1.000000	1459422.000000	1772660807.515601
-26722.395000	-45158.625000	2313.225000	2001.015000	6014.160000	5031.135000	2920.725000	1898.955000	7.814014	9.048217	9.106575	7.977341	6.666436	6.437282	8.081337	9.711142	-1.495480	4.150720	-1.510740	0.905759	0.133178	0.376830	-1.000000	-1.000000	-1.000000	-1.000000	-1.000000	-1.000000	-1.000000	74.620690	0.000000	-1.000000	-1.000000	1459423.000000	1772660807.519630
-26711.820000	-45158.535000	2313.495000	2002.995000	6019.650000	5038.605000	2935.440000	1920.330000	0.457981	3.133677	3.474066	3.016172	1.833394	-0.436405	-3.031064	-5.154332	-1.495480	4.150720	-1.510740	0.905759	0.133178	0.376830	-1.000000	-1.000000	-1.000000	-1.000000	-1.000000	-1.000000	-1.000000	74.620690	0.000000	-1.000000	-1.000000	1459424.000000	1772660807.519638
-26665.290000	-45116.820000	2355.615000	2047.095000	6066.225000	5088.060000	2987.505000	1988.595000	-9.804900	-6.421297	-5.507421	-4.632588	-4.511020	-7.514638	-13.996592	-21.092167	-1.495480	4.150720	-1.510740	0.905759	0.133178	0.376830	-1.000000	-1.000000	-1.000000	-1.000000	-1.000000	-1.000000	-1.000000	74.620690	0.000000	-1.000000	-1.000000	1459425.000000	1772660807.523509
-26646.345000	-45086.625000	2382.705000	2070.855000	6084.675000	5103.765000	3006.630000	1997.865000	-15.961200	-13.305976	-11.918155	-9.842543	-8.080314	-9.904688	-16.524042	-27.244863	-1.495480	4.150720	-1.510740	0.905759	0.133178	0.376830	-1.000000	-1.000000	-1.000000	-1.000000	-1.000000	-1.000000	-1.000000	74.620690	0.000000	-1.000000	-1.000000	1459426.000000	1772660807.523516
-26763.885000	-45187.245000	2286.225000	1973.880000	5985.450000	5004.135000	2920.410000	1868.985000	-15.159657	-13.720160	-12.469305	-10.368787	-8.099308	-7.706844	-10.052394	-21.499453	-1.495480	4.150720	-1.510740	0.905759	0.133178	0.376830	-1.000000	-1.000000	-1.000000	-1.000000	-1.000000	-1.000000	-1.000000	74.620690	0.000000	-1.000000	-1.000000	1459427.000000	1772660807.527483
-26730.990000	-45164.340000	2306.565000	1994.400000	6006.645000	5027.355000	2945.655000	1923.030000	-11.024014	-10.145075	-9.588187	-8.831949	-7.824812	-5.850295	-2.283214	-11.423386	-1.495480	4.150720	-1.510740	0.905759	0.133178	0.376830	-1.000000	-1.000000	-1.000000	-1.000000	-1.000000	-1.000000	-1.000000	74.620690	0.000000	-1.000000	-1.000000	1459428.000000	1772660807.527493
-26724.690000	-45151.065000	2325.780000	2015.910000	6032.340000	5053.320000	2959.920000	1924.110000	-6.073725	-5.400764	-5.520813	-6.450684	-7.498944	-5.496116	1.461560	-2.440404	-1.495480	4.150720	-1.510740	0.905759	0.133178	0.376830	-1.000000	-1.000000	-1.000000	-1.000000	-1.000000	-1.000000	-1.000000	74.620690	0.000000	-1.000000	-1.000000	1459429.000000	1772660807.534415
-26726.355000	-45156.240000	2321.370000	2011.320000	6028.560000	5049.585000	2952.405000	1905.345000	0.391597	0.243177	-0.143905	-1.912210	-4.181477	-3.060402	2.938714	5.400165	-1.495480	4.150720	-1.510740	0.905759	0.133178	0.376830	-1.000000	-1.000000	-1.000000	-1.000000	-1.000000	-1.000000	-1.000000	74.620690	0.000000	-1.000000	-1.000000	1459430.000000	1772660807.534425
-26688.960000	-45133.785000	2334.645000	2019.420000	6034.995000	5057.910000	2965.410000	1951.065000	8.211102	6.144930	5.645974	4.107623	2.209070	2.759824	5.428496	12.703908	-0.701960	4.806900	-1.709120	0.906126	0.131775	0.376952	-1.000000	-1.000000	-1.000000	-1.000000	-1.000000	-1.000000	-1.000000	74.620690	0.000000	-1.000000	-1.000000	1459431.000000	1772660807.535579
-26690.580000	-45131.670000	2338.020000	2022.120000	6036.975000	5055.885000	2961.045000	1942.245000	15.563854	11.119301	10.205755	9.297954	8.721098	9.321455	9.297334	19.000003	-0.701960	4.806900	-1.709120	0.906126	0.131775	0.376952	-1.000000	-1.000000	-1.000000	-1.000000	-1.000000	-1.000000	-1.000000	74.620690	0.000000	-1.000000	-1.000000	1459432.000000	1772660807.535584
-26724.645000	-45160.290000	2312.820000	2001.195000	6018.390000	5034.780000	2934.720000	1895.895000	18.092225	12.896290	11.549090	11.152383	11.708937	12.197086	10.850382	19.894388	-0.701960	4.806900	-1.709120	0.906126	0.131775	0.376952	-1.000000	-1.000000	-1.000000	-1.000000	-1.000000	-1.000000	-1.000000	74.620690	0.000000	-1.000000	-1.000000	1459433.000000	1772660807.539567
-26723.115000	-45161.280000	2313.315000	2003.130000	6022.485000	5040.045000	2941.740000	1900.800000	10.877139	7.978899	6.906917	7.012659	8.044033	7.700208	5.462699	9.664282	-0.701960	4.806900	-1.709120	0.906126	0.131775	0.376952	-1.000000	-1.000000	-1.000000	-1.000000	-1.000000	-1.000000	-1.000000	74.620690	0.000000	-1.000000	-1.000000	1459434.000000	1772660807.539575
-26738.460000	-45168.705000	2305.215000	1991.025000	6010.245000	5037.840000	2957.445000	1885.275000	-3.713380	-2.702034	-2.733549	-2.040264	-0.947691	-2.183457	-4.946090	-8.016332	-0.701960	4.806900	-1.709120	0.906126	0.131775	0.376952	-1.000000	-1.000000	-1.000000	-1.000000	-1.000000	-1.000000	-1.000000	74.620690	0.000000	-1.000000	-1.000000	1459435.000000	1772660807.543620
-26722.755000	-45159.975000	2309.850000	1992.015000	6008.490000	5035.770000	2958.435000	1902.510000	-14.627093	-10.915072	-9.919430	-8.933355	-7.970946	-9.171531	-11.444302	-19.530259	-0.701960	4.806900	-1.709120	0.906126	0.131775	0.376952	-1.000000	-1.000000	-1.000000	-1.000000	-1.000000	-1.000000	-1.000000	74.620690	0.000000	-1.000000	-1.000000	1459436.000000	1772660807.543628
-26707.680000	-45148.230000	2325.195000	2012.625000	6030.270000	5039.775000	2936.835000	1918.485000	-13.386334	-9.660847	-8.395456	-7.679136	-7.139956	-7.734147	-9.073673	-16.049037	-0.701960	4.806900	-1.709120	0.906126	0.131775	0.376952	-1.000000	-1.000000	-1.000000	-1.000000	-1.000000	-1.000000	-1.000000	74.620690	0.000000	-1.000000	-1.000000	1459437.000000	1772660807.547529
-26719.740000	-45159.255000	2316.645000	2006.910000	6027.795000	5039.505000	2936.880000	1916.955000	-3.030492	-1.384823	-0.608715	-0.344802	-0.513960	-1.156555	-2.318896	-2.197292	-0.701960	4.806900	-1.709120	0.906126	0.131775	0.376952	-1.000000	-1.000000	-1.000000	-1.000000	-1.000000	-1.000000	-1.000000	74.620690	0.000000	-1.000000	-1.000000	1459438.000000	1772660807.547539
-26719.515000	-45156.240000	2318.940000	2008.125000	6028.335000	5043.510000	2944.980000	1920.285000	6.861099	6.149318	6.206613	6.351576	5.586327	4.291468	2.974295	11.396915	-0.701960	4.806900	-1.709120	0.906126	0.131775	0.376952	-1.000000	-1.000000	-1.000000	-1.000000	-1.000000	-1.000000	-1.000000	74.620690	0.000000	-1.000000	-1.000000	1459439.000000	1772660807.551952
-26714.970000	-45147.015000	2330.865000	2018.880000	6035.940000	5048.055000	2948.805000	1921.410000	9.540274	8.066798	7.779199	8.149649	7.230229	5.878569	5.431125	16.888917	-0.701960	4.806900	-1.709120	0.906126	0.131775	0.376952	-1.000000	-1.000000	-1.000000	-1.000000	-1.000000	-1.000000	-1.000000	74.620690	0.000000	-1.000000	-1.000000	1459440.000000	1772660807.551962
-26702.370000	-45139.455000	2335.095000	2022.390000	6036.705000	5049.405000	2954.520000	1939.185000	5.176954	5.000583	4.953107	5.480729	4.690907	4.352489	5.852541	12.666495	-5.203660	5.905620	-1.297100	0.910886	0.135864	0.373595	-1.000000	-1.000000	-1.000000	-1.000000	-1.000000	-1.000000	-1.000000	74.620690	0.000000	-1.000000	-1.000000	1459441.000000	1772660807.555668
-26666.055000	-45107.595000	2365.695000	2053.710000	6068.565000	5081.670000	2980.620000	1986.390000	-0.698308	0.920299	1.169932	1.387153	0.687952	1.873643	5.186473	3.866257	-5.203660	5.905620	-1.297100	0.910886	0.135864	0.373595	-1.000000	-1.000000	-1.000000	-1.000000	-1.000000	-1.000000	-1.000000	74.620690	0.000000	-1.000000	-1.000000	1459442.000000	1772660807.555673
-26712.810000	-45146.295000	2329.155000	2018.520000	6035.445000	5049.450000	2949.930000	1915.245000	-3.457009	-1.389245	-1.352924	-1.843597	-2.461015	-0.119169	3.537924	-3.590607	-5.203660	5.905620	-1.297100	0.910886	0.135864	0.373595	-1.000000	-1.000000	-1.000000	-1.000000	-1.000000	-1.000000	-1.000000	74.620690	0.000000	-1.000000	-1.000000	1459443.000000	1772660807.560876
-26738.415000	-45173.340000	2299.275000	1987.290000	6003.315000	5019.930000	2938.545000	1888.335000	-3.662399	-2.799016	-3.314630	-4.338795	-4.578441	-2.169089	-0.090101	-8.901708	-5.203660	5.905620	-1.297100	0.910886	0.135864	0.373595	-1.000000	-1.000000	-1.000000	-1.000000	-1.000000	-1.000000	-1.000000	74.620690	0.000000	-1.000000	-1.000000	1459444.000000	1772660807.560881
-26712.855000	-45151.830000	2319.570000	2006.640000	6023.070000	5034.330000	2936.835000	1910.520000	-3.727111	-4.728767	-5.631903	-6.593630	-6.097976	-4.742884	-5.172185	-12.969322	-5.203660	5.905620	-1.297100	0.910886	0.135864	0.373595	-1.000000	-1.000000	-1.000000	-1.000000	-1.000000	-1.000000	-1.000000	74.620690	0.000000	-1.000000	-1.000000	1459445.000000	1772660807.564076
-26714.250000	-45146.925000	2331.225000	2022.660000	6041.205000	5052.690000	2945.925000	1912.140000	-3.854758	-6.098611	-6.955498	-7.434194	-6.216700	-6.204988	-8.542465	-14.219179	-5.203660	5.905620	-1.297100	0.910886	0.135864	0.373595	-1.000000	-1.000000	-1.000000	-1.000000	-1.000000	-1.000000	-1.000000	74.620690	0.000000	-1.000000	-1.000000	1459446.000000	1772660807.564081
-26712.315000	-45152.010000	2323.530000	2014.200000	6032.655000	5054.445000	2966.985000	1929.510000	-2.851998	-5.069431	-5.463099	-5.438782	-3.971651	-4.582746	-7.166693	-10.376303	-5.203660	5.905620	-1.297100	0.910886	0.135864	0.373595	-1.000000	-1.000000	-1.000000	-1.000000	-1.000000	-1.000000	-1.000000	74.620690	0.000000	-1.000000	-1.000000	1459447.000000	1772660807.567597
-26710.605000	-45156.555000	2312.775000	2000.160000	6018.930000	5046.885000	2973.105000	1932.345000	-0.491452	-1.906744	-1.758731	-1.442267	-0.315867	-0.458428	-1.184746	-1.767514	-5.203660	5.905620	-1.297100	0.910886	0.135864	0.373595	-1.000000	-1.000000	-1.000000	-1.000000	-1.000000	-1.000000	-1.000000	74.620690	0.000000	-1.000000	-1.000000	1459448.000000	1772660807.567605
-26692.965000	-45140.085000	2328.615000	2017.035000	6034.995000	5059.350000	2983.680000	1960.740000	2.127430	1.412991	1.727749	2.077364	2.563945	3.438238	5.803044	7.948905	-5.203660	5.905620	-1.297100	0.910886	0.135864	0.373595	-1.000000	-1.000000	-1.000000	-1.000000	-1.000000	-1.000000	-1.000000	74.620690	0.000000	-1.000000	-1.000000	1459449.000000	1772660807.571567
-26665.110000	-45106.335000	2366.955000	2058.210000	6071.760000	5083.335000	2983.635000	1997.730000	4.089419	3.910123	4.067504	4.326234	4.176733	5.340278	9.432582	14.600617	-5.203660	5.905620	-1.297100	0.910886	0.135864	0.373595	-1.000000	-1.000000	-1.000000	-1.000000	-1.000000	-1.000000	-1.000000	74.620690	0.000000	-1.000000	-1.000000	1459450.000000	1772660807.571574
-26633.430000	-45054.810000	2423.520000	2114.865000	6123.330000	5125.770000	3012.570000	2023.380000	5.479640	6.445957	6.707587	6.931940	6.111473	5.753167	7.833755	16.233845	-5.432560	5.310480	-0.976640	0.908994	0.134582	0.375976	-1.000000	-1.000000	-1.000000	-1.000000	-1.000000	-1.000000	-1.000000	74.620690	0.000000	-1.000000	-1.000000	1459451.000000	1772660807.575465
-26645.355000	-45080.280000	2393.595000	2079.270000	6085.890000	5093.055000	2990.520000	1972.755000	7.026932	9.765059	10.602943	10.787086	9.187176	5.979117	2.910022	13.324169	-5.432560	5.310480	-0.976640	0.908994	0.134582	0.375976	-1.000000	-1.000000	-1.000000	-1.000000	-1.000000	-1.000000	-1.000000	74.620690	0.000000	-1.000000	-1.000000	1459452.000000	1772660807.575472
-26763.795000	-45201.690000	2271.330000	1954.170000	5968.260000	4984.875000	2903.220000	1836.630000	6.685476	10.228273	11.556301	11.470709	9.465913	4.310928	-3.224387	5.057815	-5.432560	5.310480	-0.976640	0.908994	0.134582	0.375976	-1.000000	-1.000000	-1.000000	-1.000000	-1.000000	-1.000000	-1.000000	74.620690	0.000000	-1.000000	-1.000000	1459453.000000	1772660807.579523
-26743.995000	-45178.695000	2294.685000	1976.535000	5993.145000	5010.120000	2928.195000	1888.245000	-0.628942	1.625086	2.754277	2.153638	0.853044	-3.195241	-10.309196	-10.134456	-5.432560	5.310480	-0.976640	0.908994	0.134582	0.375976	-1.000000	-1.000000	-1.000000	-1.000000	-1.000000	-1.000000	-1.000000	74.620690	0.000000	-1.000000	-1.000000	1459454.000000	1772660807.579532
-26755.065000	-45184.005000	2291.445000	1977.885000	5999.085000	5022.405000	2935.260000	1876.095000	-13.377429	-13.573188	-13.384359	-14.423161	-13.969730	-14.033429	-15.400107	-25.675316	-5.432560	5.310480	-0.976640	0.908994	0.134582	0.375976	-1.000000	-1.000000	-1.000000	-1.000000	-1.000000	-1.000000	-1.000000	74.620690	0.000000	-1.000000	-1.000000	1459455.000000	1772660807.583885
-26714.520000	-45152.685000	2319.795000	2005.335000	6027.210000	5049.720000	2960.145000	1915.695000	-21.222016	-23.343223	-24.298848	-25.209671	-22.931214	-18.759593	-13.555507	-29.509204	-5.432560	5.310480	-0.976640	0.908994	0.134582	0.375976	-1.000000	-1.000000	-1.000000	-1.000000	-1.000000	-1.000000	-1.000000	74.620690	0.000000	-1.000000	-1.000000	1459456.000000	1772660807.583893
-26667.180000	-45106.470000	2364.210000	2049.345000	6070.860000	5086.530000	2985.570000	1964.205000	-15.919792	-18.630273	-20.189121	-20.225205	-17.106068	-11.319018	-3.915010	-16.736944	-5.432560	5.310480	-0.976640	0.908994	0.134582	0.375976	-1.000000	-1.000000	-1.000000	-1.000000	-1.000000	-1.000000	-1.000000	74.620690	0.000000	-1.000000	-1.000000	1459457.000000	1772660807.587387
-26722.935000	-45151.065000	2320.290000	2005.290000	6028.965000	5047.695000	2953.395000	1893.105000	-0.045146	-2.078115	-3.410631	-2.321503	0.246442	4.312200	8.639949	5.226525	-5.432560	5.310480	-0.976640	0.908994	0.134582	0.375976	-1.000000	-1.000000	-1.000000	-1.000000	-1.000000	-1.000000	-1.000000	74.620690	0.000000	-1.000000	-1.000000	1459458.000000	1772660807.587392
-26731.215000	-45169.515000	2303.145000	1992.285000	6017.355000	5035.680000	2949.435000	1909.305000	13.945173	13.228342	12.606670	14.327270	15.430381	16.314524	16.157435	21.122042	-5.432560	5.310480	-0.976640	0.908994	0.134582	0.375976	-1.000000	-1.000000	-1.000000	-1.000000	-1.000000	-1.000000	-1.000000	74.620690	0.000000	-1.000000	-1.000000	1459459.000000	1772660807.591708
-26686.215000	-45129.015000	2339.730000	2026.980000	6045.480000	5051.295000	2956.410000	1958.490000	16.636182	16.543958	16.535716	18.118659	17.643247	16.091859	14.116585	22.772465	-5.432560	5.310480	-0.976640	0.908994	0.134582	0.375976	-1.000000	-1.000000	-1.000000	-1.000000	-1.000000	-1.000000	-1.000000	74.620690	0.000000	-1.000000	-1.000000	1459460.000000	1772660807.591715
-26695.260000	-45127.980000	2342.520000	2029.320000	6048.855000	5056.920000	2957.085000	1935.045000	11.770132	11.160943	11.405316	12.356062	10.576945	7.755698	6.371764	17.084598	-1.220800	5.035800	-1.327620	0.909910	0.129577	0.376037	-1.000000	-1.000000	-1.000000	-1.000000	-1.000000	-1.000000	-1.000000	74.620690	0.000000	-1.000000	-1.000000	1459461.000000	1772660807.597677
-26691.885000	-45129.285000	2341.530000	2029.905000	6053.985000	5069.160000	2970.765000	1949.580000	8.267860	7.415854	7.797585	8.058287	5.404527	2.126983	0.946139	13.561326	-1.220800	5.035800	-1.327620	0.909910	0.129577	0.376037	-1.000000	-1.000000	-1.000000	-1.000000	-1.000000	-1.000000	-1.000000	74.620690	0.000000	-1.000000	-1.000000	1459462.000000	1772660807.597687
-26688.690000	-45124.065000	2349.540000	2038.320000	6062.940000	5075.955000	2969.370000	1957.140000	8.256688	8.291130	8.911843	8.641512	5.812136	3.100870	0.962691	12.282741	-1.220800	5.035800	-1.327620	0.909910	0.129577	0.376037	-1.000000	-1.000000	-1.000000	-1.000000	-1.000000	-1.000000	-1.000000	74.620690	0.000000	-1.000000	-1.000000	1459463.000000	1772660807.600869
-26741.610000	-45169.830000	2306.070000	1993.905000	6018.210000	5034.240000	2943.360000	1892.610000	6.525498	7.897804	8.766345	8.022560	5.807240	4.600116	1.901485	6.655405	-1.220800	5.035800	-1.327620	0.909910	0.129577	0.376037	-1.000000	-1.000000	-1.000000	-1.000000	-1.000000	-1.000000	-1.000000	74.620690	0.000000	-1.000000	-1.000000	1459464.000000	1772660807.600877
-26721.855000	-45159.615000	2309.805000	1993.905000	6015.735000	5031.990000	2950.425000	1922.580000	-2.040295	0.414391	1.386858	0.133023	-0.970885	-0.469584	-1.758874	-7.277753	-1.220800	5.035800	-1.327620	0.909910	0.129577	0.376037	-1.000000	-1.000000	-1.000000	-1.000000	-1.000000	-1.000000	-1.000000	74.620690	0.000000	-1.000000	-1.000000	1459465.000000	1772660807.603449
-26717.805000	-45151.290000	2322.045000	2008.845000	6031.620000	5045.535000	2957.985000	1936.800000	-15.052519	-12.322257	-11.532678	-13.133311	-13.041223	-11.215755	-9.258892	-23.923177	-1.220800	5.035800	-1.327620	0.909910	0.129577	0.376037	-1.000000	-1.000000	-1.000000	-1.000000	-1.000000	-1.000000	-1.000000	74.620690	0.000000	-1.000000	-1.000000	1459466.000000	1772660807.603457
-26715.825000	-45147.420000	2325.150000	2009.565000	6030.135000	5043.645000	2959.920000	1942.425000	-23.224860	-21.435327	-21.140621	-22.646237	-21.596428	-19.152445	-14.243039	-31.481874	-1.220800	5.035800	-1.327620	0.909910	0.129577	0.376037	-1.000000	-1.000000	-1.000000	-1.000000	-1.000000	-1.000000	-1.000000	74.620690	0.000000	-1.000000	-1.000000	1459467.000000	1772660807.610223
-26720.685000	-45146.880000	2324.700000	2006.910000	6022.080000	5033.070000	2952.135000	1926.135000	-20.151036	-20.011988	-20.383459	-21.408564	-19.882604	-17.613254	-12.135575	-24.519743	-1.220800	5.035800	-1.327620	0.909910	0.129577	0.376037	-1.000000	-1.000000	-1.000000	-1.000000	-1.000000	-1.000000	-1.000000	74.620690	0.000000	-1.000000	-1.000000	1459468.000000	1772660807.610231
-26713.305000	-45138.555000	2336.895000	2023.695000	6038.190000	5046.210000	2956.995000	1927.935000	-8.353138	-9.471958	-10.381902	-10.717712	-9.253759	-7.710945	-4.351665	-8.668957	-1.220800	5.035800	-1.327620	0.909910	0.129577	0.376037	-1.000000	-1.000000	-1.000000	-1.000000	-1.000000	-1.000000	-1.000000	74.620690	0.000000	-1.000000	-1.000000	1459469.000000	1772660807.611653
-26701.965000	-45137.565000	2335.950000	2022.930000	6040.305000	5048.730000	2954.520000	1932.930000	5.733244	4.124952	3.164160	3.775158	4.850576	5.301665	4.787270	7.876749	-1.220800	5.035800	-1.327620	0.909910	0.129577	0.376037	-1.000000	-1.000000	-1.000000	-1.000000	-1.000000	-1.000000	-1.000000	74.620690	0.000000	-1.000000	-1.000000	1459470.000000	1772660807.611660
-26702.010000	-45143.190000	2326.050000	2010.780000	6030.135000	5043.960000	2954.025000	1929.465000	16.877247	14.928281	14.278784	15.865695	16.482348	15.647318	11.214255	19.596179	-2.060100	5.005280	-0.946120	0.911680	0.130798	0.371947	-1.000000	-1.000000	-1.000000	-1.000000	-1.000000	-1.000000	-1.000000	74.620690	0.000000	-1.000000	-1.000000	1459471.000000	1772660807.615548
-26700.255000	-45139.320000	2330.460000	2016.090000	6035.760000	5052.420000	2958.075000	1931.265000	21.305397	18.774186	18.239613	20.181407	20.418206	18.679362	12.336907	22.918790	-2.060100	5.005280	-0.946120	0.911680	0.130798	0.371947	-1.000000	-1.000000	-1.000000	-1.000000	-1.000000	-1.000000	-1.000000	74.620690	0.000000	-1.000000	-1.000000	1459472.000000	1772660807.615555
-26700.930000	-45137.970000	2336.625000	2021.805000	6041.160000	5059.170000	2961.720000	1933.830000	17.925817	15.213272	14.577331	16.009090	16.028939	14.284936	8.628543	18.057408	-2.060100	5.005280	-0.946120	0.911680	0.130798	0.371947	-1.000000	-1.000000	-1.000000	-1.000000	-1.000000	-1.000000	-1.000000	74.620690	0.000000	-1.000000	-1.000000	1459473.000000	1772660807.619740
-26708.625000	-45134.460000	2343.240000	2028.555000	6045.570000	5064.030000	2970.270000	1924.110000	8.357009	6.926015	6.655503	7.154844	7.114222	6.166260	2.732406	8.063271	-2.060100	5.005280	-0.946120	0.911680	0.130798	0.371947	-1.000000	-1.000000	-1.000000	-1.000000	-1.000000	-1.000000	-1.000000	74.620690	0.000000	-1.000000	-1.000000	1459474.000000	1772660807.619747
-26708.580000	-45132.795000	2340.945000	2026.260000	6042.645000	5055.795000	2966.355000	1933.875000	-4.072667	-2.704992	-1.972840	-2.303453	-2.384747	-2.294708	-2.818946	-3.670993	-2.060100	5.005280	-0.946120	0.911680	0.130798	0.371947	-1.000000	-1.000000	-1.000000	-1.000000	-1.000000	-1.000000	-1.000000	74.620690	0.000000	-1.000000	-1.000000	1459475.000000	1772660807.623743
-26692.200000	-45135.000000	2336.760000	2025.270000	6046.740000	5063.670000	2977.380000	1967.445000	-13.966088	-10.132671	-8.632075	-9.403032	-9.499088	-8.729959	-6.140327	-12.191167	-2.060100	5.005280	-0.946120	0.911680	0.130798	0.371947	-1.000000	-1.000000	-1.000000	-1.000000	-1.000000	-1.000000	-1.000000	74.620690	0.000000	-1.000000	-1.000000	1459476.000000	1772660807.623750
-26673.480000	-45137.430000	2327.355000	2011.500000	6033.510000	5055.975000	2985.345000	1977.255000	-16.432808	-13.044639	-11.867318	-12.624647	-12.400905	-11.336559	-6.155514	-12.874993	-2.060100	5.005280	-0.946120	0.911680	0.130798	0.371947	-1.000000	-1.000000	-1.000000	-1.000000	-1.000000	-1.000000	-1.000000	74.620690	0.000000	-1.000000	-1.000000	1459477.000000	1772660807.627621
-26704.620000	-45155.115000	2313.450000	1998.180000	6021.045000	5039.145000	2952.405000	1931.355000	-11.353847	-11.575695	-11.716689	-12.285478	-11.425702	-10.153803	-3.687374	-6.643226	-2.060100	5.005280	-0.946120	0.911680	0.130798	0.371947	-1.000000	-1.000000	-1.000000	-1.000000	-1.000000	-1.000000	-1.000000	74.620690	0.000000	-1.000000	-1.000000	1459478.000000	1772660807.627629
-26746.065000	-45177.255000	2301.975000	1992.015000	6014.925000	5026.410000	2917.485000	1876.140000	-4.082506	-7.539569	-8.828153	-9.271271	-8.155540	-7.153127	-1.901259	-0.580132	-2.060100	5.005280	-0.946120	0.911680	0.130798	0.371947	-1.000000	-1.000000	-1.000000	-1.000000	-1.000000	-1.000000	-1.000000	74.620690	0.000000	-1.000000	-1.000000	1459479.000000	1772660807.631696
-26738.280000	-45150.570000	2340.045000	2034.180000	6053.940000	5060.745000	2943.405000	1893.915000	-0.316681	-2.692122	-3.536858	-3.675451	-3.296194	-3.709754	-2.885840	-0.668596	-2.060100	5.005280	-0.946120	0.911680	0.130798	0.371947	-1.000000	-1.000000	-1.000000	-1.000000	-1.000000	-1.000000	-1.000000	74.620690	0.000000	-1.000000	-1.000000	1459480.000000	1772660807.631702
-26720.010000	-45132.345000	2353.545000	2043.810000	6062.220000	5070.420000	2956.275000	1915.965000	0.176785	2.901102	4.064620	4.524266	3.384703	0.803336	-4.121469	-4.287495	-4.455920	5.005280	-1.022420	0.908018	0.134460	0.371947	-1.000000	-1.000000	-1.000000	-1.000000	-1.000000	-1.000000	-1.000000	74.620690	0.000000	-1.000000	-1.000000	1459481.000000	1772660807.637072
-26694.945000	-45127.260000	2340.045000	2018.700000	6034.680000	5051.520000	2957.310000	1934.325000	1.809707	9.018140	11.632855	12.354977	9.828837	5.944208	-2.127867	-4.313399	-4.455920	5.005280	-1.022420	0.908018	0.134460	0.371947	-1.000000	-1.000000	-1.000000	-1.000000	-1.000000	-1.000000	-1.000000	74.620690	0.000000	-1.000000	-1.000000	1459482.000000	1772660807.637081
-26676.855000	-45130.140000	2336.985000	2018.205000	6034.860000	5055.075000	2963.520000	1952.280000	6.648504	12.840066	14.243011	14.246351	11.399291	8.581648	2.548119	1.651491	-4.455920	5.005280	-1.022420	0.908018	0.134460	0.371947	-1.000000	-1.000000	-1.000000	-1.000000	-1.000000	-1.000000	-1.000000	74.620690	0.000000	-1.000000	-1.000000	1459483.000000	1772660807.639680
-26710.740000	-45150.255000	2325.420000	2014.110000	6032.610000	5053.590000	2963.385000	1949.175000	11.811338	11.221325	9.480532	8.316015	6.511482	6.947833	6.793147	9.596140	-4.455920	5.005280	-1.022420	0.908018	0.134460	0.371947	-1.000000	-1.000000	-1.000000	-1.000000	-1.000000	-1.000000	-1.000000	74.620690	0.000000	-1.000000	-1.000000	1459484.000000	1772660807.639688
-26748.855000	-45149.940000	2337.030000	2029.455000	6044.805000	5061.150000	2970.945000	1946.070000	11.279495	4.108341	0.401415	-1.040688	-1.001433	2.807543	8.172764	13.080588	-4.455920	5.005280	-1.022420	0.908018	0.134460	0.371947	-1.000000	-1.000000	-1.000000	-1.000000	-1.000000	-1.000000	-1.000000	74.620690	0.000000	-1.000000	-1.000000	1459485.000000	1772660807.643680
-26739.810000	-45144.495000	2342.970000	2035.260000	6048.045000	5062.635000	2969.640000	1931.535000	2.395775	-4.670182	-7.120149	-7.415387	-5.806422	-0.830070	6.261088	8.916101	-4.455920	5.005280	-1.022420	0.908018	0.134460	0.371947	-1.000000	-1.000000	-1.000000	-1.000000	-1.000000	-1.000000	-1.000000	74.620690	0.000000	-1.000000	-1.000000	1459486.000000	1772660807.643688
-26695.980000	-45134.505000	2342.430000	2027.070000	6037.245000	5049.765000	2951.370000	1926.270000	-8.142157	-9.508278	-8.776772	-7.492836	-5.430968	-2.098864	2.745770	0.652578	-4.455920	5.005280	-1.022420	0.908018	0.134460	0.371947	-1.000000	-1.000000	-1.000000	-1.000000	-1.000000	-1.000000	-1.000000	74.620690	0.000000	-1.000000	-1.000000	1459487.000000	1772660807.647683
-26685.315000	-45122.760000	2349.945000	2032.245000	6042.735000	5053.455000	2950.245000	1934.685000	-10.105599	-7.419595	-4.856234	-3.155951	-1.783310	-1.520561	-0.415186	-5.090009	-4.455920	5.005280	-1.022420	0.908018	0.134460	0.371947	-1.000000	-1.000000	-1.000000	-1.000000	-1.000000	-1.000000	-1.000000	74.620690	0.000000	-1.000000	-1.000000	1459488.000000	1772660807.647691
-26692.020000	-45118.440000	2353.095000	2037.240000	6055.245000	5071.860000	2968.020000	1929.555000	-2.074720	-0.918508	0.375850	0.843984	1.245491	-0.988241	-2.673210	-5.584201	-4.455920	5.005280	-1.022420	0.908018	0.134460	0.371947	-1.000000	-1.000000	-1.000000	-1.000000	-1.000000	-1.000000	-1.000000	74.620690	0.000000	-1.000000	-1.000000	1459489.000000	1772660807.651679
-26720.415000	-45165.105000	2303.145000	1985.220000	6006.330000	5029.875000	2941.380000	1898.370000	6.857694	3.688057	2.075020	0.888671	1.104333	-1.792490	-4.522175	-4.119954	-4.455920	5.005280	-1.022420	0.908018	0.134460	0.371947	-1.000000	-1.000000	-1.000000	-1.000000	-1.000000	-1.000000	-1.000000	74.620690	0.000000	-1.000000	-1.000000	1459490.000000	1772660807.651686
-26702.775000	-45156.600000	2311.695000	1992.825000	6009.615000	5029.245000	2942.910000	1922.805000	7.574824	1.851975	-1.368969	-3.055601	-2.116082	-4.013449	-6.474134	-4.847548	-3.845520	5.859840	-0.534100	0.908628	0.133361	0.372130	-1.000000	-1.000000	-1.000000	-1.000000	-1.000000	-1.000000	-1.000000	74.620690	0.000000	-1.000000	-1.000000	1459491.000000	1772660807.657486
-26686.980000	-45131.445000	2341.305000	2024.460000	6036.525000	5051.970000	2956.095000	1938.735000	0.364168	-3.882278	-5.910875	-6.644831	-5.151594	-5.712200	-7.591690	-6.881787	-3.845520	5.859840	-0.534100	0.908628	0.133361	0.372130	-1.000000	-1.000000	-1.000000	-1.000000	-1.000000	-1.000000	-1.000000	74.620690	0.000000	-1.000000	-1.000000	1459492.000000	1772660807.657494
-26670.915000	-45112.770000	2362.275000	2043.990000	6051.555000	5064.885000	2974.995000	1966.545000	-6.592284	-6.173986	-5.264074	-4.650058	-3.864708	-3.875942	-5.655491	-5.944144	-3.845520	5.859840	-0.534100	0.908628	0.133361	0.372130	-1.000000	-1.000000	-1.000000	-1.000000	-1.000000	-1.000000	-1.000000	74.620690	0.000000	-1.000000	-1.000000	1459493.000000	1772660807.659532
-26702.640000	-45139.005000	2336.220000	2016.360000	6023.340000	5039.055000	2962.845000	1932.030000	-7.034602	-1.956684	1.359300	2.545008	1.529517	1.344185	-0.394105	-0.684619	-3.845520	5.859840	-0.534100	0.908628	0.133361	0.372130	-1.000000	-1.000000	-1.000000	-1.000000	-1.000000	-1.000000	-1.000000	74.620690	0.000000	-1.000000	-1.000000	1459494.000000	1772660807.659540
-26712.495000	-45156.555000	2316.105000	1995.255000	6006.510000	5032.260000	2964.060000	1925.190000	-2.913811	4.127304	7.853759	8.626888	6.074145	5.936260	5.447483	5.570322	-3.845520	5.859840	-0.534100	0.908628	0.133361	0.372130	-1.000000	-1.000000	-1.000000	-1.000000	-1.000000	-1.000000	-1.000000	74.620690	0.000000	-1.000000	-1.000000	1459495.000000	1772660807.663670
-26691.255000	-45142.200000	2330.235000	2014.155000	6031.395000	5057.820000	2975.670000	1953.945000	0.170155	6.339705	8.693486	8.832327	6.334434	7.191953	9.306680	9.398006	-3.845520	5.859840	-0.534100	0.908628	0.133361	0.372130	-1.000000	-1.000000	-1.000000	-1.000000	-1.000000	-1.000000	-1.000000	74.620690	0.000000	-1.000000	-1.000000	1459496.000000	1772660807.663677
-26660.520000	-45112.320000	2363.040000	2050.110000	6069.240000	5087.790000	2988.315000	1993.635000	0.790854	4.255942	4.657336	4.773820	4.030128	6.243173	10.288978	10.684610	-3.845520	5.859840	-0.534100	0.908628	0.133361	0.372130	-1.000000	-1.000000	-1.000000	-1.000000	-1.000000	-1.000000	-1.000000	74.620690	0.000000	-1.000000	-1.000000	1459497.000000	1772660807.667724
-26718.120000	-45152.055000	2329.785000	2019.195000	6039.945000	5060.520000	2961.495000	1917.360000	0.869706	0.963056	0.031607	0.793328	2.219321	4.588892	7.592399	9.490423	-3.845520	5.859840	-0.534100	0.908628	0.133361	0.372130	-1.000000	-1.000000	-1.000000	-1.000000	-1.000000	-1.000000	-1.000000	74.620690	0.000000	-1.000000	-1.000000	1459498.000000	1772660807.667731
-26750.880000	-45168.435000	2317.320000	2007.495000	6027.165000	5046.930000	2946.330000	1880.370000	-0.063716	-1.761220	-2.688543	-1.193202	1.298156	1.946230	0.981750	3.147467	-3.845520	5.859840	-0.534100	0.908628	0.133361	0.372130	-1.000000	-1.000000	-1.000000	-1.000000	-1.000000	-1.000000	-1.000000	74.620690	0.000000	-1.000000	-1.000000	1459499.000000	1772660807.671764
-26738.730000	-45153.180000	2333.880000	2024.280000	6041.025000	5057.460000	2949.750000	1897.065000	-3.501169	-3.731137	-3.571897	-1.894633	0.075218	-1.804753	-7.190127	-8.679782	-3.845520	5.859840	-0.534100	0.908628	0.133361	0.372130	-1.000000	-1.000000	-1.000000	-1.000000	-1.000000	-1.000000	-1.000000	74.620690	0.000000	-1.000000	-1.000000	1459500.000000	1772660807.671771
-26698.500000	-45139.545000	2339.370000	2025.810000	6037.830000	5057.505000	2973.285000	1953.945000	-6.658585	-4.357386	-3.440695	-2.600401	-2.169855	-5.592232	-12.594410	-18.947258	-0.915600	5.173140	-0.549360	0.909971	0.131897	0.371459	-1.000000	-1.000000	-1.000000	-1.000000	-1.000000	-1.000000	-1.000000	74.620690	0.000000	-1.000000	-1.000000	1459501.000000	1772660807.677317
-26702.145000	-45142.065000	2331.270000	2013.435000	6020.460000	5036.400000	2950.830000	1927.755000	-4.477234	-2.946960	-3.026985	-4.023785	-5.274366	-8.235230	-12.321096	-19.166931	-0.915600	5.173140	-0.549360	0.909971	0.131897	0.371459	-1.000000	-1.000000	-1.000000	-1.000000	-1.000000	-1.000000	-1.000000	74.620690	0.000000	-1.000000	-1.000000	1459502.000000	1772660807.677327
-26681.265000	-45122.895000	2350.035000	2032.245000	6039.630000	5050.260000	2941.785000	1916.910000	3.947243	0.579483	-2.010342	-5.005473	-7.369410	-8.482209	-7.282558	-8.620021	-0.915600	5.173140	-0.549360	0.909971	0.131897	0.371459	-1.000000	-1.000000	-1.000000	-1.000000	-1.000000	-1.000000	-1.000000	74.620690	0.000000	-1.000000	-1.000000	1459503.000000	1772660807.685866
-26699.040000	-45128.475000	2352.915000	2034.810000	6045.480000	5063.085000	2967.345000	1935.720000	13.535890	5.358776	0.838166	-3.078564	-5.577928	-4.960960	-0.210956	6.071581	-0.915600	5.173140	-0.549360	0.909971	0.131897	0.371459	-1.000000	-1.000000	-1.000000	-1.000000	-1.000000	-1.000000	-1.000000	74.620690	0.000000	-1.000000	-1.000000	1459504.000000	1772660807.685874
-26709.615000	-45133.920000	2347.920000	2026.845000	6034.230000	5054.085000	2973.330000	1948.005000	16.525962	8.271469	4.383135	1.174778	-0.528527	1.061034	6.722045	16.949155	-0.915600	5.173140	-0.549360	0.909971	0.131897	0.371459	-1.000000	-1.000000	-1.000000	-1.000000	-1.000000	-1.000000	-1.000000	74.620690	0.000000	-1.000000	-1.000000	1459505.000000	1772660807.685882
-26715.285000	-45135.495000	2346.435000	2025.360000	6032.565000	5047.785000	2957.760000	1921.185000	9.231593	5.942583	5.026942	3.588675	3.064402	5.160944	10.999723	18.757429	-0.915600	5.173140	-0.549360	0.909971	0.131897	0.371459	-1.000000	-1.000000	-1.000000	-1.000000	-1.000000	-1.000000	-1.000000	74.620690	0.000000	-1.000000	-1.000000	1459506.000000	1772660807.685886
-26717.445000	-45142.020000	2336.535000	2018.430000	6029.595000	5047.155000	2954.250000	1895.130000	-3.038695	-0.232494	2.038488	2.553663	3.071455	5.196181	10.629473	11.928918	-0.915600	5.173140	-0.549360	0.909971	0.131897	0.371459	-1.000000	-1.000000	-1.000000	-1.000000	-1.000000	-1.000000	-1.000000	74.620690	0.000000	-1.000000	-1.000000	1459507.000000	1772660807.687756
-26715.195000	-45140.580000	2338.740000	2024.460000	6039.810000	5062.455000	2973.825000	1908.810000	-11.117390	-5.259231	-1.527971	0.667129	2.115018	3.673553	6.779444	2.002247	-0.915600	5.173140	-0.549360	0.909971	0.131897	0.371459	-1.000000	-1.000000	-1.000000	-1.000000	-1.000000	-1.000000	-1.000000	74.620690	0.000000	-1.000000	-1.000000	1459508.000000	1772660807.687764
-26682.660000	-45137.295000	2334.420000	2017.800000	6033.555000	5053.680000	2967.660000	1952.730000	-11.088464	-6.633149	-3.625336	-0.320442	2.126840	2.922697	2.125352	-5.449756	-0.915600	5.173140	-0.549360	0.909971	0.131897	0.371459	-1.000000	-1.000000	-1.000000	-1.000000	-1.000000	-1.000000	-1.000000	74.620690	0.000000	-1.000000	-1.000000	1459509.000000	1772660807.691604
-26696.025000	-45153.540000	2320.560000	2003.805000	6017.580000	5035.860000	2952.855000	1949.445000	-5.842272	-5.712263	-4.689053	-1.224616	1.993893	2.114329	-2.473411	-8.362303	-0.915600	5.173140	-0.549360	0.909971	0.131897	0.371459	-1.000000	-1.000000	-1.000000	-1.000000	-1.000000	-1.000000	-1.000000	74.620690	0.000000	-1.000000	-1.000000	1459510.000000	1772660807.691611
-26701.065000	-45153.855000	2320.920000	2004.255000	6019.920000	5042.070000	2959.965000	1942.650000	-0.583873	-4.442941	-5.109160	-2.505931	0.653509	0.187359	-6.574919	-7.439611	-1.526000	3.677660	-0.595140	0.907590	0.133423	0.376403	-1.000000	-1.000000	-1.000000	-1.000000	-1.000000	-1.000000	-1.000000	74.620690	0.000000	-1.000000	-1.000000	1459511.000000	1772660807.695724
-26699.130000	-45146.745000	2329.965000	2014.470000	6031.935000	5050.485000	2956.320000	1934.505000	1.587486	-3.023301	-4.077835	-2.952041	-0.982083	-1.844252	-8.228778	-4.271943	-1.526000	3.677660	-0.595140	0.907590	0.133423	0.376403	-1.000000	-1.000000	-1.000000	-1.000000	-1.000000	-1.000000	-1.000000	74.620690	0.000000	-1.000000	-1.000000	1459512.000000	1772660807.695731
-26701.830000	-45148.635000	2328.570000	2013.345000	6032.385000	5054.130000	2963.520000	1940.535000	1.072935	-0.648821	-1.062571	-1.466832	-1.541567	-2.676496	-6.617498	-1.235912	-1.526000	3.677660	-0.595140	0.907590	0.133423	0.376403	-1.000000	-1.000000	-1.000000	-1.000000	-1.000000	-1.000000	-1.000000	74.620690	0.000000	-1.000000	-1.000000	1459513.000000	1772660807.699723
-26698.050000	-45144.765000	2331.720000	2015.010000	6030.135000	5050.710000	2958.570000	1936.035000	-0.033081	2.504714	2.813900	1.262291	-0.976810	-2.336488	-3.329476	-0.457243	-1.526000	3.677660	-0.595140	0.907590	0.133423	0.376403	-1.000000	-1.000000	-1.000000	-1.000000	-1.000000	-1.000000	-1.000000	74.620690	0.000000	-1.000000	-1.000000	1459514.000000	1772660807.699729
-26697.555000	-45132.705000	2350.080000	2036.430000	6049.260000	5062.140000	2956.860000	1930.500000	0.080398	5.518607	6.101780	3.997878	0.219370	-1.174563	0.118580	-1.028408	-1.526000	3.677660	-0.595140	0.907590	0.133423	0.376403	-1.000000	-1.000000	-1.000000	-1.000000	-1.000000	-1.000000	-1.000000	74.620690	0.000000	-1.000000	-1.000000	1459515.000000	1772660807.703723
-26699.670000	-45140.940000	2340.315000	2026.260000	6040.440000	5060.025000	2968.245000	1942.875000	1.933413	7.736918	8.299104	6.246349	1.975855	0.752924	3.272606	0.131122	-1.526000	3.677660	-0.595140	0.907590	0.133423	0.376403	-1.000000	-1.000000	-1.000000	-1.000000	-1.000000	-1.000000	-1.000000	74.620690	0.000000	-1.000000	-1.000000	1459516.000000	1772660807.703727
-26695.395000	-45138.240000	2340.720000	2026.530000	6040.620000	5061.195000	2974.185000	1949.130000	3.925603	7.920732	8.350666	6.760975	3.216587	2.451153	5.517340	3.356147	-1.526000	3.677660	-0.595140	0.907590	0.133423	0.376403	-1.000000	-1.000000	-1.000000	-1.000000	-1.000000	-1.000000	-1.000000	74.620690	0.000000	-1.000000	-1.000000	1459517.000000	1772660807.707644
-26699.220000	-45133.785000	2344.905000	2029.905000	6041.430000	5063.580000	2986.065000	1947.105000	3.389324	4.963884	5.116175	4.177515	2.437115	2.608694	6.045187	4.809806	-1.526000	3.677660	-0.595140	0.907590	0.133423	0.376403	-1.000000	-1.000000	-1.000000	-1.000000	-1.000000	-1.000000	-1.000000	74.620690	0.000000	-1.000000	-1.000000	1459518.000000	1772660807.707653
-26689.365000	-45115.920000	2361.060000	2041.155000	6045.930000	5059.935000	2974.995000	1946.160000	0.011013	0.309000	0.076571	-0.175988	0.294369	1.562534	4.878144	1.920501	-1.526000	3.677660	-0.595140	0.907590	0.133423	0.376403	-1.000000	-1.000000	-1.000000	-1.000000	-1.000000	-1.000000	-1.000000	74.620690	0.000000	-1.000000	-1.000000	1459519.000000	1772660807.712266
-26689.770000	-45117.180000	2363.895000	2045.430000	6049.260000	5058.495000	2958.075000	1941.480000	-3.293130	-3.173810	-3.780655	-3.509698	-1.432308	0.228182	2.233971	-2.709669	-1.526000	3.677660	-0.595140	0.907590	0.133423	0.376403	-1.000000	-1.000000	-1.000000	-1.000000	-1.000000	-1.000000	-1.000000	74.620690	0.000000	-1.000000	-1.000000	1459520.000000	1772660807.712273
-26693.280000	-45126.585000	2359.125000	2043.900000	6053.040000	5068.710000	2973.645000	1952.100000	-4.028066	-4.616966	-5.384018	-4.798935	-2.275071	-1.299791	-1.683559	-4.930830	-1.724380	3.357200	-0.534100	0.908018	0.131469	0.375243	-1.000000	-1.000000	-1.000000	-1.000000	-1.000000	-1.000000	-1.000000	74.620690	0.000000	-1.000000	-1.000000	1459521.000000	1772660807.715656
-26676.405000	-45127.215000	2355.570000	2044.080000	6061.410000	5084.280000	2996.235000	1997.415000	-2.205627	-5.187264	-5.763984	-4.834557	-2.552177	-2.523874	-5.055106	-2.976953	-1.724380	3.357200	-0.534100	0.908018	0.131469	0.375243	-1.000000	-1.000000	-1.000000	-1.000000	-1.000000	-1.000000	-1.000000	74.620690	0.000000	-1.000000	-1.000000	1459522.000000	1772660807.715665
-26718.660000	-45146.520000	2340.540000	2032.695000	6050.790000	5075.010000	2979.225000	1948.005000	0.410546	-5.820002	-6.047920	-4.599350	-2.388195	-2.441024	-5.461401	1.967739	-1.724380	3.357200	-0.534100	0.908018	0.131469	0.375243	-1.000000	-1.000000	-1.000000	-1.000000	-1.000000	-1.000000	-1.000000	74.620690	0.000000	-1.000000	-1.000000	1459523.000000	1772660807.719580
-26739.585000	-45153.225000	2330.505000	2017.845000	6029.955000	5053.590000	2957.760000	1896.480000	1.076420	-6.434988	-6.476221	-4.697767	-2.404678	-1.576350	-3.357504	5.275221	-1.724380	3.357200	-0.534100	0.908018	0.131469	0.375243	-1.000000	-1.000000	-1.000000	-1.000000	-1.000000	-1.000000	-1.000000	74.620690	0.000000	-1.000000	-1.000000	1459524.000000	1772660807.719586
-26724.105000	-45141.840000	2343.870000	2033.145000	6040.755000	5057.730000	2956.905000	1912.050000	-1.112350	-5.860045	-5.980092	-4.664967	-3.068317	-1.566669	-1.749566	2.490275	-1.724380	3.357200	-0.534100	0.908018	0.131469	0.375243	-1.000000	-1.000000	-1.000000	-1.000000	-1.000000	-1.000000	-1.000000	74.620690	0.000000	-1.000000	-1.000000	1459525.000000	1772660807.723663
-26702.145000	-45127.440000	2355.525000	2044.035000	6049.845000	5064.255000	2959.245000	1926.360000	-3.282993	-2.601315	-2.836976	-2.768224	-3.063518	-2.311949	-2.115005	-4.526629	-1.724380	3.357200	-0.534100	0.908018	0.131469	0.375243	-1.000000	-1.000000	-1.000000	-1.000000	-1.000000	-1.000000	-1.000000	74.620690	0.000000	-1.000000	-1.000000	1459526.000000	1772660807.723669
-26680.230000	-45125.775000	2346.840000	2032.830000	6037.110000	5054.715000	2958.795000	1934.820000	-1.887848	2.996566	2.728717	1.501587	-0.934992	-2.073510	-2.899352	-9.172538	-1.724380	3.357200	-0.534100	0.908018	0.131469	0.375243	-1.000000	-1.000000	-1.000000	-1.000000	-1.000000	-1.000000	-1.000000	74.620690	0.000000	-1.000000	-1.000000	1459527.000000	1772660807.727690
-26694.315000	-45118.575000	2359.305000	2045.655000	6042.735000	5060.475000	2967.300000	1929.060000	3.055628	8.149687	7.733592	5.877614	2.397534	-0.111790	-1.645307	-7.109089	-1.724380	3.357200	-0.534100	0.908018	0.131469	0.375243	-1.000000	-1.000000	-1.000000	-1.000000	-1.000000	-1.000000	-1.000000	74.620690	0.000000	-1.000000	-1.000000	1459528.000000	1772660807.727695
-26667.315000	-45101.160000	2375.010000	2058.705000	6051.825000	5070.420000	2979.135000	1943.460000	7.952696	10.243245	9.605661	7.945181	4.846619	2.690121	2.555666	0.467376	-1.724380	3.357200	-0.534100	0.908018	0.131469	0.375243	-1.000000	-1.000000	-1.000000	-1.000000	-1.000000	-1.000000	-1.000000	74.620690	0.000000	-1.000000	-1.000000	1459529.000000	1772660807.742644
-26669.790000	-45126.225000	2346.660000	2032.920000	6038.820000	5067.720000	2988.585000	1971.360000	9.539404	8.717651	8.024513	7.001044	5.163994	4.709044	7.632706	8.755960	-1.724380	3.357200	-0.534100	0.908018	0.131469	0.375243	-1.000000	-1.000000	-1.000000	-1.000000	-1.000000	-1.000000	-1.000000	74.620690	0.000000	-1.000000	-1.000000	1459530.000000	1772660807.742654
-26690.265000	-45147.555000	2325.780000	2012.940000	6021.945000	5048.685000	2964.105000	1951.740000	6.724520	3.846167	3.338365	2.969991	2.892995	4.222487	9.554471	12.849053	1.434440	5.173140	-0.763000	0.910337	0.126098	0.373534	-1.000000	-1.000000	-1.000000	-1.000000	-1.000000	-1.000000	-1.000000	74.620690	0.000000	-1.000000	-1.000000	1459531.000000	1772660807.745586
-26684.190000	-45144.180000	2329.110000	2013.480000	6019.560000	5047.110000	2965.860000	1946.340000	0.786520	-2.985242	-3.042500	-2.922862	-1.093412	1.035826	6.303897	11.100073	1.434440	5.173140	-0.763000	0.910337	0.126098	0.373534	-1.000000	-1.000000	-1.000000	-1.000000	-1.000000	-1.000000	-1.000000	74.620690	0.000000	-1.000000	-1.000000	1459532.000000	1772660807.745592
-26678.565000	-45127.890000	2347.425000	2030.715000	6034.410000	5058.135000	2970.540000	1953.270000	-4.601487	-8.073740	-7.429762	-7.039966	-3.911102	-2.291400	0.344152	6.108518	1.434440	5.173140	-0.763000	0.910337	0.126098	0.373534	-1.000000	-1.000000	-1.000000	-1.000000	-1.000000	-1.000000	-1.000000	74.620690	0.000000	-1.000000	-1.000000	1459533.000000	1772660807.745601
-26679.915000	-45130.770000	2344.230000	2029.770000	6035.715000	5059.080000	2969.955000	1957.545000	-6.982630	-8.426879	-6.977460	-6.449344	-3.199455	-2.922166	-4.309218	0.788881	1.434440	5.173140	-0.763000	0.910337	0.126098	0.373534	-1.000000	-1.000000	-1.000000	-1.000000	-1.000000	-1.000000	-1.000000	74.620690	0.000000	-1.000000	-1.000000	1459534.000000	1772660807.745606
-26688.735000	-45144.270000	2330.595000	2019.465000	6027.660000	5054.625000	2970.225000	1952.505000	-7.527014	-5.170697	-3.066383	-2.300653	0.050575	-0.924173	-5.948997	-4.463977	1.434440	5.173140	-0.763000	0.910337	0.126098	0.373534	-1.000000	-1.000000	-1.000000	-1.000000	-1.000000	-1.000000	-1.000000	74.620690	0.000000	-1.000000	-1.000000	1459535.000000	1772660807.745611
-26698.680000	-45134.325000	2343.060000	2032.560000	6033.645000	5057.595000	2964.195000	1926.990000	-8.068745	-1.589263	0.803783	2.057615	3.038245	1.596273	-5.177194	-9.688496	1.434440	5.173140	-0.763000	0.910337	0.126098	0.373534	-1.000000	-1.000000	-1.000000	-1.000000	-1.000000	-1.000000	-1.000000	74.620690	0.000000	-1.000000	-1.000000	1459536.000000	1772660807.745614
-26701.650000	-45129.555000	2349.270000	2036.745000	6037.830000	5060.295000	2966.760000	1925.730000	-8.259734	0.647573	2.753150	4.462536	4.036835	2.885485	-3.304110	-13.477748	1.434440	5.173140	-0.763000	0.910337	0.126098	0.373534	-1.000000	-1.000000	-1.000000	-1.000000	-1.000000	-1.000000	-1.000000	74.620690	0.000000	-1.000000	-1.000000	1459537.000000	1772660807.747608
-26674.920000	-45114.840000	2361.285000	2047.455000	6053.085000	5069.565000	2970.945000	1956.015000	-6.241501	2.040045	3.067713	4.595008	3.048072	2.307066	-1.526910	-13.503820	1.434440	5.173140	-0.763000	0.910337	0.126098	0.373534	-1.000000	-1.000000	-1.000000	-1.000000	-1.000000	-1.000000	-1.000000	74.620690	0.000000	-1.000000	-1.000000	1459538.000000	1772660807.747616
-26686.620000	-45130.230000	2344.410000	2029.095000	6040.755000	5062.770000	2963.745000	1946.610000	-0.945737	3.682579	3.016576	3.427153	1.243375	0.431631	-0.495157	-8.678106	1.434440	5.173140	-0.763000	0.910337	0.126098	0.373534	-1.000000	-1.000000	-1.000000	-1.000000	-1.000000	-1.000000	-1.000000	74.620690	0.000000	-1.000000	-1.000000	1459539.000000	1772660807.751642
-26699.670000	-45141.615000	2334.960000	2019.780000	6032.340000	5060.835000	2975.220000	1936.935000	6.116205	5.419566	3.127783	1.899076	-0.358476	-1.369759	0.344944	-0.592052	1.434440	5.173140	-0.763000	0.910337	0.126098	0.373534	-1.000000	-1.000000	-1.000000	-1.000000	-1.000000	-1.000000	-1.000000	74.620690	0.000000	-1.000000	-1.000000	1459540.000000	1772660807.751649
-26681.670000	-45127.350000	2347.425000	2032.290000	6042.915000	5070.285000	2990.520000	1956.285000	11.645756	5.719633	2.601179	0.165089	-1.523751	-1.917688	2.326833	8.007284	-1.663340	5.432560	0.152600	0.910825	0.128173	0.371825	-1.000000	-1.000000	-1.000000	-1.000000	-1.000000	-1.000000	-1.000000	74.620690	0.000000	-1.000000	-1.000000	1459541.000000	1772660807.761745
-26683.515000	-45128.970000	2345.355000	2031.345000	6040.755000	5061.060000	2966.940000	1956.150000	13.101111	3.642811	0.771972	-1.656196	-2.287969	-1.267690	4.978176	14.302442	-1.663340	5.432560	0.152600	0.910825	0.128173	0.371825	-1.000000	-1.000000	-1.000000	-1.000000	-1.000000	-1.000000	-1.000000	74.620690	0.000000	-1.000000	-1.000000	1459542.000000	1772660807.761750
-26707.095000	-45139.680000	2339.010000	2027.880000	6037.380000	5055.930000	2954.250000	1940.805000	9.500618	-0.252632	-1.961334	-3.209602	-2.823082	-0.729616	5.348513	15.150656	-1.663340	5.432560	0.152600	0.910825	0.128173	0.371825	-1.000000	-1.000000	-1.000000	-1.000000	-1.000000	-1.000000	-1.000000	74.620690	0.000000	-1.000000	-1.000000	1459543.000000	1772660807.765081
-26695.260000	-45124.785000	2353.995000	2043.540000	6052.860000	5070.465000	2969.190000	1956.600000	1.919547	-4.162915	-4.125557	-3.749010	-2.828538	-0.897338	2.037378	9.634148	-1.663340	5.432560	0.152600	0.910825	0.128173	0.371825	-1.000000	-1.000000	-1.000000	-1.000000	-1.000000	-1.000000	-1.000000	74.620690	0.000000	-1.000000	-1.000000	1459544.000000	1772660807.765088
-26683.830000	-45117.720000	2360.295000	2049.075000	6057.225000	5075.235000	2975.535000	1943.145000	-5.501988	-5.883629	-4.197260	-2.583171	-1.547614	-0.768761	-2.245926	1.300349	-1.663340	5.432560	0.152600	0.910825	0.128173	0.371825	-1.000000	-1.000000	-1.000000	-1.000000	-1.000000	-1.000000	-1.000000	74.620690	0.000000	-1.000000	-1.000000	1459545.000000	1772660807.765097
-26698.005000	-45129.015000	2350.395000	2037.060000	6043.410000	5059.710000	2956.545000	1915.425000	-8.749153	-4.945562	-2.563923	-0.616954	0.332680	-0.052514	-4.432599	-5.898408	-1.663340	5.432560	0.152600	0.910825	0.128173	0.371825	-1.000000	-1.000000	-1.000000	-1.000000	-1.000000	-1.000000	-1.000000	74.620690	0.000000	-1.000000	-1.000000	1459546.000000	1772660807.765101
-26700.165000	-45132.840000	2347.335000	2033.055000	6038.685000	5055.885000	2953.890000	1927.485000	-8.037820	-2.940541	-0.991171	0.351289	0.818665	-0.073326	-4.588135	-11.106848	-1.663340	5.432560	0.152600	0.910825	0.128173	0.371825	-1.000000	-1.000000	-1.000000	-1.000000	-1.000000	-1.000000	-1.000000	74.620690	0.000000	-1.000000	-1.000000	1459547.000000	1772660807.767640
-26708.805000	-45145.170000	2332.485000	2016.180000	6022.800000	5046.075000	2955.195000	1925.820000	-5.530480	-1.025795	-0.110503	0.069404	-0.535668	-1.297669	-3.758571	-13.260230	-1.663340	5.432560	0.152600	0.910825	0.128173	0.371825	-1.000000	-1.000000	-1.000000	-1.000000	-1.000000	-1.000000	-1.000000	74.620690	0.000000	-1.000000	-1.000000	1459548.000000	1772660807.767647
-26690.940000	-45139.725000	2333.295000	2014.380000	6021.990000	5047.605000	2961.675000	1940.445000	-1.892623	0.850286	0.561440	-0.423599	-2.109114	-2.392968	-1.969287	-9.889607	-1.663340	5.432560	0.152600	0.910825	0.128173	0.371825	-1.000000	-1.000000	-1.000000	-1.000000	-1.000000	-1.000000	-1.000000	74.620690	0.000000	-1.000000	-1.000000	1459549.000000	1772660807.771647
-26683.155000	-45138.105000	2332.620000	2013.345000	6020.370000	5047.155000	2965.680000	1951.245000	2.493038	2.443879	1.013219	-0.647989	-2.440067	-2.091377	0.636109	-1.368411	-1.663340	5.432560	0.152600	0.910825	0.128173	0.371825	-1.000000	-1.000000	-1.000000	-1.000000	-1.000000	-1.000000	-1.000000	74.620690	0.000000	-1.000000	-1.000000	1459550.000000	1772660807.771654
-26688.015000	-45132.075000	2341.305000	2020.725000	6023.880000	5048.550000	2965.770000	1943.235000	6.061121	3.203817	1.103411	-0.527247	-1.234981	-0.237858	3.510785	7.809743	-3.158820	6.134520	-0.625660	0.909299	0.130493	0.374145	-1.000000	-1.000000	-1.000000	-1.000000	-1.000000	-1.000000	-1.000000	74.620690	0.000000	-1.000000	-1.000000	1459551.000000	1772660807.775629
-26675.280000	-45117.045000	2358.045000	2039.940000	6044.265000	5059.935000	2965.545000	1957.185000	7.367701	3.430276	1.580362	0.569807	1.346897	2.566730	5.876864	12.819651	-3.158820	6.134520	-0.625660	0.909299	0.130493	0.374145	-1.000000	-1.000000	-1.000000	-1.000000	-1.000000	-1.000000	-1.000000	74.620690	0.000000	-1.000000	-1.000000	1459552.000000	1772660807.775635
-26676.945000	-45119.070000	2361.195000	2047.185000	6056.550000	5070.015000	2964.465000	1961.865000	6.113532	3.464038	2.845059	2.840565	4.723481	5.162631	6.250404	12.067089	-3.158820	6.134520	-0.625660	0.909299	0.130493	0.374145	-1.000000	-1.000000	-1.000000	-1.000000	-1.000000	-1.000000	-1.000000	74.620690	0.000000	-1.000000	-1.000000	1459553.000000	1772660807.779608
-26721.855000	-45154.665000	2329.920000	2017.890000	6031.755000	5051.790000	2949.615000	1917.765000	2.060726	2.079651	3.228164	4.452910	6.951341	5.931092	3.505244	6.747301	-3.158820	6.134520	-0.625660	0.909299	0.130493	0.374145	-1.000000	-1.000000	-1.000000	-1.000000	-1.000000	-1.000000	-1.000000	74.620690	0.000000	-1.000000	-1.000000	1459554.000000	1772660807.779616
-26711.955000	-45145.890000	2336.535000	2023.605000	6037.605000	5056.470000	2948.220000	1920.780000	-4.470052	-1.715158	0.899648	3.196351	5.825902	3.909884	-1.374312	-1.211154	-3.158820	6.134520	-0.625660	0.909299	0.130493	0.374145	-1.000000	-1.000000	-1.000000	-1.000000	-1.000000	-1.000000	-1.000000	74.620690	0.000000	-1.000000	-1.000000	1459555.000000	1772660807.784886
-26673.615000	-45109.845000	2371.995000	2059.560000	6073.335000	5091.975000	2977.065000	1979.010000	-9.634886	-5.144990	-2.241711	0.376617	2.318477	0.699228	-5.188320	-8.128643	-3.158820	6.134520	-0.625660	0.909299	0.130493	0.374145	-1.000000	-1.000000	-1.000000	-1.000000	-1.000000	-1.000000	-1.000000	74.620690	0.000000	-1.000000	-1.000000	1459556.000000	1772660807.784893
-26679.420000	-45098.280000	2390.310000	2079.810000	6093.630000	5110.200000	2987.235000	1977.795000	-8.364270	-3.689862	-1.802573	0.130772	0.426055	-0.338272	-4.886854	-9.095812	-3.158820	6.134520	-0.625660	0.909299	0.130493	0.374145	-1.000000	-1.000000	-1.000000	-1.000000	-1.000000	-1.000000	-1.000000	74.620690	0.000000	-1.000000	-1.000000	1459557.000000	1772660807.787507
-26685.990000	-45109.755000	2375.640000	2061.720000	6072.795000	5087.295000	2974.140000	1956.645000	-1.489707	2.285891	2.676495	3.247085	1.503007	1.282499	-1.113920	-4.221720	-3.158820	6.134520	-0.625660	0.909299	0.130493	0.374145	-1.000000	-1.000000	-1.000000	-1.000000	-1.000000	-1.000000	-1.000000	74.620690	0.000000	-1.000000	-1.000000	1459558.000000	1772660807.787514
-26708.895000	-45152.370000	2322.540000	2004.030000	6012.405000	5032.620000	2950.110000	1908.495000	4.516390	6.483193	5.529412	4.523166	1.276439	1.248813	1.917277	-0.046587	-3.158820	6.134520	-0.625660	0.909299	0.130493	0.374145	-1.000000	-1.000000	-1.000000	-1.000000	-1.000000	-1.000000	-1.000000	74.620690	0.000000	-1.000000	-1.000000	1459559.000000	1772660807.791688
-26730.450000	-45161.280000	2317.005000	1998.045000	6003.585000	5026.725000	2953.845000	1901.520000	4.827219	3.492496	1.280782	-1.148392	-4.710961	-4.200759	1.211612	-1.608671	-3.158820	6.134520	-0.625660	0.909299	0.130493	0.374145	-1.000000	-1.000000	-1.000000	-1.000000	-1.000000	-1.000000	-1.000000	74.620690	0.000000	-1.000000	-1.000000	1459560.000000	1772660807.791694
-26697.555000	-45142.515000	2334.690000	2017.260000	6023.340000	5045.265000	2963.070000	1929.825000	0.408011	-4.984892	-8.172652	-11.397991	-14.061066	-12.320409	-1.885549	-6.517661	-2.441600	6.241340	0.061040	0.908506	0.130066	0.374816	-1.000000	-1.000000	-1.000000	-1.000000	-1.000000	-1.000000	-1.000000	74.620690	0.000000	-1.000000	-1.000000	1459561.000000	1772660807.798976
-26680.320000	-45142.965000	2330.145000	2012.985000	6023.385000	5051.205000	2973.150000	1946.925000	-3.140080	-11.547456	-14.906162	-17.880792	-18.897626	-15.896900	-3.691725	-7.710872	-2.441600	6.241340	0.061040	0.908506	0.130066	0.374816	-1.000000	-1.000000	-1.000000	-1.000000	-1.000000	-1.000000	-1.000000	74.620690	0.000000	-1.000000	-1.000000	1459562.000000	1772660807.798983
-26691.390000	-45135.180000	2339.460000	2022.255000	6031.935000	5057.460000	2964.015000	1922.085000	-1.138883	-10.142725	-12.734765	-14.424889	-13.683577	-10.487635	-2.048847	-1.223804	-2.441600	6.241340	0.061040	0.908506	0.130066	0.374816	-1.000000	-1.000000	-1.000000	-1.000000	-1.000000	-1.000000	-1.000000	74.620690	0.000000	-1.000000	-1.000000	1459563.000000	1772660807.799537
-26701.380000	-45135.045000	2345.760000	2030.175000	6039.000000	5055.840000	2937.915000	1901.610000	4.404567	-1.484575	-2.411431	-2.241119	-0.262454	1.409733	1.325724	8.343555	-2.441600	6.241340	0.061040	0.908506	0.130066	0.374816	-1.000000	-1.000000	-1.000000	-1.000000	-1.000000	-1.000000	-1.000000	74.620690	0.000000	-1.000000	-1.000000	1459564.000000	1772660807.799544
-26704.485000	-45143.550000	2336.670000	2019.825000	6028.065000	5051.655000	2949.120000	1908.810000	7.061737	7.727772	9.150526	11.054983	13.342800	12.192081	2.529845	12.199988	-2.441600	6.241340	0.061040	0.908506	0.130066	0.374816	-1.000000	-1.000000	-1.000000	-1.000000	-1.000000	-1.000000	-1.000000	74.620690	0.000000	-1.000000	-1.000000	1459565.000000	1772660807.803607
-26696.520000	-45141.840000	2334.780000	2016.135000	6021.360000	5050.440000	2962.755000	1929.915000	3.925982	11.085159	14.553475	17.351632	19.070630	15.480496	0.589011	7.855841	-2.441600	6.241340	0.061040	0.908506	0.130066	0.374816	-1.000000	-1.000000	-1.000000	-1.000000	-1.000000	-1.000000	-1.000000	74.620690	0.000000	-1.000000	-1.000000	1459566.000000	1772660807.803622
-26693.145000	-45139.860000	2337.570000	2019.420000	6023.520000	5049.405000	2964.645000	1938.690000	-1.766770	8.096956	12.208689	14.788900	15.507444	11.476892	-1.244197	1.370494	-2.441600	6.241340	0.061040	0.908506	0.130066	0.374816	-1.000000	-1.000000	-1.000000	-1.000000	-1.000000	-1.000000	-1.000000	74.620690	0.000000	-1.000000	-1.000000	1459567.000000	1772660807.807632
-26691.975000	-45124.740000	2358.045000	2041.920000	6043.905000	5057.955000	2955.870000	1942.020000	-4.949795	3.446289	6.826877	8.497832	8.373065	5.643911	-0.127213	-0.576851	-2.441600	6.241340	0.061040	0.908506	0.130066	0.374816	-1.000000	-1.000000	-1.000000	-1.000000	-1.000000	-1.000000	-1.000000	74.620690	0.000000	-1.000000	-1.000000	1459568.000000	1772660807.807652
-26684.775000	-45112.185000	2368.620000	2052.225000	6053.805000	5066.550000	2956.905000	1937.205000	-3.567852	1.303061	3.303811	3.973377	3.529362	2.275756	2.858356	2.230319	-2.441600	6.241340	0.061040	0.908506	0.130066	0.374816	-1.000000	-1.000000	-1.000000	-1.000000	-1.000000	-1.000000	-1.000000	74.620690	0.000000	-1.000000	-1.000000	1459569.000000	1772660807.811747
-26684.730000	-45128.835000	2352.825000	2036.880000	6041.655000	5064.930000	2962.665000	1930.860000	-0.076246	1.131185	1.518034	1.304374	1.000788	0.734238	4.525042	4.216456	-2.441600	6.241340	0.061040	0.908506	0.130066	0.374816	-1.000000	-1.000000	-1.000000	-1.000000	-1.000000	-1.000000	-1.000000	74.620690	0.000000	-1.000000	-1.000000	1459570.000000	1772660807.811755
-26701.920000	-45146.070000	2339.415000	2026.485000	6034.320000	5069.160000	2982.060000	1941.480000	1.556667	-0.374436	-1.516975	-2.457369	-2.453583	-1.557902	3.609275	1.406741	-1.739640	5.768280	0.167860	0.907713	0.128845	0.373961	-1.000000	-1.000000	-1.000000	-1.000000	-1.000000	-1.000000	-1.000000	74.620690	0.000000	-1.000000	-1.000000	1459571.000000	1772660807.815635
-26681.355000	-45125.325000	2352.735000	2035.755000	6042.600000	5071.050000	2979.990000	1952.955000	0.367985	-4.203530	-6.423972	-7.790961	-7.551161	-4.951899	1.765719	-3.661549	-1.739640	5.768280	0.167860	0.907713	0.128845	0.373961	-1.000000	-1.000000	-1.000000	-1.000000	-1.000000	-1.000000	-1.000000	74.620690	0.000000	-1.000000	-1.000000	1459572.000000	1772660807.815643
-26694.990000	-45140.355000	2340.675000	2025.630000	6035.355000	5060.655000	2957.130000	1939.095000	-1.439042	-7.886063	-10.717579	-12.167603	-11.858017	-7.945983	0.346777	-6.503647	-1.739640	5.768280	0.167860	0.907713	0.128845	0.373961	-1.000000	-1.000000	-1.000000	-1.000000	-1.000000	-1.000000	-1.000000	74.620690	0.000000	-1.000000	-1.000000	1459573.000000	1772660807.819648
-26724.330000	-45162.855000	2321.730000	2007.855000	6017.535000	5049.450000	2959.965000	1924.110000	-2.562798	-9.172940	-12.055628	-13.248562	-12.985522	-9.412143	-1.674437	-6.799871	-1.739640	5.768280	0.167860	0.907713	0.128845	0.373961	-1.000000	-1.000000	-1.000000	-1.000000	-1.000000	-1.000000	-1.000000	74.620690	0.000000	-1.000000	-1.000000	1459574.000000	1772660807.819656
-26705.790000	-45135.765000	2344.680000	2027.745000	6034.455000	5060.025000	2973.510000	1932.705000	-3.515831	-7.616211	-9.627118	-10.210213	-10.048491	-8.601623	-4.771346	-6.710646	-1.739640	5.768280	0.167860	0.907713	0.128845	0.373961	-1.000000	-1.000000	-1.000000	-1.000000	-1.000000	-1.000000	-1.000000	74.620690	0.000000	-1.000000	-1.000000	1459575.000000	1772660807.832240
-26676.855000	-45117.945000	2356.110000	2038.005000	6042.105000	5058.855000	2960.280000	1945.890000	-3.206555	-2.759057	-3.257537	-3.142870	-3.201038	-4.666678	-6.802777	-6.048387	-1.739640	5.768280	0.167860	0.907713	0.128845	0.373961	-1.000000	-1.000000	-1.000000	-1.000000	-1.000000	-1.000000	-1.000000	74.620690	0.000000	-1.000000	-1.000000	1459576.000000	1772660807.832250
-26691.120000	-45138.780000	2336.355000	2019.600000	6024.960000	5048.145000	2957.760000	1942.020000	0.209284	4.295754	4.971391	5.482853	5.089466	1.437358	-5.882730	-2.925317	-1.739640	5.768280	0.167860	0.907713	0.128845	0.373961	-1.000000	-1.000000	-1.000000	-1.000000	-1.000000	-1.000000	-1.000000	74.620690	0.000000	-1.000000	-1.000000	1459577.000000	1772660807.832533
-26689.680000	-45134.820000	2340.810000	2023.650000	6028.785000	5054.355000	2964.285000	1943.235000	4.856087	9.213749	10.244975	10.763379	10.107074	6.319556	-2.546359	2.212218	-1.739640	5.768280	0.167860	0.907713	0.128845	0.373961	-1.000000	-1.000000	-1.000000	-1.000000	-1.000000	-1.000000	-1.000000	74.620690	0.000000	-1.000000	-1.000000	1459578.000000	1772660807.832541
-26686.575000	-45133.740000	2341.530000	2024.550000	6030.495000	5059.485000	2968.245000	1943.235000	6.888821	9.151950	10.077787	10.370288	9.600712	7.584863	1.318111	6.529176	-1.739640	5.768280	0.167860	0.907713	0.128845	0.373961	-1.000000	-1.000000	-1.000000	-1.000000	-1.000000	-1.000000	-1.000000	74.620690	0.000000	-1.000000	-1.000000	1459579.000000	1772660807.832549
-26691.840000	-45134.190000	2344.185000	2026.710000	6032.385000	5066.730000	2979.270000	1936.710000	5.300569	5.669571	6.509657	6.527479	5.714897	5.898686	4.031147	7.723111	-1.739640	5.768280	0.167860	0.907713	0.128845	0.373961	-1.000000	-1.000000	-1.000000	-1.000000	-1.000000	-1.000000	-1.000000	74.620690	0.000000	-1.000000	-1.000000	1459580.000000	1772660807.832554
-26697.195000	-45121.725000	2362.230000	2045.160000	6047.820000	5077.980000	2993.400000	1944.270000	1.462100	1.429697	2.514844	2.400292	1.614797	3.354598	5.410034	5.534418	-1.281840	4.608520	-0.717220	0.904600	0.126587	0.375731	-1.000000	-1.000000	-1.000000	-1.000000	-1.000000	-1.000000	-1.000000	74.620690	0.000000	-1.000000	-1.000000	1459581.000000	1772660807.835753
-26702.550000	-45117.405000	2373.075000	2058.435000	6060.825000	5079.960000	2975.445000	1946.430000	-2.689915	-1.571290	0.128381	0.148557	-0.503119	1.681542	6.054305	1.865611	-1.281840	4.608520	-0.717220	0.904600	0.126587	0.375731	-1.000000	-1.000000	-1.000000	-1.000000	-1.000000	-1.000000	-1.000000	74.620690	0.000000	-1.000000	-1.000000	1459582.000000	1772660807.835761
-26707.770000	-45138.330000	2347.380000	2032.560000	6037.605000	5067.450000	2966.355000	1927.080000	-4.992357	-2.426350	-0.259428	0.105911	-0.203696	1.069697	4.973695	-1.083724	-1.281840	4.608520	-0.717220	0.904600	0.126587	0.375731	-1.000000	-1.000000	-1.000000	-1.000000	-1.000000	-1.000000	-1.000000	74.620690	0.000000	-1.000000	-1.000000	1459583.000000	1772660807.839746
-26666.235000	-45119.070000	2354.085000	2035.080000	6037.110000	5071.860000	3001.635000	1950.300000	-4.331081	-2.459635	-0.817727	-0.140853	0.260659	0.226318	1.392684	-2.760046	-1.281840	4.608520	-0.717220	0.904600	0.126587	0.375731	-1.000000	-1.000000	-1.000000	-1.000000	-1.000000	-1.000000	-1.000000	74.620690	0.000000	-1.000000	-1.000000	1459584.000000	1772660807.839753
-26658.180000	-45107.190000	2369.700000	2055.015000	6056.190000	5075.235000	2989.935000	1965.780000	-1.106254	-2.901519	-3.045006	-2.359599	-1.072436	-1.446714	-2.266248	-2.928404	-1.281840	4.608520	-0.717220	0.904600	0.126587	0.375731	-1.000000	-1.000000	-1.000000	-1.000000	-1.000000	-1.000000	-1.000000	74.620690	0.000000	-1.000000	-1.000000	1459585.000000	1772660807.843741
-26697.555000	-45126.675000	2362.410000	2053.035000	6054.525000	5067.045000	2941.155000	1936.710000	2.525887	-3.100015	-5.203761	-4.752254	-2.961328	-3.126766	-4.232313	-1.541835	-1.281840	4.608520	-0.717220	0.904600	0.126587	0.375731	-1.000000	-1.000000	-1.000000	-1.000000	-1.000000	-1.000000	-1.000000	74.620690	0.000000	-1.000000	-1.000000	1459586.000000	1772660807.843748
-26721.450000	-45136.215000	2357.190000	2046.465000	6045.390000	5065.515000	2953.845000	1924.110000	2.823771	-2.805706	-5.398513	-5.137913	-3.636300	-4.238248	-6.026876	-0.491824	-1.281840	4.608520	-0.717220	0.904600	0.126587	0.375731	-1.000000	-1.000000	-1.000000	-1.000000	-1.000000	-1.000000	-1.000000	74.620690	0.000000	-1.000000	-1.000000	1459587.000000	1772660807.847675
-26715.465000	-45136.125000	2352.960000	2039.355000	6038.235000	5061.330000	2964.105000	1931.760000	-1.402295	-2.507203	-3.840755	-3.777615	-3.327119	-4.809835	-7.769619	-1.308081	-1.281840	4.608520	-0.717220	0.904600	0.126587	0.375731	-1.000000	-1.000000	-1.000000	-1.000000	-1.000000	-1.000000	-1.000000	74.620690	0.000000	-1.000000	-1.000000	1459588.000000	1772660807.847684
-26687.970000	-45129.240000	2349.405000	2031.030000	6032.070000	5067.990000	2986.470000	1943.145000	-5.910848	-1.950485	-1.835626	-2.288291	-3.074515	-4.635548	-6.751629	-2.453162	-1.281840	4.608520	-0.717220	0.904600	0.126587	0.375731	-1.000000	-1.000000	-1.000000	-1.000000	-1.000000	-1.000000	-1.000000	74.620690	0.000000	-1.000000	-1.000000	1459589.000000	1772660807.851709
-26690.895000	-45137.385000	2342.205000	2023.560000	6026.310000	5070.825000	3003.345000	1939.905000	-5.437036	-0.788501	-0.695864	-1.986400	-3.356546	-3.220392	-1.344184	-1.736992	-1.281840	4.608520	-0.717220	0.904600	0.126587	0.375731	-1.000000	-1.000000	-1.000000	-1.000000	-1.000000	-1.000000	-1.000000	74.620690	0.000000	-1.000000	-1.000000	1459590.000000	1772660807.851717
-26688.690000	-45129.690000	2353.230000	2033.100000	6028.380000	5059.395000	2983.860000	1944.405000	0.519234	0.913820	-0.379090	-2.380734	-3.444886	-0.491847	6.536152	0.883485	-2.472120	3.830260	0.427280	0.903318	0.127990	0.376037	-1.000000	-1.000000	-1.000000	-1.000000	-1.000000	-1.000000	-1.000000	74.620690	0.000000	-1.000000	-1.000000	1459591.000000	1772660807.855858
-26694.315000	-45120.960000	2365.020000	2034.000000	6020.280000	5066.235000	2979.810000	1940.760000	7.318145	3.135867	0.922015	-1.215063	-1.809284	2.746323	11.855623	3.801334	-2.472120	3.830260	0.427280	0.903318	0.127990	0.376037	-1.000000	-1.000000	-1.000000	-1.000000	-1.000000	-1.000000	-1.000000	74.620690	0.000000	-1.000000	-1.000000	1459592.000000	1772660807.855865
-26719.155000	-45151.785000	2327.670000	1964.160000	5927.985000	5034.735000	2987.550000	1925.775000	8.806936	4.613510	3.451350	1.386324	0.461235	4.901375	10.500582	4.617781	-2.472120	3.830260	0.427280	0.903318	0.127990	0.376037	-1.000000	-1.000000	-1.000000	-1.000000	-1.000000	-1.000000	-1.000000	74.620690	0.000000	-1.000000	-1.000000	1459593.000000	1772660807.861105
-26692.740000	-45116.820000	2362.545000	1946.835000	5873.130000	5021.640000	2992.185000	1936.170000	3.231236	3.554369	4.729007	1.408167	-1.286195	4.190237	3.967370	1.982860	-2.472120	3.830260	0.427280	0.903318	0.127990	0.376037	-1.000000	-1.000000	-1.000000	-1.000000	-1.000000	-1.000000	-1.000000	74.620690	0.000000	-1.000000	-1.000000	1459594.000000	1772660807.861112
-26693.010000	-45115.155000	2371.050000	1907.730000	5829.930000	5011.785000	2963.880000	1923.840000	-3.644948	1.405345	4.183233	-2.893818	-8.400412	0.623911	-2.492814	-1.911486	-2.472120	3.830260	0.427280	0.903318	0.127990	0.376037	-1.000000	-1.000000	-1.000000	-1.000000	-1.000000	-1.000000	-1.000000	74.620690	0.000000	-1.000000	-1.000000	1459595.000000	1772660807.863819
-26733.015000	-45170.685000	2313.405000	1848.735000	5824.575000	5059.125000	3036.375000	1922.490000	-5.664387	0.310014	2.953213	-8.336849	-14.636629	-2.566633	-5.202945	-3.661824	-2.472120	3.830260	0.427280	0.903318	0.127990	0.376037	-1.000000	-1.000000	-1.000000	-1.000000	-1.000000	-1.000000	-1.000000	74.620690	0.000000	-1.000000	-1.000000	1459596.000000	1772660807.863835
-26708.760000	-45134.640000	2345.175000	1895.400000	5903.010000	5131.260000	3147.885000	1963.620000	-3.433198	-0.759952	0.552574	-10.098047	-11.043362	-0.610778	-1.966709	-2.116638	-2.472120	3.830260	0.427280	0.903318	0.127990	0.376037	-1.000000	-1.000000	-1.000000	-1.000000	-1.000000	-1.000000	-1.000000	74.620690	0.000000	-1.000000	-1.000000	1459597.000000	1772660807.867567
-26630.100000	-45047.700000	2426.175000	1993.455000	5986.575000	5119.605000	3051.270000	2002.275000	0.442840	-1.086207	-1.299417	-2.841089	6.709624	7.363765	5.713074	2.340851	-2.472120	3.830260	0.427280	0.903318	0.127990	0.376037	-1.000000	-1.000000	-1.000000	-1.000000	-1.000000	-1.000000	-1.000000	74.620690	0.000000	-1.000000	-1.000000	1459598.000000	1772660807.867572
-26689.410000	-45114.750000	2341.620000	1959.120000	5984.775000	5051.880000	2907.945000	1937.835000	5.167584	1.887171	0.310977	14.059785	32.177774	14.035975	7.134828	7.145723	-2.472120	3.830260	0.427280	0.903318	0.127990	0.376037	-1.000000	-1.000000	-1.000000	-1.000000	-1.000000	-1.000000	-1.000000	74.620690	0.000000	-1.000000	-1.000000	1459599.000000	1772660807.871836
-26691.390000	-45089.640000	2344.680000	1997.865000	6074.730000	5078.340000	2948.895000	1933.695000	7.627528	5.350409	2.117121	30.712048	50.336752	10.788463	-5.991970	7.073685	-2.472120	3.830260	0.427280	0.903318	0.127990	0.376037	-1.000000	-1.000000	-1.000000	-1.000000	-1.000000	-1.000000	-1.000000	74.620690	0.000000	-1.000000	-1.000000	1459600.000000	1772660807.871855
-26694.720000	-45087.480000	2355.795000	1995.660000	6049.170000	5030.280000	2898.810000	1922.625000	4.386229	4.626780	-0.253757	35.288058	49.852353	-1.750409	-24.793656	0.181404	-4.608520	-2.945180	4.196500	0.897947	0.127197	0.382384	-1.000000	-1.000000	-1.000000	-1.000000	-1.000000	-1.000000	-1.000000	74.620690	0.000000	-1.000000	-1.000000	1459601.000000	1772660807.875692
-26716.545000	-45147.330000	2328.390000	1986.570000	5976.360000	5006.295000	2909.970000	1931.040000	-3.000230	-0.697300	-4.870278	25.070746	29.297866	-15.597310	-33.297124	-8.758008	-4.608520	-2.945180	4.196500	0.897947	0.127197	0.382384	-1.000000	-1.000000	-1.000000	-1.000000	-1.000000	-1.000000	-1.000000	74.620690	0.000000	-1.000000	-1.000000	1459602.000000	1772660807.875697
-26718.210000	-45160.290000	2318.220000	1982.160000	5949.810000	5022.630000	2950.155000	1911.960000	-10.098418	-9.084002	-8.422965	5.545802	-4.708860	-22.696386	-23.395702	-13.371252	-4.608520	-2.945180	4.196500	0.897947	0.127197	0.382384	-1.000000	-1.000000	-1.000000	-1.000000	-1.000000	-1.000000	-1.000000	74.620690	0.000000	-1.000000	-1.000000	1459603.000000	1772660807.879731
-26675.415000	-45128.700000	2322.990000	1950.435000	5916.285000	5059.710000	3010.185000	1947.555000	-12.171343	-16.237740	-9.364566	-14.747380	-39.042342	-18.378108	2.558261	-10.571166	-4.608520	-2.945180	4.196500	0.897947	0.127197	0.382384	-1.000000	-1.000000	-1.000000	-1.000000	-1.000000	-1.000000	-1.000000	74.620690	0.000000	-1.000000	-1.000000	1459604.000000	1772660807.879738
-26673.930000	-45115.650000	2343.465000	1921.905000	5870.655000	5052.330000	2986.380000	1931.535000	-5.921925	-14.801101	-5.516712	-28.600762	-60.412577	-5.068671	30.863747	-1.781102	-4.608520	-2.945180	4.196500	0.897947	0.127197	0.382384	-1.000000	-1.000000	-1.000000	-1.000000	-1.000000	-1.000000	-1.000000	74.620690	0.000000	-1.000000	-1.000000	1459605.000000	1772660807.883798
-26687.565000	-45139.905000	2318.985000	1858.230000	5864.085000	5044.725000	2979.585000	1918.485000	4.857508	-4.069443	2.312565	-34.757039	-63.620466	7.752219	42.760108	6.708996	-4.608520	-2.945180	4.196500	0.897947	0.127197	0.382384	-1.000000	-1.000000	-1.000000	-1.000000	-1.000000	-1.000000	-1.000000	74.620690	0.000000	-1.000000	-1.000000	1459606.000000	1772660807.883806
-26704.755000	-45148.185000	2306.205000	1821.375000	5909.040000	5074.470000	3008.880000	1914.975000	10.472655	6.744752	7.807543	-36.733981	-50.022827	13.260424	33.133037	8.590916	-4.608520	-2.945180	4.196500	0.897947	0.127197	0.382384	-1.000000	-1.000000	-1.000000	-1.000000	-1.000000	-1.000000	-1.000000	74.620690	0.000000	-1.000000	-1.000000	1459607.000000	1772660807.887770
-26671.275000	-45052.245000	2421.720000	1943.190000	5975.055000	5071.815000	2988.855000	1926.045000	7.351191	11.831842	8.962006	-32.795237	-22.140919	13.582518	15.111377	5.034674	-4.608520	-2.945180	4.196500	0.897947	0.127197	0.382384	-1.000000	-1.000000	-1.000000	-1.000000	-1.000000	-1.000000	-1.000000	74.620690	0.000000	-1.000000	-1.000000	1459608.000000	1772660807.887774
-26637.345000	-45048.915000	2419.065000	1967.130000	5934.960000	5033.475000	2949.795000	1957.590000	2.014883	14.527418	11.360930	-15.166777	12.965224	12.103760	0.411978	2.571214	-4.608520	-2.945180	4.196500	0.897947	0.127197	0.382384	-1.000000	-1.000000	-1.000000	-1.000000	-1.000000	-1.000000	-1.000000	74.620690	0.000000	-1.000000	-1.000000	1459609.000000	1772660807.891739
-26698.095000	-45138.870000	2342.655000	1876.050000	5838.705000	5019.885000	2939.985000	1939.410000	0.239835	15.584416	14.720884	13.734597	40.878682	8.145643	-10.517770	4.217185	-4.608520	-2.945180	4.196500	0.897947	0.127197	0.382384	-1.000000	-1.000000	-1.000000	-1.000000	-1.000000	-1.000000	-1.000000	74.620690	0.000000	-1.000000	-1.000000	1459610.000000	1772660807.891746
-26725.590000	-45181.035000	2300.175000	1828.710000	5740.380000	5036.670000	2966.445000	1938.780000	-0.117017	9.770138	10.405308	36.629183	48.807208	2.098948	-18.763155	6.707624	-5.432560	-8.835540	-1.297100	0.912412	0.123291	0.395385	-1.000000	-1.000000	-1.000000	-1.000000	-1.000000	-1.000000	-1.000000	74.620690	0.000000	-1.000000	-1.000000	1459611.000000	1772660807.895627
-26727.525000	-45168.615000	2303.190000	1838.520000	5713.875000	5072.715000	2992.230000	1937.250000	-3.134315	-3.532463	-4.230953	39.795261	35.577811	-2.936260	-22.204821	5.743220	-5.432560	-8.835540	-1.297100	0.912412	0.123291	0.395385	-1.000000	-1.000000	-1.000000	-1.000000	-1.000000	-1.000000	-1.000000	74.620690	0.000000	-1.000000	-1.000000	1459612.000000	1772660807.895636
-26669.790000	-45125.145000	2335.635000	1834.470000	5728.815000	5071.635000	3004.380000	1957.230000	-7.330007	-16.109276	-19.873379	26.559827	12.692940	-5.302862	-19.749455	0.822048	-5.432560	-8.835540	-1.297100	0.912412	0.123291	0.395385	-1.000000	-1.000000	-1.000000	-1.000000	-1.000000	-1.000000	-1.000000	74.620690	0.000000	-1.000000	-1.000000	1459613.000000	1772660807.899957
-26627.175000	-45106.560000	2348.235000	1839.735000	5783.220000	5015.520000	2949.885000	1977.795000	-6.856325	-18.652647	-24.829050	9.681271	-3.774690	-6.942702	-13.832157	-4.846891	-5.432560	-8.835540	-1.297100	0.912412	0.123291	0.395385	-1.000000	-1.000000	-1.000000	-1.000000	-1.000000	-1.000000	-1.000000	74.620690	0.000000	-1.000000	-1.000000	1459614.000000	1772660807.899965
-26681.400000	-45130.455000	2325.555000	1925.595000	5930.865000	5034.285000	2949.345000	1957.680000	0.003184	-10.006967	-16.344664	-0.397745	-4.132511	-10.124498	-7.865173	-7.787777	-5.432560	-8.835540	-1.297100	0.912412	0.123291	0.395385	-1.000000	-1.000000	-1.000000	-1.000000	-1.000000	-1.000000	-1.000000	74.620690	0.000000	-1.000000	-1.000000	1459615.000000	1772660807.903902
-26699.355000	-45118.080000	2321.730000	2021.220000	6085.935000	5052.285000	2963.385000	1920.915000	6.867109	2.273917	-1.768549	0.655816	10.529252	-12.454945	-1.822950	-7.905566	-5.432560	-8.835540	-1.297100	0.912412	0.123291	0.395385	-1.000000	-1.000000	-1.000000	-1.000000	-1.000000	-1.000000	-1.000000	74.620690	0.000000	-1.000000	-1.000000	1459616.000000	1772660807.903909
-26729.640000	-45132.705000	2293.830000	1988.280000	6183.045000	5102.010000	2992.905000	1920.285000	6.403439	8.909370	8.172754	7.120613	29.731122	-8.515190	6.913750	-7.615812	-5.432560	-8.835540	-1.297100	0.912412	0.123291	0.395385	-1.000000	-1.000000	-1.000000	-1.000000	-1.000000	-1.000000	-1.000000	74.620690	0.000000	-1.000000	-1.000000	1459617.000000	1772660807.911171
-26741.745000	-45146.340000	2301.525000	1969.830000	6162.570000	5094.135000	2972.430000	1927.260000	-1.850598	6.437628	8.407211	6.274250	38.986685	3.427368	17.869161	-7.669695	-5.432560	-8.835540	-1.297100	0.912412	0.123291	0.395385	-1.000000	-1.000000	-1.000000	-1.000000	-1.000000	-1.000000	-1.000000	74.620690	0.000000	-1.000000	-1.000000	1459618.000000	1772660807.911181
-26736.525000	-45145.170000	2336.175000	2065.995000	6107.805000	5068.710000	2943.360000	1916.010000	-10.371074	0.721937	5.050877	-4.246038	28.835358	17.284438	24.808886	-6.121779	-5.432560	-8.835540	-1.297100	0.912412	0.123291	0.395385	-1.000000	-1.000000	-1.000000	-1.000000	-1.000000	-1.000000	-1.000000	74.620690	0.000000	-1.000000	-1.000000	1459619.000000	1772660807.911860
-26700.750000	-45151.020000	2329.470000	2045.295000	5991.660000	5059.260000	2962.305000	1923.930000	-9.870914	-0.000938	7.133258	-13.263802	-0.358416	22.361511	20.649913	-1.433747	-5.432560	-8.835540	-1.297100	0.912412	0.123291	0.395385	-1.000000	-1.000000	-1.000000	-1.000000	-1.000000	-1.000000	-1.000000	74.620690	0.000000	-1.000000	-1.000000	1459620.000000	1772660807.911867
-26707.455000	-45138.015000	2341.395000	1903.500000	5852.835000	5055.750000	2976.435000	1911.510000	0.700517	4.439861	13.895333	-16.152563	-40.817881	12.953961	5.601892	4.904174	1.083460	-8.560860	-2.884140	0.924009	0.117431	0.410582	-1.000000	-1.000000	-1.000000	-1.000000	-1.000000	-1.000000	-1.000000	74.620690	0.000000	-1.000000	-1.000000	1459621.000000	1772660807.915802
-26704.800000	-45139.770000	2325.195000	1803.420000	5738.445000	5033.070000	2985.030000	1914.660000	12.022148	7.418289	16.553624	-21.214238	-80.113221	-5.630344	-11.611619	9.144164	1.083460	-8.560860	-2.884140	0.924009	0.117431	0.410582	-1.000000	-1.000000	-1.000000	-1.000000	-1.000000	-1.000000	-1.000000	74.620690	0.000000	-1.000000	-1.000000	1459622.000000	1772660807.915812
-26703.990000	-45132.480000	2355.705000	1893.105000	5724.180000	5037.525000	2998.755000	1911.870000	14.456203	4.581129	9.806092	-31.213016	-102.694671	-21.173264	-20.353095	8.816861	1.083460	-8.560860	-2.884140	0.924009	0.117431	0.410582	-1.000000	-1.000000	-1.000000	-1.000000	-1.000000	-1.000000	-1.000000	74.620690	0.000000	-1.000000	-1.000000	1459623.000000	1772660807.921248
-26729.460000	-45151.605000	2325.420000	1982.160000	5836.950000	5039.235000	2980.755000	1912.410000	7.791418	-2.134673	-2.717722	-34.221846	-94.554053	-24.444485	-16.330572	5.485763	1.083460	-8.560860	-2.884140	0.924009	0.117431	0.410582	-1.000000	-1.000000	-1.000000	-1.000000	-1.000000	-1.000000	-1.000000	74.620690	0.000000	-1.000000	-1.000000	1459624.000000	1772660807.921256
-26699.850000	-45109.620000	2339.910000	1988.595000	5960.880000	5025.645000	2983.365000	1935.045000	-0.853543	-7.892615	-13.808023	-19.950682	-51.050743	-15.871924	-4.964763	3.221180	1.083460	-8.560860	-2.884140	0.924009	0.117431	0.410582	-1.000000	-1.000000	-1.000000	-1.000000	-1.000000	-1.000000	-1.000000	74.620690	0.000000	-1.000000	-1.000000	1459625.000000	1772660807.923875
-26672.490000	-45149.445000	2284.560000	1959.795000	6115.005000	5082.030000	2977.425000	1956.510000	-4.627901	-9.433034	-19.345450	6.223968	18.132396	-2.174259	4.750153	4.161752	1.083460	-8.560860	-2.884140	0.924009	0.117431	0.410582	-1.000000	-1.000000	-1.000000	-1.000000	-1.000000	-1.000000	-1.000000	74.620690	0.000000	-1.000000	-1.000000	1459626.000000	1772660807.923881
-26737.020000	-45208.530000	2243.790000	1952.325000	6151.995000	5090.670000	2977.785000	1947.105000	-2.376940	-7.226910	-19.498892	29.929627	91.107385	11.519864	8.519064	6.254597	1.083460	-8.560860	-2.884140	0.924009	0.117431	0.410582	-1.000000	-1.000000	-1.000000	-1.000000	-1.000000	-1.000000	-1.000000	74.620690	0.000000	-1.000000	-1.000000	1459627.000000	1772660807.928218
-26748.675000	-45159.930000	2301.210000	1968.705000	6048.360000	5069.430000	2968.605000	1910.205000	0.335985	-3.482917	-15.373221	39.722408	138.728645	21.751533	7.271529	5.250860	1.083460	-8.560860	-2.884140	0.924009	0.117431	0.410582	-1.000000	-1.000000	-1.000000	-1.000000	-1.000000	-1.000000	-1.000000	74.620690	0.000000	-1.000000	-1.000000	1459628.000000	1772660807.928225
-26765.550000	-45164.295000	2299.230000	1892.520000	5858.415000	5040.630000	2961.135000	1851.030000	-2.188690	1.372295	-6.162039	33.186528	134.694128	23.295440	2.641006	-1.923278	1.083460	-8.560860	-2.884140	0.924009	0.117431	0.410582	-1.000000	-1.000000	-1.000000	-1.000000	-1.000000	-1.000000	-1.000000	74.620690	0.000000	-1.000000	-1.000000	1459629.000000	1772660807.931972
-26759.430000	-45140.715000	2360.070000	1915.020000	5791.140000	5063.580000	3006.945000	1878.210000	-9.002745	6.685451	7.543595	18.167165	75.032764	13.828285	-3.451221	-13.389188	1.083460	-8.560860	-2.884140	0.924009	0.117431	0.410582	-1.000000	-1.000000	-1.000000	-1.000000	-1.000000	-1.000000	-1.000000	74.620690	0.000000	-1.000000	-1.000000	1459630.000000	1772660807.931979
-26671.365000	-45072.990000	2438.460000	2002.905000	5838.885000	5093.955000	2952.720000	1933.245000	-13.047204	10.666352	21.903923	7.120021	-11.090028	-0.274921	-7.564155	-20.685117	16.145080	-6.363420	-0.946120	0.927793	0.101928	0.398314	-1.000000	-1.000000	-1.000000	-1.000000	-1.000000	-1.000000	-1.000000	74.620690	0.000000	-1.000000	-1.000000	1459631.000000	1772660807.935901
-26693.145000	-45126.090000	2386.350000	2056.545000	5925.645000	5060.385000	2905.290000	1917.720000	-7.527599	12.293634	31.106626	4.783457	-79.539234	-10.012189	-8.611940	-15.950261	16.145080	-6.363420	-0.946120	0.927793	0.101928	0.398314	-1.000000	-1.000000	-1.000000	-1.000000	-1.000000	-1.000000	-1.000000	74.620690	0.000000	-1.000000	-1.000000	1459632.000000	1772660807.935908
-26680.815000	-45147.060000	2337.165000	2019.600000	5926.230000	5040.315000	2950.605000	1954.845000	6.005887	9.093712	27.608957	2.736130	-104.288387	-13.360920	-7.647460	-0.855502	16.145080	-6.363420	-0.946120	0.927793	0.101928	0.398314	-1.000000	-1.000000	-1.000000	-1.000000	-1.000000	-1.000000	-1.000000	74.620690	0.000000	-1.000000	-1.000000	1459633.000000	1772660807.945146
-26692.290000	-45133.155000	2244.555000	1791.810000	5863.725000	5086.170000	3030.435000	1961.460000	17.629497	-0.669697	7.759409	-11.043642	-91.284207	-12.981056	-2.397920	15.185109	16.145080	-6.363420	-0.946120	0.927793	0.101928	0.398314	-1.000000	-1.000000	-1.000000	-1.000000	-1.000000	-1.000000	-1.000000	74.620690	0.000000	-1.000000	-1.000000	1459634.000000	1772660807.945156
-26722.755000	-45181.440000	2156.805000	1635.795000	5809.680000	5112.000000	3026.070000	1949.895000	18.422952	-12.064704	-21.508986	-39.185396	-62.571386	-9.690071	9.214387	22.586429	16.145080	-6.363420	-0.946120	0.927793	0.101928	0.398314	-1.000000	-1.000000	-1.000000	-1.000000	-1.000000	-1.000000	-1.000000	74.620690	0.000000	-1.000000	-1.000000	1459635.000000	1772660807.945168
-26700.615000	-45139.995000	2304.045000	1713.870000	5725.710000	5092.155000	2976.705000	1938.195000	8.815871	-16.804223	-43.240342	-66.960424	-32.770975	-3.600524	20.927799	17.605334	16.145080	-6.363420	-0.946120	0.927793	0.101928	0.398314	-1.000000	-1.000000	-1.000000	-1.000000	-1.000000	-1.000000	-1.000000	74.620690	0.000000	-1.000000	-1.000000	1459636.000000	1772660807.945172
-26651.700000	-45031.995000	2431.260000	1700.730000	5662.530000	4996.800000	2942.145000	1959.795000	-2.252204	-10.261672	-39.278588	-68.745211	-2.020612	1.928881	21.650623	5.212245	16.145080	-6.363420	-0.946120	0.927793	0.101928	0.398314	-1.000000	-1.000000	-1.000000	-1.000000	-1.000000	-1.000000	-1.000000	74.620690	0.000000	-1.000000	-1.000000	1459637.000000	1772660807.947829
-26634.645000	-45025.515000	2412.675000	1627.425000	5536.080000	4881.735000	2941.830000	1963.710000	-6.534768	5.335316	-7.732478	-32.660562	32.492983	0.690721	7.546064	-5.197750	16.145080	-6.363420	-0.946120	0.927793	0.101928	0.398314	-1.000000	-1.000000	-1.000000	-1.000000	-1.000000	-1.000000	-1.000000	74.620690	0.000000	-1.000000	-1.000000	1459638.000000	1772660807.947838
-26683.920000	-45076.995000	2396.115000	1715.580000	5600.430000	4922.910000	2958.660000	1924.200000	-5.053963	18.888049	28.811144	25.278971	64.354177	-8.774245	-12.991335	-9.723832	16.145080	-6.363420	-0.946120	0.927793	0.101928	0.398314	-1.000000	-1.000000	-1.000000	-1.000000	-1.000000	-1.000000	-1.000000	74.620690	0.000000	-1.000000	-1.000000	1459639.000000	1772660807.951823
-26671.545000	-45088.605000	2367.630000	1734.210000	5775.930000	5011.335000	2972.565000	1975.905000	-5.718680	17.342587	42.664904	74.509800	82.344533	-16.060813	-25.451017	-11.487881	16.145080	-6.363420	-0.946120	0.927793	0.101928	0.398314	-1.000000	-1.000000	-1.000000	-1.000000	-1.000000	-1.000000	-1.000000	74.620690	0.000000	-1.000000	-1.000000	1459640.000000	1772660807.951830
-26680.095000	-45080.640000	2338.065000	1710.405000	5852.880000	5006.880000	2961.405000	1975.545000	-11.108490	0.936192	26.935332	90.041019	80.178701	-8.044567	-21.073451	-11.717490	20.921460	23.790340	-5.188400	0.942747	0.103821	0.332580	-1.000000	-1.000000	-1.000000	-1.000000	-1.000000	-1.000000	-1.000000	74.620690	0.000000	-1.000000	-1.000000	1459641.000000	1772660807.955816
-26685.090000	-45096.165000	2288.655000	1940.985000	6042.960000	5040.495000	2947.095000	1948.995000	-15.434408	-16.786253	-2.759021	70.575475	59.228915	14.153117	-5.519953	-9.285874	20.921460	23.790340	-5.188400	0.942747	0.103821	0.332580	-1.000000	-1.000000	-1.000000	-1.000000	-1.000000	-1.000000	-1.000000	74.620690	0.000000	-1.000000	-1.000000	1459642.000000	1772660807.955825
-26715.330000	-45186.120000	2206.485000	2073.285000	6225.435000	5078.565000	2928.510000	1910.880000	-13.708178	-25.112132	-25.822770	43.372341	30.438873	35.197031	6.866341	-6.345915	20.921460	23.790340	-5.188400	0.942747	0.103821	0.332580	-1.000000	-1.000000	-1.000000	-1.000000	-1.000000	-1.000000	-1.000000	74.620690	0.000000	-1.000000	-1.000000	1459643.000000	1772660807.959816
-26765.955000	-45235.980000	2188.395000	2004.885000	6203.790000	5103.810000	2932.155000	1860.210000	-6.537762	-23.409462	-31.754534	30.946418	6.260648	40.840562	8.537701	-5.583426	20.921460	23.790340	-5.188400	0.942747	0.103821	0.332580	-1.000000	-1.000000	-1.000000	-1.000000	-1.000000	-1.000000	-1.000000	74.620690	0.000000	-1.000000	-1.000000	1459644.000000	1772660807.959826
-26777.790000	-45210.780000	2234.880000	1929.105000	6104.610000	5124.285000	2948.535000	1863.090000	1.463650	-15.962160	-24.029654	20.105816	-13.488731	29.300271	4.699372	-5.869871	20.921460	23.790340	-5.188400	0.942747	0.103821	0.332580	-1.000000	-1.000000	-1.000000	-1.000000	-1.000000	-1.000000	-1.000000	74.620690	0.000000	-1.000000	-1.000000	1459645.000000	1772660807.964560
-26775.765000	-45124.380000	2351.520000	1914.615000	5960.070000	5088.015000	2936.880000	1863.495000	5.805156	-5.695155	-10.715868	-11.529319	-36.775710	9.860260	3.667485	-3.498718	20.921460	23.790340	-5.188400	0.942747	0.103821	0.332580	-1.000000	-1.000000	-1.000000	-1.000000	-1.000000	-1.000000	-1.000000	74.620690	0.000000	-1.000000	-1.000000	1459646.000000	1772660807.964567
-26767.530000	-45135.675000	2323.530000	1921.050000	5963.220000	5096.790000	2962.215000	1907.460000	6.629858	7.573316	5.198638	-57.821042	-62.967886	-7.313650	6.642411	4.120383	20.921460	23.790340	-5.188400	0.942747	0.103821	0.332580	-1.000000	-1.000000	-1.000000	-1.000000	-1.000000	-1.000000	-1.000000	74.620690	0.000000	-1.000000	-1.000000	1459647.000000	1772660807.967819
-26817.750000	-45208.620000	2231.460000	1910.160000	5997.510000	5092.155000	2968.875000	1920.060000	6.874155	21.187849	19.338846	-93.697295	-81.140848	-19.347743	9.432292	15.545561	20.921460	23.790340	-5.188400	0.942747	0.103821	0.332580	-1.000000	-1.000000	-1.000000	-1.000000	-1.000000	-1.000000	-1.000000	74.620690	0.000000	-1.000000	-1.000000	1459648.000000	1772660807.967828
-26769.960000	-45215.235000	2228.130000	1995.615000	6030.855000	5058.315000	2931.570000	1904.085000	7.805744	27.448865	23.308731	-100.334744	-82.370156	-29.150669	8.436792	24.238547	20.921460	23.790340	-5.188400	0.942747	0.103821	0.332580	-1.000000	-1.000000	-1.000000	-1.000000	-1.000000	-1.000000	-1.000000	74.620690	0.000000	-1.000000	-1.000000	1459649.000000	1772660807.971934
-26700.570000	-45154.395000	2304.585000	2080.215000	6098.265000	5076.945000	2948.580000	1883.610000	10.692482	23.249585	17.617772	-72.174700	-65.286621	-36.784162	2.741359	22.706862	20.921460	23.790340	-5.188400	0.942747	0.103821	0.332580	-1.000000	-1.000000	-1.000000	-1.000000	-1.000000	-1.000000	-1.000000	74.620690	0.000000	-1.000000	-1.000000	1459650.000000	1772660807.971939
-26679.465000	-45138.240000	2331.765000	2086.560000	6073.920000	5045.175000	2963.565000	1906.290000	16.790500	14.872749	13.484659	-20.643492	-34.915040	-37.428931	-4.926928	10.722518	-0.701960	45.337460	0.656180	0.925046	0.157592	0.264465	-1.000000	-1.000000	-1.000000	-1.000000	-1.000000	-1.000000	-1.000000	74.620690	0.000000	-1.000000	-1.000000	1459651.000000	1772660807.976085
-26694.675000	-45138.105000	2333.835000	2050.425000	6012.360000	5031.045000	2949.075000	1927.395000	22.734385	10.180913	17.742958	29.034632	-2.397987	-28.956628	-9.936799	-2.897522	-0.701960	45.337460	0.656180	0.925046	0.157592	0.264465	-1.000000	-1.000000	-1.000000	-1.000000	-1.000000	-1.000000	-1.000000	74.620690	0.000000	-1.000000	-1.000000	1459652.000000	1772660807.976092
-26739.810000	-45161.550000	2304.675000	1945.080000	5977.710000	5051.295000	2952.045000	1911.735000	21.400987	9.492590	22.593673	55.528556	23.789509	-13.685218	-10.099600	-9.139437	-0.701960	45.337460	0.656180	0.925046	0.157592	0.264465	-1.000000	-1.000000	-1.000000	-1.000000	-1.000000	-1.000000	-1.000000	74.620690	0.000000	-1.000000	-1.000000	1459653.000000	1772660807.979825
-26724.870000	-45061.470000	2419.560000	1881.855000	5948.055000	5050.440000	2940.840000	1883.565000	8.397716	6.001533	14.399693	53.384365	45.859605	6.002779	-6.642647	-8.018758	-0.701960	45.337460	0.656180	0.925046	0.157592	0.264465	-1.000000	-1.000000	-1.000000	-1.000000	-1.000000	-1.000000	-1.000000	74.620690	0.000000	-1.000000	-1.000000	1459654.000000	1772660807.979832
-26700.570000	-45060.030000	2430.495000	1900.980000	5875.785000	4989.240000	2939.490000	1910.610000	-12.086391	-4.357498	-8.249564	32.509785	66.859543	26.210165	-2.285265	-6.001326	-0.701960	45.337460	0.656180	0.925046	0.157592	0.264465	-1.000000	-1.000000	-1.000000	-1.000000	-1.000000	-1.000000	-1.000000	74.620690	0.000000	-1.000000	-1.000000	1459655.000000	1772660807.983910
-26699.715000	-45197.415000	2235.780000	1895.220000	5950.035000	5055.660000	2994.885000	1942.740000	-28.876511	-19.213597	-34.413709	9.554399	79.109256	39.565658	1.153823	-6.518625	-0.701960	45.337460	0.656180	0.925046	0.157592	0.264465	-1.000000	-1.000000	-1.000000	-1.000000	-1.000000	-1.000000	-1.000000	74.620690	0.000000	-1.000000	-1.000000	1459656.000000	1772660807.983916
-26671.815000	-45136.620000	2319.210000	1967.355000	5930.730000	5076.360000	2979.900000	1945.755000	-32.694164	-32.444934	-51.787800	-3.672645	70.079793	41.031063	4.106415	-7.795960	-0.701960	45.337460	0.656180	0.925046	0.157592	0.264465	-1.000000	-1.000000	-1.000000	-1.000000	-1.000000	-1.000000	-1.000000	74.620690	0.000000	-1.000000	-1.000000	1459657.000000	1772660807.987937
-26710.965000	-45142.515000	2358.225000	2088.900000	5991.255000	5104.845000	2966.175000	1918.575000	-23.921354	-35.319145	-49.019614	-3.772422	36.346284	32.071465	6.704857	-7.585845	-0.701960	45.337460	0.656180	0.925046	0.157592	0.264465	-1.000000	-1.000000	-1.000000	-1.000000	-1.000000	-1.000000	-1.000000	74.620690	0.000000	-1.000000	-1.000000	1459658.000000	1772660807.987947
-26694.180000	-45109.980000	2411.685000	2117.880000	6044.535000	5075.595000	2974.185000	1933.425000	-11.658149	-23.977218	-23.108087	5.145117	-9.833318	16.589294	6.815952	-5.513861	-0.701960	45.337460	0.656180	0.925046	0.157592	0.264465	-1.000000	-1.000000	-1.000000	-1.000000	-1.000000	-1.000000	-1.000000	74.620690	0.000000	-1.000000	-1.000000	1459659.000000	1772660807.991906
-26720.145000	-45136.395000	2352.420000	2035.935000	6060.150000	5077.710000	2937.285000	1896.345000	-3.331277	-4.136698	12.981113	12.259463	-47.049087	-2.167166	2.693566	-2.597530	-0.701960	45.337460	0.656180	0.925046	0.157592	0.264465	-1.000000	-1.000000	-1.000000	-1.000000	-1.000000	-1.000000	-1.000000	74.620690	0.000000	-1.000000	-1.000000	1459660.000000	1772660807.991915
-26745.300000	-45157.455000	2285.460000	1987.560000	6077.880000	5087.745000	2948.040000	1876.635000	1.394084	14.807903	38.466395	8.401943	-58.427196	-19.483203	-4.153751	-0.750879	-28.704060	16.038260	15.321040	0.838926	0.215820	0.364135	-1.000000	-1.000000	-1.000000	-1.000000	-1.000000	-1.000000	-1.000000	74.620690	0.000000	-1.000000	-1.000000	1459661.000000	1772660807.995831
-26720.955000	-45157.230000	2280.510000	1955.610000	5995.575000	5042.880000	2958.030000	1913.805000	6.184027	24.573190	39.011686	-3.830369	-42.079747	-30.104669	-9.136206	0.146426	-28.704060	16.038260	15.321040	0.838926	0.215820	0.364135	-1.000000	-1.000000	-1.000000	-1.000000	-1.000000	-1.000000	-1.000000	74.620690	0.000000	-1.000000	-1.000000	1459662.000000	1772660807.995839
-26666.010000	-45126.270000	2339.955000	1927.935000	5863.185000	5029.335000	2966.760000	1953.765000	12.942899	20.848309	16.493195	-14.027396	-12.879343	-31.479762	-8.138890	3.547571	-28.704060	16.038260	15.321040	0.838926	0.215820	0.364135	-1.000000	-1.000000	-1.000000	-1.000000	-1.000000	-1.000000	-1.000000	74.620690	0.000000	-1.000000	-1.000000	1459663.000000	1772660807.999861
-26657.055000	-45131.580000	2352.960000	1875.060000	5780.520000	5016.060000	2958.435000	1955.160000	19.968892	8.224822	-10.439655	-17.050577	7.861879	-23.663145	-2.070698	10.045257	-28.704060	16.038260	15.321040	0.838926	0.215820	0.364135	-1.000000	-1.000000	-1.000000	-1.000000	-1.000000	-1.000000	-1.000000	74.620690	0.000000	-1.000000	-1.000000	1459664.000000	1772660807.999866
-26669.340000	-45126.585000	2339.820000	1852.830000	5783.625000	5007.825000	2960.730000	1952.235000	22.526526	-1.236661	-19.724213	-16.214859	8.262037	-10.582682	3.509034	13.863511	-28.704060	16.038260	15.321040	0.838926	0.215820	0.364135	-1.000000	-1.000000	-1.000000	-1.000000	-1.000000	-1.000000	-1.000000	74.620690	0.000000	-1.000000	-1.000000	1459665.000000	1772660808.004857
-26688.645000	-45103.815000	2340.000000	1942.560000	5934.465000	5032.620000	2975.805000	1937.880000	16.332089	-0.511028	-7.019167	-15.013274	-4.153716	1.354895	5.160467	9.944626	-28.704060	16.038260	15.321040	0.838926	0.215820	0.364135	-1.000000	-1.000000	-1.000000	-1.000000	-1.000000	-1.000000	-1.000000	74.620690	0.000000	-1.000000	-1.000000	1459666.000000	1772660808.004867
-26716.680000	-45141.570000	2280.870000	1943.730000	6031.350000	5059.980000	3000.600000	1920.420000	1.727417	4.978406	10.292003	-12.742280	-9.681582	9.626098	4.935271	0.099422	-28.704060	16.038260	15.321040	0.838926	0.215820	0.364135	-1.000000	-1.000000	-1.000000	-1.000000	-1.000000	-1.000000	-1.000000	74.620690	0.000000	-1.000000	-1.000000	1459667.000000	1772660808.007781
-26806.320000	-45193.455000	2232.720000	1876.365000	6047.910000	5087.430000	3005.370000	1860.795000	-16.382651	4.964139	13.405524	-8.288840	1.367565	15.967524	5.534693	-10.496228	-28.704060	16.038260	15.321040	0.838926	0.215820	0.364135	-1.000000	-1.000000	-1.000000	-1.000000	-1.000000	-1.000000	-1.000000	74.620690	0.000000	-1.000000	-1.000000	1459668.000000	1772660808.007787
-26773.830000	-45150.570000	2308.230000	1956.330000	6065.910000	5088.780000	2970.630000	1870.605000	-30.220458	-3.005361	2.402682	0.218189	20.096689	20.907936	6.247010	-17.374074	-28.704060	16.038260	15.321040	0.838926	0.215820	0.364135	-1.000000	-1.000000	-1.000000	-1.000000	-1.000000	-1.000000	-1.000000	74.620690	0.000000	-1.000000	-1.000000	1459669.000000	1772660808.012345
-26706.780000	-45159.660000	2280.510000	1952.370000	6015.105000	5044.770000	2952.720000	1920.645000	-29.744889	-10.856923	-7.009086	16.487025	31.917702	20.993707	3.953373	-16.016043	-28.704060	16.038260	15.321040	0.838926	0.215820	0.364135	-1.000000	-1.000000	-1.000000	-1.000000	-1.000000	-1.000000	-1.000000	74.620690	0.000000	-1.000000	-1.000000	1459670.000000	1772660808.012351
-26691.660000	-45157.905000	2279.655000	1939.725000	5998.635000	5034.330000	2958.345000	1953.315000	-11.223358	-11.933652	-6.280875	36.968709	30.055882	13.121553	-2.650565	-4.720540	-17.762640	-3.921820	-21.592900	0.832395	0.155700	0.439635	-1.000000	-1.000000	-1.000000	-1.000000	-1.000000	-1.000000	-1.000000	74.620690	0.000000	-1.000000	-1.000000	1459671.000000	1772660808.018696
-26722.980000	-45137.340000	2323.485000	1987.020000	6034.500000	5073.075000	2944.755000	1939.230000	13.772653	-7.845717	-1.321593	49.068731	19.636441	0.949994	-10.261046	10.280111	-17.762640	-3.921820	-21.592900	0.832395	0.155700	0.439635	-1.000000	-1.000000	-1.000000	-1.000000	-1.000000	-1.000000	-1.000000	74.620690	0.000000	-1.000000	-1.000000	1459672.000000	1772660808.018703
-26731.215000	-45163.800000	2303.190000	1981.620000	6020.055000	5073.120000	2961.135000	1937.655000	27.776388	-1.738668	2.382319	43.737622	9.100039	-7.969628	-13.975893	18.587382	-17.762640	-3.921820	-21.592900	0.832395	0.155700	0.439635	-1.000000	-1.000000	-1.000000	-1.000000	-1.000000	-1.000000	-1.000000	74.620690	0.000000	-1.000000	-1.000000	1459673.000000	1772660808.019678
-26740.620000	-45174.420000	2293.830000	1934.685000	6000.570000	5061.870000	2944.575000	1927.755000	24.073516	4.187966	4.764915	20.278391	-2.182365	-10.954783	-11.467414	15.317732	-17.762640	-3.921820	-21.592900	0.832395	0.155700	0.439635	-1.000000	-1.000000	-1.000000	-1.000000	-1.000000	-1.000000	-1.000000	74.620690	0.000000	-1.000000	-1.000000	1459674.000000	1772660808.019685
-26713.305000	-45155.610000	2299.905000	1904.085000	5949.675000	5033.430000	2958.300000	1926.630000	9.730321	7.115210	5.241743	-17.155930	-21.665603	-11.589057	-4.220142	4.531258	-17.762640	-3.921820	-21.592900	0.832395	0.155700	0.439635	-1.000000	-1.000000	-1.000000	-1.000000	-1.000000	-1.000000	-1.000000	74.620690	0.000000	-1.000000	-1.000000	1459675.000000	1772660808.023813
-26643.330000	-45128.880000	2315.160000	1977.615000	5980.275000	5034.060000	2962.935000	1945.170000	-2.006542	7.407717	3.984308	-54.857781	-48.680142	-13.521224	3.863872	-5.250284	-17.762640	-3.921820	-21.592900	0.832395	0.155700	0.439635	-1.000000	-1.000000	-1.000000	-1.000000	-1.000000	-1.000000	-1.000000	74.620690	0.000000	-1.000000	-1.000000	1459676.000000	1772660808.023819
-26694.585000	-45122.085000	2325.195000	1971.360000	5970.780000	5027.895000	2951.235000	1928.970000	-2.490832	8.442137	3.344886	-70.273251	-67.220091	-15.702266	9.495008	-7.621213	-17.762640	-3.921820	-21.592900	0.832395	0.155700	0.439635	-1.000000	-1.000000	-1.000000	-1.000000	-1.000000	-1.000000	-1.000000	74.620690	0.000000	-1.000000	-1.000000	1459677.000000	1772660808.031962
-26723.970000	-45125.010000	2334.105000	1995.255000	6007.185000	5073.345000	3004.245000	1937.970000	3.146623	10.059983	3.518287	-52.252415	-58.831207	-13.282570	12.427384	-3.277001	-17.762640	-3.921820	-21.592900	0.832395	0.155700	0.439635	-1.000000	-1.000000	-1.000000	-1.000000	-1.000000	-1.000000	-1.000000	74.620690	0.000000	-1.000000	-1.000000	1459678.000000	1772660808.031970
-26695.980000	-45110.565000	2355.480000	2004.435000	6008.805000	5071.410000	2958.795000	1933.785000	2.527051	8.363667	2.448640	-12.050611	-20.045302	-2.356192	13.625672	0.974142	-17.762640	-3.921820	-21.592900	0.832395	0.155700	0.439635	-1.000000	-1.000000	-1.000000	-1.000000	-1.000000	-1.000000	-1.000000	74.620690	0.000000	-1.000000	-1.000000	1459679.000000	1772660808.032180
-26732.250000	-45162.360000	2314.305000	1962.225000	5964.480000	5037.570000	2946.240000	1886.535000	-7.974486	0.862911	-1.612932	27.900633	32.800497	13.674043	11.171617	-1.099481	-17.762640	-3.921820	-21.592900	0.832395	0.155700	0.439635	-1.000000	-1.000000	-1.000000	-1.000000	-1.000000	-1.000000	-1.000000	74.620690	0.000000	-1.000000	-1.000000	1459680.000000	1772660808.032187
-26681.085000	-45135.315000	2337.480000	1978.020000	5981.985000	5057.865000	2992.365000	1958.535000	-19.983681	-10.553152	-8.971591	48.005795	72.559433	24.301392	3.677130	-8.292871	19.044480	-6.393940	-4.013380	0.889829	0.106689	0.388183	-1.000000	-1.000000	-1.000000	-1.000000	-1.000000	-1.000000	-1.000000	74.620690	0.000000	-1.000000	-1.000000	1459681.000000	1772660808.035941
-26662.860000	-45114.030000	2358.945000	1991.475000	6009.120000	5073.480000	2949.525000	1976.085000	-22.069386	-18.555123	-15.074416	42.650987	80.162078	22.708547	-5.390453	-11.785474	19.044480	-6.393940	-4.013380	0.889829	0.106689	0.388183	-1.000000	-1.000000	-1.000000	-1.000000	-1.000000	-1.000000	-1.000000	74.620690	0.000000	-1.000000	-1.000000	1459682.000000	1772660808.035949
-26714.565000	-45095.490000	2349.585000	1915.650000	5979.915000	5066.685000	2942.910000	1932.660000	-11.322539	-16.176572	-13.667559	20.481393	55.612273	11.835252	-12.188059	-5.957113	19.044480	-6.393940	-4.013380	0.889829	0.106689	0.388183	-1.000000	-1.000000	-1.000000	-1.000000	-1.000000	-1.000000	-1.000000	74.620690	0.000000	-1.000000	-1.000000	1459683.000000	1772660808.042180
-26737.695000	-45093.015000	2362.635000	1908.270000	5901.705000	5038.695000	2968.470000	1921.545000	2.691922	-4.967824	-4.976385	-6.672512	11.482714	-1.537438	-15.033861	4.064751	19.044480	-6.393940	-4.013380	0.889829	0.106689	0.388183	-1.000000	-1.000000	-1.000000	-1.000000	-1.000000	-1.000000	-1.000000	74.620690	0.000000	-1.000000	-1.000000	1459684.000000	1772660808.042188
-26701.155000	-45107.460000	2349.000000	2001.060000	5972.805000	5066.730000	2965.005000	1918.260000	9.708205	6.748072	5.152789	-27.059887	-34.102676	-12.135186	-12.597242	10.136592	19.044480	-6.393940	-4.013380	0.889829	0.106689	0.388183	-1.000000	-1.000000	-1.000000	-1.000000	-1.000000	-1.000000	-1.000000	74.620690	0.000000	-1.000000	-1.000000	1459685.000000	1772660808.043891
-26710.515000	-45113.805000	2352.735000	2020.905000	5994.630000	5068.935000	2926.395000	1885.635000	10.216288	11.546309	10.770351	-29.599577	-60.382977	-16.464602	-5.879689	9.510990	19.044480	-6.393940	-4.013380	0.889829	0.106689	0.388183	-1.000000	-1.000000	-1.000000	-1.000000	-1.000000	-1.000000	-1.000000	74.620690	0.000000	-1.000000	-1.000000	1459686.000000	1772660808.043898
-26718.300000	-45114.750000	2345.355000	1941.840000	5914.710000	5052.465000	2948.670000	1912.365000	9.362770	7.900708	9.282648	-14.699610	-56.550647	-14.176198	0.933164	4.022494	19.044480	-6.393940	-4.013380	0.889829	0.106689	0.388183	-1.000000	-1.000000	-1.000000	-1.000000	-1.000000	-1.000000	-1.000000	74.620690	0.000000	-1.000000	-1.000000	1459687.000000	1772660808.050935
-26749.395000	-45168.435000	2284.110000	1877.670000	5865.705000	5063.175000	2991.195000	1940.175000	7.403692	-0.617585	1.929834	3.064315	-31.214033	-7.866670	6.175991	-1.700429	19.044480	-6.393940	-4.013380	0.889829	0.106689	0.388183	-1.000000	-1.000000	-1.000000	-1.000000	-1.000000	-1.000000	-1.000000	74.620690	0.000000	-1.000000	-1.000000	1459688.000000	1772660808.050943
-26728.830000	-45146.520000	2314.755000	1920.105000	5910.930000	5056.470000	2989.350000	1942.020000	2.821397	-8.661208	-7.324125	11.085518	-0.815099	-0.121109	11.395849	-2.826071	19.044480	-6.393940	-4.013380	0.889829	0.106689	0.388183	-1.000000	-1.000000	-1.000000	-1.000000	-1.000000	-1.000000	-1.000000	74.620690	0.000000	-1.000000	-1.000000	1459689.000000	1772660808.052011
-26655.660000	-45090.765000	2366.460000	2025.630000	5987.610000	5013.315000	2927.340000	1933.020000	-1.700691	-10.438564	-11.695686	11.214670	24.339112	5.617062	13.946789	-0.212948	19.044480	-6.393940	-4.013380	0.889829	0.106689	0.388183	-1.000000	-1.000000	-1.000000	-1.000000	-1.000000	-1.000000	-1.000000	74.620690	0.000000	-1.000000	-1.000000	1459690.000000	1772660808.052019
-26682.165000	-45147.420000	2304.765000	2006.865000	6024.600000	5044.275000	2922.930000	1914.705000	-1.937009	-4.156347	-7.012002	12.274704	39.869174	5.918866	8.947064	0.888348	26.460840	3.753960	-13.260940	0.940488	0.073486	0.364135	-1.000000	-1.000000	-1.000000	-1.000000	-1.000000	-1.000000	-1.000000	74.620690	0.000000	-1.000000	-1.000000	1459691.000000	1772660808.055843
-26701.965000	-45139.815000	2323.710000	2019.465000	6010.380000	5055.300000	2925.000000	1896.525000	1.784377	4.146407	2.346763	16.459167	42.977884	2.841937	-1.831987	-1.212326	26.460840	3.753960	-13.260940	0.940488	0.073486	0.364135	-1.000000	-1.000000	-1.000000	-1.000000	-1.000000	-1.000000	-1.000000	74.620690	0.000000	-1.000000	-1.000000	1459692.000000	1772660808.055851
-26674.425000	-45120.735000	2353.995000	2002.320000	5971.140000	5051.835000	2973.600000	1928.880000	5.013532	8.103747	9.894544	17.462454	31.935355	1.652506	-10.863309	-3.245260	26.460840	3.753960	-13.260940	0.940488	0.073486	0.364135	-1.000000	-1.000000	-1.000000	-1.000000	-1.000000	-1.000000	-1.000000	74.620690	0.000000	-1.000000	-1.000000	1459693.000000	1772660808.059936
-26673.390000	-45130.905000	2340.855000	1935.900000	5941.530000	5046.030000	2996.055000	1970.280000	4.663887	7.842633	13.445551	7.230377	7.542991	3.099067	-11.333636	-1.067938	26.460840	3.753960	-13.260940	0.940488	0.073486	0.364135	-1.000000	-1.000000	-1.000000	-1.000000	-1.000000	-1.000000	-1.000000	74.620690	0.000000	-1.000000	-1.000000	1459694.000000	1772660808.059943
-26661.330000	-45098.955000	2358.585000	1938.060000	5972.130000	5044.185000	2937.870000	1957.905000	1.298427	6.232625	12.525578	-14.312573	-22.223546	3.843183	-3.172295	5.813548	26.460840	3.753960	-13.260940	0.940488	0.073486	0.364135	-1.000000	-1.000000	-1.000000	-1.000000	-1.000000	-1.000000	-1.000000	74.620690	0.000000	-1.000000	-1.000000	1459695.000000	1772660808.066459
-26660.790000	-45096.615000	2352.780000	1963.485000	5992.335000	5052.735000	2939.535000	1949.220000	-2.638202	5.277022	7.731659	-33.001641	-40.578219	2.403027	5.226980	11.394856	26.460840	3.753960	-13.260940	0.940488	0.073486	0.364135	-1.000000	-1.000000	-1.000000	-1.000000	-1.000000	-1.000000	-1.000000	74.620690	0.000000	-1.000000	-1.000000	1459696.000000	1772660808.066467
-26739.540000	-45165.060000	2284.695000	1924.740000	5967.270000	5071.860000	2958.930000	1938.915000	-6.031181	4.684680	0.879245	-32.753748	-35.381903	0.603232	6.253357	8.655497	26.460840	3.753960	-13.260940	0.940488	0.073486	0.364135	-1.000000	-1.000000	-1.000000	-1.000000	-1.000000	-1.000000	-1.000000	74.620690	0.000000	-1.000000	-1.000000	1459697.000000	1772660808.067762
-26789.805000	-45184.590000	2273.400000	1893.825000	5933.025000	5093.550000	3027.555000	1905.210000	-11.333349	0.689998	-7.839885	-15.435604	-14.097587	0.768554	2.216525	-2.642610	26.460840	3.753960	-13.260940	0.940488	0.073486	0.364135	-1.000000	-1.000000	-1.000000	-1.000000	-1.000000	-1.000000	-1.000000	74.620690	0.000000	-1.000000	-1.000000	1459698.000000	1772660808.067770
-26703.315000	-45109.485000	2354.580000	1937.250000	5920.290000	5061.600000	3047.670000	1934.010000	-18.789032	-7.677445	-16.293430	2.938013	3.518287	2.714924	1.605367	-15.619810	26.460840	3.753960	-13.260940	0.940488	0.073486	0.364135	-1.000000	-1.000000	-1.000000	-1.000000	-1.000000	-1.000000	-1.000000	74.620690	0.000000	-1.000000	-1.000000	1459699.000000	1772660808.072006
-26630.370000	-45061.965000	2404.260000	1975.455000	5957.595000	5019.705000	2916.540000	1947.645000	-18.885668	-12.441873	-16.171009	13.495551	6.947381	2.336638	5.732452	-20.477168	26.460840	3.753960	-13.260940	0.940488	0.073486	0.364135	-1.000000	-1.000000	-1.000000	-1.000000	-1.000000	-1.000000	-1.000000	74.620690	0.000000	-1.000000	-1.000000	1459700.000000	1772660808.072014
-26679.150000	-45114.120000	2359.620000	1967.895000	5993.010000	5052.375000	2909.430000	1926.045000	-3.594292	-7.102275	-3.889632	18.630241	3.338053	-3.359880	4.661821	-12.619638	16.877560	2.136400	-7.797860	0.931516	0.092285	0.378844	-1.000000	-1.000000	-1.000000	-1.000000	-1.000000	-1.000000	-1.000000	74.620690	0.000000	-1.000000	-1.000000	1459701.000000	1772660808.076021
-26672.535000	-45127.530000	2319.885000	1949.265000	5983.560000	5032.215000	2927.610000	1940.220000	18.071104	2.317425	9.956970	20.047372	4.401450	-10.524646	-7.023165	1.732489	16.877560	2.136400	-7.797860	0.931516	0.092285	0.378844	-1.000000	-1.000000	-1.000000	-1.000000	-1.000000	-1.000000	-1.000000	74.620690	0.000000	-1.000000	-1.000000	1459702.000000	1772660808.076028
-26701.065000	-45160.110000	2261.835000	1919.295000	6012.540000	5050.620000	2941.155000	1929.510000	29.401799	5.800964	12.077375	16.130388	11.857679	-12.926924	-19.984096	12.236360	16.877560	2.136400	-7.797860	0.931516	0.092285	0.378844	-1.000000	-1.000000	-1.000000	-1.000000	-1.000000	-1.000000	-1.000000	74.620690	0.000000	-1.000000	-1.000000	1459703.000000	1772660808.082478
-26689.995000	-45152.550000	2297.250000	1954.170000	5930.055000	5027.625000	2929.995000	1923.795000	23.575542	0.861123	1.308410	7.661516	17.856400	-8.641836	-21.419297	13.805029	16.877560	2.136400	-7.797860	0.931516	0.092285	0.378844	-1.000000	-1.000000	-1.000000	-1.000000	-1.000000	-1.000000	-1.000000	74.620690	0.000000	-1.000000	-1.000000	1459704.000000	1772660808.082485
-26677.890000	-45120.420000	2373.795000	1990.170000	5809.455000	5016.780000	2943.315000	1927.980000	7.204095	-6.128168	-9.822150	-0.311541	12.854637	-0.920688	-8.972491	8.245211	16.877560	2.136400	-7.797860	0.931516	0.092285	0.378844	-1.000000	-1.000000	-1.000000	-1.000000	-1.000000	-1.000000	-1.000000	74.620690	0.000000	-1.000000	-1.000000	1459705.000000	1772660808.083934
-26664.570000	-45091.620000	2397.195000	1962.900000	5788.440000	5017.275000	2961.450000	1947.825000	-6.522804	-5.525401	-7.088095	-3.214444	-5.121662	5.022813	8.513452	1.342998	16.877560	2.136400	-7.797860	0.931516	0.092285	0.378844	-1.000000	-1.000000	-1.000000	-1.000000	-1.000000	-1.000000	-1.000000	74.620690	0.000000	-1.000000	-1.000000	1459706.000000	1772660808.083941
-26685.630000	-45100.440000	2394.810000	1951.110000	5896.170000	5044.905000	2976.795000	1959.435000	-10.197932	4.414194	8.660542	-3.095006	-23.726975	7.213466	20.057210	-1.597291	16.877560	2.136400	-7.797860	0.931516	0.092285	0.378844	-1.000000	-1.000000	-1.000000	-1.000000	-1.000000	-1.000000	-1.000000	74.620690	0.000000	-1.000000	-1.000000	1459707.000000	1772660808.088262
-26694.630000	-45094.545000	2390.265000	2000.970000	6039.855000	5074.875000	2983.635000	1954.440000	-8.760425	13.720410	21.273358	-5.171598	-24.013497	8.541523	21.476205	-0.087000	16.877560	2.136400	-7.797860	0.931516	0.092285	0.378844	-1.000000	-1.000000	-1.000000	-1.000000	-1.000000	-1.000000	-1.000000	74.620690	0.000000	-1.000000	-1.000000	1459708.000000	1772660808.088267
-26699.310000	-45141.255000	2267.370000	1933.515000	6047.325000	5065.740000	2960.280000	1936.260000	-10.008963	12.063458	16.125193	-10.448930	-0.520991	11.508457	16.610766	1.942322	16.877560	2.136400	-7.797860	0.931516	0.092285	0.378844	-1.000000	-1.000000	-1.000000	-1.000000	-1.000000	-1.000000	-1.000000	74.620690	0.000000	-1.000000	-1.000000	1459709.000000	1772660808.094804
-26716.590000	-45183.780000	2219.445000	1939.995000	6056.100000	5059.665000	2950.875000	1932.930000	-13.539287	-0.631158	-6.983959	-16.195323	29.914761	13.184347	9.567327	0.991237	16.877560	2.136400	-7.797860	0.931516	0.092285	0.378844	-1.000000	-1.000000	-1.000000	-1.000000	-1.000000	-1.000000	-1.000000	74.620690	0.000000	-1.000000	-1.000000	1459710.000000	1772660808.094811
-26712.180000	-45132.705000	2311.695000	2015.505000	6071.850000	5069.880000	2946.870000	1925.505000	-13.535062	-14.575995	-31.231154	-16.641612	44.162504	9.157806	0.212955	-3.050319	-10.804080	2.456860	-8.927100	0.912717	0.153991	0.394835	-1.000000	-1.000000	-1.000000	-1.000000	-1.000000	-1.000000	-1.000000	74.620690	0.000000	-1.000000	-1.000000	1459711.000000	1772660808.095999
-26733.420000	-45144.990000	2295.135000	1974.780000	6047.460000	5067.585000	2941.785000	1903.320000	-7.088392	-18.407584	-35.191992	-6.634228	32.857194	0.011745	-10.568100	-7.767404	-10.804080	2.456860	-8.927100	0.912717	0.153991	0.394835	-1.000000	-1.000000	-1.000000	-1.000000	-1.000000	-1.000000	-1.000000	74.620690	0.000000	-1.000000	-1.000000	1459712.000000	1772660808.096005
-26744.265000	-45154.170000	2273.220000	1876.500000	5991.795000	5048.280000	2947.770000	1897.245000	2.831681	-9.946582	-15.728688	7.311835	4.177210	-9.625779	-18.100928	-10.313057	-10.804080	2.456860	-8.927100	0.912717	0.153991	0.394835	-1.000000	-1.000000	-1.000000	-1.000000	-1.000000	-1.000000	-1.000000	74.620690	0.000000	-1.000000	-1.000000	1459713.000000	1772660808.099926
-26719.245000	-45129.645000	2323.260000	1918.035000	5955.570000	5045.715000	2958.660000	1926.765000	11.238726	3.168624	10.436746	12.186988	-24.694997	-15.573816	-18.532239	-8.644934	-10.804080	2.456860	-8.927100	0.912717	0.153991	0.394835	-1.000000	-1.000000	-1.000000	-1.000000	-1.000000	-1.000000	-1.000000	74.620690	0.000000	-1.000000	-1.000000	1459714.000000	1772660808.099935
-26720.775000	-45170.190000	2300.265000	1978.110000	5973.255000	5069.160000	2971.440000	1952.775000	15.888089	12.217504	26.969724	7.689405	-40.113926	-15.875719	-12.509583	-2.099605	-10.804080	2.456860	-8.927100	0.912717	0.153991	0.394835	-1.000000	-1.000000	-1.000000	-1.000000	-1.000000	-1.000000	-1.000000	74.620690	0.000000	-1.000000	-1.000000	1459715.000000	1772660808.103932
-26799.840000	-45165.060000	2333.970000	2026.935000	6019.020000	5103.360000	2974.230000	1911.870000	15.176243	12.423744	28.344317	4.652147	-39.762356	-10.403642	-3.715686	6.575115	-10.804080	2.456860	-8.927100	0.912717	0.153991	0.394835	-1.000000	-1.000000	-1.000000	-1.000000	-1.000000	-1.000000	-1.000000	74.620690	0.000000	-1.000000	-1.000000	1459716.000000	1772660808.103940
-26755.020000	-45097.155000	2369.565000	2022.480000	6012.225000	5065.335000	2952.135000	1872.405000	7.517077	6.004450	19.082763	7.734559	-29.907670	-1.600091	4.497129	11.178103	-10.804080	2.456860	-8.927100	0.912717	0.153991	0.394835	-1.000000	-1.000000	-1.000000	-1.000000	-1.000000	-1.000000	-1.000000	74.620690	0.000000	-1.000000	-1.000000	1459717.000000	1772660808.107965
-26627.400000	-45073.665000	2345.445000	1981.575000	5996.835000	5020.380000	2949.615000	1926.585000	-1.149396	1.903802	9.416015	11.670677	-17.179552	4.948636	10.199451	8.878338	-10.804080	2.456860	-8.927100	0.912717	0.153991	0.394835	-1.000000	-1.000000	-1.000000	-1.000000	-1.000000	-1.000000	-1.000000	74.620690	0.000000	-1.000000	-1.000000	1459718.000000	1772660808.107972
-26652.015000	-45122.220000	2316.645000	1977.705000	6005.970000	5038.470000	2938.365000	1941.615000	-0.844063	4.864313	4.374157	9.391727	-3.973512	5.208673	11.968804	4.306718	-10.804080	2.456860	-8.927100	0.912717	0.153991	0.394835	-1.000000	-1.000000	-1.000000	-1.000000	-1.000000	-1.000000	-1.000000	74.620690	0.000000	-1.000000	-1.000000	1459719.000000	1772660808.111890
-26657.415000	-45163.845000	2277.540000	1935.900000	5958.495000	5022.270000	2939.715000	1940.445000	7.222944	7.731581	-1.220786	-1.509474	8.786951	1.269347	9.281102	2.658498	-10.804080	2.456860	-8.927100	0.912717	0.153991	0.394835	-1.000000	-1.000000	-1.000000	-1.000000	-1.000000	-1.000000	-1.000000	74.620690	0.000000	-1.000000	-1.000000	1459720.000000	1772660808.111897
-26700.255000	-45177.930000	2272.680000	1902.555000	5928.480000	5018.490000	2952.495000	1928.070000	11.540673	1.814478	-12.245627	-16.049293	18.782725	-1.896820	4.013853	3.592744	-16.953860	6.683880	-1.922760	0.919492	0.178405	0.394530	-1.000000	-1.000000	-1.000000	-1.000000	-1.000000	-1.000000	-1.000000	74.620690	0.000000	-1.000000	-1.000000	1459721.000000	1772660808.117782
-26702.370000	-45144.315000	2311.965000	1957.950000	5968.710000	5045.670000	2951.820000	1929.105000	4.660920	-10.447358	-23.794642	-23.645719	25.719956	-0.834918	-0.784449	3.472817	-16.953860	6.683880	-1.922760	0.919492	0.178405	0.394530	-1.000000	-1.000000	-1.000000	-1.000000	-1.000000	-1.000000	-1.000000	74.620690	0.000000	-1.000000	-1.000000	1459722.000000	1772660808.117791
-26661.555000	-45116.595000	2323.125000	1985.130000	5986.845000	5034.015000	2944.530000	1950.210000	-9.858702	-18.528583	-26.781062	-16.932094	31.543925	4.521872	-3.990460	-0.153442	-16.953860	6.683880	-1.922760	0.919492	0.178405	0.394530	-1.000000	-1.000000	-1.000000	-1.000000	-1.000000	-1.000000	-1.000000	74.620690	0.000000	-1.000000	-1.000000	1459723.000000	1772660808.119977
-26702.370000	-45157.230000	2289.240000	1950.210000	5963.445000	5031.855000	2967.795000	1931.310000	-21.606008	-15.698695	-18.587313	-1.067869	32.788368	9.535361	-6.018034	-6.279106	-16.953860	6.683880	-1.922760	0.919492	0.178405	0.394530	-1.000000	-1.000000	-1.000000	-1.000000	-1.000000	-1.000000	-1.000000	74.620690	0.000000	-1.000000	-1.000000	1459724.000000	1772660808.119985
-26720.055000	-45134.820000	2329.695000	1981.485000	5988.645000	5068.260000	3015.405000	1925.235000	-23.270551	-5.308852	-4.744146	10.880774	21.612727	9.401480	-5.406956	-11.060724	-16.953860	6.683880	-1.922760	0.919492	0.178405	0.394530	-1.000000	-1.000000	-1.000000	-1.000000	-1.000000	-1.000000	-1.000000	74.620690	0.000000	-1.000000	-1.000000	1459725.000000	1772660808.123744
-26689.275000	-45131.670000	2329.875000	1951.335000	5954.715000	5045.985000	2990.160000	1933.380000	-16.227336	4.275102	8.380785	12.629371	-1.668042	5.334730	-0.128354	-10.746635	-16.953860	6.683880	-1.922760	0.919492	0.178405	0.394530	-1.000000	-1.000000	-1.000000	-1.000000	-1.000000	-1.000000	-1.000000	74.620690	0.000000	-1.000000	-1.000000	1459726.000000	1772660808.123751
-26724.555000	-45169.470000	2290.635000	1930.230000	5903.820000	4994.145000	2937.960000	1900.305000	-7.351806	8.016098	17.670341	7.853495	-26.334615	0.820629	6.324800	-6.088686	-16.953860	6.683880	-1.922760	0.919492	0.178405	0.394530	-1.000000	-1.000000	-1.000000	-1.000000	-1.000000	-1.000000	-1.000000	74.620690	0.000000	-1.000000	-1.000000	1459727.000000	1772660808.127853
-26705.565000	-45105.030000	2351.835000	1983.645000	5989.815000	5074.650000	2989.800000	1922.265000	-1.302829	7.458718	21.643898	2.700034	-39.706098	-2.950465	7.614054	-1.690760	-16.953860	6.683880	-1.922760	0.919492	0.178405	0.394530	-1.000000	-1.000000	-1.000000	-1.000000	-1.000000	-1.000000	-1.000000	74.620690	0.000000	-1.000000	-1.000000	1459728.000000	1772660808.127859
-26691.570000	-45092.205000	2370.015000	1997.460000	6010.245000	5088.960000	2955.150000	1944.045000	3.972309	8.345648	21.085353	2.341388	-32.544424	-3.826136	3.120659	1.104581	-16.953860	6.683880	-1.922760	0.919492	0.178405	0.394530	-1.000000	-1.000000	-1.000000	-1.000000	-1.000000	-1.000000	-1.000000	74.620690	0.000000	-1.000000	-1.000000	1459729.000000	1772660808.131949
-26682.165000	-45104.895000	2354.130000	2001.240000	6010.245000	5062.770000	2913.570000	1933.695000	12.128619	12.329250	17.029106	7.902831	-6.335604	-0.719171	-4.168436	4.593512	-16.953860	6.683880	-1.922760	0.919492	0.178405	0.394530	-1.000000	-1.000000	-1.000000	-1.000000	-1.000000	-1.000000	-1.000000	74.620690	0.000000	-1.000000	-1.000000	1459730.000000	1772660808.131956
-26660.115000	-45109.260000	2333.970000	1970.685000	5999.580000	5044.905000	2952.855000	1955.475000	21.144550	13.091663	7.089114	12.479901	22.816082	1.735802	-11.390771	8.474420	-6.928040	6.851740	6.882260	0.915037	0.165161	0.386413	-1.000000	-1.000000	-1.000000	-1.000000	-1.000000	-1.000000	-1.000000	74.620690	0.000000	-1.000000	-1.000000	1459731.000000	1772660808.138301
-26696.970000	-45152.415000	2295.360000	1962.630000	6001.560000	5042.970000	2967.075000	1959.795000	24.168867	4.813353	-9.481924	7.171664	36.024307	-1.043704	-13.749847	9.837752	-6.928040	6.851740	6.882260	0.915037	0.165161	0.386413	-1.000000	-1.000000	-1.000000	-1.000000	-1.000000	-1.000000	-1.000000	74.620690	0.000000	-1.000000	-1.000000	1459732.000000	1772660808.138308
-26715.465000	-45140.580000	2321.460000	1996.380000	6022.080000	5050.620000	2927.295000	1927.215000	16.998008	-9.614500	-25.999086	-7.208594	26.866717	-7.497062	-9.084807	7.219668	-6.928040	6.851740	6.882260	0.915037	0.165161	0.386413	-1.000000	-1.000000	-1.000000	-1.000000	-1.000000	-1.000000	-1.000000	74.620690	0.000000	-1.000000	-1.000000	1459733.000000	1772660808.139926
-26757.180000	-45132.165000	2344.545000	2013.660000	6022.845000	5060.070000	2941.605000	1903.995000	1.994798	-21.325277	-32.532101	-19.894224	3.778419	-12.325344	-1.689824	1.296288	-6.928040	6.851740	6.882260	0.915037	0.165161	0.386413	-1.000000	-1.000000	-1.000000	-1.000000	-1.000000	-1.000000	-1.000000	74.620690	0.000000	-1.000000	-1.000000	1459734.000000	1772660808.139932
-26769.465000	-45133.650000	2346.210000	2010.600000	6017.220000	5064.480000	2966.985000	1902.555000	-15.305185	-23.200366	-23.927987	-21.053835	-18.079094	-10.566136	5.111631	-5.869601	-6.928040	6.851740	6.882260	0.915037	0.165161	0.386413	-1.000000	-1.000000	-1.000000	-1.000000	-1.000000	-1.000000	-1.000000	74.620690	0.000000	-1.000000	-1.000000	1459735.000000	1772660808.144003
-26694.495000	-45133.920000	2343.060000	2002.680000	6007.230000	5061.060000	2980.530000	1962.810000	-26.849936	-14.160258	-3.982927	-10.444241	-27.415404	-1.531177	12.134528	-10.109044	-6.928040	6.851740	6.882260	0.915037	0.165161	0.386413	-1.000000	-1.000000	-1.000000	-1.000000	-1.000000	-1.000000	-1.000000	74.620690	0.000000	-1.000000	-1.000000	1459736.000000	1772660808.144010
-26649.000000	-45128.610000	2333.790000	1989.810000	5993.820000	5043.960000	2959.830000	1954.710000	-23.449005	0.363034	15.782770	2.981056	-23.791205	8.230746	17.515728	-7.568730	-6.928040	6.851740	6.882260	0.915037	0.165161	0.386413	-1.000000	-1.000000	-1.000000	-1.000000	-1.000000	-1.000000	-1.000000	74.620690	0.000000	-1.000000	-1.000000	1459737.000000	1772660808.150918
-26686.980000	-45103.455000	2351.745000	1993.005000	5974.020000	5040.270000	2962.395000	1925.415000	-5.381914	12.635021	24.513145	10.161040	-14.090020	10.805183	16.624145	-0.528282	-6.928040	6.851740	6.882260	0.915037	0.165161	0.386413	-1.000000	-1.000000	-1.000000	-1.000000	-1.000000	-1.000000	-1.000000	74.620690	0.000000	-1.000000	-1.000000	1459738.000000	1772660808.150928
-26711.955000	-45123.705000	2335.500000	1998.630000	5973.885000	5040.450000	2979.270000	1920.645000	13.837864	18.131242	20.292854	9.480689	-3.896810	6.005819	9.214159	4.231518	-6.928040	6.851740	6.882260	0.915037	0.165161	0.386413	-1.000000	-1.000000	-1.000000	-1.000000	-1.000000	-1.000000	-1.000000	74.620690	0.000000	-1.000000	-1.000000	1459739.000000	1772660808.152870
-26667.315000	-45119.565000	2344.185000	2030.850000	5984.685000	5042.385000	2952.990000	1948.545000	20.929049	16.123042	8.983196	5.376873	4.931906	-0.016647	-1.184706	3.482391	-6.928040	6.851740	6.882260	0.915037	0.165161	0.386413	-1.000000	-1.000000	-1.000000	-1.000000	-1.000000	-1.000000	-1.000000	74.620690	0.000000	-1.000000	-1.000000	1459740.000000	1772660808.152877
-26662.725000	-45106.740000	2354.085000	1995.795000	5951.295000	5049.405000	2955.060000	1960.110000	15.764653	9.397789	-1.421929	2.221763	11.155389	-2.487703	-11.588160	0.322897	3.723440	8.225140	5.463080	0.914915	0.140197	0.375365	-1.000000	-1.000000	-1.000000	-1.000000	-1.000000	-1.000000	-1.000000	74.620690	0.000000	-1.000000	-1.000000	1459741.000000	1772660808.155910
-26702.865000	-45114.975000	2345.265000	1906.245000	5890.230000	5040.405000	2952.360000	1949.355000	6.540990	2.181226	-6.619586	-1.471920	11.561219	-1.514616	-18.421459	-0.278908	3.723440	8.225140	5.463080	0.914915	0.140197	0.375365	-1.000000	-1.000000	-1.000000	-1.000000	-1.000000	-1.000000	-1.000000	74.620690	0.000000	-1.000000	-1.000000	1459742.000000	1772660808.155917
-26672.130000	-45094.455000	2375.910000	1906.380000	5850.135000	5018.310000	2954.655000	1962.360000	-1.254827	-3.632543	-7.629491	-9.274037	4.283594	-0.116035	-18.185180	2.952305	3.723440	8.225140	5.463080	0.914915	0.140197	0.375365	-1.000000	-1.000000	-1.000000	-1.000000	-1.000000	-1.000000	-1.000000	74.620690	0.000000	-1.000000	-1.000000	1459743.000000	1772660808.160159
-26645.490000	-45089.370000	2339.550000	1797.390000	5819.760000	5019.750000	2968.290000	1963.980000	-5.751250	-7.051118	-6.357981	-18.429152	-6.133327	-0.219175	-11.031828	6.668780	3.723440	8.225140	5.463080	0.914915	0.140197	0.375365	-1.000000	-1.000000	-1.000000	-1.000000	-1.000000	-1.000000	-1.000000	74.620690	0.000000	-1.000000	-1.000000	1459744.000000	1772660808.160167
-26692.065000	-45121.455000	2288.835000	1796.040000	5837.130000	5031.090000	2977.470000	1930.455000	-8.024662	-7.641964	-4.991511	-22.621393	-11.477521	-1.061840	-0.501613	5.736226	3.723440	8.225140	5.463080	0.914915	0.140197	0.375365	-1.000000	-1.000000	-1.000000	-1.000000	-1.000000	-1.000000	-1.000000	74.620690	0.000000	-1.000000	-1.000000	1459745.000000	1772660808.163893
-26670.195000	-45107.415000	2326.185000	1891.035000	5968.845000	5065.695000	2979.495000	1928.205000	-11.318818	-7.330957	-5.646574	-16.027109	-4.973646	-0.451321	9.196876	-1.791120	3.723440	8.225140	5.463080	0.914915	0.140197	0.375365	-1.000000	-1.000000	-1.000000	-1.000000	-1.000000	-1.000000	-1.000000	74.620690	0.000000	-1.000000	-1.000000	1459746.000000	1772660808.163900
-26650.440000	-45081.270000	2374.245000	1992.420000	6089.130000	5085.495000	2943.495000	1943.685000	-13.802717	-6.911398	-5.626198	5.412485	15.920913	3.233559	14.311462	-10.620199	3.723440	8.225140	5.463080	0.914915	0.140197	0.375365	-1.000000	-1.000000	-1.000000	-1.000000	-1.000000	-1.000000	-1.000000	74.620690	0.000000	-1.000000	-1.000000	1459747.000000	1772660808.167945
-26690.490000	-45126.045000	2317.365000	2017.980000	6098.805000	5053.095000	2922.840000	1944.540000	-10.502397	-4.931594	-1.081395	35.807082	42.857819	8.101870	11.842298	-13.226386	3.723440	8.225140	5.463080	0.914915	0.140197	0.375365	-1.000000	-1.000000	-1.000000	-1.000000	-1.000000	-1.000000	-1.000000	74.620690	0.000000	-1.000000	-1.000000	1459748.000000	1772660808.167949
-26711.865000	-45150.705000	2306.790000	2062.980000	6094.485000	5068.620000	2942.145000	1931.580000	-3.308809	-2.055802	5.242559	57.907987	56.233467	9.180879	2.943884	-8.598780	3.723440	8.225140	5.463080	0.914915	0.140197	0.375365	-1.000000	-1.000000	-1.000000	-1.000000	-1.000000	-1.000000	-1.000000	74.620690	0.000000	-1.000000	-1.000000	1459749.000000	1772660808.173245
-26665.290000	-45129.690000	2341.125000	2068.020000	6073.830000	5079.195000	2950.470000	1942.695000	3.003304	-0.261958	8.164827	57.312186	41.505147	4.345926	-5.609556	-1.168867	3.723440	8.225140	5.463080	0.914915	0.140197	0.375365	-1.000000	-1.000000	-1.000000	-1.000000	-1.000000	-1.000000	-1.000000	74.620690	0.000000	-1.000000	-1.000000	1459750.000000	1772660808.173249
-26652.105000	-45106.065000	2350.935000	2009.475000	6014.970000	5073.345000	2945.880000	1931.940000	8.910484	1.207219	7.250344	32.961470	2.962943	-3.189358	-7.867000	5.463318	-3.097780	5.585160	7.645260	0.914793	0.145568	0.369506	-1.000000	-1.000000	-1.000000	-1.000000	-1.000000	-1.000000	-1.000000	74.620690	0.000000	-1.000000	-1.000000	1459751.000000	1772660808.175939
-26731.530000	-45130.455000	2322.000000	1932.255000	5935.455000	5056.830000	2959.785000	1925.955000	13.724306	3.770685	4.486253	-5.905880	-41.240766	-8.895044	-4.025467	9.208125	-3.097780	5.585160	7.645260	0.914793	0.145568	0.369506	-1.000000	-1.000000	-1.000000	-1.000000	-1.000000	-1.000000	-1.000000	74.620690	0.000000	-1.000000	-1.000000	1459752.000000	1772660808.175947
-26754.480000	-45143.460000	2307.600000	1913.220000	5884.245000	5033.295000	2971.485000	1936.350000	11.145247	6.001086	1.036558	-44.206894	-72.182422	-11.077501	1.833765	8.802054	-3.097780	5.585160	7.645260	0.914793	0.145568	0.369506	-1.000000	-1.000000	-1.000000	-1.000000	-1.000000	-1.000000	-1.000000	74.620690	0.000000	-1.000000	-1.000000	1459753.000000	1772660808.179937
-26696.340000	-45126.585000	2327.310000	1975.275000	5945.895000	5010.570000	2974.185000	1954.035000	0.528575	6.159674	-1.435544	-65.199792	-78.005592	-11.267225	5.846094	5.834522	-3.097780	5.585160	7.645260	0.914793	0.145568	0.369506	-1.000000	-1.000000	-1.000000	-1.000000	-1.000000	-1.000000	-1.000000	74.620690	0.000000	-1.000000	-1.000000	1459754.000000	1772660808.179944
-26686.395000	-45144.180000	2316.150000	1989.540000	6026.130000	5066.055000	2981.430000	1946.295000	-8.448016	4.412588	-2.149518	-60.658418	-56.559828	-10.374930	6.545833	3.396245	-3.097780	5.585160	7.645260	0.914793	0.145568	0.369506	-1.000000	-1.000000	-1.000000	-1.000000	-1.000000	-1.000000	-1.000000	74.620690	0.000000	-1.000000	-1.000000	1459755.000000	1772660808.187343
-26701.425000	-45133.875000	2328.930000	1998.945000	6034.455000	5060.520000	2963.250000	1937.385000	-8.241445	1.385124	-2.704145	-37.081175	-16.887605	-6.208776	4.794452	1.796797	-3.097780	5.585160	7.645260	0.914793	0.145568	0.369506	-1.000000	-1.000000	-1.000000	-1.000000	-1.000000	-1.000000	-1.000000	74.620690	0.000000	-1.000000	-1.000000	1459756.000000	1772660808.187350
-26725.815000	-45148.815000	2325.240000	1998.405000	6035.670000	5060.430000	2963.070000	1923.165000	-1.166010	-1.200879	-3.038427	-8.483691	24.109355	2.337679	1.735398	-1.030074	-3.097780	5.585160	7.645260	0.914793	0.145568	0.369506	-1.000000	-1.000000	-1.000000	-1.000000	-1.000000	-1.000000	-1.000000	74.620690	0.000000	-1.000000	-1.000000	1459757.000000	1772660808.188057
-26716.410000	-45147.870000	2326.680000	2001.285000	6033.330000	5061.015000	2973.510000	1935.090000	5.975450	-1.324085	-1.388904	14.178638	51.165204	11.462903	-2.010203	-5.218904	-3.097780	5.585160	7.645260	0.914793	0.145568	0.369506	-1.000000	-1.000000	-1.000000	-1.000000	-1.000000	-1.000000	-1.000000	74.620690	0.000000	-1.000000	-1.000000	1459758.000000	1772660808.188064
-26733.195000	-45125.640000	2348.865000	2003.895000	6017.805000	5052.060000	2941.335000	1907.775000	8.098832	0.282813	1.216723	27.158487	57.847337	15.561506	-5.783873	-8.296118	-3.097780	5.585160	7.645260	0.914793	0.145568	0.369506	-1.000000	-1.000000	-1.000000	-1.000000	-1.000000	-1.000000	-1.000000	74.620690	0.000000	-1.000000	-1.000000	1459759.000000	1772660808.191815
-26703.495000	-45102.960000	2362.680000	1971.720000	5998.995000	5060.205000	2963.835000	1920.960000	4.740387	1.666994	2.658650	32.324887	47.125057	12.750881	-8.606067	-8.259942	-3.097780	5.585160	7.645260	0.914793	0.145568	0.369506	-1.000000	-1.000000	-1.000000	-1.000000	-1.000000	-1.000000	-1.000000	74.620690	0.000000	-1.000000	-1.000000	1459760.000000	1772660808.191823
-26665.020000	-45117.855000	2341.440000	1933.425000	5967.315000	5041.620000	2950.425000	1939.860000	1.195303	2.330684	3.008179	32.179833	27.355913	5.973910	-9.118108	-4.634438	-11.658640	0.747740	3.799740	0.902280	0.150940	0.379821	-1.000000	-1.000000	-1.000000	-1.000000	-1.000000	-1.000000	-1.000000	74.620690	0.000000	-1.000000	-1.000000	1459761.000000	1772660808.195939
-26648.415000	-45148.590000	2300.085000	1948.590000	5994.090000	5054.670000	2960.145000	1958.085000	2.726089	1.748155	2.301346	26.531086	6.494880	-0.498952	-6.794900	1.710388	-11.658640	0.747740	3.799740	0.902280	0.150940	0.379821	-1.000000	-1.000000	-1.000000	-1.000000	-1.000000	-1.000000	-1.000000	74.620690	0.000000	-1.000000	-1.000000	1459762.000000	1772660808.195946
-26663.895000	-45116.865000	2351.205000	2002.635000	6034.500000	5069.295000	2967.795000	1952.460000	6.328767	-0.987265	-0.330754	14.588234	-11.509310	-4.094275	-2.294994	7.948764	-11.658640	0.747740	3.799740	0.902280	0.150940	0.379821	-1.000000	-1.000000	-1.000000	-1.000000	-1.000000	-1.000000	-1.000000	74.620690	0.000000	-1.000000	-1.000000	1459763.000000	1772660808.199898
-26706.555000	-45119.520000	2343.285000	1978.650000	6017.130000	5050.935000	2944.755000	1934.280000	4.077991	-4.424949	-3.581139	-1.592410	-26.101929	-5.426520	3.128421	10.324684	-11.658640	0.747740	3.799740	0.902280	0.150940	0.379821	-1.000000	-1.000000	-1.000000	-1.000000	-1.000000	-1.000000	-1.000000	74.620690	0.000000	-1.000000	-1.000000	1459764.000000	1772660808.199905
-26759.880000	-45148.770000	2315.295000	1978.110000	6002.460000	5047.830000	2961.045000	1903.365000	-6.488844	-6.066067	-5.221795	-17.330113	-36.180003	-6.695816	7.689642	6.728140	-11.658640	0.747740	3.799740	0.902280	0.150940	0.379821	-1.000000	-1.000000	-1.000000	-1.000000	-1.000000	-1.000000	-1.000000	74.620690	0.000000	-1.000000	-1.000000	1459765.000000	1772660808.205610
-26698.545000	-45134.370000	2328.255000	1987.965000	6012.405000	5061.870000	2994.615000	1940.310000	-18.439674	-5.257267	-4.962899	-27.080498	-37.531609	-7.675292	10.380202	-0.848270	-11.658640	0.747740	3.799740	0.902280	0.150940	0.379821	-1.000000	-1.000000	-1.000000	-1.000000	-1.000000	-1.000000	-1.000000	74.620690	0.000000	-1.000000	-1.000000	1459766.000000	1772660808.205617
-26626.500000	-45102.105000	2363.805000	2025.000000	6023.835000	5063.715000	2960.910000	1985.850000	-20.346249	-2.160611	-2.867083	-26.051551	-26.247516	-6.237505	10.762377	-6.157485	-11.658640	0.747740	3.799740	0.902280	0.150940	0.379821	-1.000000	-1.000000	-1.000000	-1.000000	-1.000000	-1.000000	-1.000000	74.620690	0.000000	-1.000000	-1.000000	1459767.000000	1772660808.207825
-26674.830000	-45099.405000	2398.905000	2069.955000	5969.835000	5045.580000	2926.935000	1945.935000	-8.050508	2.196630	1.309070	-12.706389	-4.814184	-2.155496	7.234813	-4.629462	-11.658640	0.747740	3.799740	0.902280	0.150940	0.379821	-1.000000	-1.000000	-1.000000	-1.000000	-1.000000	-1.000000	-1.000000	74.620690	0.000000	-1.000000	-1.000000	1459768.000000	1772660808.207833
-26716.680000	-45092.655000	2431.575000	2047.770000	5898.960000	5032.935000	2939.355000	1901.610000	8.255329	5.239392	6.938444	8.658822	16.615928	2.184897	-0.777599	-0.068978	-11.658640	0.747740	3.799740	0.902280	0.150940	0.379821	-1.000000	-1.000000	-1.000000	-1.000000	-1.000000	-1.000000	-1.000000	74.620690	0.000000	-1.000000	-1.000000	1459769.000000	1772660808.211876
-26635.095000	-45068.490000	2441.655000	1971.630000	5849.415000	5013.045000	2957.490000	1936.665000	15.608027	5.955874	12.621925	26.484725	26.783974	4.294377	-9.341506	0.358766	-11.658640	0.747740	3.799740	0.902280	0.150940	0.379821	-1.000000	-1.000000	-1.000000	-1.000000	-1.000000	-1.000000	-1.000000	74.620690	0.000000	-1.000000	-1.000000	1459770.000000	1772660808.211886
-26624.655000	-45081.630000	2396.340000	1903.905000	5851.935000	5013.720000	3022.380000	1994.715000	12.763512	5.594144	14.953084	26.367300	21.292213	3.449960	-11.911024	-2.918138	-5.157880	2.044840	2.792580	0.904905	0.127502	0.373412	-1.000000	-1.000000	-1.000000	-1.000000	-1.000000	-1.000000	-1.000000	74.620690	0.000000	-1.000000	-1.000000	1459771.000000	1772660808.215872
-26666.415000	-45111.420000	2319.255000	1872.270000	5937.120000	5037.660000	3031.335000	1959.435000	5.891645	3.426237	7.780072	3.697531	6.135692	0.930812	-5.301384	-3.735660	-5.157880	2.044840	2.792580	0.904905	0.127502	0.373412	-1.000000	-1.000000	-1.000000	-1.000000	-1.000000	-1.000000	-1.000000	74.620690	0.000000	-1.000000	-1.000000	1459772.000000	1772660808.215877
-26655.570000	-45121.230000	2263.365000	1833.390000	5996.115000	5052.780000	2971.170000	1941.165000	-0.317855	-2.291145	-10.865177	-28.175244	-4.846259	-0.244492	5.688937	-0.471454	-5.157880	2.044840	2.792580	0.904905	0.127502	0.373412	-1.000000	-1.000000	-1.000000	-1.000000	-1.000000	-1.000000	-1.000000	74.620690	0.000000	-1.000000	-1.000000	1459773.000000	1772660808.219979
-26706.420000	-45191.205000	2217.735000	1879.920000	5988.060000	5015.835000	2945.790000	1923.930000	-3.633471	-9.881877	-31.957208	-46.882002	-2.032430	1.451109	10.588637	2.992895	-5.157880	2.044840	2.792580	0.904905	0.127502	0.373412	-1.000000	-1.000000	-1.000000	-1.000000	-1.000000	-1.000000	-1.000000	74.620690	0.000000	-1.000000	-1.000000	1459774.000000	1772660808.219986
-26714.340000	-45186.165000	2247.480000	1941.075000	6039.945000	5039.100000	2947.095000	1930.275000	-5.974312	-15.897589	-41.376083	-37.840832	10.257845	3.456541	3.781182	2.839070	-5.157880	2.044840	2.792580	0.904905	0.127502	0.373412	-1.000000	-1.000000	-1.000000	-1.000000	-1.000000	-1.000000	-1.000000	74.620690	0.000000	-1.000000	-1.000000	1459775.000000	1772660808.224035
-26710.245000	-45149.040000	2306.430000	2020.905000	6079.860000	5064.480000	2935.530000	1941.255000	-10.490032	-16.996947	-30.804635	-3.807552	21.174555	3.723181	-8.517221	-1.069300	-5.157880	2.044840	2.792580	0.904905	0.127502	0.373412	-1.000000	-1.000000	-1.000000	-1.000000	-1.000000	-1.000000	-1.000000	74.620690	0.000000	-1.000000	-1.000000	1459776.000000	1772660808.224042
-26744.850000	-45124.605000	2344.770000	2035.845000	6092.235000	5092.515000	2951.955000	1943.550000	-14.285294	-10.035636	-3.075366	37.296900	24.670710	4.091934	-15.020356	-4.240788	-5.157880	2.044840	2.792580	0.904905	0.127502	0.373412	-1.000000	-1.000000	-1.000000	-1.000000	-1.000000	-1.000000	-1.000000	74.620690	0.000000	-1.000000	-1.000000	1459777.000000	1772660808.229271
-26784.180000	-45118.395000	2366.325000	2041.920000	6081.615000	5093.505000	2946.285000	1902.735000	-12.602337	4.093075	28.995449	64.121866	20.116317	6.165378	-10.869507	-2.839221	-5.157880	2.044840	2.792580	0.904905	0.127502	0.373412	-1.000000	-1.000000	-1.000000	-1.000000	-1.000000	-1.000000	-1.000000	74.620690	0.000000	-1.000000	-1.000000	1459778.000000	1772660808.229278
-26745.120000	-45116.775000	2356.830000	2006.325000	6054.930000	5077.755000	2953.035000	1890.180000	-6.427973	18.580522	49.989537	64.176757	7.876391	7.744829	-0.712739	0.085649	-5.157880	2.044840	2.792580	0.904905	0.127502	0.373412	-1.000000	-1.000000	-1.000000	-1.000000	-1.000000	-1.000000	-1.000000	74.620690	0.000000	-1.000000	-1.000000	1459779.000000	1772660808.237690
-26660.745000	-45112.680000	2332.710000	1940.355000	5992.515000	5038.155000	2951.010000	1935.090000	2.518129	25.738556	50.725926	37.425604	-12.592276	4.274269	7.106301	-0.107503	-5.157880	2.044840	2.792580	0.904905	0.127502	0.373412	-1.000000	-1.000000	-1.000000	-1.000000	-1.000000	-1.000000	-1.000000	74.620690	0.000000	-1.000000	-1.000000	1459780.000000	1772660808.237702
-26646.570000	-45109.215000	2335.815000	1946.835000	5965.920000	5034.150000	2998.890000	1964.655000	15.794674	22.846884	32.989589	-4.907157	-39.250632	-6.240583	9.239602	-0.724142	2.121140	1.602300	0.671440	0.910215	0.112610	0.367736	-1.000000	-1.000000	-1.000000	-1.000000	-1.000000	-1.000000	-1.000000	74.620690	0.000000	-1.000000	-1.000000	1459781.000000	1772660808.237712
-26623.215000	-45079.425000	2373.660000	2001.780000	6017.400000	5072.265000	3014.235000	1975.815000	30.737281	13.460841	8.231783	-42.729236	-60.938491	-18.227584	9.931457	3.913840	2.121140	1.602300	0.671440	0.910215	0.112610	0.367736	-1.000000	-1.000000	-1.000000	-1.000000	-1.000000	-1.000000	-1.000000	74.620690	0.000000	-1.000000	-1.000000	1459782.000000	1772660808.237715
-26661.780000	-45108.720000	2348.280000	1963.935000	5971.905000	5036.985000	2914.200000	1956.870000	37.732695	3.572532	-11.465967	-59.062322	-61.818944	-22.224104	11.311448	12.096727	2.121140	1.602300	0.671440	0.910215	0.112610	0.367736	-1.000000	-1.000000	-1.000000	-1.000000	-1.000000	-1.000000	-1.000000	74.620690	0.000000	-1.000000	-1.000000	1459783.000000	1772660808.242708
-26731.845000	-45143.415000	2320.740000	1976.445000	5993.685000	5038.470000	2925.000000	1918.890000	27.251327	-5.172575	-23.504984	-52.923400	-37.571612	-15.593081	8.212085	14.953237	2.121140	1.602300	0.671440	0.910215	0.112610	0.367736	-1.000000	-1.000000	-1.000000	-1.000000	-1.000000	-1.000000	-1.000000	74.620690	0.000000	-1.000000	-1.000000	1459784.000000	1772660808.242717
-26746.155000	-45125.055000	2350.125000	2012.670000	6022.710000	5061.375000	2951.505000	1899.315000	-0.672171	-15.015978	-31.917466	-34.061226	0.966346	-3.723519	-0.760397	6.511337	2.121140	1.602300	0.671440	0.910215	0.112610	0.367736	-1.000000	-1.000000	-1.000000	-1.000000	-1.000000	-1.000000	-1.000000	74.620690	0.000000	-1.000000	-1.000000	1459785.000000	1772660808.243951
-26734.950000	-45108.495000	2369.340000	2037.105000	6048.180000	5091.930000	2974.635000	1900.395000	-31.369554	-24.005470	-36.514634	-10.276493	38.795048	7.855958	-8.724517	-8.725850	2.121140	1.602300	0.671440	0.910215	0.112610	0.367736	-1.000000	-1.000000	-1.000000	-1.000000	-1.000000	-1.000000	-1.000000	74.620690	0.000000	-1.000000	-1.000000	1459786.000000	1772660808.243956
-26639.820000	-45080.370000	2373.885000	1994.400000	5994.900000	5063.985000	2960.235000	1953.180000	-44.915239	-25.510645	-32.309991	13.522724	62.760136	16.071131	-10.323170	-18.936699	2.121140	1.602300	0.671440	0.910215	0.112610	0.367736	-1.000000	-1.000000	-1.000000	-1.000000	-1.000000	-1.000000	-1.000000	74.620690	0.000000	-1.000000	-1.000000	1459787.000000	1772660808.253754
-26610.570000	-45100.890000	2347.470000	1958.535000	5940.180000	5011.830000	2927.970000	1968.570000	-33.355844	-16.385684	-17.517894	30.908428	63.098662	17.930060	-7.563084	-16.010741	2.121140	1.602300	0.671440	0.910215	0.112610	0.367736	-1.000000	-1.000000	-1.000000	-1.000000	-1.000000	-1.000000	-1.000000	74.620690	0.000000	-1.000000	-1.000000	1459788.000000	1772660808.253762
-26666.460000	-45137.205000	2314.170000	1977.435000	5981.355000	5029.110000	2958.165000	1953.675000	-7.906339	-1.685912	2.707565	36.811499	40.013902	12.128611	-5.226719	-3.591217	2.121140	1.602300	0.671440	0.910215	0.112610	0.367736	-1.000000	-1.000000	-1.000000	-1.000000	-1.000000	-1.000000	-1.000000	74.620690	0.000000	-1.000000	-1.000000	1459789.000000	1772660808.253774
-26698.590000	-45136.170000	2326.725000	1988.100000	6005.745000	5056.110000	2975.085000	1933.605000	11.530723	9.784788	19.764449	31.482132	6.817647	2.598459	-4.115548	7.166696	2.121140	1.602300	0.671440	0.910215	0.112610	0.367736	-1.000000	-1.000000	-1.000000	-1.000000	-1.000000	-1.000000	-1.000000	74.620690	0.000000	-1.000000	-1.000000	1459790.000000	1772660808.253778
-26680.545000	-45139.185000	2319.975000	1970.370000	5982.390000	5059.035000	2959.155000	1941.930000	14.935284	13.711444	27.560141	17.804234	-20.449971	-4.394929	-1.536480	9.168088	-0.473060	2.838360	-2.060100	0.903501	0.119507	0.366881	-1.000000	-1.000000	-1.000000	-1.000000	-1.000000	-1.000000	-1.000000	74.620690	0.000000	-1.000000	-1.000000	1459791.000000	1772660808.255933
-26682.255000	-45156.420000	2290.005000	1914.075000	5904.945000	5024.655000	2966.760000	1949.670000	8.473616	12.144808	24.931794	-0.972351	-34.696546	-6.294663	4.211603	4.654085	-0.473060	2.838360	-2.060100	0.903501	0.119507	0.366881	-1.000000	-1.000000	-1.000000	-1.000000	-1.000000	-1.000000	-1.000000	74.620690	0.000000	-1.000000	-1.000000	1459792.000000	1772660808.255942
-26682.300000	-45143.820000	2306.205000	1928.610000	5921.730000	5039.910000	2986.020000	1948.500000	3.703685	8.821745	14.515568	-19.885192	-37.372861	-5.200443	11.503017	0.360787	-0.473060	2.838360	-2.060100	0.903501	0.119507	0.366881	-1.000000	-1.000000	-1.000000	-1.000000	-1.000000	-1.000000	-1.000000	74.620690	0.000000	-1.000000	-1.000000	1459793.000000	1772660808.261531
-26683.425000	-45138.195000	2324.745000	1967.580000	5999.085000	5067.180000	2950.245000	1945.800000	5.496277	5.543221	1.376267	-31.457061	-30.162896	-3.843483	14.865176	0.139334	-0.473060	2.838360	-2.060100	0.903501	0.119507	0.366881	-1.000000	-1.000000	-1.000000	-1.000000	-1.000000	-1.000000	-1.000000	74.620690	0.000000	-1.000000	-1.000000	1459794.000000	1772660808.261539
-26687.205000	-45123.885000	2343.825000	1992.600000	6022.485000	5053.770000	2941.920000	1939.230000	9.617902	2.296811	-8.748740	-28.451029	-12.400905	-2.846389	9.106810	2.337794	-0.473060	2.838360	-2.060100	0.903501	0.119507	0.366881	-1.000000	-1.000000	-1.000000	-1.000000	-1.000000	-1.000000	-1.000000	74.620690	0.000000	-1.000000	-1.000000	1459795.000000	1772660808.265537
-26702.055000	-45113.445000	2362.545000	2013.030000	6041.880000	5060.475000	2973.150000	1941.345000	7.799969	-0.807647	-11.568907	-9.643904	12.676069	-1.241443	-3.219674	2.467964	-0.473060	2.838360	-2.060100	0.903501	0.119507	0.366881	-1.000000	-1.000000	-1.000000	-1.000000	-1.000000	-1.000000	-1.000000	74.620690	0.000000	-1.000000	-1.000000	1459796.000000	1772660808.265544
-26697.690000	-45132.885000	2337.030000	1979.505000	6023.655000	5074.200000	2978.460000	1944.675000	-2.999939	-2.621131	-6.343761	16.378442	34.684316	2.441995	-12.695877	-1.622109	-0.473060	2.838360	-2.060100	0.903501	0.119507	0.366881	-1.000000	-1.000000	-1.000000	-1.000000	-1.000000	-1.000000	-1.000000	74.620690	0.000000	-1.000000	-1.000000	1459797.000000	1772660808.268004
-26679.915000	-45144.540000	2311.200000	1956.600000	5989.320000	5033.385000	2946.825000	1945.170000	-14.786709	-2.475543	2.396550	33.916447	40.336472	6.721658	-14.035400	-6.906046	-0.473060	2.838360	-2.060100	0.903501	0.119507	0.366881	-1.000000	-1.000000	-1.000000	-1.000000	-1.000000	-1.000000	-1.000000	74.620690	0.000000	-1.000000	-1.000000	1459798.000000	1772660808.268012
-26696.385000	-45136.530000	2325.375000	1986.210000	6004.170000	5037.750000	2971.935000	1944.855000	-16.690383	-1.321149	7.564090	31.640632	23.620228	6.310332	-9.930100	-8.499287	-0.473060	2.838360	-2.060100	0.903501	0.119507	0.366881	-1.000000	-1.000000	-1.000000	-1.000000	-1.000000	-1.000000	-1.000000	74.620690	0.000000	-1.000000	-1.000000	1459799.000000	1772660808.272257
-26727.705000	-45137.340000	2333.835000	2002.680000	6040.080000	5071.860000	2981.070000	1938.420000	-7.849388	-0.202798	6.336207	13.462215	-4.856252	0.240314	-3.267455	-5.003959	-0.473060	2.838360	-2.060100	0.903501	0.119507	0.366881	-1.000000	-1.000000	-1.000000	-1.000000	-1.000000	-1.000000	-1.000000	74.620690	0.000000	-1.000000	-1.000000	1459800.000000	1772660808.272264
-26708.625000	-45122.985000	2344.410000	2014.605000	6035.445000	5057.775000	2933.325000	1920.105000	3.956025	0.916384	1.879209	-6.274982	-25.259874	-5.234355	4.241404	0.633824	-3.036740	0.442540	-1.403920	0.898435	0.128540	0.374694	-1.000000	-1.000000	-1.000000	-1.000000	-1.000000	-1.000000	-1.000000	74.620690	0.000000	-1.000000	-1.000000	1459801.000000	1772660808.276633
-26666.280000	-45133.020000	2315.610000	1968.120000	5984.190000	5025.645000	2939.445000	1939.050000	12.970720	1.650244	-2.725534	-18.148937	-28.767622	-6.493860	8.243668	4.954410	-3.036740	0.442540	-1.403920	0.898435	0.128540	0.374694	-1.000000	-1.000000	-1.000000	-1.000000	-1.000000	-1.000000	-1.000000	74.620690	0.000000	-1.000000	-1.000000	1459802.000000	1772660808.276640
-26694.855000	-45148.050000	2310.300000	1970.100000	5982.615000	5029.605000	2958.345000	1940.580000	17.467634	0.199972	-7.867531	-23.072267	-22.957506	-6.402201	6.845576	7.088910	-3.036740	0.442540	-1.403920	0.898435	0.128540	0.374694	-1.000000	-1.000000	-1.000000	-1.000000	-1.000000	-1.000000	-1.000000	74.620690	0.000000	-1.000000	-1.000000	1459803.000000	1772660808.280355
-26689.635000	-45123.030000	2338.785000	1994.130000	5987.970000	5049.540000	2985.255000	1938.375000	15.285946	-3.979667	-12.869669	-23.290984	-16.516686	-6.251847	3.996261	7.268501	-3.036740	0.442540	-1.403920	0.898435	0.128540	0.374694	-1.000000	-1.000000	-1.000000	-1.000000	-1.000000	-1.000000	-1.000000	74.620690	0.000000	-1.000000	-1.000000	1459804.000000	1772660808.280364
-26708.625000	-45094.320000	2391.345000	2056.095000	6022.530000	5087.160000	3000.195000	1920.510000	5.468160	-7.339868	-12.733378	-16.104177	-9.000813	-2.805809	3.267035	4.732014	-3.036740	0.442540	-1.403920	0.898435	0.128540	0.374694	-1.000000	-1.000000	-1.000000	-1.000000	-1.000000	-1.000000	-1.000000	74.620690	0.000000	-1.000000	-1.000000	1459805.000000	1772660808.284031
-26692.065000	-45088.695000	2389.410000	2039.670000	6029.280000	5083.875000	2971.665000	1932.030000	-7.662942	-5.054872	-3.187009	0.150399	2.988794	5.277235	3.655024	-0.438752	-3.036740	0.442540	-1.403920	0.898435	0.128540	0.374694	-1.000000	-1.000000	-1.000000	-1.000000	-1.000000	-1.000000	-1.000000	74.620690	0.000000	-1.000000	-1.000000	1459806.000000	1772660808.284039
-26659.440000	-45082.530000	2371.410000	1961.415000	6005.925000	5056.830000	2970.900000	1960.335000	-16.158682	2.805735	11.729690	17.435825	16.905340	13.332682	2.110856	-4.991318	-3.036740	0.442540	-1.403920	0.898435	0.128540	0.374694	-1.000000	-1.000000	-1.000000	-1.000000	-1.000000	-1.000000	-1.000000	74.620690	0.000000	-1.000000	-1.000000	1459807.000000	1772660808.288063
-26652.330000	-45078.930000	2369.610000	1941.255000	5995.935000	5049.270000	2970.540000	1969.425000	-14.289362	10.523896	21.117656	22.097312	24.559921	14.437897	-2.212091	-4.992238	-3.036740	0.442540	-1.403920	0.898435	0.128540	0.374694	-1.000000	-1.000000	-1.000000	-1.000000	-1.000000	-1.000000	-1.000000	74.620690	0.000000	-1.000000	-1.000000	1459808.000000	1772660808.288070
-26693.820000	-45137.565000	2323.080000	1999.350000	5998.230000	5043.330000	2942.505000	1947.195000	-4.018708	11.612980	17.252028	11.015684	20.683619	6.346758	-7.074776	-0.654560	-3.036740	0.442540	-1.403920	0.898435	0.128540	0.374694	-1.000000	-1.000000	-1.000000	-1.000000	-1.000000	-1.000000	-1.000000	74.620690	0.000000	-1.000000	-1.000000	1459809.000000	1772660808.292460
-26712.405000	-45167.040000	2304.180000	1987.920000	5951.835000	5024.250000	2949.525000	1936.710000	5.427548	3.101218	1.560898	-4.165145	8.042689	-6.058668	-9.394704	3.563902	-3.036740	0.442540	-1.403920	0.898435	0.128540	0.374694	-1.000000	-1.000000	-1.000000	-1.000000	-1.000000	-1.000000	-1.000000	74.620690	0.000000	-1.000000	-1.000000	1459810.000000	1772660808.292467
-26683.650000	-45137.025000	2347.560000	1983.645000	5919.480000	5026.185000	2973.870000	1954.710000	6.618933	-10.707362	-16.075456	-11.425121	-6.600388	-15.079205	-7.112022	3.919805	-4.837420	2.746800	-1.129240	0.900938	0.136047	0.374022	-1.000000	-1.000000	-1.000000	-1.000000	-1.000000	-1.000000	-1.000000	74.620690	0.000000	-1.000000	-1.000000	1459811.000000	1772660808.295872
-26695.710000	-45113.355000	2396.430000	2017.980000	5896.395000	5027.400000	2954.970000	1932.750000	1.330252	-19.244523	-23.031044	-8.322746	-17.468330	-15.950749	-1.184863	0.543986	-4.837420	2.746800	-1.129240	0.900938	0.136047	0.374022	-1.000000	-1.000000	-1.000000	-1.000000	-1.000000	-1.000000	-1.000000	74.620690	0.000000	-1.000000	-1.000000	1459812.000000	1772660808.295879
-26695.080000	-45102.375000	2406.105000	1982.880000	5898.555000	5036.355000	2987.190000	1929.150000	-4.000102	-15.669510	-14.675678	-0.184990	-20.921820	-9.351115	4.238018	-4.131384	-4.837420	2.746800	-1.129240	0.900938	0.136047	0.374022	-1.000000	-1.000000	-1.000000	-1.000000	-1.000000	-1.000000	-1.000000	74.620690	0.000000	-1.000000	-1.000000	1459813.000000	1772660808.300061
-26605.305000	-45065.565000	2384.730000	1867.995000	5920.020000	5049.945000	2999.385000	1989.090000	-4.318332	-2.745231	1.060499	3.501700	-15.664328	0.163018	6.463144	-6.543328	-4.837420	2.746800	-1.129240	0.900938	0.136047	0.374022	-1.000000	-1.000000	-1.000000	-1.000000	-1.000000	-1.000000	-1.000000	74.620690	0.000000	-1.000000	-1.000000	1459814.000000	1772660808.300068
-26665.020000	-45128.745000	2303.145000	1848.645000	5965.200000	5026.275000	2936.385000	1952.955000	1.392574	11.048705	11.496301	-2.856787	-2.707012	7.944573	5.807595	-4.080222	-4.837420	2.746800	-1.129240	0.900938	0.136047	0.374022	-1.000000	-1.000000	-1.000000	-1.000000	-1.000000	-1.000000	-1.000000	74.620690	0.000000	-1.000000	-1.000000	1459815.000000	1772660808.304062
-26731.440000	-45167.535000	2282.760000	1925.685000	6047.055000	5053.860000	2949.615000	1931.580000	6.248661	16.356674	9.616032	-11.358049	15.172980	11.880287	2.439534	0.245306	-4.837420	2.746800	-1.129240	0.900938	0.136047	0.374022	-1.000000	-1.000000	-1.000000	-1.000000	-1.000000	-1.000000	-1.000000	74.620690	0.000000	-1.000000	-1.000000	1459816.000000	1772660808.304070
-26738.055000	-45175.455000	2273.985000	1975.905000	6071.490000	5064.345000	2972.790000	1924.785000	2.465452	9.729536	-0.936196	-8.036127	32.347497	12.397991	-1.958383	1.145856	-4.837420	2.746800	-1.129240	0.900938	0.136047	0.374022	-1.000000	-1.000000	-1.000000	-1.000000	-1.000000	-1.000000	-1.000000	74.620690	0.000000	-1.000000	-1.000000	1459817.000000	1772660808.308145
-26690.895000	-45113.310000	2331.630000	2022.660000	6075.585000	5067.990000	2967.795000	1947.060000	-5.996436	-0.891923	-8.696715	9.043500	39.989312	10.598470	-3.129461	-0.779381	-4.837420	2.746800	-1.129240	0.900938	0.136047	0.374022	-1.000000	-1.000000	-1.000000	-1.000000	-1.000000	-1.000000	-1.000000	74.620690	0.000000	-1.000000	-1.000000	1459818.000000	1772660808.308153
-26670.825000	-45107.370000	2332.170000	2006.505000	6057.630000	5062.230000	2950.335000	1942.245000	-8.322753	-3.953065	-4.862166	27.605821	31.689419	6.928057	-0.261904	-0.956507	-4.837420	2.746800	-1.129240	0.900938	0.136047	0.374022	-1.000000	-1.000000	-1.000000	-1.000000	-1.000000	-1.000000	-1.000000	74.620690	0.000000	-1.000000	-1.000000	1459819.000000	1772660808.312068
-26727.165000	-45126.945000	2345.760000	2048.130000	6086.610000	5083.560000	2942.010000	1939.005000	-2.045123	1.726409	7.284065	34.120396	9.954652	1.786110	2.216617	1.733724	-4.837420	2.746800	-1.129240	0.900938	0.136047	0.374022	-1.000000	-1.000000	-1.000000	-1.000000	-1.000000	-1.000000	-1.000000	74.620690	0.000000	-1.000000	-1.000000	1459820.000000	1772660808.312075
-26766.270000	-45128.205000	2356.155000	2036.970000	6066.990000	5080.365000	2960.145000	1928.880000	4.733006	6.872010	16.208860	23.778866	-15.293086	-3.752834	1.088012	4.632599	-2.395820	3.296160	-0.137340	0.905332	0.132995	0.376830	-1.000000	-1.000000	-1.000000	-1.000000	-1.000000	-1.000000	-1.000000	74.620690	0.000000	-1.000000	-1.000000	1459821.000000	1772660808.316223
-26683.965000	-45113.805000	2331.405000	1980.945000	6011.640000	5039.460000	2951.055000	1923.435000	5.463058	4.454941	14.297792	1.643062	-35.102177	-9.235248	-2.508081	5.077663	-2.395820	3.296160	-0.137340	0.905332	0.132995	0.376830	-1.000000	-1.000000	-1.000000	-1.000000	-1.000000	-1.000000	-1.000000	74.620690	0.000000	-1.000000	-1.000000	1459822.000000	1772660808.316231
-26635.680000	-45104.805000	2344.185000	1985.535000	5999.355000	5033.880000	2942.100000	1939.230000	2.997443	-3.332375	4.027520	-20.683536	-45.960546	-14.696328	-5.611635	2.133480	-2.395820	3.296160	-0.137340	0.905332	0.132995	0.376830	-1.000000	-1.000000	-1.000000	-1.000000	-1.000000	-1.000000	-1.000000	74.620690	0.000000	-1.000000	-1.000000	1459823.000000	1772660808.320151
-26663.670000	-45134.820000	2333.430000	1991.610000	5987.250000	5052.555000	2981.205000	1943.460000	3.474232	-9.267230	-5.312997	-31.690041	-46.682914	-17.319563	-4.701608	-1.957536	-2.395820	3.296160	-0.137340	0.905332	0.132995	0.376830	-1.000000	-1.000000	-1.000000	-1.000000	-1.000000	-1.000000	-1.000000	74.620690	0.000000	-1.000000	-1.000000	1459824.000000	1772660808.320160
-26641.260000	-45096.030000	2355.975000	1984.545000	5986.620000	5063.760000	3001.770000	1957.995000	8.079470	-8.185966	-6.840822	-29.021939	-36.878658	-13.144536	1.887843	-3.062264	-2.395820	3.296160	-0.137340	0.905332	0.132995	0.376830	-1.000000	-1.000000	-1.000000	-1.000000	-1.000000	-1.000000	-1.000000	74.620690	0.000000	-1.000000	-1.000000	1459825.000000	1772660808.325450
-26654.085000	-45062.280000	2399.625000	1997.955000	6009.705000	5060.520000	2960.910000	1956.420000	12.484106	-0.168127	-1.355660	-19.808524	-17.880510	-2.906430	9.850516	0.060483	-2.395820	3.296160	-0.137340	0.905332	0.132995	0.376830	-1.000000	-1.000000	-1.000000	-1.000000	-1.000000	-1.000000	-1.000000	74.620690	0.000000	-1.000000	-1.000000	1459826.000000	1772660808.325457
-26678.565000	-45100.350000	2348.280000	1937.610000	5981.220000	5025.600000	2937.645000	1930.770000	10.156253	8.853120	4.576038	-11.534618	6.905726	7.769032	11.628561	3.831187	-2.395820	3.296160	-0.137340	0.905332	0.132995	0.376830	-1.000000	-1.000000	-1.000000	-1.000000	-1.000000	-1.000000	-1.000000	74.620690	0.000000	-1.000000	-1.000000	1459827.000000	1772660808.329505
-26680.320000	-45124.470000	2324.070000	1962.000000	5992.200000	5029.830000	2958.120000	1936.755000	-1.524319	10.291823	3.104820	-6.178136	30.675246	13.104896	4.962686	3.710386	-2.395820	3.296160	-0.137340	0.905332	0.132995	0.376830	-1.000000	-1.000000	-1.000000	-1.000000	-1.000000	-1.000000	-1.000000	74.620690	0.000000	-1.000000	-1.000000	1459828.000000	1772660808.329513
-26695.440000	-45151.785000	2306.340000	1991.790000	5993.370000	5038.335000	3003.120000	1951.470000	-15.873150	1.370922	-7.794430	-0.838663	44.983619	11.538782	-4.059610	-0.192741	-2.395820	3.296160	-0.137340	0.905332	0.132995	0.376830	-1.000000	-1.000000	-1.000000	-1.000000	-1.000000	-1.000000	-1.000000	74.620690	0.000000	-1.000000	-1.000000	1459829.000000	1772660808.332120
-26692.740000	-45141.480000	2324.655000	1985.580000	5990.310000	5038.155000	2991.915000	1941.075000	-22.842955	-11.732319	-20.736166	7.937332	45.191106	6.308280	-8.256139	-3.735759	-2.395820	3.296160	-0.137340	0.905332	0.132995	0.376830	-1.000000	-1.000000	-1.000000	-1.000000	-1.000000	-1.000000	-1.000000	74.620690	0.000000	-1.000000	-1.000000	1459830.000000	1772660808.332125
-26666.010000	-45093.015000	2388.195000	2046.330000	6046.380000	5078.700000	2962.530000	1943.325000	-19.925155	-19.269564	-23.801819	20.714177	33.883325	2.582205	-7.062028	-4.632145	-3.326680	4.547480	1.220800	0.908689	0.134643	0.374450	-1.000000	-1.000000	-1.000000	-1.000000	-1.000000	-1.000000	-1.000000	74.620690	0.000000	-1.000000	-1.000000	1459831.000000	1772660808.336057
-26671.860000	-45112.410000	2353.185000	2011.230000	6017.040000	5066.910000	2980.755000	1946.655000	-11.466365	-14.892700	-10.942342	33.249116	17.622160	3.251041	-4.155458	-3.836476	-3.326680	4.547480	1.220800	0.908689	0.134643	0.374450	-1.000000	-1.000000	-1.000000	-1.000000	-1.000000	-1.000000	-1.000000	74.620690	0.000000	-1.000000	-1.000000	1459832.000000	1772660808.336064
-26700.480000	-45132.840000	2328.030000	1994.985000	5999.490000	5044.770000	2975.580000	1933.965000	-1.432197	-0.950768	10.192067	35.870111	0.065769	5.239062	-2.041699	-2.625992	-3.326680	4.547480	1.220800	0.908689	0.134643	0.374450	-1.000000	-1.000000	-1.000000	-1.000000	-1.000000	-1.000000	-1.000000	74.620690	0.000000	-1.000000	-1.000000	1459833.000000	1772660808.340019
-26713.755000	-45153.270000	2306.610000	1975.320000	6010.110000	5036.535000	2951.280000	1936.395000	7.347893	12.399911	24.168649	21.308535	-17.389902	2.720380	-1.761372	-1.602614	-3.326680	4.547480	1.220800	0.908689	0.134643	0.374450	-1.000000	-1.000000	-1.000000	-1.000000	-1.000000	-1.000000	-1.000000	74.620690	0.000000	-1.000000	-1.000000	1459834.000000	1772660808.340026
-26708.760000	-45127.710000	2339.820000	1987.380000	6036.930000	5059.485000	2949.930000	1941.255000	12.338176	16.291137	22.449146	-5.389235	-29.958608	-4.404274	-2.495989	-0.553398	-3.326680	4.547480	1.220800	0.908689	0.134643	0.374450	-1.000000	-1.000000	-1.000000	-1.000000	-1.000000	-1.000000	-1.000000	74.620690	0.000000	-1.000000	-1.000000	1459835.000000	1772660808.344140
-26753.445000	-45124.875000	2356.380000	2016.225000	6046.425000	5064.255000	2939.130000	1894.140000	12.686193	11.409116	10.428969	-28.599559	-31.122925	-9.695817	-1.693553	0.812870	-3.326680	4.547480	1.220800	0.908689	0.134643	0.374450	-1.000000	-1.000000	-1.000000	-1.000000	-1.000000	-1.000000	-1.000000	74.620690	0.000000	-1.000000	-1.000000	1459836.000000	1772660808.344147
-26720.730000	-45093.465000	2379.105000	2026.575000	6052.770000	5073.030000	2954.295000	1898.685000	9.593639	5.376091	-0.090328	-35.246647	-20.086047	-8.578938	1.137816	1.292722	-3.326680	4.547480	1.220800	0.908689	0.134643	0.374450	-1.000000	-1.000000	-1.000000	-1.000000	-1.000000	-1.000000	-1.000000	74.620690	0.000000	-1.000000	-1.000000	1459837.000000	1772660808.350103
-26624.610000	-45089.145000	2368.845000	1999.620000	6017.985000	5059.485000	2965.320000	1972.800000	7.632534	3.675170	-3.307907	-25.642748	-4.159372	-3.187862	3.744564	1.212323	-3.326680	4.547480	1.220800	0.908689	0.134643	0.374450	-1.000000	-1.000000	-1.000000	-1.000000	-1.000000	-1.000000	-1.000000	74.620690	0.000000	-1.000000	-1.000000	1459838.000000	1772660808.350112
-26654.040000	-45117.675000	2341.080000	1979.595000	6002.235000	5054.400000	2969.955000	1980.360000	10.142824	4.214396	-2.916797	-9.834537	6.955385	1.292491	4.891545	3.928759	-3.326680	4.547480	1.220800	0.908689	0.134643	0.374450	-1.000000	-1.000000	-1.000000	-1.000000	-1.000000	-1.000000	-1.000000	74.620690	0.000000	-1.000000	-1.000000	1459839.000000	1772660808.354272
-26686.980000	-45100.485000	2367.900000	1980.360000	6007.995000	5067.945000	2970.720000	1954.260000	11.273330	1.078265	-4.813777	2.809487	8.473570	1.945785	5.561158	8.965143	-3.326680	4.547480	1.220800	0.908689	0.134643	0.374450	-1.000000	-1.000000	-1.000000	-1.000000	-1.000000	-1.000000	-1.000000	74.620690	0.000000	-1.000000	-1.000000	1459840.000000	1772660808.354280
-26681.445000	-45124.020000	2345.265000	1981.755000	5958.855000	5036.940000	2964.060000	1949.310000	3.834969	-6.282616	-8.603726	9.177968	2.945871	-0.297624	5.835102	10.369347	-2.395820	6.714400	1.358140	0.911741	0.128540	0.372191	-1.000000	-1.000000	-1.000000	-1.000000	-1.000000	-1.000000	-1.000000	74.620690	0.000000	-1.000000	-1.000000	1459841.000000	1772660808.357494
-26655.615000	-45104.445000	2354.040000	1984.140000	5967.585000	5043.735000	2966.355000	1940.625000	-8.366520	-12.132995	-9.382846	11.347988	-3.482014	-2.720732	4.119144	4.853790	-2.395820	6.714400	1.358140	0.911741	0.128540	0.372191	-1.000000	-1.000000	-1.000000	-1.000000	-1.000000	-1.000000	-1.000000	74.620690	0.000000	-1.000000	-1.000000	1459842.000000	1772660808.357502
-26635.140000	-45063.990000	2400.615000	2011.635000	5996.880000	5061.150000	2993.580000	1951.560000	-15.489864	-11.410489	-4.783582	12.000427	-5.581214	-2.860111	1.059094	-4.448844	-2.395820	6.714400	1.358140	0.911741	0.128540	0.372191	-1.000000	-1.000000	-1.000000	-1.000000	-1.000000	-1.000000	-1.000000	74.620690	0.000000	-1.000000	-1.000000	1459843.000000	1772660808.359993
-26686.080000	-45098.505000	2378.610000	2000.475000	6018.255000	5057.730000	3005.460000	1947.510000	-13.656961	-4.575560	2.783217	11.704376	-1.124958	0.067378	-0.148580	-11.468672	-2.395820	6.714400	1.358140	0.911741	0.128540	0.372191	-1.000000	-1.000000	-1.000000	-1.000000	-1.000000	-1.000000	-1.000000	74.620690	0.000000	-1.000000	-1.000000	1459844.000000	1772660808.359999
-26705.205000	-45133.065000	2331.405000	1955.745000	6017.760000	5044.185000	2951.505000	1923.165000	-7.407531	2.116467	7.167558	8.251078	7.594523	3.832138	0.481048	-12.073173	-2.395820	6.714400	1.358140	0.911741	0.128540	0.372191	-1.000000	-1.000000	-1.000000	-1.000000	-1.000000	-1.000000	-1.000000	74.620690	0.000000	-1.000000	-1.000000	1459845.000000	1772660808.366597
-26655.840000	-45121.590000	2333.610000	1980.270000	6017.985000	5044.005000	2937.870000	1948.950000	-2.728382	2.822423	3.658763	-0.122226	14.903819	5.114721	-1.765069	-7.300119	-2.395820	6.714400	1.358140	0.911741	0.128540	0.372191	-1.000000	-1.000000	-1.000000	-1.000000	-1.000000	-1.000000	-1.000000	74.620690	0.000000	-1.000000	-1.000000	1459846.000000	1772660808.366607
-26654.760000	-45122.985000	2347.785000	2019.735000	6018.120000	5043.555000	2956.860000	1961.370000	-1.509547	-1.258523	-4.485148	-8.476933	16.567798	3.318362	-8.617049	-1.630545	-2.395820	6.714400	1.358140	0.911741	0.128540	0.372191	-1.000000	-1.000000	-1.000000	-1.000000	-1.000000	-1.000000	-1.000000	74.620690	0.000000	-1.000000	-1.000000	1459847.000000	1772660808.372394
-26672.805000	-45125.460000	2353.230000	2041.470000	6014.385000	5056.245000	2974.860000	1955.565000	-2.276524	-4.532561	-9.076953	-8.743327	12.056803	0.622944	-14.169494	1.800150	-2.395820	6.714400	1.358140	0.911741	0.128540	0.372191	-1.000000	-1.000000	-1.000000	-1.000000	-1.000000	-1.000000	-1.000000	74.620690	0.000000	-1.000000	-1.000000	1459848.000000	1772660808.372401
-26674.470000	-45113.670000	2366.055000	2021.670000	5968.890000	5059.935000	2981.610000	1955.385000	-2.265483	-3.388834	-5.930467	-0.662438	2.765135	-0.798503	-11.822084	3.169592	-2.395820	6.714400	1.358140	0.911741	0.128540	0.372191	-1.000000	-1.000000	-1.000000	-1.000000	-1.000000	-1.000000	-1.000000	74.620690	0.000000	-1.000000	-1.000000	1459849.000000	1772660808.372603
-26688.465000	-45098.865000	2387.700000	1973.295000	5940.450000	5058.000000	2978.730000	1961.460000	0.181793	2.319367	3.161864	7.062873	-8.526898	-0.082997	-2.057414	4.130265	-2.395820	6.714400	1.358140	0.911741	0.128540	0.372191	-1.000000	-1.000000	-1.000000	-1.000000	-1.000000	-1.000000	-1.000000	74.620690	0.000000	-1.000000	-1.000000	1459850.000000	1772660808.372610
-26708.940000	-45116.280000	2361.465000	1900.575000	5944.410000	5034.330000	2969.820000	1935.720000	3.233960	9.178532	12.498813	5.220838	-17.687616	1.474056	8.633494	4.929405	-4.578000	4.761120	2.563680	0.911130	0.131042	0.376403	-1.000000	-1.000000	-1.000000	-1.000000	-1.000000	-1.000000	-1.000000	74.620690	0.000000	-1.000000	-1.000000	1459851.000000	1772660808.376048
-26697.600000	-45124.650000	2328.975000	1872.405000	5975.100000	5012.325000	2973.600000	1914.930000	4.249950	11.299093	14.250136	-7.763375	-20.764940	0.654377	13.657292	3.715636	-4.578000	4.761120	2.563680	0.911130	0.131042	0.376403	-1.000000	-1.000000	-1.000000	-1.000000	-1.000000	-1.000000	-1.000000	74.620690	0.000000	-1.000000	-1.000000	1459852.000000	1772660808.376062
-26642.700000	-45119.475000	2318.220000	1934.145000	6041.835000	5061.825000	2995.740000	1964.970000	5.281541	6.762087	5.491983	-21.963535	-14.918412	-2.963344	11.527842	0.628030	-4.578000	4.761120	2.563680	0.911130	0.131042	0.376403	-1.000000	-1.000000	-1.000000	-1.000000	-1.000000	-1.000000	-1.000000	74.620690	0.000000	-1.000000	-1.000000	1459853.000000	1772660808.379958
-26654.850000	-45101.565000	2353.230000	2006.280000	6039.540000	5062.455000	2949.525000	1954.980000	9.643105	0.385856	-6.526824	-21.988085	-0.669477	-4.857210	5.863741	-0.558868	-4.578000	4.761120	2.563680	0.911130	0.131042	0.376403	-1.000000	-1.000000	-1.000000	-1.000000	-1.000000	-1.000000	-1.000000	74.620690	0.000000	-1.000000	-1.000000	1459854.000000	1772660808.379966
-26699.940000	-45117.045000	2367.000000	2056.770000	6025.005000	5058.585000	2942.280000	1918.125000	12.671565	-3.052714	-11.548447	-2.290612	15.117803	-2.013005	-0.269790	0.413379	-4.578000	4.761120	2.563680	0.911130	0.131042	0.376403	-1.000000	-1.000000	-1.000000	-1.000000	-1.000000	-1.000000	-1.000000	74.620690	0.000000	-1.000000	-1.000000	1459855.000000	1772660808.384853
-26675.955000	-45108.405000	2375.235000	2050.155000	6024.960000	5064.210000	2952.720000	1922.805000	6.930584	-3.535993	-6.805613	25.010041	22.900141	2.932446	-6.029745	-0.980942	-4.578000	4.761120	2.563680	0.911130	0.131042	0.376403	-1.000000	-1.000000	-1.000000	-1.000000	-1.000000	-1.000000	-1.000000	74.620690	0.000000	-1.000000	-1.000000	1459856.000000	1772660808.384858
-26675.640000	-45123.705000	2344.725000	2016.585000	6015.960000	5047.245000	2961.450000	1939.905000	-4.814718	-3.173008	1.693508	39.936604	18.615544	5.384182	-9.695384	-4.984034	-4.578000	4.761120	2.563680	0.911130	0.131042	0.376403	-1.000000	-1.000000	-1.000000	-1.000000	-1.000000	-1.000000	-1.000000	74.620690	0.000000	-1.000000	-1.000000	1459857.000000	1772660808.388168
-26684.280000	-45111.690000	2358.990000	2034.855000	6040.980000	5052.195000	2963.430000	1933.830000	-13.105500	-3.239987	6.217361	32.291076	7.057874	3.308213	-9.181016	-6.678076	-4.578000	4.761120	2.563680	0.911130	0.131042	0.376403	-1.000000	-1.000000	-1.000000	-1.000000	-1.000000	-1.000000	-1.000000	74.620690	0.000000	-1.000000	-1.000000	1459858.000000	1772660808.388175
-26687.655000	-45121.590000	2353.545000	2042.325000	6048.585000	5071.230000	2966.895000	1941.030000	-13.230014	-3.650782	4.376589	9.753763	-3.020845	-0.911331	-4.430981	-3.493339	-4.578000	4.761120	2.563680	0.911130	0.131042	0.376403	-1.000000	-1.000000	-1.000000	-1.000000	-1.000000	-1.000000	-1.000000	74.620690	0.000000	-1.000000	-1.000000	1459859.000000	1772660808.392108
-26674.920000	-45120.915000	2351.520000	2001.420000	6039.180000	5077.305000	2970.180000	1940.940000	-6.828721	-3.654592	-0.572059	-12.042315	-7.759060	-2.793625	2.311889	2.892645	-4.578000	4.761120	2.563680	0.911130	0.131042	0.376403	-1.000000	-1.000000	-1.000000	-1.000000	-1.000000	-1.000000	-1.000000	74.620690	0.000000	-1.000000	-1.000000	1459860.000000	1772660808.392115
-26662.140000	-45110.745000	2337.705000	1946.970000	5984.955000	5052.645000	3018.510000	1960.020000	1.802448	-2.341624	-4.063709	-24.836926	-10.990733	-1.171424	8.131647	9.133617	-3.326680	2.975700	0.473060	0.906187	0.131836	0.379210	-1.000000	-1.000000	-1.000000	-1.000000	-1.000000	-1.000000	-1.000000	74.620690	0.000000	-1.000000	-1.000000	1459861.000000	1772660808.396070
-26679.150000	-45120.195000	2327.310000	1963.305000	5997.420000	5046.345000	3026.475000	1951.695000	7.694256	0.575378	-4.043807	-30.053312	-17.150307	0.170422	11.662180	11.583511	-3.326680	2.975700	0.473060	0.906187	0.131836	0.379210	-1.000000	-1.000000	-1.000000	-1.000000	-1.000000	-1.000000	-1.000000	74.620690	0.000000	-1.000000	-1.000000	1459862.000000	1772660808.396075
-26686.170000	-45126.180000	2346.435000	2007.270000	6025.410000	5035.995000	2927.655000	1934.460000	7.457717	3.376932	-1.944196	-29.773922	-22.575867	-2.017618	11.477147	7.963474	-3.326680	2.975700	0.473060	0.906187	0.131836	0.379210	-1.000000	-1.000000	-1.000000	-1.000000	-1.000000	-1.000000	-1.000000	74.620690	0.000000	-1.000000	-1.000000	1459863.000000	1772660808.400156
-26701.515000	-45150.795000	2326.860000	1993.320000	6024.330000	5040.540000	2932.785000	1930.590000	2.096370	3.657890	-0.299117	-22.880343	-18.599972	-5.886903	4.595278	-0.258684	-3.326680	2.975700	0.473060	0.906187	0.131836	0.379210	-1.000000	-1.000000	-1.000000	-1.000000	-1.000000	-1.000000	-1.000000	74.620690	0.000000	-1.000000	-1.000000	1459864.000000	1772660808.400163
-26707.860000	-45138.465000	2338.020000	1952.955000	5989.050000	5042.700000	2972.925000	1927.575000	-4.262008	1.232997	-0.065197	-9.896614	-3.956977	-7.246398	-7.282995	-8.528799	-3.326680	2.975700	0.473060	0.906187	0.131836	0.379210	-1.000000	-1.000000	-1.000000	-1.000000	-1.000000	-1.000000	-1.000000	74.620690	0.000000	-1.000000	-1.000000	1459865.000000	1772660808.404149
-26703.225000	-45097.020000	2394.945000	2029.320000	6011.190000	5058.270000	2964.690000	1938.780000	-7.800734	-0.934624	0.747696	6.109852	13.083351	-3.854692	-15.954951	-12.657086	-3.326680	2.975700	0.473060	0.906187	0.131836	0.379210	-1.000000	-1.000000	-1.000000	-1.000000	-1.000000	-1.000000	-1.000000	74.620690	0.000000	-1.000000	-1.000000	1459866.000000	1772660808.404156
-26748.855000	-45101.970000	2408.805000	2082.285000	6044.310000	5082.255000	2969.640000	1940.310000	-6.975237	0.312629	4.782577	22.981306	24.383324	3.370665	-15.655390	-10.904048	-3.326680	2.975700	0.473060	0.906187	0.131836	0.379210	-1.000000	-1.000000	-1.000000	-1.000000	-1.000000	-1.000000	-1.000000	74.620690	0.000000	-1.000000	-1.000000	1459867.000000	1772660808.407906
-26737.920000	-45127.215000	2370.825000	2071.080000	6051.960000	5072.760000	2955.285000	1925.100000	-3.234424	3.674801	9.830233	37.120301	26.945870	10.600297	-7.885184	-4.624190	-3.326680	2.975700	0.473060	0.906187	0.131836	0.379210	-1.000000	-1.000000	-1.000000	-1.000000	-1.000000	-1.000000	-1.000000	74.620690	0.000000	-1.000000	-1.000000	1459868.000000	1772660808.407913
-26660.115000	-45130.905000	2322.090000	1977.075000	6002.370000	5032.620000	2944.080000	1923.525000	2.021636	4.651649	9.457914	40.525803	20.551098	12.728424	1.347572	2.291430	-3.326680	2.975700	0.473060	0.906187	0.131836	0.379210	-1.000000	-1.000000	-1.000000	-1.000000	-1.000000	-1.000000	-1.000000	74.620690	0.000000	-1.000000	-1.000000	1459869.000000	1772660808.412075
-26622.045000	-45135.180000	2291.085000	1908.180000	5963.490000	4998.015000	2951.460000	1960.110000	9.437579	1.356316	0.683785	25.903782	6.352539	6.889868	6.119382	6.581398	-3.326680	2.975700	0.473060	0.906187	0.131836	0.379210	-1.000000	-1.000000	-1.000000	-1.000000	-1.000000	-1.000000	-1.000000	74.620690	0.000000	-1.000000	-1.000000	1459870.000000	1772660808.412085
-26653.815000	-45126.090000	2325.780000	1957.860000	6000.345000	5024.250000	2946.420000	1950.930000	16.985235	-3.667153	-11.547269	-3.961612	-10.976951	-4.002547	5.873952	8.027474	-3.586100	1.693860	-0.198380	0.907835	0.128051	0.378112	-1.000000	-1.000000	-1.000000	-1.000000	-1.000000	-1.000000	-1.000000	74.620690	0.000000	-1.000000	-1.000000	1459871.000000	1772660808.422765
-26662.275000	-45115.065000	2346.795000	1997.370000	6013.170000	5041.935000	2960.460000	1941.570000	18.433582	-6.153199	-18.075372	-33.374015	-22.826080	-11.920641	5.778947	7.620460	-3.586100	1.693860	-0.198380	0.907835	0.128051	0.378112	-1.000000	-1.000000	-1.000000	-1.000000	-1.000000	-1.000000	-1.000000	74.620690	0.000000	-1.000000	-1.000000	1459872.000000	1772660808.422773
-26668.395000	-45123.615000	2334.780000	1984.950000	6003.990000	5045.310000	2974.905000	1933.200000	10.296146	-3.902698	-13.742119	-44.565375	-22.579413	-10.909951	8.981969	5.355100	-3.586100	1.693860	-0.198380	0.907835	0.128051	0.378112	-1.000000	-1.000000	-1.000000	-1.000000	-1.000000	-1.000000	-1.000000	74.620690	0.000000	-1.000000	-1.000000	1459873.000000	1772660808.422781
-26654.580000	-45110.205000	2353.095000	2001.195000	6017.535000	5051.070000	2961.360000	1941.345000	-3.636420	0.908990	-1.944474	-32.164286	-11.112780	-2.701373	11.555428	1.218092	-3.586100	1.693860	-0.198380	0.907835	0.128051	0.378112	-1.000000	-1.000000	-1.000000	-1.000000	-1.000000	-1.000000	-1.000000	74.620690	0.000000	-1.000000	-1.000000	1459874.000000	1772660808.422785
-26678.880000	-45146.115000	2320.965000	1972.215000	5993.865000	5033.970000	2959.020000	1941.615000	-15.770959	3.392813	8.480521	-7.013980	3.904222	5.806612	8.200834	-3.431874	-3.586100	1.693860	-0.198380	0.907835	0.128051	0.378112	-1.000000	-1.000000	-1.000000	-1.000000	-1.000000	-1.000000	-1.000000	74.620690	0.000000	-1.000000	-1.000000	1459875.000000	1772660808.423997
-26672.220000	-45127.215000	2342.115000	1997.820000	6014.880000	5037.930000	2967.210000	1949.355000	-20.264572	1.103597	11.058023	13.756808	13.013773	8.467854	-0.494239	-6.364898	-3.586100	1.693860	-0.198380	0.907835	0.128051	0.378112	-1.000000	-1.000000	-1.000000	-1.000000	-1.000000	-1.000000	-1.000000	74.620690	0.000000	-1.000000	-1.000000	1459876.000000	1772660808.424004
-26681.040000	-45111.150000	2361.690000	2015.280000	6033.285000	5054.670000	2963.340000	1932.300000	-16.610182	-2.490414	7.985911	22.428763	12.833436	5.033727	-8.961996	-6.119839	-3.586100	1.693860	-0.198380	0.907835	0.128051	0.378112	-1.000000	-1.000000	-1.000000	-1.000000	-1.000000	-1.000000	-1.000000	74.620690	0.000000	-1.000000	-1.000000	1459877.000000	1772660808.428135
-26665.425000	-45113.670000	2351.070000	1990.890000	6007.545000	5055.615000	2989.080000	1932.930000	-9.764435	-2.416570	6.331762	23.616323	8.056022	1.067304	-12.334608	-3.720166	-3.586100	1.693860	-0.198380	0.907835	0.128051	0.378112	-1.000000	-1.000000	-1.000000	-1.000000	-1.000000	-1.000000	-1.000000	74.620690	0.000000	-1.000000	-1.000000	1459878.000000	1772660808.428140
-26691.120000	-45114.570000	2351.160000	1966.005000	5994.495000	5070.420000	3034.260000	1950.570000	-4.800325	1.298771	8.058695	21.658928	3.518748	1.074964	-8.986708	-1.573839	-3.586100	1.693860	-0.198380	0.907835	0.128051	0.378112	-1.000000	-1.000000	-1.000000	-1.000000	-1.000000	-1.000000	-1.000000	74.620690	0.000000	-1.000000	-1.000000	1459879.000000	1772660808.432109
-26704.440000	-45107.775000	2359.035000	1946.880000	5948.055000	5028.885000	2980.890000	1946.295000	-1.956438	4.777721	8.363860	13.446959	-1.472642	3.056393	-0.803584	-0.156432	-3.586100	1.693860	-0.198380	0.907835	0.128051	0.378112	-1.000000	-1.000000	-1.000000	-1.000000	-1.000000	-1.000000	-1.000000	74.620690	0.000000	-1.000000	-1.000000	1459880.000000	1772660808.432116
-26683.695000	-45098.415000	2383.245000	2052.450000	6027.345000	5068.080000	2972.745000	1945.305000	1.779158	5.376707	3.435732	-1.864983	-7.729594	1.959334	5.961284	1.672966	-3.555580	1.602300	0.259420	0.908872	0.129150	0.374328	-1.000000	-1.000000	-1.000000	-1.000000	-1.000000	-1.000000	-1.000000	74.620690	0.000000	-1.000000	-1.000000	1459881.000000	1772660808.436095
-26685.675000	-45103.725000	2380.455000	2047.860000	6059.430000	5088.870000	2972.835000	1926.765000	7.985806	3.218088	-4.535828	-14.842941	-9.869196	-2.403113	5.365231	3.587782	-3.555580	1.602300	0.259420	0.908872	0.129150	0.374328	-1.000000	-1.000000	-1.000000	-1.000000	-1.000000	-1.000000	-1.000000	74.620690	0.000000	-1.000000	-1.000000	1459882.000000	1772660808.436102
-26698.140000	-45125.415000	2353.680000	1992.420000	6024.555000	5063.220000	2955.240000	1935.585000	14.183074	-0.784411	-11.461030	-17.787558	-3.808807	-5.952267	-1.531343	3.809899	-3.555580	1.602300	0.259420	0.908872	0.129150	0.374328	-1.000000	-1.000000	-1.000000	-1.000000	-1.000000	-1.000000	-1.000000	74.620690	0.000000	-1.000000	-1.000000	1459883.000000	1772660808.440116
-26723.520000	-45133.605000	2347.650000	1965.150000	6028.020000	5066.730000	2976.570000	1951.695000	16.096984	-5.492985	-15.438413	-14.831220	4.943732	-6.894483	-8.351124	2.076051	-3.555580	1.602300	0.259420	0.908872	0.129150	0.374328	-1.000000	-1.000000	-1.000000	-1.000000	-1.000000	-1.000000	-1.000000	74.620690	0.000000	-1.000000	-1.000000	1459884.000000	1772660808.440124
-26728.200000	-45149.580000	2321.280000	1965.060000	6001.155000	5037.210000	2957.445000	1928.385000	11.765076	-8.996214	-15.756540	-12.466494	7.864166	-6.380143	-9.751023	0.065149	-3.555580	1.602300	0.259420	0.908872	0.129150	0.374328	-1.000000	-1.000000	-1.000000	-1.000000	-1.000000	-1.000000	-1.000000	74.620690	0.000000	-1.000000	-1.000000	1459885.000000	1772660808.444754
-26685.405000	-45135.630000	2322.945000	1999.350000	5986.620000	5010.480000	2964.195000	1921.185000	3.206814	-9.590627	-12.139388	-9.818259	2.517949	-5.967846	-5.259038	-1.249527	-3.555580	1.602300	0.259420	0.908872	0.129150	0.374328	-1.000000	-1.000000	-1.000000	-1.000000	-1.000000	-1.000000	-1.000000	74.620690	0.000000	-1.000000	-1.000000	1459886.000000	1772660808.444762
-26665.425000	-45126.765000	2348.055000	2019.240000	6027.795000	5056.380000	2986.875000	1934.820000	-4.474981	-6.210960	-4.331193	-1.627062	-5.439197	-5.282435	1.540987	-2.120259	-3.555580	1.602300	0.259420	0.908872	0.129150	0.374328	-1.000000	-1.000000	-1.000000	-1.000000	-1.000000	-1.000000	-1.000000	74.620690	0.000000	-1.000000	-1.000000	1459887.000000	1772660808.448267
-26648.640000	-45124.470000	2363.760000	2032.515000	6028.515000	5052.330000	2960.055000	1944.360000	-6.491344	0.706138	6.826936	12.424073	-7.512849	-1.640970	6.679449	-2.372272	-3.555580	1.602300	0.259420	0.908872	0.129150	0.374328	-1.000000	-1.000000	-1.000000	-1.000000	-1.000000	-1.000000	-1.000000	74.620690	0.000000	-1.000000	-1.000000	1459888.000000	1772660808.448274
-26651.430000	-45081.765000	2398.950000	2048.850000	6011.730000	5048.910000	2972.295000	1951.425000	-2.474904	8.499366	17.296042	24.112318	-1.938547	5.307385	8.721438	-1.165242	-3.555580	1.602300	0.259420	0.908872	0.129150	0.374328	-1.000000	-1.000000	-1.000000	-1.000000	-1.000000	-1.000000	-1.000000	74.620690	0.000000	-1.000000	-1.000000	1459889.000000	1772660808.453795
-26660.340000	-45076.095000	2427.345000	2059.695000	5947.290000	5031.000000	2953.935000	1949.265000	2.582513	14.137200	22.295683	23.853180	3.344039	10.803465	8.354074	1.590714	-3.555580	1.602300	0.259420	0.908872	0.129150	0.374328	-1.000000	-1.000000	-1.000000	-1.000000	-1.000000	-1.000000	-1.000000	74.620690	0.000000	-1.000000	-1.000000	1459890.000000	1772660808.453802
-26652.150000	-45088.740000	2420.505000	2021.310000	5922.900000	5020.155000	2954.835000	1965.465000	3.211759	15.140280	19.818434	10.161958	-0.047346	9.760209	6.011669	4.608583	-2.472120	3.021480	-0.091560	0.907102	0.128296	0.373717	-1.000000	-1.000000	-1.000000	-1.000000	-1.000000	-1.000000	-1.000000	74.620690	0.000000	-1.000000	-1.000000	1459891.000000	1772660808.458514
-26646.255000	-45083.520000	2413.845000	1971.585000	5981.130000	5036.850000	2955.915000	1961.055000	-0.601446	10.399584	10.827466	-9.153025	-8.930809	3.187692	2.190764	5.938752	-2.472120	3.021480	-0.091560	0.907102	0.128296	0.373717	-1.000000	-1.000000	-1.000000	-1.000000	-1.000000	-1.000000	-1.000000	74.620690	0.000000	-1.000000	-1.000000	1459892.000000	1772660808.458522
-26661.780000	-45094.500000	2370.240000	1937.340000	6040.215000	5053.185000	2985.615000	1949.085000	-4.718776	1.870997	-1.866495	-24.145163	-10.762386	-2.570605	-1.319837	3.924260	-2.472120	3.021480	-0.091560	0.907102	0.128296	0.373717	-1.000000	-1.000000	-1.000000	-1.000000	-1.000000	-1.000000	-1.000000	74.620690	0.000000	-1.000000	-1.000000	1459893.000000	1772660808.460078
-26687.295000	-45139.815000	2281.095000	1908.135000	6039.090000	5053.860000	2987.955000	1938.780000	-7.171803	-7.432720	-15.532322	-29.235419	0.957833	-2.584983	-2.432376	-1.004772	-2.472120	3.021480	-0.091560	0.907102	0.128296	0.373717	-1.000000	-1.000000	-1.000000	-1.000000	-1.000000	-1.000000	-1.000000	74.620690	0.000000	-1.000000	-1.000000	1459894.000000	1772660808.460087
-26669.115000	-45138.555000	2296.980000	1992.870000	6064.020000	5059.755000	2949.705000	1940.985000	-9.373957	-15.590672	-27.102483	-22.864310	18.931542	2.288705	-1.819915	-6.013640	-2.472120	3.021480	-0.091560	0.907102	0.128296	0.373717	-1.000000	-1.000000	-1.000000	-1.000000	-1.000000	-1.000000	-1.000000	74.620690	0.000000	-1.000000	-1.000000	1459895.000000	1772660808.464177
-26680.140000	-45134.730000	2331.630000	2034.405000	6061.680000	5061.915000	2938.230000	1935.540000	-11.328047	-19.880023	-30.588072	-5.310438	29.600598	6.566045	-3.215615	-8.644916	-2.472120	3.021480	-0.091560	0.907102	0.128296	0.373717	-1.000000	-1.000000	-1.000000	-1.000000	-1.000000	-1.000000	-1.000000	74.620690	0.000000	-1.000000	-1.000000	1459896.000000	1772660808.464184
-26687.970000	-45119.565000	2348.460000	2020.095000	6046.335000	5062.320000	2948.130000	1920.645000	-10.507011	-17.182122	-21.072751	17.375851	24.614566	5.653583	-7.045639	-8.537849	-2.472120	3.021480	-0.091560	0.907102	0.128296	0.373717	-1.000000	-1.000000	-1.000000	-1.000000	-1.000000	-1.000000	-1.000000	74.620690	0.000000	-1.000000	-1.000000	1459897.000000	1772660808.468058
-26687.610000	-45124.065000	2339.055000	1995.435000	6018.525000	5053.770000	2965.950000	1924.515000	-5.403145	-8.035563	-2.203431	31.815306	6.084113	-0.040004	-8.419181	-6.299083	-2.472120	3.021480	-0.091560	0.907102	0.128296	0.373717	-1.000000	-1.000000	-1.000000	-1.000000	-1.000000	-1.000000	-1.000000	74.620690	0.000000	-1.000000	-1.000000	1459898.000000	1772660808.468065
-26702.190000	-45148.950000	2318.310000	1967.085000	5984.415000	5037.030000	2970.495000	1941.570000	2.639684	2.790938	15.305112	27.928548	-16.059800	-6.966204	-3.891223	-2.084255	-2.472120	3.021480	-0.091560	0.907102	0.128296	0.373717	-1.000000	-1.000000	-1.000000	-1.000000	-1.000000	-1.000000	-1.000000	74.620690	0.000000	-1.000000	-1.000000	1459899.000000	1772660808.485078
-26693.730000	-45115.920000	2354.715000	1990.935000	6015.330000	5058.180000	2960.235000	1938.555000	10.267506	10.889726	23.587201	10.062207	-30.535151	-11.287897	4.259502	3.562513	-2.472120	3.021480	-0.091560	0.907102	0.128296	0.373717	-1.000000	-1.000000	-1.000000	-1.000000	-1.000000	-1.000000	-1.000000	74.620690	0.000000	-1.000000	-1.000000	1459900.000000	1772660808.485088
-26669.475000	-45102.060000	2363.310000	1971.720000	6006.375000	5050.395000	2952.045000	1935.315000	14.943820	15.567853	23.423612	-7.038746	-31.564913	-10.614723	10.062462	8.381717	-3.372460	3.647140	0.183120	0.909055	0.130432	0.373900	-1.000000	-1.000000	-1.000000	-1.000000	-1.000000	-1.000000	-1.000000	74.620690	0.000000	-1.000000	-1.000000	1459901.000000	1772660808.485099
-26668.710000	-45105.345000	2372.265000	2004.660000	5994.405000	5034.330000	2970.945000	1947.285000	16.512150	17.620207	20.119142	-12.472970	-22.018477	-6.026435	9.247259	10.351514	-3.372460	3.647140	0.183120	0.909055	0.130432	0.373900	-1.000000	-1.000000	-1.000000	-1.000000	-1.000000	-1.000000	-1.000000	74.620690	0.000000	-1.000000	-1.000000	1459902.000000	1772660808.485103
-26661.780000	-45097.425000	2381.400000	2043.630000	6036.480000	5056.560000	2965.230000	1948.860000	14.893767	16.685934	17.140504	-6.238778	-7.980418	-0.446057	3.327565	9.604240	-3.372460	3.647140	0.183120	0.909055	0.130432	0.373900	-1.000000	-1.000000	-1.000000	-1.000000	-1.000000	-1.000000	-1.000000	74.620690	0.000000	-1.000000	-1.000000	1459903.000000	1772660808.485107
-26695.980000	-45117.495000	2367.090000	2029.230000	6032.430000	5064.255000	2949.885000	1906.605000	8.610808	11.598006	12.781522	2.905752	6.574347	4.473537	-2.808038	6.212649	-3.372460	3.647140	0.183120	0.909055	0.130432	0.373900	-1.000000	-1.000000	-1.000000	-1.000000	-1.000000	-1.000000	-1.000000	74.620690	0.000000	-1.000000	-1.000000	1459904.000000	1772660808.485111
-26683.290000	-45127.845000	2355.255000	2012.085000	6010.290000	5057.460000	2978.955000	1931.220000	-2.140576	1.676408	2.150581	4.390018	17.681651	7.672013	-5.436933	-0.076109	-3.372460	3.647140	0.183120	0.909055	0.130432	0.373900	-1.000000	-1.000000	-1.000000	-1.000000	-1.000000	-1.000000	-1.000000	74.620690	0.000000	-1.000000	-1.000000	1459905.000000	1772660808.485115
-26662.860000	-45117.855000	2361.240000	2001.510000	5984.910000	5033.835000	2980.395000	1944.315000	-12.390819	-10.950502	-14.863280	-4.256213	21.227400	7.693371	-3.611603	-6.295631	-3.372460	3.647140	0.183120	0.909055	0.130432	0.373900	-1.000000	-1.000000	-1.000000	-1.000000	-1.000000	-1.000000	-1.000000	74.620690	0.000000	-1.000000	-1.000000	1459906.000000	1772660808.485119
-26671.005000	-45095.805000	2389.005000	2023.650000	5983.515000	5043.780000	2992.995000	1934.325000	-16.011887	-20.186402	-29.739135	-14.974262	17.113569	4.399842	0.462716	-8.419241	-3.372460	3.647140	0.183120	0.909055	0.130432	0.373900	-1.000000	-1.000000	-1.000000	-1.000000	-1.000000	-1.000000	-1.000000	74.620690	0.000000	-1.000000	-1.000000	1459907.000000	1772660808.488037
-26652.330000	-45099.765000	2381.220000	2046.285000	6006.285000	5057.595000	2988.945000	1973.160000	-11.669865	-20.102067	-32.562405	-17.228266	9.905281	0.402448	3.380341	-6.117745	-3.372460	3.647140	0.183120	0.909055	0.130432	0.373900	-1.000000	-1.000000	-1.000000	-1.000000	-1.000000	-1.000000	-1.000000	74.620690	0.000000	-1.000000	-1.000000	1459908.000000	1772660808.488045
-26645.895000	-45105.030000	2376.135000	2027.880000	5989.635000	5040.540000	2949.930000	1978.785000	-3.057225	-11.381792	-21.997948	-7.798269	3.573613	-1.696860	2.984289	-1.291409	-3.372460	3.647140	0.183120	0.909055	0.130432	0.373900	-1.000000	-1.000000	-1.000000	-1.000000	-1.000000	-1.000000	-1.000000	74.620690	0.000000	-1.000000	-1.000000	1459909.000000	1772660808.492113
-26645.535000	-45103.365000	2366.595000	2003.805000	6016.860000	5065.245000	2971.800000	1965.015000	4.446369	-0.609379	-5.377848	6.369258	-1.586201	-1.851864	-1.004870	3.588178	-3.372460	3.647140	0.183120	0.909055	0.130432	0.373900	-1.000000	-1.000000	-1.000000	-1.000000	-1.000000	-1.000000	-1.000000	74.620690	0.000000	-1.000000	-1.000000	1459910.000000	1772660808.492122
-26658.000000	-45100.350000	2356.740000	1971.720000	6028.470000	5071.230000	2991.780000	1963.305000	6.904223	6.883818	9.148365	14.373243	-5.398983	-0.503853	-5.764214	5.344957	-4.165980	2.594200	0.350980	0.905393	0.129455	0.375548	-1.000000	-1.000000	-1.000000	-1.000000	-1.000000	-1.000000	-1.000000	74.620690	0.000000	-1.000000	-1.000000	1459911.000000	1772660808.496217
-26689.680000	-45123.165000	2339.460000	1959.120000	6027.840000	5048.370000	2949.165000	1946.655000	3.515798	9.593233	16.805784	10.024763	-7.127055	1.216474	-7.346689	2.683149	-4.165980	2.594200	0.350980	0.905393	0.129455	0.375548	-1.000000	-1.000000	-1.000000	-1.000000	-1.000000	-1.000000	-1.000000	74.620690	0.000000	-1.000000	-1.000000	1459912.000000	1772660808.496224
-26681.130000	-45115.380000	2353.995000	2005.155000	6044.220000	5060.205000	2975.535000	1945.845000	-2.977769	8.076425	16.503922	-2.377301	-7.150960	0.757807	-4.934059	-2.164645	-4.165980	2.594200	0.350980	0.905393	0.129455	0.375548	-1.000000	-1.000000	-1.000000	-1.000000	-1.000000	-1.000000	-1.000000	74.620690	0.000000	-1.000000	-1.000000	1459913.000000	1772660808.500109
-26670.105000	-45109.845000	2364.525000	2046.150000	6063.795000	5081.085000	3001.860000	1950.210000	-7.542762	4.451792	11.107890	-10.358399	-4.863151	-1.552088	-0.034871	-5.846836	-4.165980	2.594200	0.350980	0.905393	0.129455	0.375548	-1.000000	-1.000000	-1.000000	-1.000000	-1.000000	-1.000000	-1.000000	74.620690	0.000000	-1.000000	-1.000000	1459914.000000	1772660808.500116
-26664.480000	-45096.660000	2378.880000	2054.340000	6058.485000	5075.010000	2974.185000	1952.055000	-6.796575	1.134126	5.023091	-5.594676	0.553541	-2.249608	5.017736	-6.579573	-4.165980	2.594200	0.350980	0.905393	0.129455	0.375548	-1.000000	-1.000000	-1.000000	-1.000000	-1.000000	-1.000000	-1.000000	74.620690	0.000000	-1.000000	-1.000000	1459915.000000	1772660808.504223
-26689.860000	-45099.180000	2380.635000	2020.950000	6040.980000	5059.620000	2958.435000	1948.005000	-1.782629	-0.819433	0.724288	6.932094	6.250239	-0.587452	6.681340	-4.602451	-4.165980	2.594200	0.350980	0.905393	0.129455	0.375548	-1.000000	-1.000000	-1.000000	-1.000000	-1.000000	-1.000000	-1.000000	74.620690	0.000000	-1.000000	-1.000000	1459916.000000	1772660808.504230
-26699.760000	-45112.500000	2383.245000	2018.205000	6023.430000	5044.275000	2939.670000	1939.230000	3.184956	-1.719434	-1.526211	15.028212	6.869536	0.366600	3.390137	-1.867324	-4.165980	2.594200	0.350980	0.905393	0.129455	0.375548	-1.000000	-1.000000	-1.000000	-1.000000	-1.000000	-1.000000	-1.000000	74.620690	0.000000	-1.000000	-1.000000	1459917.000000	1772660808.509436
-26710.245000	-45130.815000	2354.805000	2023.155000	6031.935000	5052.555000	2944.620000	1920.690000	4.400881	-2.646988	-2.612059	12.722081	0.514634	-1.274093	-1.809790	-0.431298	-4.165980	2.594200	0.350980	0.905393	0.129455	0.375548	-1.000000	-1.000000	-1.000000	-1.000000	-1.000000	-1.000000	-1.000000	74.620690	0.000000	-1.000000	-1.000000	1459918.000000	1772660808.509440
-26665.515000	-45108.585000	2359.710000	2004.345000	6010.695000	5038.830000	2944.125000	1920.465000	2.718093	-3.763044	-3.483395	3.927011	-8.856436	-4.003363	-4.901087	-0.190037	-4.165980	2.594200	0.350980	0.905393	0.129455	0.375548	-1.000000	-1.000000	-1.000000	-1.000000	-1.000000	-1.000000	-1.000000	74.620690	0.000000	-1.000000	-1.000000	1459919.000000	1772660808.512176
-26671.905000	-45110.025000	2368.710000	2008.755000	6012.405000	5044.230000	2965.860000	1940.085000	2.488307	-3.349757	-3.613954	-4.819866	-15.580782	-5.422099	-4.262546	0.961739	-4.165980	2.594200	0.350980	0.905393	0.129455	0.375548	-1.000000	-1.000000	-1.000000	-1.000000	-1.000000	-1.000000	-1.000000	74.620690	0.000000	-1.000000	-1.000000	1459920.000000	1772660808.512192
-26711.640000	-45118.215000	2367.450000	1994.895000	6012.540000	5053.770000	2975.175000	1931.355000	5.130264	-0.342018	-1.938322	-10.098228	-15.959390	-3.899370	0.325791	4.611140	-2.853620	3.479280	0.305200	0.907529	0.127563	0.373107	-1.000000	-1.000000	-1.000000	-1.000000	-1.000000	-1.000000	-1.000000	74.620690	0.000000	-1.000000	-1.000000	1459921.000000	1772660808.517389
-26678.295000	-45123.795000	2349.855000	1992.690000	6000.210000	5049.270000	2971.350000	1937.835000	7.139337	3.402447	0.317333	-12.145631	-9.451003	0.459898	6.589567	9.233494	-2.853620	3.479280	0.305200	0.907529	0.127563	0.373107	-1.000000	-1.000000	-1.000000	-1.000000	-1.000000	-1.000000	-1.000000	74.620690	0.000000	-1.000000	-1.000000	1459922.000000	1772660808.517396
-26631.405000	-45104.220000	2357.505000	1985.850000	5998.590000	5051.610000	2969.280000	1945.530000	6.244755	5.031045	0.454647	-12.456919	0.895511	5.097566	9.366806	11.170795	-2.853620	3.479280	0.305200	0.907529	0.127563	0.373107	-1.000000	-1.000000	-1.000000	-1.000000	-1.000000	-1.000000	-1.000000	74.620690	0.000000	-1.000000	-1.000000	1459923.000000	1772660808.521809
-26687.790000	-45127.215000	2343.690000	1971.630000	5971.275000	5042.700000	2986.785000	1913.985000	3.471881	3.460916	-2.164369	-10.902811	10.408261	7.312390	6.515633	8.077869	-2.853620	3.479280	0.305200	0.907529	0.127563	0.373107	-1.000000	-1.000000	-1.000000	-1.000000	-1.000000	-1.000000	-1.000000	74.620690	0.000000	-1.000000	-1.000000	1459924.000000	1772660808.521818
-26659.395000	-45130.815000	2341.980000	2003.715000	5989.185000	5042.610000	3014.055000	1946.160000	-0.459999	-0.418927	-5.434503	-5.579618	15.757742	6.579544	1.868621	0.808414	-2.853620	3.479280	0.305200	0.907529	0.127563	0.373107	-1.000000	-1.000000	-1.000000	-1.000000	-1.000000	-1.000000	-1.000000	74.620690	0.000000	-1.000000	-1.000000	1459925.000000	1772660808.524145
-26664.165000	-45121.140000	2358.045000	2025.630000	6018.030000	5047.560000	2965.320000	1956.285000	-4.474647	-3.998186	-6.120465	4.563201	16.695564	4.144560	-0.628004	-6.203430	-2.853620	3.479280	0.305200	0.907529	0.127563	0.373107	-1.000000	-1.000000	-1.000000	-1.000000	-1.000000	-1.000000	-1.000000	74.620690	0.000000	-1.000000	-1.000000	1459926.000000	1772660808.524153
-26718.345000	-45125.595000	2365.515000	2023.830000	6019.380000	5038.065000	2938.230000	1936.080000	-7.544948	-4.385720	-1.823979	16.532759	14.748956	1.337960	-2.525528	-8.455748	-2.853620	3.479280	0.305200	0.907529	0.127563	0.373107	-1.000000	-1.000000	-1.000000	-1.000000	-1.000000	-1.000000	-1.000000	74.620690	0.000000	-1.000000	-1.000000	1459927.000000	1772660808.528001
-26696.970000	-45122.895000	2358.180000	1998.630000	6014.205000	5049.405000	2963.385000	1941.255000	-10.614115	-1.639417	6.026559	23.551637	10.339744	-1.209100	-6.738555	-6.213337	-2.853620	3.479280	0.305200	0.907529	0.127563	0.373107	-1.000000	-1.000000	-1.000000	-1.000000	-1.000000	-1.000000	-1.000000	74.620690	0.000000	-1.000000	-1.000000	1459928.000000	1772660808.528009
-26640.630000	-45089.055000	2377.215000	1997.325000	6018.975000	5067.405000	2959.560000	1952.055000	-11.506194	2.142959	12.305452	20.155907	3.231020	-2.679221	-11.122699	-2.717842	-2.853620	3.479280	0.305200	0.907529	0.127563	0.373107	-1.000000	-1.000000	-1.000000	-1.000000	-1.000000	-1.000000	-1.000000	74.620690	0.000000	-1.000000	-1.000000	1459929.000000	1772660808.532079
-26678.565000	-45102.555000	2384.955000	2011.680000	5991.795000	5032.845000	2935.125000	1927.620000	-5.502986	5.696145	13.214716	7.462593	-5.463067	-2.851438	-11.809679	-0.200071	-2.853620	3.479280	0.305200	0.907529	0.127563	0.373107	-1.000000	-1.000000	-1.000000	-1.000000	-1.000000	-1.000000	-1.000000	74.620690	0.000000	-1.000000	-1.000000	1459930.000000	1772660808.532084
-26703.045000	-45136.665000	2354.040000	2012.535000	6015.690000	5047.155000	2969.505000	1920.330000	4.109724	6.834502	8.458946	-7.455169	-12.926833	-3.085680	-8.070318	0.041896	-3.250380	5.447820	1.037680	0.910398	0.128479	0.370238	-1.000000	-1.000000	-1.000000	-1.000000	-1.000000	-1.000000	-1.000000	74.620690	0.000000	-1.000000	-1.000000	1459931.000000	1772660808.537657
-26679.690000	-45110.790000	2368.890000	2027.880000	6048.810000	5078.025000	2986.020000	1931.355000	8.581704	3.073222	-0.288615	-17.023756	-14.952286	-3.298744	-0.622167	-1.747654	-3.250380	5.447820	1.037680	0.910398	0.128479	0.370238	-1.000000	-1.000000	-1.000000	-1.000000	-1.000000	-1.000000	-1.000000	74.620690	0.000000	-1.000000	-1.000000	1459932.000000	1772660808.537663
-26671.410000	-45115.290000	2354.985000	2023.605000	6028.830000	5057.505000	2970.810000	1927.980000	6.768829	-3.361895	-9.299591	-17.566224	-9.305650	-1.574144	8.190482	-2.898417	-3.250380	5.447820	1.037680	0.910398	0.128479	0.370238	-1.000000	-1.000000	-1.000000	-1.000000	-1.000000	-1.000000	-1.000000	74.620690	0.000000	-1.000000	-1.000000	1459933.000000	1772660808.540167
-26658.405000	-45114.570000	2342.610000	1997.370000	6020.505000	5051.745000	2980.710000	1946.835000	4.029954	-7.313916	-14.421683	-11.530446	-0.324828	1.467516	13.735576	-1.568018	-3.250380	5.447820	1.037680	0.910398	0.128479	0.370238	-1.000000	-1.000000	-1.000000	-1.000000	-1.000000	-1.000000	-1.000000	74.620690	0.000000	-1.000000	-1.000000	1459934.000000	1772660808.540175
-26663.760000	-45110.025000	2353.455000	2013.345000	6035.355000	5061.960000	2960.640000	1945.440000	3.364923	-6.613155	-14.025514	-4.896600	4.663352	3.100925	13.696284	1.531196	-3.250380	5.447820	1.037680	0.910398	0.128479	0.370238	-1.000000	-1.000000	-1.000000	-1.000000	-1.000000	-1.000000	-1.000000	74.620690	0.000000	-1.000000	-1.000000	1459935.000000	1772660808.544082
-26653.185000	-45109.035000	2356.920000	2012.625000	6014.205000	5039.685000	2946.555000	1941.210000	4.341846	-2.712040	-8.616638	-0.399806	3.184092	2.231277	9.128683	4.834197	-3.250380	5.447820	1.037680	0.910398	0.128479	0.370238	-1.000000	-1.000000	-1.000000	-1.000000	-1.000000	-1.000000	-1.000000	74.620690	0.000000	-1.000000	-1.000000	1459936.000000	1772660808.544089
-26654.175000	-45095.355000	2385.045000	2037.015000	6034.140000	5061.420000	2946.780000	1930.635000	4.649516	1.590059	0.054959	3.631688	-1.539812	-0.427537	1.449497	6.301672	-3.250380	5.447820	1.037680	0.910398	0.128479	0.370238	-1.000000	-1.000000	-1.000000	-1.000000	-1.000000	-1.000000	-1.000000	74.620690	0.000000	-1.000000	-1.000000	1459937.000000	1772660808.552473
-26686.035000	-45104.445000	2378.970000	2022.345000	6009.030000	5064.705000	2967.030000	1927.485000	1.319468	3.824303	8.643629	8.053143	-4.917488	-2.969789	-6.498286	4.389949	-3.250380	5.447820	1.037680	0.910398	0.128479	0.370238	-1.000000	-1.000000	-1.000000	-1.000000	-1.000000	-1.000000	-1.000000	74.620690	0.000000	-1.000000	-1.000000	1459938.000000	1772660808.552477
-26674.740000	-45093.195000	2396.430000	2044.980000	6006.060000	5059.890000	2968.515000	1953.225000	-5.389770	3.490470	13.416974	10.535357	-4.693804	-3.164750	-10.295105	0.631041	-3.250380	5.447820	1.037680	0.910398	0.128479	0.370238	-1.000000	-1.000000	-1.000000	-1.000000	-1.000000	-1.000000	-1.000000	74.620690	0.000000	-1.000000	-1.000000	1459939.000000	1772660808.552485
-26646.390000	-45078.165000	2403.540000	2046.060000	6006.195000	5045.760000	2972.070000	1978.155000	-10.506669	2.446467	13.066127	8.956043	-1.938298	-1.297312	-8.622693	-1.207932	-3.250380	5.447820	1.037680	0.910398	0.128479	0.370238	-1.000000	-1.000000	-1.000000	-1.000000	-1.000000	-1.000000	-1.000000	74.620690	0.000000	-1.000000	-1.000000	1459940.000000	1772660808.552489
-26681.220000	-45096.750000	2382.660000	2025.270000	6017.760000	5062.635000	3001.770000	1963.305000	-9.941261	1.937997	8.491947	3.731196	1.185434	0.151892	-3.999611	0.225680	-3.052000	3.540320	0.289940	0.907957	0.124145	0.368102	-1.000000	-1.000000	-1.000000	-1.000000	-1.000000	-1.000000	-1.000000	74.620690	0.000000	-1.000000	-1.000000	1459941.000000	1772660808.556605
-26659.215000	-45097.020000	2382.210000	2041.380000	6044.085000	5068.170000	3001.770000	1952.505000	-5.176560	0.852627	1.107044	-2.915634	4.295197	0.735073	1.173107	1.799498	-3.052000	3.540320	0.289940	0.907957	0.124145	0.368102	-1.000000	-1.000000	-1.000000	-1.000000	-1.000000	-1.000000	-1.000000	74.620690	0.000000	-1.000000	-1.000000	1459942.000000	1772660808.556610
-26655.120000	-45121.500000	2363.310000	2031.525000	6059.655000	5070.780000	2954.070000	1945.215000	0.215407	-1.820414	-6.686139	-7.667288	7.931953	1.928536	4.791442	-0.245898	-3.052000	3.540320	0.289940	0.907957	0.124145	0.368102	-1.000000	-1.000000	-1.000000	-1.000000	-1.000000	-1.000000	-1.000000	74.620690	0.000000	-1.000000	-1.000000	1459943.000000	1772660808.559986
-26680.995000	-45136.080000	2348.955000	1994.760000	6000.885000	5040.315000	2946.330000	1946.385000	4.266410	-5.547972	-12.324261	-8.946757	9.853120	3.225672	4.527418	-5.350486	-3.052000	3.540320	0.289940	0.907957	0.124145	0.368102	-1.000000	-1.000000	-1.000000	-1.000000	-1.000000	-1.000000	-1.000000	74.620690	0.000000	-1.000000	-1.000000	1459944.000000	1772660808.559991
-26687.295000	-45109.530000	2354.085000	1973.385000	5963.535000	5029.245000	2956.905000	1936.755000	5.431965	-8.298075	-14.349750	-8.519398	5.716778	2.345485	0.879890	-9.279826	-3.052000	3.540320	0.289940	0.907957	0.124145	0.368102	-1.000000	-1.000000	-1.000000	-1.000000	-1.000000	-1.000000	-1.000000	74.620690	0.000000	-1.000000	-1.000000	1459945.000000	1772660808.574185
-26665.290000	-45100.080000	2366.730000	1954.980000	5923.980000	5026.005000	2971.170000	1937.880000	3.507684	-7.222731	-11.978158	-8.127702	-5.128367	-1.450077	-2.602303	-8.789611	-3.052000	3.540320	0.289940	0.907957	0.124145	0.368102	-1.000000	-1.000000	-1.000000	-1.000000	-1.000000	-1.000000	-1.000000	74.620690	0.000000	-1.000000	-1.000000	1459946.000000	1772660808.574195
-26675.460000	-45097.605000	2390.175000	1980.225000	5945.985000	5038.110000	2997.675000	1952.145000	1.415092	-1.529004	-5.153663	-6.717560	-16.282059	-5.670673	-2.897285	-3.795049	-3.052000	3.540320	0.289940	0.907957	0.124145	0.368102	-1.000000	-1.000000	-1.000000	-1.000000	-1.000000	-1.000000	-1.000000	74.620690	0.000000	-1.000000	-1.000000	1459947.000000	1772660808.574206
-26662.545000	-45076.095000	2416.995000	2004.570000	6015.510000	5060.925000	2962.935000	1946.475000	1.437722	6.156125	4.703103	-1.836424	-17.836261	-6.076983	-0.342900	2.943728	-3.052000	3.540320	0.289940	0.907957	0.124145	0.368102	-1.000000	-1.000000	-1.000000	-1.000000	-1.000000	-1.000000	-1.000000	74.620690	0.000000	-1.000000	-1.000000	1459948.000000	1772660808.574210
-26657.550000	-45088.380000	2398.320000	2000.745000	6037.470000	5056.020000	2956.905000	1937.520000	2.487305	11.641439	13.876505	6.654359	-5.384014	-1.106135	1.337518	7.204930	-3.052000	3.540320	0.289940	0.907957	0.124145	0.368102	-1.000000	-1.000000	-1.000000	-1.000000	-1.000000	-1.000000	-1.000000	74.620690	0.000000	-1.000000	-1.000000	1459949.000000	1772660808.574214
-26637.615000	-45114.570000	2348.190000	2027.880000	6055.785000	5059.440000	2973.105000	1965.285000	3.203027	11.514647	16.963142	15.358544	14.112745	5.710117	-0.466913	7.288342	-3.052000	3.540320	0.289940	0.907957	0.124145	0.368102	-1.000000	-1.000000	-1.000000	-1.000000	-1.000000	-1.000000	-1.000000	74.620690	0.000000	-1.000000	-1.000000	1459950.000000	1772660808.574217
-26652.555000	-45126.855000	2330.820000	2036.385000	6066.135000	5065.470000	2974.455000	1966.680000	3.023496	5.300286	10.801584	20.027608	27.483777	9.378285	-3.292920	5.560631	-3.235120	4.394880	-0.778260	0.906553	0.123169	0.369201	-1.000000	-1.000000	-1.000000	-1.000000	-1.000000	-1.000000	-1.000000	74.620690	0.000000	-1.000000	-1.000000	1459951.000000	1772660808.575970
-26713.395000	-45120.195000	2345.445000	2018.565000	6070.635000	5081.445000	2981.655000	1942.875000	0.279472	-3.279303	-1.072016	17.994493	26.296747	8.309400	-2.411981	4.003832	-3.235120	4.394880	-0.778260	0.906553	0.123169	0.369201	-1.000000	-1.000000	-1.000000	-1.000000	-1.000000	-1.000000	-1.000000	74.620690	0.000000	-1.000000	-1.000000	1459952.000000	1772660808.575974
-26739.765000	-45114.345000	2354.355000	2019.195000	6055.560000	5071.545000	2969.865000	1911.735000	-6.029112	-8.696660	-10.239099	9.568047	12.725016	4.657902	3.059748	1.461902	-3.235120	4.394880	-0.778260	0.906553	0.123169	0.369201	-1.000000	-1.000000	-1.000000	-1.000000	-1.000000	-1.000000	-1.000000	74.620690	0.000000	-1.000000	-1.000000	1459953.000000	1772660808.582773
-26649.495000	-45101.430000	2352.105000	1991.115000	6026.040000	5046.030000	2952.090000	1927.485000	-11.875529	-8.503611	-11.364028	-1.881348	-4.494352	0.454656	8.140484	-2.862348	-3.235120	4.394880	-0.778260	0.906553	0.123169	0.369201	-1.000000	-1.000000	-1.000000	-1.000000	-1.000000	-1.000000	-1.000000	74.620690	0.000000	-1.000000	-1.000000	1459954.000000	1772660808.582781
-26622.180000	-45095.490000	2363.625000	1982.430000	6004.845000	5045.130000	2961.360000	1953.945000	-9.694206	-4.394976	-6.172796	-12.441313	-17.888430	-4.331532	7.215752	-6.183166	-3.235120	4.394880	-0.778260	0.906553	0.123169	0.369201	-1.000000	-1.000000	-1.000000	-1.000000	-1.000000	-1.000000	-1.000000	74.620690	0.000000	-1.000000	-1.000000	1459955.000000	1772660808.586658
-26645.670000	-45097.380000	2371.230000	2006.055000	5997.735000	5051.520000	2962.215000	1939.320000	1.778904	0.510117	0.249097	-19.218973	-24.609039	-9.067135	0.426969	-5.515387	-3.235120	4.394880	-0.778260	0.906553	0.123169	0.369201	-1.000000	-1.000000	-1.000000	-1.000000	-1.000000	-1.000000	-1.000000	74.620690	0.000000	-1.000000	-1.000000	1459956.000000	1772660808.586665
-26653.410000	-45095.535000	2373.030000	2023.110000	6022.035000	5067.630000	2965.275000	1930.455000	13.367579	3.445003	4.052038	-19.817250	-25.074302	-11.230671	-6.607382	-2.085114	-3.235120	4.394880	-0.778260	0.906553	0.123169	0.369201	-1.000000	-1.000000	-1.000000	-1.000000	-1.000000	-1.000000	-1.000000	74.620690	0.000000	-1.000000	-1.000000	1459957.000000	1772660808.589975
-26666.820000	-45101.475000	2372.355000	2018.835000	6015.240000	5056.335000	2993.850000	1941.345000	15.296123	3.527030	4.837808	-13.481248	-20.018343	-8.975326	-8.405944	0.951596	-3.235120	4.394880	-0.778260	0.906553	0.123169	0.369201	-1.000000	-1.000000	-1.000000	-1.000000	-1.000000	-1.000000	-1.000000	74.620690	0.000000	-1.000000	-1.000000	1459958.000000	1772660808.589983
-26655.570000	-45106.650000	2359.080000	2005.110000	6011.190000	5057.280000	3007.755000	1959.255000	6.632829	2.343797	4.876770	-3.483686	-10.373565	-3.343536	-3.981581	2.408819	-3.235120	4.394880	-0.778260	0.906553	0.123169	0.369201	-1.000000	-1.000000	-1.000000	-1.000000	-1.000000	-1.000000	-1.000000	74.620690	0.000000	-1.000000	-1.000000	1459959.000000	1772660808.592116
-26652.015000	-45092.430000	2382.210000	2041.695000	6035.085000	5055.300000	2951.415000	1947.330000	-5.235054	1.854708	5.604763	5.241485	1.438010	2.502351	2.643978	2.807781	-3.235120	4.394880	-0.778260	0.906553	0.123169	0.369201	-1.000000	-1.000000	-1.000000	-1.000000	-1.000000	-1.000000	-1.000000	74.620690	0.000000	-1.000000	-1.000000	1459960.000000	1772660808.592121
-26670.555000	-45119.205000	2351.880000	2001.870000	6010.560000	5053.095000	2975.805000	1944.585000	-11.127313	2.081703	5.611936	10.551301	12.549869	5.977970	5.904356	2.906602	-5.432560	4.730600	-3.326680	0.905332	0.123413	0.370116	-1.000000	-1.000000	-1.000000	-1.000000	-1.000000	-1.000000	-1.000000	74.620690	0.000000	-1.000000	-1.000000	1459961.000000	1772660808.596098
-26674.560000	-45122.130000	2345.130000	1984.545000	6026.175000	5075.505000	3003.210000	1950.885000	-8.365359	0.923953	2.197525	11.791968	20.569610	7.125115	4.817437	3.237556	-5.432560	4.730600	-3.326680	0.905332	0.123413	0.370116	-1.000000	-1.000000	-1.000000	-1.000000	-1.000000	-1.000000	-1.000000	74.620690	0.000000	-1.000000	-1.000000	1459962.000000	1772660808.596102
-26671.545000	-45103.455000	2366.685000	2014.200000	6033.060000	5067.135000	2974.815000	1944.405000	-2.948016	-2.591389	-4.487531	9.238605	24.210333	7.661549	2.559059	3.189906	-5.432560	4.730600	-3.326680	0.905332	0.123413	0.370116	-1.000000	-1.000000	-1.000000	-1.000000	-1.000000	-1.000000	-1.000000	74.620690	0.000000	-1.000000	-1.000000	1459963.000000	1772660808.600110
-26670.960000	-45086.265000	2393.235000	2025.720000	6017.085000	5057.055000	2975.805000	1952.640000	-1.187100	-5.698282	-9.945604	5.643385	22.789819	7.513085	0.136962	1.162672	-5.432560	4.730600	-3.326680	0.905332	0.123413	0.370116	-1.000000	-1.000000	-1.000000	-1.000000	-1.000000	-1.000000	-1.000000	74.620690	0.000000	-1.000000	-1.000000	1459964.000000	1772660808.600116
-26644.095000	-45086.895000	2391.570000	2044.485000	6037.785000	5068.800000	2965.905000	1963.665000	-2.087094	-5.158003	-10.097565	2.867134	15.070852	4.704488	-3.177416	-2.407898	-5.432560	4.730600	-3.326680	0.905332	0.123413	0.370116	-1.000000	-1.000000	-1.000000	-1.000000	-1.000000	-1.000000	-1.000000	74.620690	0.000000	-1.000000	-1.000000	1459965.000000	1772660808.604137
-26646.885000	-45089.820000	2390.535000	2037.060000	6048.450000	5074.380000	2949.840000	1961.820000	-0.810726	-1.295270	-5.369801	0.120763	1.857311	-0.745813	-6.567279	-4.670565	-5.432560	4.730600	-3.326680	0.905332	0.123413	0.370116	-1.000000	-1.000000	-1.000000	-1.000000	-1.000000	-1.000000	-1.000000	74.620690	0.000000	-1.000000	-1.000000	1459966.000000	1772660808.604144
-26657.775000	-45095.310000	2385.855000	2020.905000	6036.345000	5060.790000	2966.760000	1960.335000	3.580828	3.104641	1.086776	-3.423439	-12.087172	-6.062103	-8.698717	-4.460825	-5.432560	4.730600	-3.326680	0.905332	0.123413	0.370116	-1.000000	-1.000000	-1.000000	-1.000000	-1.000000	-1.000000	-1.000000	74.620690	0.000000	-1.000000	-1.000000	1459967.000000	1772660808.611851
-26671.590000	-45117.360000	2351.880000	2005.110000	6030.585000	5052.960000	2991.645000	1950.210000	7.074084	5.310657	5.808863	-7.555694	-21.461662	-8.887570	-7.557192	-3.457679	-5.432560	4.730600	-3.326680	0.905332	0.123413	0.370116	-1.000000	-1.000000	-1.000000	-1.000000	-1.000000	-1.000000	-1.000000	74.620690	0.000000	-1.000000	-1.000000	1459968.000000	1772660808.611859
-26668.980000	-45125.055000	2336.130000	2005.425000	6024.150000	5052.420000	2983.950000	1935.900000	6.564907	3.775375	5.744586	-10.912049	-23.604419	-8.714473	-1.022928	-2.973650	-5.432560	4.730600	-3.326680	0.905332	0.123413	0.370116	-1.000000	-1.000000	-1.000000	-1.000000	-1.000000	-1.000000	-1.000000	74.620690	0.000000	-1.000000	-1.000000	1459969.000000	1772660808.612222
-26692.245000	-45112.050000	2362.185000	2024.910000	6039.360000	5065.605000	2972.520000	1934.910000	3.264908	-0.162286	1.453502	-10.327105	-17.971711	-5.760451	8.132494	-2.428427	-5.432560	4.730600	-3.326680	0.905332	0.123413	0.370116	-1.000000	-1.000000	-1.000000	-1.000000	-1.000000	-1.000000	-1.000000	74.620690	0.000000	-1.000000	-1.000000	1459970.000000	1772660808.612229
-26676.720000	-45078.075000	2402.325000	2058.705000	6064.920000	5084.460000	2980.530000	1954.935000	-0.565212	-2.624948	-1.736510	-3.040908	-5.813059	-0.536282	13.072504	-0.673631	-4.806900	2.990960	-5.753020	0.905576	0.117431	0.371764	-1.000000	-1.000000	-1.000000	-1.000000	-1.000000	-1.000000	-1.000000	74.620690	0.000000	-1.000000	-1.000000	1459971.000000	1772660808.616042
-26629.020000	-45057.015000	2408.670000	2055.870000	6058.350000	5084.685000	2974.455000	1970.595000	-3.169603	-1.177770	-0.118507	8.352972	8.616117	5.578242	10.776713	2.671719	-4.806900	2.990960	-5.753020	0.905576	0.117431	0.371764	-1.000000	-1.000000	-1.000000	-1.000000	-1.000000	-1.000000	-1.000000	74.620690	0.000000	-1.000000	-1.000000	1459972.000000	1772660808.616052
-26686.395000	-45096.345000	2370.555000	2013.255000	6017.085000	5066.910000	2983.320000	1938.510000	-3.301220	2.081816	3.153127	15.344852	18.167930	9.756891	4.078256	5.952072	-4.806900	2.990960	-5.753020	0.905576	0.117431	0.371764	-1.000000	-1.000000	-1.000000	-1.000000	-1.000000	-1.000000	-1.000000	74.620690	0.000000	-1.000000	-1.000000	1459973.000000	1772660808.620047
-26728.605000	-45119.340000	2367.135000	2016.810000	6016.770000	5064.570000	2996.910000	1935.810000	-3.410071	2.312134	2.501296	11.112691	16.633681	8.785471	-2.216542	6.010131	-4.806900	2.990960	-5.753020	0.905576	0.117431	0.371764	-1.000000	-1.000000	-1.000000	-1.000000	-1.000000	-1.000000	-1.000000	74.620690	0.000000	-1.000000	-1.000000	1459974.000000	1772660808.620055
-26679.465000	-45098.955000	2391.660000	2043.585000	6040.485000	5049.675000	2925.630000	1927.305000	-5.815469	-1.836320	-2.050974	-1.066800	5.334631	2.418167	-5.852457	1.930627	-4.806900	2.990960	-5.753020	0.905576	0.117431	0.371764	-1.000000	-1.000000	-1.000000	-1.000000	-1.000000	-1.000000	-1.000000	74.620690	0.000000	-1.000000	-1.000000	1459975.000000	1772660808.624061
-26666.280000	-45122.130000	2355.705000	2010.510000	6007.815000	5029.965000	2923.335000	1932.030000	-6.442742	-6.112284	-5.408745	-10.999514	-6.999699	-5.635577	-8.989413	-3.442975	-4.806900	2.990960	-5.753020	0.905576	0.117431	0.371764	-1.000000	-1.000000	-1.000000	-1.000000	-1.000000	-1.000000	-1.000000	74.620690	0.000000	-1.000000	-1.000000	1459976.000000	1772660808.624067
-26680.500000	-45118.800000	2359.845000	2019.645000	6021.585000	5054.580000	2973.060000	1964.655000	-1.164816	-6.326750	-4.512043	-12.588773	-12.846608	-10.442023	-11.857217	-5.657471	-4.806900	2.990960	-5.753020	0.905576	0.117431	0.371764	-1.000000	-1.000000	-1.000000	-1.000000	-1.000000	-1.000000	-1.000000	74.620690	0.000000	-1.000000	-1.000000	1459977.000000	1772660808.629928
-26684.550000	-45114.885000	2364.300000	2012.220000	6008.130000	5047.110000	2971.980000	1950.390000	7.201470	-2.205761	-0.355004	-7.033335	-10.509843	-8.978936	-9.609460	-2.109641	-4.806900	2.990960	-5.753020	0.905576	0.117431	0.371764	-1.000000	-1.000000	-1.000000	-1.000000	-1.000000	-1.000000	-1.000000	74.620690	0.000000	-1.000000	-1.000000	1459978.000000	1772660808.629935
-26626.140000	-45099.675000	2380.500000	2045.745000	6021.045000	5048.865000	2959.560000	1939.005000	13.501220	3.579793	4.152456	1.317355	-2.922196	-2.696833	-0.831098	4.323796	-4.806900	2.990960	-5.753020	0.905576	0.117431	0.371764	-1.000000	-1.000000	-1.000000	-1.000000	-1.000000	-1.000000	-1.000000	74.620690	0.000000	-1.000000	-1.000000	1459979.000000	1772660808.633497
-26613.315000	-45109.215000	2364.120000	2032.785000	6038.325000	5061.195000	2965.455000	1962.180000	15.173383	6.952144	5.441098	7.844203	5.069165	3.842380	8.924737	7.608789	-4.806900	2.990960	-5.753020	0.905576	0.117431	0.371764	-1.000000	-1.000000	-1.000000	-1.000000	-1.000000	-1.000000	-1.000000	74.620690	0.000000	-1.000000	-1.000000	1459980.000000	1772660808.633504
-26629.065000	-45111.150000	2344.905000	1972.710000	6016.365000	5057.460000	2988.135000	1988.685000	10.958043	5.275633	1.706328	8.660131	10.085410	7.575239	14.100090	5.778889	-2.182180	2.487380	-6.363420	0.905088	0.116516	0.371886	-1.000000	-1.000000	-1.000000	-1.000000	-1.000000	-1.000000	-1.000000	74.620690	0.000000	-1.000000	-1.000000	1459981.000000	1772660808.636090
-26637.570000	-45101.655000	2360.970000	1984.995000	6033.285000	5067.945000	2975.805000	1975.500000	1.672732	0.724601	-4.141314	3.096890	11.144829	8.217346	13.172329	1.984750	-2.182180	2.487380	-6.363420	0.905088	0.116516	0.371886	-1.000000	-1.000000	-1.000000	-1.000000	-1.000000	-1.000000	-1.000000	74.620690	0.000000	-1.000000	-1.000000	1459982.000000	1772660808.636097
-26676.990000	-45100.260000	2364.840000	2006.640000	6042.555000	5072.985000	2970.270000	1944.360000	-8.725850	-1.800396	-6.603737	-4.115169	8.673525	6.715038	7.338557	-1.384539	-2.182180	2.487380	-6.363420	0.905088	0.116516	0.371886	-1.000000	-1.000000	-1.000000	-1.000000	-1.000000	-1.000000	-1.000000	74.620690	0.000000	-1.000000	-1.000000	1459983.000000	1772660808.643011
-26702.595000	-45122.040000	2354.265000	2021.625000	6042.195000	5079.645000	2996.910000	1935.450000	-17.317148	-0.871072	-3.663005	-6.608151	3.819747	4.418392	0.356320	-4.935145	-2.182180	2.487380	-6.363420	0.905088	0.116516	0.371886	-1.000000	-1.000000	-1.000000	-1.000000	-1.000000	-1.000000	-1.000000	74.620690	0.000000	-1.000000	-1.000000	1459984.000000	1772660808.643018
-26691.345000	-45126.990000	2352.285000	2016.315000	6024.510000	5058.855000	2972.880000	1933.335000	-22.440043	0.844724	2.183661	-2.270942	-1.852766	2.007093	-3.989264	-8.752384	-2.182180	2.487380	-6.363420	0.905088	0.116516	0.371886	-1.000000	-1.000000	-1.000000	-1.000000	-1.000000	-1.000000	-1.000000	74.620690	0.000000	-1.000000	-1.000000	1459985.000000	1772660808.644195
-26702.280000	-45144.405000	2330.280000	1975.230000	5988.285000	5029.245000	2967.570000	1926.765000	-20.564205	0.924341	7.085427	4.817943	-7.187915	-1.739800	-6.507017	-10.920902	-2.182180	2.487380	-6.363420	0.905088	0.116516	0.371886	-1.000000	-1.000000	-1.000000	-1.000000	-1.000000	-1.000000	-1.000000	74.620690	0.000000	-1.000000	-1.000000	1459986.000000	1772660808.644202
-26689.545000	-45127.305000	2328.930000	1955.565000	5970.105000	5029.110000	2996.010000	1933.695000	-10.082873	-0.915427	7.575845	7.536032	-11.738949	-7.633608	-8.980075	-9.194661	-2.182180	2.487380	-6.363420	0.905088	0.116516	0.371886	-1.000000	-1.000000	-1.000000	-1.000000	-1.000000	-1.000000	-1.000000	74.620690	0.000000	-1.000000	-1.000000	1459987.000000	1772660808.648102
-26665.200000	-45106.830000	2357.550000	2002.725000	5998.995000	5050.035000	2976.705000	1948.860000	4.479054	-3.040737	3.143597	3.105801	-14.068672	-12.712063	-9.478554	-2.867460	-2.182180	2.487380	-6.363420	0.905088	0.116516	0.371886	-1.000000	-1.000000	-1.000000	-1.000000	-1.000000	-1.000000	-1.000000	74.620690	0.000000	-1.000000	-1.000000	1459988.000000	1772660808.648109
-26672.580000	-45087.300000	2394.405000	2054.700000	6046.785000	5070.420000	2941.875000	1949.580000	15.912107	-2.980763	-1.781400	-2.460227	-10.828265	-12.251427	-7.103710	5.404541	-2.182180	2.487380	-6.363420	0.905088	0.116516	0.371886	-1.000000	-1.000000	-1.000000	-1.000000	-1.000000	-1.000000	-1.000000	74.620690	0.000000	-1.000000	-1.000000	1459989.000000	1772660808.652284
-26689.905000	-45088.155000	2400.435000	2048.310000	6048.360000	5077.260000	2948.220000	1933.110000	19.891495	0.184241	-1.921645	-0.988413	-0.155417	-4.834082	-4.478572	10.653932	-2.182180	2.487380	-6.363420	0.905088	0.116516	0.371886	-1.000000	-1.000000	-1.000000	-1.000000	-1.000000	-1.000000	-1.000000	74.620690	0.000000	-1.000000	-1.000000	1459990.000000	1772660808.652290
-26676.810000	-45090.315000	2396.385000	2045.880000	6051.735000	5080.275000	2958.525000	1929.510000	17.084002	4.349645	2.268984	6.540807	13.245036	5.652788	-2.423786	10.251799	-2.151660	2.701020	-4.333840	0.904111	0.125244	0.374816	-1.000000	-1.000000	-1.000000	-1.000000	-1.000000	-1.000000	-1.000000	74.620690	0.000000	-1.000000	-1.000000	1459991.000000	1772660808.660707
-26690.445000	-45103.545000	2383.335000	2041.110000	6058.080000	5081.130000	2971.170000	1930.635000	11.225135	6.022815	5.093822	10.744535	20.473996	13.002603	1.315611	6.297878	-2.151660	2.701020	-4.333840	0.904111	0.125244	0.374816	-1.000000	-1.000000	-1.000000	-1.000000	-1.000000	-1.000000	-1.000000	74.620690	0.000000	-1.000000	-1.000000	1459992.000000	1772660808.660715
-26685.225000	-45139.365000	2322.765000	1972.215000	5993.370000	5037.255000	2979.090000	1931.085000	5.163416	3.369833	2.000771	4.770312	16.309567	13.056099	7.255216	2.480584	-2.151660	2.701020	-4.333840	0.904111	0.125244	0.374816	-1.000000	-1.000000	-1.000000	-1.000000	-1.000000	-1.000000	-1.000000	74.620690	0.000000	-1.000000	-1.000000	1459993.000000	1772660808.662335
-26649.360000	-45121.995000	2326.230000	1931.445000	5976.405000	5043.060000	3022.380000	1970.235000	0.134944	-2.150826	-6.333472	-9.844482	2.553915	6.043470	13.012994	0.762143	-2.151660	2.701020	-4.333840	0.904111	0.125244	0.374816	-1.000000	-1.000000	-1.000000	-1.000000	-1.000000	-1.000000	-1.000000	74.620690	0.000000	-1.000000	-1.000000	1459994.000000	1772660808.662341
-26623.080000	-45068.130000	2408.130000	2038.095000	6028.200000	5072.445000	3014.235000	1991.925000	-2.425975	-5.864483	-12.988694	-22.581466	-11.969614	-2.645115	15.807206	1.659661	-2.151660	2.701020	-4.333840	0.904111	0.125244	0.374816	-1.000000	-1.000000	-1.000000	-1.000000	-1.000000	-1.000000	-1.000000	74.620690	0.000000	-1.000000	-1.000000	1459995.000000	1772660808.665238
-26656.920000	-45099.405000	2387.160000	2064.105000	6061.860000	5069.160000	2959.290000	1966.770000	-3.172276	-4.428869	-10.521052	-20.517506	-16.339436	-6.645836	12.400267	3.574068	-2.151660	2.701020	-4.333840	0.904111	0.125244	0.374816	-1.000000	-1.000000	-1.000000	-1.000000	-1.000000	-1.000000	-1.000000	74.620690	0.000000	-1.000000	-1.000000	1459996.000000	1772660808.665245
-26666.640000	-45112.905000	2368.170000	2029.770000	6025.995000	5044.995000	2928.060000	1948.455000	-6.160677	-1.059580	-1.251015	-3.884721	-8.975141	-5.669121	1.077668	2.137012	-2.151660	2.701020	-4.333840	0.904111	0.125244	0.374816	-1.000000	-1.000000	-1.000000	-1.000000	-1.000000	-1.000000	-1.000000	74.620690	0.000000	-1.000000	-1.000000	1459997.000000	1772660808.668220
-26643.780000	-45100.890000	2381.490000	2056.005000	6030.360000	5056.155000	2956.500000	1954.170000	-12.035534	-0.744804	5.550157	12.957708	0.552746	-4.150324	-13.118614	-4.689639	-2.151660	2.701020	-4.333840	0.904111	0.125244	0.374816	-1.000000	-1.000000	-1.000000	-1.000000	-1.000000	-1.000000	-1.000000	74.620690	0.000000	-1.000000	-1.000000	1459998.000000	1772660808.668227
-26651.340000	-45102.555000	2389.905000	2069.730000	6033.870000	5068.755000	2971.485000	1950.255000	-15.092510	-2.956855	5.867244	19.277886	4.036162	-3.904301	-20.576906	-12.439252	-2.151660	2.701020	-4.333840	0.904111	0.125244	0.374816	-1.000000	-1.000000	-1.000000	-1.000000	-1.000000	-1.000000	-1.000000	74.620690	0.000000	-1.000000	-1.000000	1459999.000000	1772660808.672945
-26662.140000	-45095.310000	2396.025000	2000.205000	5986.845000	5062.185000	2963.160000	1949.535000	-11.227194	-3.793523	2.890019	14.425204	1.107995	-3.215162	-16.556820	-14.707221	-2.151660	2.701020	-4.333840	0.904111	0.125244	0.374816	-1.000000	-1.000000	-1.000000	-1.000000	-1.000000	-1.000000	-1.000000	74.620690	0.000000	-1.000000	-1.000000	1460000.000000	1772660808.672952
-26652.465000	-45072.135000	2410.065000	1934.055000	5916.105000	5028.390000	2959.245000	1952.280000	-2.475911	-0.599203	1.395396	1.278759	-5.462153	-1.220205	-5.250148	-9.547904	-3.815000	2.624720	-2.441600	0.901792	0.135131	0.375304	-1.000000	-1.000000	-1.000000	-1.000000	-1.000000	-1.000000	-1.000000	74.620690	0.000000	-1.000000	-1.000000	1460001.000000	1772660808.676431
-26671.230000	-45094.635000	2389.230000	1994.445000	5945.805000	5036.985000	2981.610000	1962.495000	6.111181	6.100542	3.721211	-12.839423	-10.969703	1.366080	5.560749	-0.254276	-3.815000	2.624720	-2.441600	0.901792	0.135131	0.375304	-1.000000	-1.000000	-1.000000	-1.000000	-1.000000	-1.000000	-1.000000	74.620690	0.000000	-1.000000	-1.000000	1460002.000000	1772660808.676439
-26680.455000	-45102.195000	2366.640000	2033.370000	6001.515000	5049.360000	2974.320000	1950.255000	9.468426	11.212155	6.720857	-16.353401	-8.322003	4.116836	10.783227	7.395747	-3.815000	2.624720	-2.441600	0.901792	0.135131	0.375304	-1.000000	-1.000000	-1.000000	-1.000000	-1.000000	-1.000000	-1.000000	74.620690	0.000000	-1.000000	-1.000000	1460003.000000	1772660808.683765
-26687.340000	-45118.350000	2355.120000	2046.285000	6058.170000	5071.635000	2962.350000	1921.725000	5.841974	8.676333	3.962374	-6.271368	4.832301	6.507266	9.703984	8.790523	-3.815000	2.624720	-2.441600	0.901792	0.135131	0.375304	-1.000000	-1.000000	-1.000000	-1.000000	-1.000000	-1.000000	-1.000000	74.620690	0.000000	-1.000000	-1.000000	1460004.000000	1772660808.683772
-26682.300000	-45133.425000	2347.380000	2007.810000	6047.955000	5070.105000	2972.520000	1946.025000	-0.823192	-1.282710	-5.508161	6.885922	20.886778	7.502777	5.762967	4.463222	-3.815000	2.624720	-2.441600	0.901792	0.135131	0.375304	-1.000000	-1.000000	-1.000000	-1.000000	-1.000000	-1.000000	-1.000000	74.620690	0.000000	-1.000000	-1.000000	1460005.000000	1772660808.684270
-26686.080000	-45125.775000	2355.210000	1992.825000	6055.875000	5065.785000	2979.855000	1968.705000	-4.516223	-11.645263	-14.582907	11.645800	28.480847	6.312739	3.673001	0.179567	-3.815000	2.624720	-2.441600	0.901792	0.135131	0.375304	-1.000000	-1.000000	-1.000000	-1.000000	-1.000000	-1.000000	-1.000000	74.620690	0.000000	-1.000000	-1.000000	1460006.000000	1772660808.684277
-26677.980000	-45108.270000	2363.310000	2037.240000	6073.605000	5079.645000	2985.930000	1952.955000	-2.809743	-15.091255	-15.887569	6.513273	22.410191	2.768691	4.029799	0.441155	-3.815000	2.624720	-2.441600	0.901792	0.135131	0.375304	-1.000000	-1.000000	-1.000000	-1.000000	-1.000000	-1.000000	-1.000000	74.620690	0.000000	-1.000000	-1.000000	1460007.000000	1772660808.688468
-26648.910000	-45084.915000	2377.800000	2040.660000	6050.610000	5070.420000	2983.230000	1943.460000	2.861877	-9.143800	-8.226004	-1.191589	6.283986	-2.277396	3.398448	3.601067	-3.815000	2.624720	-2.441600	0.901792	0.135131	0.375304	-1.000000	-1.000000	-1.000000	-1.000000	-1.000000	-1.000000	-1.000000	74.620690	0.000000	-1.000000	-1.000000	1460008.000000	1772660808.688475
-26640.945000	-45087.840000	2382.570000	2038.455000	6040.035000	5054.670000	2970.900000	1948.950000	9.789116	2.684594	4.026645	-3.307557	-11.350287	-6.942959	-0.353120	5.359639	-3.815000	2.624720	-2.441600	0.901792	0.135131	0.375304	-1.000000	-1.000000	-1.000000	-1.000000	-1.000000	-1.000000	-1.000000	74.620690	0.000000	-1.000000	-1.000000	1460009.000000	1772660808.692312
-26635.140000	-45101.475000	2369.115000	2028.195000	6033.960000	5052.510000	2964.690000	1966.545000	14.338486	13.021357	14.550960	2.067431	-21.713650	-8.888487	-6.109081	4.043181	-3.815000	2.624720	-2.441600	0.901792	0.135131	0.375304	-1.000000	-1.000000	-1.000000	-1.000000	-1.000000	-1.000000	-1.000000	74.620690	0.000000	-1.000000	-1.000000	1460010.000000	1772660808.692319
-26658.405000	-45121.140000	2352.150000	2011.590000	6016.095000	5046.210000	2979.225000	1964.160000	12.797477	15.671134	18.447977	8.537815	-21.747803	-7.037205	-11.137180	0.769479	-3.753960	2.182180	-0.671440	0.903440	0.140442	0.379271	-1.000000	-1.000000	-1.000000	-1.000000	-1.000000	-1.000000	-1.000000	74.620690	0.000000	-1.000000	-1.000000	1460011.000000	1772660808.696421
-26652.330000	-45093.105000	2386.530000	2048.220000	6044.985000	5058.405000	2973.285000	1961.190000	4.388494	10.007174	14.712972	7.590449	-16.253141	-3.122865	-12.374892	-2.709372	-3.753960	2.182180	-0.671440	0.903440	0.140442	0.379271	-1.000000	-1.000000	-1.000000	-1.000000	-1.000000	-1.000000	-1.000000	74.620690	0.000000	-1.000000	-1.000000	1460012.000000	1772660808.696428
-26653.320000	-45084.780000	2402.280000	2058.120000	6042.600000	5066.460000	2968.875000	1955.655000	-7.012326	1.207684	6.918735	-1.307619	-10.997556	0.285415	-8.141681	-4.831012	-3.753960	2.182180	-0.671440	0.903440	0.140442	0.379271	-1.000000	-1.000000	-1.000000	-1.000000	-1.000000	-1.000000	-1.000000	74.620690	0.000000	-1.000000	-1.000000	1460013.000000	1772660808.700309
-26654.805000	-45109.305000	2375.505000	2052.180000	6037.020000	5071.815000	2977.245000	1954.665000	-15.393956	-4.920054	-0.490221	-10.287894	-6.860500	2.499021	0.082188	-5.223524	-3.753960	2.182180	-0.671440	0.903440	0.140442	0.379271	-1.000000	-1.000000	-1.000000	-1.000000	-1.000000	-1.000000	-1.000000	74.620690	0.000000	-1.000000	-1.000000	1460014.000000	1772660808.700315
-26669.430000	-45107.460000	2384.190000	2054.025000	6026.760000	5054.175000	2963.880000	1949.445000	-17.272051	-7.335852	-6.345724	-12.761205	-2.190407	3.726085	7.956550	-4.932701	-3.753960	2.182180	-0.671440	0.903440	0.140442	0.379271	-1.000000	-1.000000	-1.000000	-1.000000	-1.000000	-1.000000	-1.000000	74.620690	0.000000	-1.000000	-1.000000	1460015.000000	1772660808.704328
-26715.870000	-45127.755000	2365.470000	2007.405000	6014.205000	5058.135000	2969.730000	1943.955000	-14.006875	-8.360493	-11.151153	-9.955595	3.111019	3.336952	11.027222	-4.286192	-3.753960	2.182180	-0.671440	0.903440	0.140442	0.379271	-1.000000	-1.000000	-1.000000	-1.000000	-1.000000	-1.000000	-1.000000	74.620690	0.000000	-1.000000	-1.000000	1460016.000000	1772660808.704335
-26679.240000	-45100.710000	2358.720000	1975.545000	6014.295000	5062.185000	2979.225000	1945.530000	-9.070413	-9.049282	-14.429416	-7.150249	8.143641	1.564589	8.579152	-2.388025	-3.753960	2.182180	-0.671440	0.903440	0.140442	0.379271	-1.000000	-1.000000	-1.000000	-1.000000	-1.000000	-1.000000	-1.000000	74.620690	0.000000	-1.000000	-1.000000	1460017.000000	1772660808.708422
-26637.885000	-45097.560000	2353.230000	1984.455000	6007.410000	5049.495000	2984.445000	1974.780000	-2.789210	-7.608148	-14.695245	-5.585262	12.797699	0.455763	3.972820	1.102752	-3.753960	2.182180	-0.671440	0.903440	0.140442	0.379271	-1.000000	-1.000000	-1.000000	-1.000000	-1.000000	-1.000000	-1.000000	74.620690	0.000000	-1.000000	-1.000000	1460018.000000	1772660808.708430
-26679.150000	-45133.245000	2343.285000	1990.935000	6021.585000	5055.570000	2989.260000	1966.950000	5.866921	-2.596670	-10.306250	-1.845218	16.443344	1.128653	0.422934	4.969054	-3.753960	2.182180	-0.671440	0.903440	0.140442	0.379271	-1.000000	-1.000000	-1.000000	-1.000000	-1.000000	-1.000000	-1.000000	74.620690	0.000000	-1.000000	-1.000000	1460019.000000	1772660808.712174
-26730.090000	-45149.805000	2329.965000	1977.300000	6007.680000	5059.755000	3010.185000	1937.430000	13.049915	3.386850	-1.909562	5.006850	16.550020	2.470133	-1.330108	6.556929	-3.753960	2.182180	-0.671440	0.903440	0.140442	0.379271	-1.000000	-1.000000	-1.000000	-1.000000	-1.000000	-1.000000	-1.000000	74.620690	0.000000	-1.000000	-1.000000	1460020.000000	1772660808.712182
-26668.350000	-45111.645000	2356.110000	2008.620000	6010.740000	5055.210000	3002.445000	1950.930000	13.837952	6.551918	6.623980	10.911395	10.261550	2.508082	-1.549620	4.294816	-4.562740	3.860780	-0.259420	0.907774	0.139892	0.376342	-1.000000	-1.000000	-1.000000	-1.000000	-1.000000	-1.000000	-1.000000	74.620690	0.000000	-1.000000	-1.000000	1460021.000000	1772660808.716173
-26614.485000	-45058.860000	2403.630000	2031.435000	6045.300000	5068.935000	2938.860000	1953.945000	10.574375	7.622926	12.480339	12.902660	-0.936715	0.343521	-1.752580	0.216569	-4.562740	3.860780	-0.259420	0.907774	0.139892	0.376342	-1.000000	-1.000000	-1.000000	-1.000000	-1.000000	-1.000000	-1.000000	74.620690	0.000000	-1.000000	-1.000000	1460022.000000	1772660808.716180
-26618.625000	-45064.755000	2398.860000	2006.100000	6012.810000	5057.955000	2946.825000	1960.695000	8.930246	9.842928	15.966409	11.746632	-10.628260	-2.664544	-4.460979	-2.412389	-4.562740	3.860780	-0.259420	0.907774	0.139892	0.376342	-1.000000	-1.000000	-1.000000	-1.000000	-1.000000	-1.000000	-1.000000	74.620690	0.000000	-1.000000	-1.000000	1460023.000000	1772660808.720299
-26654.130000	-45103.770000	2385.630000	2037.645000	6030.945000	5069.250000	2973.510000	1962.135000	8.713628	11.684302	16.216985	8.433334	-14.065066	-4.283838	-8.337066	-2.273639	-4.562740	3.860780	-0.259420	0.907774	0.139892	0.376342	-1.000000	-1.000000	-1.000000	-1.000000	-1.000000	-1.000000	-1.000000	74.620690	0.000000	-1.000000	-1.000000	1460024.000000	1772660808.720306
-26680.995000	-45130.995000	2370.195000	2044.710000	6052.635000	5077.845000	2965.050000	1949.040000	5.018240	7.565685	10.710876	4.553776	-10.644928	-3.361724	-8.539646	-0.222219	-4.562740	3.860780	-0.259420	0.907774	0.139892	0.376342	-1.000000	-1.000000	-1.000000	-1.000000	-1.000000	-1.000000	-1.000000	74.620690	0.000000	-1.000000	-1.000000	1460025.000000	1772660808.724201
-26714.745000	-45111.465000	2369.025000	2034.405000	6046.155000	5078.160000	2988.720000	1929.825000	-5.219925	-3.688766	0.101353	2.321683	-2.230172	-0.279730	-3.381247	1.115232	-4.562740	3.860780	-0.259420	0.907774	0.139892	0.376342	-1.000000	-1.000000	-1.000000	-1.000000	-1.000000	-1.000000	-1.000000	74.620690	0.000000	-1.000000	-1.000000	1460026.000000	1772660808.724211
-26685.945000	-45072.405000	2382.615000	2035.530000	6033.420000	5061.330000	2991.555000	1941.480000	-18.900184	-14.781422	-10.437502	0.846182	6.314074	3.089177	4.373258	-0.599561	-4.562740	3.860780	-0.259420	0.907774	0.139892	0.376342	-1.000000	-1.000000	-1.000000	-1.000000	-1.000000	-1.000000	-1.000000	74.620690	0.000000	-1.000000	-1.000000	1460027.000000	1772660808.728319
-26646.435000	-45101.565000	2364.210000	2025.270000	6026.850000	5052.645000	2966.490000	1963.845000	-25.665778	-16.524604	-15.197272	-2.631030	9.274464	4.070925	9.965769	-3.670784	-4.562740	3.860780	-0.259420	0.907774	0.139892	0.376342	-1.000000	-1.000000	-1.000000	-1.000000	-1.000000	-1.000000	-1.000000	74.620690	0.000000	-1.000000	-1.000000	1460028.000000	1772660808.728328
-26684.595000	-45115.920000	2367.045000	2029.770000	6028.695000	5055.480000	2964.285000	1946.745000	-17.389996	-8.519543	-12.995563	-8.568777	4.954523	1.451352	9.306039	-3.758286	-4.562740	3.860780	-0.259420	0.907774	0.139892	0.376342	-1.000000	-1.000000	-1.000000	-1.000000	-1.000000	-1.000000	-1.000000	74.620690	0.000000	-1.000000	-1.000000	1460029.000000	1772660808.732289
-26690.040000	-45113.850000	2370.825000	2021.535000	6016.860000	5055.345000	2993.535000	1940.040000	-0.330993	0.683771	-7.550308	-14.822864	-3.505999	-2.965158	3.788105	-0.256502	-4.562740	3.860780	-0.259420	0.907774	0.139892	0.376342	-1.000000	-1.000000	-1.000000	-1.000000	-1.000000	-1.000000	-1.000000	74.620690	0.000000	-1.000000	-1.000000	1460030.000000	1772660808.732296
-26638.695000	-45090.765000	2379.285000	2019.195000	6012.495000	5055.930000	3007.485000	1952.010000	12.174665	4.149342	-2.981233	-18.156379	-11.184556	-6.026552	0.104279	3.261790	-2.594200	5.753020	0.579880	0.912290	0.130798	0.372802	-1.000000	-1.000000	-1.000000	-1.000000	-1.000000	-1.000000	-1.000000	74.620690	0.000000	-1.000000	-1.000000	1460031.000000	1772660808.736417
-26638.380000	-45091.485000	2379.690000	2020.635000	6026.760000	5068.620000	2999.295000	1957.005000	15.650165	2.927791	-0.203731	-15.642804	-13.490005	-5.559430	1.516544	4.398333	-2.594200	5.753020	0.579880	0.912290	0.130798	0.372802	-1.000000	-1.000000	-1.000000	-1.000000	-1.000000	-1.000000	-1.000000	74.620690	0.000000	-1.000000	-1.000000	1460032.000000	1772660808.736424
-26664.525000	-45116.640000	2358.270000	2014.650000	6022.125000	5053.635000	2960.460000	1937.205000	13.920953	1.923439	2.094108	-7.198855	-8.489570	-1.797773	3.270642	3.325106	-2.594200	5.753020	0.579880	0.912290	0.130798	0.372802	-1.000000	-1.000000	-1.000000	-1.000000	-1.000000	-1.000000	-1.000000	74.620690	0.000000	-1.000000	-1.000000	1460033.000000	1772660808.740223
-26650.665000	-45106.515000	2363.310000	2018.385000	6028.695000	5048.820000	2947.005000	1941.840000	10.293649	3.156197	4.524120	3.846962	0.865641	2.363806	-0.524341	1.068695	-2.594200	5.753020	0.579880	0.912290	0.130798	0.372802	-1.000000	-1.000000	-1.000000	-1.000000	-1.000000	-1.000000	-1.000000	74.620690	0.000000	-1.000000	-1.000000	1460034.000000	1772660808.740231
-26668.755000	-45123.165000	2344.680000	1985.760000	6003.945000	5040.810000	2963.970000	1941.435000	5.496805	4.430982	6.222504	12.952254	9.140317	4.239848	-8.941404	-1.037604	-2.594200	5.753020	0.579880	0.912290	0.130798	0.372802	-1.000000	-1.000000	-1.000000	-1.000000	-1.000000	-1.000000	-1.000000	74.620690	0.000000	-1.000000	-1.000000	1460035.000000	1772660808.744287
-26659.305000	-45085.455000	2389.050000	2008.845000	6023.565000	5063.265000	2988.675000	1955.520000	-0.748103	3.490814	6.558731	16.554797	12.699905	4.187802	-14.779408	-2.096270	-2.594200	5.753020	0.579880	0.912290	0.130798	0.372802	-1.000000	-1.000000	-1.000000	-1.000000	-1.000000	-1.000000	-1.000000	74.620690	0.000000	-1.000000	-1.000000	1460036.000000	1772660808.744295
-26666.010000	-45077.850000	2409.255000	2054.205000	6054.795000	5068.710000	2958.210000	1935.585000	-7.510080	2.061057	6.894838	14.984199	11.779963	4.241056	-12.199862	-2.268748	-2.594200	5.753020	0.579880	0.912290	0.130798	0.372802	-1.000000	-1.000000	-1.000000	-1.000000	-1.000000	-1.000000	-1.000000	74.620690	0.000000	-1.000000	-1.000000	1460037.000000	1772660808.748322
-26679.420000	-45115.830000	2366.415000	2010.105000	6022.485000	5053.365000	2960.415000	1927.080000	-11.946084	2.155092	7.381634	10.930914	8.407549	4.588735	-2.933292	-2.168608	-2.594200	5.753020	0.579880	0.912290	0.130798	0.372802	-1.000000	-1.000000	-1.000000	-1.000000	-1.000000	-1.000000	-1.000000	74.620690	0.000000	-1.000000	-1.000000	1460038.000000	1772660808.748330
-26682.615000	-45105.525000	2376.135000	2023.785000	6011.325000	5062.635000	2980.755000	1940.895000	-12.498291	1.340564	4.501535	4.880960	2.915227	3.378518	6.751860	-1.886764	-2.594200	5.753020	0.579880	0.912290	0.130798	0.372802	-1.000000	-1.000000	-1.000000	-1.000000	-1.000000	-1.000000	-1.000000	74.620690	0.000000	-1.000000	-1.000000	1460039.000000	1772660808.752342
-26648.055000	-45082.530000	2407.410000	2071.935000	5993.685000	5069.700000	2981.160000	1964.610000	-9.965560	-2.324327	-2.564527	-1.940385	-4.526572	0.156009	12.453674	-0.698953	-2.594200	5.753020	0.579880	0.912290	0.130798	0.372802	-1.000000	-1.000000	-1.000000	-1.000000	-1.000000	-1.000000	-1.000000	74.620690	0.000000	-1.000000	-1.000000	1460040.000000	1772660808.752349
-26659.170000	-45099.090000	2388.240000	2001.870000	5947.695000	5057.055000	2969.955000	1960.785000	-4.626041	-5.920868	-8.888986	-6.498228	-12.004587	-3.453496	12.854488	1.819967	-2.472120	5.966660	-0.686700	0.911619	0.125427	0.371215	-1.000000	-1.000000	-1.000000	-1.000000	-1.000000	-1.000000	-1.000000	74.620690	0.000000	-1.000000	-1.000000	1460041.000000	1772660808.756350
-26621.145000	-45069.255000	2402.685000	1951.515000	5965.695000	5052.240000	2978.955000	1972.215000	3.755679	-5.567659	-10.011451	-9.753130	-16.841169	-5.948923	9.114442	4.817469	-2.472120	5.966660	-0.686700	0.911619	0.125427	0.371215	-1.000000	-1.000000	-1.000000	-1.000000	-1.000000	-1.000000	-1.000000	74.620690	0.000000	-1.000000	-1.000000	1460042.000000	1772660808.756357
-26613.315000	-45067.770000	2399.130000	1949.085000	6013.305000	5041.575000	2968.605000	1970.955000	13.200243	-0.794384	-5.851216	-13.866587	-15.000137	-6.524225	3.790516	6.619428	-2.472120	5.966660	-0.686700	0.911619	0.125427	0.371215	-1.000000	-1.000000	-1.000000	-1.000000	-1.000000	-1.000000	-1.000000	74.620690	0.000000	-1.000000	-1.000000	1460043.000000	1772660808.765913
-26649.990000	-45095.175000	2362.410000	1984.320000	6060.555000	5055.435000	2974.185000	1958.670000	18.567462	4.455008	-0.208595	-15.275429	-3.202136	-4.823111	-1.770867	5.348336	-2.472120	5.966660	-0.686700	0.911619	0.125427	0.371215	-1.000000	-1.000000	-1.000000	-1.000000	-1.000000	-1.000000	-1.000000	74.620690	0.000000	-1.000000	-1.000000	1460044.000000	1772660808.765920
-26682.615000	-45126.855000	2342.610000	2068.605000	6080.760000	5066.460000	2972.295000	1944.360000	14.317850	4.494334	1.396614	-8.244435	14.723345	-1.282351	-6.894451	0.123658	-2.472120	5.966660	-0.686700	0.911619	0.125427	0.371215	-1.000000	-1.000000	-1.000000	-1.000000	-1.000000	-1.000000	-1.000000	74.620690	0.000000	-1.000000	-1.000000	1460045.000000	1772660808.765929
-26661.060000	-45109.890000	2369.385000	2074.185000	6065.010000	5068.035000	2983.995000	1953.585000	1.135552	-1.691371	-2.345115	6.877519	27.610602	2.764838	-9.354260	-6.646319	-2.472120	5.966660	-0.686700	0.911619	0.125427	0.371215	-1.000000	-1.000000	-1.000000	-1.000000	-1.000000	-1.000000	-1.000000	74.620690	0.000000	-1.000000	-1.000000	1460046.000000	1772660808.765932
-26663.805000	-45103.455000	2372.715000	2031.165000	6041.340000	5073.345000	2986.380000	1952.910000	-12.288480	-7.949773	-5.725418	21.411854	26.118116	5.733495	-7.369647	-10.210828	-2.472120	5.966660	-0.686700	0.911619	0.125427	0.371215	-1.000000	-1.000000	-1.000000	-1.000000	-1.000000	-1.000000	-1.000000	74.620690	0.000000	-1.000000	-1.000000	1460047.000000	1772660808.768255
-26671.950000	-45108.270000	2367.855000	2007.045000	6011.955000	5056.110000	2973.015000	1941.165000	-18.054328	-8.341994	-3.670873	24.175114	10.406821	6.174505	-2.829137	-8.699750	-2.472120	5.966660	-0.686700	0.911619	0.125427	0.371215	-1.000000	-1.000000	-1.000000	-1.000000	-1.000000	-1.000000	-1.000000	74.620690	0.000000	-1.000000	-1.000000	1460048.000000	1772660808.768261
-26649.180000	-45100.845000	2367.180000	2016.315000	6013.800000	5057.460000	2976.840000	1951.785000	-15.264990	-3.376278	1.991247	11.657053	-10.562832	3.287959	0.625015	-4.555277	-2.472120	5.966660	-0.686700	0.911619	0.125427	0.371215	-1.000000	-1.000000	-1.000000	-1.000000	-1.000000	-1.000000	-1.000000	74.620690	0.000000	-1.000000	-1.000000	1460049.000000	1772660808.772210
-26669.565000	-45116.595000	2364.390000	2038.680000	6014.385000	5053.365000	2966.490000	1935.675000	-6.993829	3.032292	6.885462	-6.480379	-24.990301	-1.452671	1.779835	-0.452637	-2.472120	5.966660	-0.686700	0.911619	0.125427	0.371215	-1.000000	-1.000000	-1.000000	-1.000000	-1.000000	-1.000000	-1.000000	74.620690	0.000000	-1.000000	-1.000000	1460050.000000	1772660808.772218
-26704.980000	-45135.990000	2356.605000	2029.860000	6022.845000	5074.020000	2994.705000	1940.220000	1.609863	6.897436	8.690225	-15.970324	-26.284357	-4.505173	2.060706	2.561833	-3.158820	5.798800	-2.319520	0.909727	0.125366	0.372008	-1.000000	-1.000000	-1.000000	-1.000000	-1.000000	-1.000000	-1.000000	74.620690	0.000000	-1.000000	-1.000000	1460051.000000	1772660808.776299
-26669.835000	-45087.255000	2397.870000	2031.795000	6019.110000	5074.695000	3011.445000	1973.835000	5.988815	6.561682	7.745403	-12.427022	-17.189926	-3.408855	3.204207	4.765863	-3.158820	5.798800	-2.319520	0.909727	0.125366	0.372008	-1.000000	-1.000000	-1.000000	-1.000000	-1.000000	-1.000000	-1.000000	74.620690	0.000000	-1.000000	-1.000000	1460052.000000	1772660808.776306
-26658.090000	-45047.655000	2445.750000	2094.165000	6062.805000	5083.740000	3005.280000	1979.910000	7.582658	5.628703	7.262617	-2.806930	-5.044834	0.542724	5.093488	7.385681	-3.158820	5.798800	-2.319520	0.909727	0.125366	0.372008	-1.000000	-1.000000	-1.000000	-1.000000	-1.000000	-1.000000	-1.000000	74.620690	0.000000	-1.000000	-1.000000	1460053.000000	1772660808.780270
-26689.230000	-45066.420000	2428.695000	2080.260000	6076.170000	5085.945000	2946.960000	1932.840000	9.809427	7.815380	8.971798	3.777697	5.287591	3.612707	4.823413	9.548989	-3.158820	5.798800	-2.319520	0.909727	0.125366	0.372008	-1.000000	-1.000000	-1.000000	-1.000000	-1.000000	-1.000000	-1.000000	74.620690	0.000000	-1.000000	-1.000000	1460054.000000	1772660808.780274
-26682.030000	-45091.080000	2389.320000	2031.255000	6051.510000	5073.660000	2932.920000	1914.345000	11.036838	9.804030	8.348781	2.535376	12.282024	3.321933	-0.555622	7.451454	-3.158820	5.798800	-2.319520	0.909727	0.125366	0.372008	-1.000000	-1.000000	-1.000000	-1.000000	-1.000000	-1.000000	-1.000000	74.620690	0.000000	-1.000000	-1.000000	1460055.000000	1772660808.784368
-26614.125000	-45096.480000	2364.480000	2012.040000	6026.490000	5050.485000	2955.780000	1966.185000	9.030531	5.584065	-0.093318	-4.668372	14.870642	-0.306695	-8.899608	0.515760	-3.158820	5.798800	-2.319520	0.909727	0.125366	0.372008	-1.000000	-1.000000	-1.000000	-1.000000	-1.000000	-1.000000	-1.000000	74.620690	0.000000	-1.000000	-1.000000	1460056.000000	1772660808.784375
-26633.295000	-45116.640000	2340.900000	2011.005000	6020.145000	5046.075000	2965.275000	1951.605000	5.432894	-5.136332	-14.571604	-11.296363	12.458821	-5.325495	-13.094918	-5.975517	-3.158820	5.798800	-2.319520	0.909727	0.125366	0.372008	-1.000000	-1.000000	-1.000000	-1.000000	-1.000000	-1.000000	-1.000000	74.620690	0.000000	-1.000000	-1.000000	1460057.000000	1772660808.788259
-26658.855000	-45129.690000	2332.710000	1998.360000	6011.055000	5050.935000	2983.950000	1943.505000	0.939021	-16.545032	-26.602728	-11.937276	6.490940	-8.397494	-8.273691	-7.880289	-3.158820	5.798800	-2.319520	0.909727	0.125366	0.372008	-1.000000	-1.000000	-1.000000	-1.000000	-1.000000	-1.000000	-1.000000	74.620690	0.000000	-1.000000	-1.000000	1460058.000000	1772660808.788266
-26645.355000	-45098.415000	2373.480000	2035.620000	6033.780000	5056.830000	2976.570000	1953.855000	-5.131614	-21.242838	-27.381994	-5.359134	-0.084323	-6.879788	3.062153	-5.817351	-3.158820	5.798800	-2.319520	0.909727	0.125366	0.372008	-1.000000	-1.000000	-1.000000	-1.000000	-1.000000	-1.000000	-1.000000	74.620690	0.000000	-1.000000	-1.000000	1460059.000000	1772660808.792470
-26643.330000	-45101.880000	2374.200000	2032.110000	6025.455000	5051.700000	2977.110000	1961.055000	-10.359321	-15.277074	-14.183628	6.164517	-4.692181	-1.404621	12.996730	-1.990989	-3.158820	5.798800	-2.319520	0.909727	0.125366	0.372008	-1.000000	-1.000000	-1.000000	-1.000000	-1.000000	-1.000000	-1.000000	74.620690	0.000000	-1.000000	-1.000000	1460060.000000	1772660808.792477
-26653.995000	-45115.560000	2368.620000	2034.315000	6023.205000	5058.270000	3001.005000	1961.640000	-11.878342	-2.615866	5.904637	16.674669	-6.925034	4.575455	15.070524	1.202484	-4.364360	5.127360	-2.670500	0.906004	0.128662	0.375060	-1.000000	-1.000000	-1.000000	-1.000000	-1.000000	-1.000000	-1.000000	74.620690	0.000000	-1.000000	-1.000000	1460061.000000	1772660808.796314
-26657.415000	-45090.765000	2397.960000	2067.120000	6067.485000	5083.200000	2968.695000	1947.285000	-9.872987	8.246175	21.065075	18.905532	-7.689164	8.118795	9.537953	2.111231	-4.364360	5.127360	-2.670500	0.906004	0.128662	0.375060	-1.000000	-1.000000	-1.000000	-1.000000	-1.000000	-1.000000	-1.000000	74.620690	0.000000	-1.000000	-1.000000	1460062.000000	1772660808.796321
-26665.110000	-45069.570000	2418.930000	2076.975000	6080.310000	5097.960000	2952.225000	1938.915000	-5.559858	13.550014	25.559916	11.874469	-6.181674	8.941237	1.168004	1.539119	-4.364360	5.127360	-2.670500	0.906004	0.128662	0.375060	-1.000000	-1.000000	-1.000000	-1.000000	-1.000000	-1.000000	-1.000000	74.620690	0.000000	-1.000000	-1.000000	1460063.000000	1772660808.800279
-26689.815000	-45108.585000	2377.710000	2040.165000	6053.445000	5094.540000	3000.240000	1947.105000	-0.968077	14.579808	21.436370	2.140211	-1.111508	8.147226	-5.138540	1.180979	-4.364360	5.127360	-2.670500	0.906004	0.128662	0.375060	-1.000000	-1.000000	-1.000000	-1.000000	-1.000000	-1.000000	-1.000000	74.620690	0.000000	-1.000000	-1.000000	1460064.000000	1772660808.800287
-26658.135000	-45118.215000	2352.015000	2005.560000	6008.625000	5054.985000	3010.230000	1944.180000	1.019012	11.551310	11.763141	-4.992069	4.999384	5.694828	-6.437884	0.864785	-4.364360	5.127360	-2.670500	0.906004	0.128662	0.375060	-1.000000	-1.000000	-1.000000	-1.000000	-1.000000	-1.000000	-1.000000	74.620690	0.000000	-1.000000	-1.000000	1460065.000000	1772660808.804357
-26636.445000	-45112.590000	2349.945000	1999.395000	6001.740000	5040.990000	2983.545000	1949.220000	1.232902	4.739647	-0.763282	-9.401050	7.228318	0.366309	-4.000007	-0.200839	-4.364360	5.127360	-2.670500	0.906004	0.128662	0.375060	-1.000000	-1.000000	-1.000000	-1.000000	-1.000000	-1.000000	-1.000000	74.620690	0.000000	-1.000000	-1.000000	1460066.000000	1772660808.804364
-26668.935000	-45115.380000	2349.270000	1997.145000	6005.880000	5039.955000	2956.230000	1943.685000	3.337356	-2.605650	-11.744661	-11.628441	4.061359	-7.175681	-2.633815	-1.189683	-4.364360	5.127360	-2.670500	0.906004	0.128662	0.375060	-1.000000	-1.000000	-1.000000	-1.000000	-1.000000	-1.000000	-1.000000	74.620690	0.000000	-1.000000	-1.000000	1460067.000000	1772660808.808100
-26670.240000	-45096.480000	2375.460000	2030.670000	6032.520000	5053.680000	2949.570000	1949.040000	6.892332	-7.174964	-17.105929	-10.614455	-1.209025	-12.982143	-5.104002	-1.182777	-4.364360	5.127360	-2.670500	0.906004	0.128662	0.375060	-1.000000	-1.000000	-1.000000	-1.000000	-1.000000	-1.000000	-1.000000	74.620690	0.000000	-1.000000	-1.000000	1460068.000000	1772660808.808107
-26675.460000	-45088.650000	2396.655000	2059.920000	6055.380000	5062.410000	2919.555000	1922.985000	8.150812	-7.781421	-15.118101	-5.125757	-3.825263	-12.847560	-9.530820	-1.033638	-4.364360	5.127360	-2.670500	0.906004	0.128662	0.375060	-1.000000	-1.000000	-1.000000	-1.000000	-1.000000	-1.000000	-1.000000	74.620690	0.000000	-1.000000	-1.000000	1460069.000000	1772660808.817208
-26662.725000	-45096.120000	2382.255000	2039.895000	6037.830000	5062.905000	2955.645000	1920.780000	5.962563	-5.235385	-7.390286	3.040039	-2.264119	-6.508318	-11.671625	-1.955736	-4.364360	5.127360	-2.670500	0.906004	0.128662	0.375060	-1.000000	-1.000000	-1.000000	-1.000000	-1.000000	-1.000000	-1.000000	74.620690	0.000000	-1.000000	-1.000000	1460070.000000	1772660808.817217
-26661.330000	-45127.440000	2347.110000	1999.755000	5992.290000	5038.920000	2977.605000	1942.380000	2.614351	-2.646567	0.263744	7.485129	-0.795976	1.373627	-6.663434	-2.557193	-3.555580	4.410140	-2.594200	0.904966	0.128479	0.373839	-1.000000	-1.000000	-1.000000	-1.000000	-1.000000	-1.000000	-1.000000	74.620690	0.000000	-1.000000	-1.000000	1460071.000000	1772660808.817459
-26662.995000	-45124.470000	2348.775000	1998.630000	5982.615000	5046.885000	2991.960000	1954.845000	0.503244	-2.717660	2.633758	4.159480	-3.750852	5.527497	6.431875	0.129884	-3.555580	4.410140	-2.594200	0.904966	0.128479	0.373839	-1.000000	-1.000000	-1.000000	-1.000000	-1.000000	-1.000000	-1.000000	74.620690	0.000000	-1.000000	-1.000000	1460072.000000	1772660808.817467
-26648.685000	-45077.175000	2384.685000	2020.410000	6001.695000	5069.700000	2998.710000	1962.315000	-0.260146	-3.096391	1.890948	-1.809880	-7.705336	5.840483	20.008699	5.586447	-3.555580	4.410140	-2.594200	0.904966	0.128479	0.373839	-1.000000	-1.000000	-1.000000	-1.000000	-1.000000	-1.000000	-1.000000	74.620690	0.000000	-1.000000	-1.000000	1460073.000000	1772660808.820216
-26631.270000	-45064.080000	2403.585000	2038.995000	5999.670000	5059.845000	2986.065000	1963.395000	-1.036440	1.108768	4.465335	-1.942844	-5.227800	6.326511	23.963939	9.484175	-3.555580	4.410140	-2.594200	0.904966	0.128479	0.373839	-1.000000	-1.000000	-1.000000	-1.000000	-1.000000	-1.000000	-1.000000	74.620690	0.000000	-1.000000	-1.000000	1460074.000000	1772660808.820222
-26636.175000	-45080.145000	2390.805000	2036.205000	6002.505000	5048.370000	2969.730000	1966.770000	-2.394544	9.079596	11.170421	5.202029	4.647940	8.255112	15.536032	8.639520	-3.555580	4.410140	-2.594200	0.904966	0.128479	0.373839	-1.000000	-1.000000	-1.000000	-1.000000	-1.000000	-1.000000	-1.000000	74.620690	0.000000	-1.000000	-1.000000	1460075.000000	1772660808.824166
-26649.945000	-45087.345000	2380.770000	2014.515000	6021.405000	5054.220000	2963.385000	1953.135000	-3.569011	13.671111	15.184665	12.360646	14.834010	8.518908	0.446513	3.289296	-3.555580	4.410140	-2.594200	0.904966	0.128479	0.373839	-1.000000	-1.000000	-1.000000	-1.000000	-1.000000	-1.000000	-1.000000	74.620690	0.000000	-1.000000	-1.000000	1460076.000000	1772660808.824174
-26651.880000	-45083.295000	2387.160000	2025.990000	6055.290000	5082.930000	2969.865000	1950.930000	-3.934835	9.608950	10.209616	11.233126	18.088139	5.015920	-12.620486	-4.120438	-3.555580	4.410140	-2.594200	0.904966	0.128479	0.373839	-1.000000	-1.000000	-1.000000	-1.000000	-1.000000	-1.000000	-1.000000	74.620690	0.000000	-1.000000	-1.000000	1460077.000000	1772660808.828176
-26680.545000	-45106.515000	2367.180000	2025.270000	6046.470000	5070.285000	2972.925000	1938.870000	-3.997011	-1.358269	-2.603324	0.938799	12.725469	-0.733649	-17.681096	-10.102671	-3.555580	4.410140	-2.594200	0.904966	0.128479	0.373839	-1.000000	-1.000000	-1.000000	-1.000000	-1.000000	-1.000000	-1.000000	74.620690	0.000000	-1.000000	-1.000000	1460078.000000	1772660808.828182
-26685.540000	-45120.780000	2350.935000	2041.920000	6049.395000	5069.295000	2978.955000	1935.540000	-4.632730	-12.870664	-16.033989	-11.219344	1.987064	-6.230891	-14.410110	-11.836948	-3.555580	4.410140	-2.594200	0.904966	0.128479	0.373839	-1.000000	-1.000000	-1.000000	-1.000000	-1.000000	-1.000000	-1.000000	74.620690	0.000000	-1.000000	-1.000000	1460079.000000	1772660808.833363
-26706.645000	-45119.520000	2357.280000	2029.725000	6030.900000	5062.185000	2969.280000	1927.530000	-5.549910	-18.420166	-22.169751	-16.413464	-8.553564	-9.636744	-6.998757	-9.226262	-3.555580	4.410140	-2.594200	0.904966	0.128479	0.373839	-1.000000	-1.000000	-1.000000	-1.000000	-1.000000	-1.000000	-1.000000	74.620690	0.000000	-1.000000	-1.000000	1460080.000000	1772660808.833372
-26692.740000	-45097.965000	2380.410000	2046.195000	6050.340000	5080.680000	2989.395000	1946.430000	-5.135788	-14.712895	-17.009049	-11.534779	-13.958930	-9.717694	-0.315470	-4.305462	-3.586100	2.823100	-1.464960	0.905088	0.129638	0.372619	-1.000000	-1.000000	-1.000000	-1.000000	-1.000000	-1.000000	-1.000000	74.620690	0.000000	-1.000000	-1.000000	1460081.000000	1772660808.838756
-26640.855000	-45084.240000	2387.205000	2046.780000	6048.450000	5074.335000	2976.120000	1954.755000	-1.663257	-3.887622	-3.302266	-0.808989	-12.587914	-6.425029	3.195080	1.145511	-3.586100	2.823100	-1.464960	0.905088	0.129638	0.372619	-1.000000	-1.000000	-1.000000	-1.000000	-1.000000	-1.000000	-1.000000	74.620690	0.000000	-1.000000	-1.000000	1460082.000000	1772660808.838764
-26630.100000	-45086.580000	2383.605000	2039.445000	6031.170000	5062.365000	2960.370000	1952.685000	5.151372	7.904093	10.952219	8.372543	-6.799278	-1.250913	3.838584	5.988656	-3.586100	2.823100	-1.464960	0.905088	0.129638	0.372619	-1.000000	-1.000000	-1.000000	-1.000000	-1.000000	-1.000000	-1.000000	74.620690	0.000000	-1.000000	-1.000000	1460083.000000	1772660808.840153
-26645.940000	-45107.055000	2373.930000	2029.680000	6009.030000	5055.795000	2987.100000	1969.560000	12.491939	14.786174	18.287804	10.876464	-1.517012	3.322538	3.634737	9.051759	-3.586100	2.823100	-1.464960	0.905088	0.129638	0.372619	-1.000000	-1.000000	-1.000000	-1.000000	-1.000000	-1.000000	-1.000000	74.620690	0.000000	-1.000000	-1.000000	1460084.000000	1772660808.840158
-26651.565000	-45117.900000	2369.025000	2024.775000	6009.345000	5064.390000	3015.180000	1975.050000	15.578653	13.908199	16.074938	6.542335	-0.740834	5.140329	5.104799	9.814244	-3.586100	2.823100	-1.464960	0.905088	0.129638	0.372619	-1.000000	-1.000000	-1.000000	-1.000000	-1.000000	-1.000000	-1.000000	74.620690	0.000000	-1.000000	-1.000000	1460085.000000	1772660808.844238
-26661.645000	-45086.310000	2408.985000	2049.840000	6047.010000	5076.945000	2981.250000	1956.960000	11.789937	6.935388	7.304663	-0.838016	-3.650691	3.872187	8.019848	8.264910	-3.586100	2.823100	-1.464960	0.905088	0.129638	0.372619	-1.000000	-1.000000	-1.000000	-1.000000	-1.000000	-1.000000	-1.000000	74.620690	0.000000	-1.000000	-1.000000	1460086.000000	1772660808.844245
-26671.815000	-45072.855000	2422.845000	2067.165000	6075.405000	5087.340000	2941.020000	1922.355000	2.909913	-0.147643	-1.105707	-6.148615	-4.611948	1.525541	7.675908	3.868658	-3.586100	2.823100	-1.464960	0.905088	0.129638	0.372619	-1.000000	-1.000000	-1.000000	-1.000000	-1.000000	-1.000000	-1.000000	74.620690	0.000000	-1.000000	-1.000000	1460087.000000	1772660808.848327
-26687.520000	-45130.230000	2346.480000	1997.730000	6019.245000	5068.530000	2979.315000	1931.895000	-6.657884	-2.996411	-4.854173	-7.048661	0.024883	0.400327	1.082536	-3.033231	-3.586100	2.823100	-1.464960	0.905088	0.129638	0.372619	-1.000000	-1.000000	-1.000000	-1.000000	-1.000000	-1.000000	-1.000000	74.620690	0.000000	-1.000000	-1.000000	1460088.000000	1772660808.848334
-26684.775000	-45145.710000	2320.650000	1986.840000	5998.140000	5058.630000	3008.610000	1945.440000	-12.792044	-3.826193	-6.915750	-5.970505	6.495801	0.292847	-6.998316	-9.254072	-3.586100	2.823100	-1.464960	0.905088	0.129638	0.372619	-1.000000	-1.000000	-1.000000	-1.000000	-1.000000	-1.000000	-1.000000	74.620690	0.000000	-1.000000	-1.000000	1460089.000000	1772660808.852289
-26658.495000	-45096.930000	2376.135000	2042.550000	6038.955000	5060.970000	2986.650000	1966.455000	-13.471341	-5.869892	-10.363910	-4.708922	9.260231	-0.524643	-10.006910	-10.870819	-3.586100	2.823100	-1.464960	0.905088	0.129638	0.372619	-1.000000	-1.000000	-1.000000	-1.000000	-1.000000	-1.000000	-1.000000	74.620690	0.000000	-1.000000	-1.000000	1460090.000000	1772660808.852295
-26657.955000	-45052.695000	2428.740000	2087.100000	6081.165000	5080.680000	2965.950000	1949.670000	-9.765461	-6.823214	-11.038961	-0.529727	8.834608	-1.715567	-7.490072	-7.205327	-2.960440	2.685760	-1.587040	0.904234	0.131347	0.375060	-1.000000	-1.000000	-1.000000	-1.000000	-1.000000	-1.000000	-1.000000	74.620690	0.000000	-1.000000	-1.000000	1460091.000000	1772660808.856326
-26639.595000	-45078.030000	2404.305000	2070.945000	6074.235000	5082.840000	2956.635000	1947.060000	-4.199435	-3.042667	-4.200079	7.944317	8.995944	-0.871321	-3.045345	-1.394649	-2.960440	2.685760	-1.587040	0.904234	0.131347	0.375060	-1.000000	-1.000000	-1.000000	-1.000000	-1.000000	-1.000000	-1.000000	74.620690	0.000000	-1.000000	-1.000000	1460092.000000	1772660808.856333
-26628.570000	-45096.390000	2387.340000	2050.920000	6025.545000	5053.590000	2947.770000	1960.515000	2.167160	3.509300	6.499472	15.484642	8.938858	1.983110	0.055791	2.916619	-2.960440	2.685760	-1.587040	0.904234	0.131347	0.375060	-1.000000	-1.000000	-1.000000	-1.000000	-1.000000	-1.000000	-1.000000	74.620690	0.000000	-1.000000	-1.000000	1460093.000000	1772660808.860152
-26652.915000	-45090.270000	2390.850000	2011.140000	5971.365000	5050.665000	2977.425000	1968.030000	8.341821	7.254733	12.588805	14.537827	3.068309	3.071627	0.877059	4.788889	-2.960440	2.685760	-1.587040	0.904234	0.131347	0.375060	-1.000000	-1.000000	-1.000000	-1.000000	-1.000000	-1.000000	-1.000000	74.620690	0.000000	-1.000000	-1.000000	1460094.000000	1772660808.860159
-26672.355000	-45107.595000	2377.260000	1967.220000	5933.295000	5037.210000	2989.620000	1961.865000	11.206383	5.065603	9.546913	2.286342	-11.245260	-0.167582	2.103703	5.581781	-2.960440	2.685760	-1.587040	0.904234	0.131347	0.375060	-1.000000	-1.000000	-1.000000	-1.000000	-1.000000	-1.000000	-1.000000	74.620690	0.000000	-1.000000	-1.000000	1460095.000000	1772660808.866225
-26664.390000	-45111.825000	2369.025000	1957.815000	5940.855000	5035.950000	3014.145000	1950.975000	8.755484	-1.422312	0.111357	-15.649068	-27.227621	-5.579999	6.564051	6.158424	-2.960440	2.685760	-1.587040	0.904234	0.131347	0.375060	-1.000000	-1.000000	-1.000000	-1.000000	-1.000000	-1.000000	-1.000000	74.620690	0.000000	-1.000000	-1.000000	1460096.000000	1772660808.866234
-26648.820000	-45094.680000	2369.070000	1986.750000	6015.600000	5061.330000	3010.995000	1956.600000	3.403842	-6.468042	-7.719013	-26.435041	-30.711604	-8.026357	11.735109	5.467275	-2.960440	2.685760	-1.587040	0.904234	0.131347	0.375060	-1.000000	-1.000000	-1.000000	-1.000000	-1.000000	-1.000000	-1.000000	74.620690	0.000000	-1.000000	-1.000000	1460097.000000	1772660808.868334
-26641.530000	-45083.835000	2378.340000	2022.570000	6067.035000	5074.335000	2943.720000	1949.670000	-0.951448	-5.231974	-7.801657	-20.015552	-12.604246	-3.869785	10.733401	1.991214	-2.960440	2.685760	-1.587040	0.904234	0.131347	0.375060	-1.000000	-1.000000	-1.000000	-1.000000	-1.000000	-1.000000	-1.000000	74.620690	0.000000	-1.000000	-1.000000	1460098.000000	1772660808.868342
-26645.400000	-45066.240000	2417.130000	2085.210000	6071.310000	5069.070000	2961.405000	1970.685000	-3.576000	0.254179	-1.939914	0.510043	18.470798	4.824982	0.713929	-3.609612	-2.960440	2.685760	-1.587040	0.904234	0.131347	0.375060	-1.000000	-1.000000	-1.000000	-1.000000	-1.000000	-1.000000	-1.000000	74.620690	0.000000	-1.000000	-1.000000	1460099.000000	1772660808.872332
-26683.380000	-45104.580000	2390.355000	2110.545000	6113.655000	5098.455000	2976.435000	1965.015000	-6.447741	3.530798	3.394077	22.255655	41.914281	11.932679	-11.197473	-7.840919	-2.960440	2.685760	-1.587040	0.904234	0.131347	0.375060	-1.000000	-1.000000	-1.000000	-1.000000	-1.000000	-1.000000	-1.000000	74.620690	0.000000	-1.000000	-1.000000	1460100.000000	1772660808.872339
-26685.270000	-45119.745000	2372.040000	2073.915000	6075.990000	5080.185000	2968.605000	1927.710000	-10.331341	1.384522	4.046911	33.021070	43.794291	13.236500	-15.242581	-8.342368	-2.762060	1.648080	-2.548420	0.906187	0.128662	0.373351	-1.000000	-1.000000	-1.000000	-1.000000	-1.000000	-1.000000	-1.000000	74.620690	0.000000	-1.000000	-1.000000	1460101.000000	1772660808.876452
-26651.565000	-45105.615000	2373.660000	2055.150000	6017.625000	5055.030000	2977.650000	1935.180000	-12.168065	-3.166118	0.800833	27.296105	24.516812	8.252270	-9.785585	-6.680452	-2.762060	1.648080	-2.548420	0.906187	0.128662	0.373351	-1.000000	-1.000000	-1.000000	-1.000000	-1.000000	-1.000000	-1.000000	74.620690	0.000000	-1.000000	-1.000000	1460102.000000	1772660808.876459
-26637.705000	-45097.380000	2383.605000	2043.585000	6003.585000	5064.750000	2992.455000	1954.395000	-7.108959	-4.919905	-2.739306	8.673458	-5.446785	-0.893971	-0.339989	-4.201667	-2.762060	1.648080	-2.548420	0.906187	0.128662	0.373351	-1.000000	-1.000000	-1.000000	-1.000000	-1.000000	-1.000000	-1.000000	74.620690	0.000000	-1.000000	-1.000000	1460103.000000	1772660808.880202
-26644.680000	-45085.365000	2398.410000	2025.810000	6017.085000	5071.635000	2970.585000	1958.220000	4.951727	-1.681122	-3.343203	-12.362554	-31.040662	-9.506111	6.918427	0.372783	-2.762060	1.648080	-2.548420	0.906187	0.128662	0.373351	-1.000000	-1.000000	-1.000000	-1.000000	-1.000000	-1.000000	-1.000000	74.620690	0.000000	-1.000000	-1.000000	1460104.000000	1772660808.880208
-26651.970000	-45081.675000	2399.535000	2022.120000	6037.605000	5059.800000	2960.730000	1953.495000	16.714858	4.797538	0.204464	-25.646025	-40.198488	-13.057321	7.931863	6.825732	-2.762060	1.648080	-2.548420	0.906187	0.128662	0.373351	-1.000000	-1.000000	-1.000000	-1.000000	-1.000000	-1.000000	-1.000000	74.620690	0.000000	-1.000000	-1.000000	1460105.000000	1772660808.884260
-26637.750000	-45088.515000	2381.445000	2032.380000	6067.440000	5081.400000	2975.985000	1966.320000	19.926732	10.171016	5.708083	-27.015263	-31.262489	-10.910638	3.145471	11.628164	-2.762060	1.648080	-2.548420	0.906187	0.128662	0.373351	-1.000000	-1.000000	-1.000000	-1.000000	-1.000000	-1.000000	-1.000000	74.620690	0.000000	-1.000000	-1.000000	1460106.000000	1772660808.884268
-26652.015000	-45094.635000	2376.855000	2058.210000	6074.865000	5086.260000	2972.970000	1946.070000	12.509116	9.669362	7.774239	-19.065123	-12.510230	-5.262355	-1.649028	11.215487	-2.762060	1.648080	-2.548420	0.906187	0.128662	0.373351	-1.000000	-1.000000	-1.000000	-1.000000	-1.000000	-1.000000	-1.000000	74.620690	0.000000	-1.000000	-1.000000	1460107.000000	1772660808.888394
-26682.705000	-45095.850000	2393.775000	2076.660000	6070.680000	5086.575000	2979.090000	1931.760000	-1.294454	2.182182	2.984545	-7.880408	5.000573	1.094897	-1.656668	4.723780	-2.762060	1.648080	-2.548420	0.906187	0.128662	0.373351	-1.000000	-1.000000	-1.000000	-1.000000	-1.000000	-1.000000	-1.000000	74.620690	0.000000	-1.000000	-1.000000	1460108.000000	1772660808.888401
-26680.095000	-45109.395000	2366.685000	2030.580000	6026.445000	5062.410000	3002.535000	1950.570000	-14.127985	-7.344944	-5.332198	1.280169	13.599481	4.996154	2.086255	-4.483345	-2.762060	1.648080	-2.548420	0.906187	0.128662	0.373351	-1.000000	-1.000000	-1.000000	-1.000000	-1.000000	-1.000000	-1.000000	74.620690	0.000000	-1.000000	-1.000000	1460109.000000	1772660808.893871
-26663.310000	-45114.570000	2354.130000	2011.005000	6015.060000	5059.710000	3028.005000	1981.395000	-19.209886	-12.145296	-10.714484	6.288872	12.547328	4.855056	6.260563	-9.584698	-2.762060	1.648080	-2.548420	0.906187	0.128662	0.373351	-1.000000	-1.000000	-1.000000	-1.000000	-1.000000	-1.000000	-1.000000	74.620690	0.000000	-1.000000	-1.000000	1460110.000000	1772660808.893879
-26655.390000	-45089.190000	2387.430000	2050.245000	6052.995000	5070.600000	2985.570000	1960.830000	-14.555599	-9.756971	-9.763839	8.857445	8.625390	2.757937	7.654656	-6.951882	-4.089680	1.800680	-3.189340	0.907224	0.129272	0.372741	-1.000000	-1.000000	-1.000000	-1.000000	-1.000000	-1.000000	-1.000000	74.620690	0.000000	-1.000000	-1.000000	1460111.000000	1772660808.896360
-26653.365000	-45079.065000	2406.015000	2065.680000	6051.195000	5066.595000	2923.695000	1927.845000	-3.777694	-2.418720	-3.008153	12.560066	9.013655	1.649767	2.566002	-1.043935	-4.089680	1.800680	-3.189340	0.907224	0.129272	0.372741	-1.000000	-1.000000	-1.000000	-1.000000	-1.000000	-1.000000	-1.000000	74.620690	0.000000	-1.000000	-1.000000	1460112.000000	1772660808.896368
-26701.875000	-45112.095000	2386.440000	2047.185000	6002.730000	5049.720000	2957.355000	1936.935000	6.631404	5.176589	5.821766	17.506803	12.025492	1.652921	-8.469428	1.532172	-4.089680	1.800680	-3.189340	0.907224	0.129272	0.372741	-1.000000	-1.000000	-1.000000	-1.000000	-1.000000	-1.000000	-1.000000	74.620690	0.000000	-1.000000	-1.000000	1460113.000000	1772660808.900352
-26685.540000	-45114.300000	2369.970000	2019.645000	6005.385000	5051.610000	2993.805000	1954.170000	10.970460	8.131095	11.164930	18.427941	9.580517	1.095773	-16.969037	0.072804	-4.089680	1.800680	-3.189340	0.907224	0.129272	0.372741	-1.000000	-1.000000	-1.000000	-1.000000	-1.000000	-1.000000	-1.000000	74.620690	0.000000	-1.000000	-1.000000	1460114.000000	1772660808.900360
-26608.005000	-45070.290000	2413.845000	2038.320000	6052.005000	5085.270000	3031.785000	1994.175000	9.380881	5.774368	10.428010	10.486568	-0.768394	-0.321593	-13.972372	-1.105594	-4.089680	1.800680	-3.189340	0.907224	0.129272	0.372741	-1.000000	-1.000000	-1.000000	-1.000000	-1.000000	-1.000000	-1.000000	74.620690	0.000000	-1.000000	-1.000000	1460115.000000	1772660808.904374
-26629.020000	-45061.245000	2419.740000	2036.880000	6063.570000	5084.910000	3008.160000	1958.805000	7.321061	2.352285	5.969512	-4.591768	-11.766589	-0.998597	-0.147220	0.963528	-4.089680	1.800680	-3.189340	0.907224	0.129272	0.372741	-1.000000	-1.000000	-1.000000	-1.000000	-1.000000	-1.000000	-1.000000	74.620690	0.000000	-1.000000	-1.000000	1460116.000000	1772660808.904381
-26655.705000	-45095.130000	2363.310000	2000.025000	6038.370000	5057.640000	2961.135000	1937.745000	7.129879	0.917822	0.281878	-19.708748	-15.457361	-0.387462	13.449460	3.993045	-4.089680	1.800680	-3.189340	0.907224	0.129272	0.372741	-1.000000	-1.000000	-1.000000	-1.000000	-1.000000	-1.000000	-1.000000	74.620690	0.000000	-1.000000	-1.000000	1460117.000000	1772660808.908427
-26636.445000	-45114.210000	2345.985000	2023.695000	6018.975000	5035.275000	2940.435000	1952.055000	5.728785	0.202997	-6.149523	-26.555638	-10.685891	-0.148607	15.093615	3.730625	-4.089680	1.800680	-3.189340	0.907224	0.129272	0.372741	-1.000000	-1.000000	-1.000000	-1.000000	-1.000000	-1.000000	-1.000000	74.620690	0.000000	-1.000000	-1.000000	1460118.000000	1772660808.908434
-26621.955000	-45081.180000	2389.410000	2038.635000	6012.495000	5032.395000	2950.020000	1958.355000	0.994377	-1.447756	-11.014149	-19.761978	-1.530179	-1.307694	3.842045	-0.158238	-4.089680	1.800680	-3.189340	0.907224	0.129272	0.372741	-1.000000	-1.000000	-1.000000	-1.000000	-1.000000	-1.000000	-1.000000	74.620690	0.000000	-1.000000	-1.000000	1460119.000000	1772660808.912357
-26643.780000	-45087.165000	2381.895000	2029.860000	6024.105000	5043.465000	2959.200000	1952.685000	-5.643327	-3.357978	-10.839012	-2.695720	6.549853	-2.753324	-9.323206	-4.005364	-4.089680	1.800680	-3.189340	0.907224	0.129272	0.372741	-1.000000	-1.000000	-1.000000	-1.000000	-1.000000	-1.000000	-1.000000	74.620690	0.000000	-1.000000	-1.000000	1460120.000000	1772660808.912364
-26671.005000	-45125.145000	2346.255000	2025.180000	6033.510000	5054.310000	2972.250000	1947.870000	-11.584908	-4.792523	-6.364158	13.726494	10.241068	-2.430548	-12.271515	-4.411127	-4.089680	4.501700	-3.204600	0.910154	0.127136	0.370910	-1.000000	-1.000000	-1.000000	-1.000000	-1.000000	-1.000000	-1.000000	74.620690	0.000000	-1.000000	-1.000000	1460121.000000	1772660808.916446
-26666.370000	-45115.065000	2364.930000	2048.130000	6052.950000	5062.770000	2964.555000	1945.710000	-14.062804	-5.596978	-1.161648	21.336529	10.293665	0.827891	-3.686646	-1.547401	-4.089680	4.501700	-3.204600	0.910154	0.127136	0.370910	-1.000000	-1.000000	-1.000000	-1.000000	-1.000000	-1.000000	-1.000000	74.620690	0.000000	-1.000000	-1.000000	1460122.000000	1772660808.916454
-26652.645000	-45093.960000	2385.450000	2050.650000	6059.295000	5074.380000	2980.800000	1960.920000	-11.532647	-4.499844	3.689098	19.697132	8.228939	5.432619	7.057868	1.406820	-4.089680	4.501700	-3.204600	0.910154	0.127136	0.370910	-1.000000	-1.000000	-1.000000	-1.000000	-1.000000	-1.000000	-1.000000	74.620690	0.000000	-1.000000	-1.000000	1460123.000000	1772660808.920346
-26647.200000	-45091.575000	2381.580000	2041.605000	6052.410000	5071.275000	2982.060000	1965.960000	-5.803599	-1.062718	7.820145	11.391630	3.120976	7.529136	11.223494	2.138028	-4.089680	4.501700	-3.204600	0.910154	0.127136	0.370910	-1.000000	-1.000000	-1.000000	-1.000000	-1.000000	-1.000000	-1.000000	74.620690	0.000000	-1.000000	-1.000000	1460124.000000	1772660808.920354
-26648.955000	-45094.725000	2376.495000	2034.810000	6050.700000	5072.445000	2984.535000	1962.315000	0.600730	2.807554	9.094981	-0.777133	-5.161570	4.918070	8.217202	1.628924	-4.089680	4.501700	-3.204600	0.910154	0.127136	0.370910	-1.000000	-1.000000	-1.000000	-1.000000	-1.000000	-1.000000	-1.000000	74.620690	0.000000	-1.000000	-1.000000	1460125.000000	1772660808.924297
-26649.540000	-45097.515000	2372.355000	2029.635000	6027.030000	5056.290000	2985.075000	1960.290000	6.939819	5.761785	7.398558	-11.794793	-12.507910	-0.329140	3.011485	1.853952	-4.089680	4.501700	-3.204600	0.910154	0.127136	0.370910	-1.000000	-1.000000	-1.000000	-1.000000	-1.000000	-1.000000	-1.000000	74.620690	0.000000	-1.000000	-1.000000	1460126.000000	1772660808.924303
-26659.980000	-45103.275000	2366.640000	2025.540000	6025.815000	5050.845000	2982.555000	1954.935000	11.360432	7.538865	4.870957	-16.541769	-13.856164	-4.388394	-0.393911	2.275805	-4.089680	4.501700	-3.204600	0.910154	0.127136	0.370910	-1.000000	-1.000000	-1.000000	-1.000000	-1.000000	-1.000000	-1.000000	74.620690	0.000000	-1.000000	-1.000000	1460127.000000	1772660808.928341
-26647.875000	-45085.140000	2390.625000	2033.370000	6037.470000	5064.165000	2978.235000	1963.080000	11.020316	6.916133	1.825222	-14.194530	-8.209175	-5.368088	-1.988568	1.167134	-4.089680	4.501700	-3.204600	0.910154	0.127136	0.370910	-1.000000	-1.000000	-1.000000	-1.000000	-1.000000	-1.000000	-1.000000	74.620690	0.000000	-1.000000	-1.000000	1460128.000000	1772660808.928349
-26648.505000	-45087.705000	2390.580000	2031.210000	6036.120000	5064.390000	2965.140000	1959.885000	6.703771	3.509503	-1.876575	-7.330875	0.768109	-3.875320	-3.424843	-0.904546	-4.089680	4.501700	-3.204600	0.910154	0.127136	0.370910	-1.000000	-1.000000	-1.000000	-1.000000	-1.000000	-1.000000	-1.000000	74.620690	0.000000	-1.000000	-1.000000	1460129.000000	1772660808.932162
-26654.715000	-45078.255000	2393.910000	2024.685000	6027.570000	5058.810000	2963.745000	1951.020000	2.399847	-0.190783	-4.323728	0.687353	7.749103	-1.756661	-5.412278	-2.130334	-4.089680	4.501700	-3.204600	0.910154	0.127136	0.370910	-1.000000	-1.000000	-1.000000	-1.000000	-1.000000	-1.000000	-1.000000	74.620690	0.000000	-1.000000	-1.000000	1460130.000000	1772660808.932170
-26661.195000	-45071.280000	2401.155000	2027.160000	6024.960000	5057.955000	2963.475000	1929.555000	-0.016555	-1.833489	-4.256605	6.479508	9.066874	-0.741652	-7.392882	-2.646186	-3.738700	4.898460	-3.341940	0.912168	0.124939	0.370482	-1.000000	-1.000000	-1.000000	-1.000000	-1.000000	-1.000000	-1.000000	74.551724	0.000000	-1.000000	-1.000000	1460131.000000	1772660808.936332
-26664.840000	-45067.815000	2413.350000	2018.250000	6039.810000	5077.215000	2973.105000	1924.470000	-2.385711	-2.269316	-3.038445	7.890780	4.796883	-1.137074	-8.033265	-4.059498	-3.738700	4.898460	-3.341940	0.912168	0.124939	0.370482	-1.000000	-1.000000	-1.000000	-1.000000	-1.000000	-1.000000	-1.000000	74.551724	0.000000	-1.000000	-1.000000	1460132.000000	1772660808.936340
-26650.530000	-45091.170000	2393.640000	1995.300000	5978.745000	5038.830000	2981.610000	1956.060000	-5.800355	-3.770924	-2.618678	5.035114	-2.023653	-2.006145	-5.904438	-5.628787	-3.738700	4.898460	-3.341940	0.912168	0.124939	0.370482	-1.000000	-1.000000	-1.000000	-1.000000	-1.000000	-1.000000	-1.000000	74.551724	0.000000	-1.000000	-1.000000	1460133.000000	1772660808.940306
-26658.000000	-45123.300000	2359.440000	2050.965000	6027.075000	5050.845000	2975.310000	1949.355000	-7.800988	-6.892846	-3.637523	0.973524	-7.369086	-2.416586	-0.664724	-3.918897	-3.738700	4.898460	-3.341940	0.912168	0.124939	0.370482	-1.000000	-1.000000	-1.000000	-1.000000	-1.000000	-1.000000	-1.000000	74.551724	0.000000	-1.000000	-1.000000	1460134.000000	1772660808.940313
-26676.810000	-45115.695000	2356.380000	2040.120000	6044.670000	5060.475000	2994.840000	1938.105000	-6.420246	-9.619291	-5.204743	0.262403	-6.420709	-0.967268	5.968536	1.613927	-3.738700	4.898460	-3.341940	0.912168	0.124939	0.370482	-1.000000	-1.000000	-1.000000	-1.000000	-1.000000	-1.000000	-1.000000	74.551724	0.000000	-1.000000	-1.000000	1460135.000000	1772660808.944355
-26679.285000	-45128.070000	2342.520000	2006.505000	6013.620000	5045.445000	3023.280000	1959.660000	-3.205482	-9.209873	-5.867668	2.897906	1.783964	2.947026	11.473925	7.167130	-3.738700	4.898460	-3.341940	0.912168	0.124939	0.370482	-1.000000	-1.000000	-1.000000	-1.000000	-1.000000	-1.000000	-1.000000	74.551724	0.000000	-1.000000	-1.000000	1460136.000000	1772660808.944362
-26666.910000	-45118.755000	2354.670000	2016.540000	6039.675000	5065.920000	2990.025000	1958.895000	-0.188250	-5.064450	-4.898658	3.900520	10.583085	6.793577	13.667564	9.572770	-3.738700	4.898460	-3.341940	0.912168	0.124939	0.370482	-1.000000	-1.000000	-1.000000	-1.000000	-1.000000	-1.000000	-1.000000	74.551724	0.000000	-1.000000	-1.000000	1460137.000000	1772660808.948321
-26685.090000	-45098.820000	2380.500000	2035.530000	6046.380000	5069.250000	2986.155000	1946.610000	2.367411	1.659270	-1.474022	1.368407	13.306853	7.769972	10.493490	8.181828	-3.738700	4.898460	-3.341940	0.912168	0.124939	0.370482	-1.000000	-1.000000	-1.000000	-1.000000	-1.000000	-1.000000	-1.000000	74.551724	0.000000	-1.000000	-1.000000	1460138.000000	1772660808.948329
-26657.640000	-45089.730000	2392.245000	2058.480000	6055.785000	5067.630000	3002.715000	1968.570000	4.769903	9.300038	5.015268	-1.378589	9.512917	5.676325	2.326556	4.061947	-3.738700	4.898460	-3.341940	0.912168	0.124939	0.370482	-1.000000	-1.000000	-1.000000	-1.000000	-1.000000	-1.000000	-1.000000	74.551724	0.000000	-1.000000	-1.000000	1460139.000000	1772660808.954766
-26652.510000	-45094.860000	2388.555000	2061.270000	6068.295000	5070.330000	2955.555000	1959.255000	6.889875	14.538305	11.852972	-1.465098	2.213528	1.509836	-7.325280	-0.325461	-3.738700	4.898460	-3.341940	0.912168	0.124939	0.370482	-1.000000	-1.000000	-1.000000	-1.000000	-1.000000	-1.000000	-1.000000	74.551724	0.000000	-1.000000	-1.000000	1460140.000000	1772660808.954771
-26675.415000	-45116.325000	2358.270000	2022.210000	6030.360000	5044.365000	2941.335000	1928.880000	7.344861	13.635140	13.712940	-0.037934	-5.495668	-3.643867	-15.380822	-3.832223	-3.296160	3.128300	-3.570840	0.910093	0.125549	0.372741	-1.000000	-1.000000	-1.000000	-1.000000	-1.000000	-1.000000	-1.000000	74.551724	0.000000	-1.000000	-1.000000	1460141.000000	1772660808.956409
-26664.480000	-45107.865000	2368.395000	2031.840000	6038.460000	5053.410000	2955.510000	1929.195000	4.384093	6.791305	8.584872	-0.274460	-11.100069	-7.849298	-19.181719	-7.498558	-3.296160	3.128300	-3.570840	0.910093	0.125549	0.372741	-1.000000	-1.000000	-1.000000	-1.000000	-1.000000	-1.000000	-1.000000	74.551724	0.000000	-1.000000	-1.000000	1460142.000000	1772660808.956416
-26647.830000	-45098.145000	2374.380000	2035.395000	6040.575000	5058.270000	2970.720000	1952.730000	-0.645459	-0.923701	0.877183	-3.245908	-12.846862	-8.547669	-15.388443	-10.312488	-3.296160	3.128300	-3.570840	0.910093	0.125549	0.372741	-1.000000	-1.000000	-1.000000	-1.000000	-1.000000	-1.000000	-1.000000	74.551724	0.000000	-1.000000	-1.000000	1460143.000000	1772660808.964375
-26693.415000	-45124.245000	2344.455000	1999.260000	6013.170000	5047.020000	2997.675000	1929.285000	-4.412721	-5.127549	-4.130863	-6.953108	-10.791927	-5.136667	-3.888147	-9.159790	-3.296160	3.128300	-3.570840	0.910093	0.125549	0.372741	-1.000000	-1.000000	-1.000000	-1.000000	-1.000000	-1.000000	-1.000000	74.551724	0.000000	-1.000000	-1.000000	1460144.000000	1772660808.964382
-26690.670000	-45131.445000	2344.050000	1994.580000	6010.065000	5047.830000	3001.815000	1926.360000	-6.258645	-6.406578	-6.088379	-8.649544	-6.590222	-0.052293	10.202198	-4.274137	-3.296160	3.128300	-3.570840	0.910093	0.125549	0.372741	-1.000000	-1.000000	-1.000000	-1.000000	-1.000000	-1.000000	-1.000000	74.551724	0.000000	-1.000000	-1.000000	1460145.000000	1772660808.964504
-26693.955000	-45112.365000	2380.410000	2051.055000	6029.460000	5067.045000	3000.330000	1927.125000	-7.015147	-6.870231	-6.559876	-6.175484	-1.716809	3.746589	20.330635	1.105341	-3.296160	3.128300	-3.570840	0.910093	0.125549	0.372741	-1.000000	-1.000000	-1.000000	-1.000000	-1.000000	-1.000000	-1.000000	74.551724	0.000000	-1.000000	-1.000000	1460146.000000	1772660808.964509
-26637.570000	-45069.930000	2416.185000	2084.445000	6054.075000	5088.285000	3011.760000	1962.945000	-5.307333	-5.975984	-4.949829	1.313802	3.458569	5.489597	22.335888	5.539989	-3.296160	3.128300	-3.570840	0.910093	0.125549	0.372741	-1.000000	-1.000000	-1.000000	-1.000000	-1.000000	-1.000000	-1.000000	74.551724	0.000000	-1.000000	-1.000000	1460147.000000	1772660808.970003
-26619.930000	-45078.795000	2397.060000	2030.985000	6017.895000	5047.020000	2934.630000	1956.735000	0.520113	-2.459869	-1.038378	10.162331	7.956869	5.460485	14.850619	9.153541	-3.296160	3.128300	-3.570840	0.910093	0.125549	0.372741	-1.000000	-1.000000	-1.000000	-1.000000	-1.000000	-1.000000	-1.000000	74.551724	0.000000	-1.000000	-1.000000	1460148.000000	1772660808.970011
-26635.590000	-45079.380000	2395.710000	2013.705000	6025.410000	5048.730000	2947.635000	1952.730000	7.966690	2.235218	2.558194	13.063662	9.227492	2.926769	0.160731	10.856281	-3.296160	3.128300	-3.570840	0.910093	0.125549	0.372741	-1.000000	-1.000000	-1.000000	-1.000000	-1.000000	-1.000000	-1.000000	74.551724	0.000000	-1.000000	-1.000000	1460149.000000	1772660808.972442
-26646.300000	-45076.680000	2387.205000	2015.820000	6023.475000	5051.520000	2962.890000	1949.940000	11.449833	5.399263	3.501566	7.584631	7.035223	-1.277605	-14.018569	9.213924	-3.296160	3.128300	-3.570840	0.910093	0.125549	0.372741	-1.000000	-1.000000	-1.000000	-1.000000	-1.000000	-1.000000	-1.000000	74.551724	0.000000	-1.000000	-1.000000	1460150.000000	1772660808.972449
-26663.985000	-45096.345000	2371.230000	2041.830000	6035.085000	5068.665000	2971.755000	1942.650000	7.553198	5.560793	1.863253	-1.028742	4.144269	-3.790548	-19.369519	4.187360	-2.517900	4.822160	-2.563680	0.911436	0.126892	0.369994	-1.000000	-1.000000	-1.000000	-1.000000	-1.000000	-1.000000	-1.000000	74.551724	0.000000	-1.000000	-1.000000	1460151.000000	1772660808.976430
-26663.355000	-45091.170000	2381.445000	2029.905000	6032.520000	5081.130000	2985.615000	1945.980000	-1.843914	2.564457	-1.007172	-6.451601	2.137302	-2.598816	-14.449168	-2.786550	-2.517900	4.822160	-2.563680	0.911436	0.126892	0.369994	-1.000000	-1.000000	-1.000000	-1.000000	-1.000000	-1.000000	-1.000000	74.551724	0.000000	-1.000000	-1.000000	1460152.000000	1772660808.976439
-26666.595000	-45072.540000	2399.355000	2006.415000	6022.890000	5059.170000	2980.845000	1940.895000	-10.349043	-1.442248	-2.558165	-6.331314	0.938252	0.993095	-4.556770	-8.782696	-2.517900	4.822160	-2.563680	0.911436	0.126892	0.369994	-1.000000	-1.000000	-1.000000	-1.000000	-1.000000	-1.000000	-1.000000	74.551724	0.000000	-1.000000	-1.000000	1460153.000000	1772660808.980354
-26631.855000	-45067.590000	2401.515000	2023.605000	6043.500000	5046.030000	2961.540000	1943.910000	-11.870125	-3.084595	-1.038458	-2.728554	0.114860	3.234423	3.716561	-10.843653	-2.517900	4.822160	-2.563680	0.911436	0.126892	0.369994	-1.000000	-1.000000	-1.000000	-1.000000	-1.000000	-1.000000	-1.000000	74.551724	0.000000	-1.000000	-1.000000	1460154.000000	1772660808.980362
-26631.135000	-45123.705000	2330.280000	1984.050000	6036.885000	5050.305000	2962.800000	1959.660000	-5.722142	-2.961788	0.277389	-0.467069	-1.235797	1.080073	6.830793	-8.270228	-2.517900	4.822160	-2.563680	0.911436	0.126892	0.369994	-1.000000	-1.000000	-1.000000	-1.000000	-1.000000	-1.000000	-1.000000	74.551724	0.000000	-1.000000	-1.000000	1460155.000000	1772660808.984443
-26644.185000	-45108.405000	2355.480000	2027.160000	6041.970000	5055.660000	2968.020000	1947.375000	2.322145	-5.134067	-3.505862	-2.396790	-3.695207	-4.007642	5.721259	-3.228609	-2.517900	4.822160	-2.563680	0.911436	0.126892	0.369994	-1.000000	-1.000000	-1.000000	-1.000000	-1.000000	-1.000000	-1.000000	74.551724	0.000000	-1.000000	-1.000000	1460156.000000	1772660808.984450
-26650.530000	-45091.170000	2392.650000	2058.030000	6054.525000	5070.240000	2975.175000	1943.235000	5.196434	-9.015132	-9.373042	-4.176016	-5.817115	-6.810478	4.563823	0.974793	-2.517900	4.822160	-2.563680	0.911436	0.126892	0.369994	-1.000000	-1.000000	-1.000000	-1.000000	-1.000000	-1.000000	-1.000000	74.551724	0.000000	-1.000000	-1.000000	1460157.000000	1772660808.988406
-26661.555000	-45122.130000	2357.460000	2042.055000	6050.160000	5066.865000	2978.100000	1954.305000	1.957301	-9.229725	-9.122167	0.349017	-5.151927	-3.819430	5.949644	3.085277	-2.517900	4.822160	-2.563680	0.911436	0.126892	0.369994	-1.000000	-1.000000	-1.000000	-1.000000	-1.000000	-1.000000	-1.000000	74.551724	0.000000	-1.000000	-1.000000	1460158.000000	1772660808.988413
-26660.160000	-45105.030000	2359.305000	2008.305000	5997.600000	5030.190000	2975.760000	1952.145000	-2.501485	-3.698142	-1.236351	8.342411	-2.435405	2.316283	7.321906	4.156474	-2.517900	4.822160	-2.563680	0.911436	0.126892	0.369994	-1.000000	-1.000000	-1.000000	-1.000000	-1.000000	-1.000000	-1.000000	74.551724	0.000000	-1.000000	-1.000000	1460159.000000	1772660808.993770
-26656.965000	-45088.920000	2382.705000	2043.720000	6021.945000	5041.890000	2975.895000	1939.185000	-3.570273	5.246990	8.938276	11.295356	-1.238059	5.441100	4.743756	4.587863	-2.517900	4.822160	-2.563680	0.911436	0.126892	0.369994	-1.000000	-1.000000	-1.000000	-1.000000	-1.000000	-1.000000	-1.000000	74.551724	0.000000	-1.000000	-1.000000	1460160.000000	1772660808.993779
-26644.860000	-45098.145000	2383.695000	2036.835000	6044.490000	5063.130000	2978.055000	1956.510000	-0.084421	13.651536	16.042664	7.156230	-1.555680	3.653942	-2.026220	3.799591	-5.066320	5.066320	-1.556520	0.912839	0.130981	0.372191	-1.000000	-1.000000	-1.000000	-1.000000	-1.000000	-1.000000	-1.000000	74.551724	0.000000	-1.000000	-1.000000	1460161.000000	1772660808.996461
-26664.570000	-45125.235000	2362.545000	2001.285000	6016.860000	5054.760000	2982.960000	1963.710000	5.364945	16.391582	16.280847	0.311917	-0.201575	0.871330	-9.123745	2.379297	-5.066320	5.066320	-1.556520	0.912839	0.130981	0.372191	-1.000000	-1.000000	-1.000000	-1.000000	-1.000000	-1.000000	-1.000000	74.551724	0.000000	-1.000000	-1.000000	1460162.000000	1772660808.996469
-26704.530000	-45140.130000	2349.900000	2014.425000	6007.635000	5055.345000	3012.030000	1957.455000	7.314045	10.536165	8.558250	-6.066184	2.209337	0.279313	-11.305896	1.250953	-5.066320	5.066320	-1.556520	0.912839	0.130981	0.372191	-1.000000	-1.000000	-1.000000	-1.000000	-1.000000	-1.000000	-1.000000	74.551724	0.000000	-1.000000	-1.000000	1460163.000000	1772660809.002051
-26689.005000	-45096.705000	2385.990000	2052.225000	6049.980000	5076.225000	3009.195000	1965.330000	2.454189	0.021189	-2.523067	-9.755556	3.081456	1.278043	-6.493026	-0.109903	-5.066320	5.066320	-1.556520	0.912839	0.130981	0.372191	-1.000000	-1.000000	-1.000000	-1.000000	-1.000000	-1.000000	-1.000000	74.551724	0.000000	-1.000000	-1.000000	1460164.000000	1772660809.002058
-26656.425000	-45072.495000	2399.085000	2052.090000	6068.610000	5068.755000	2944.395000	1943.505000	-5.044447	-7.042293	-9.664785	-8.488361	3.456338	2.196276	1.064339	-2.263782	-5.066320	5.066320	-1.556520	0.912839	0.130981	0.372191	-1.000000	-1.000000	-1.000000	-1.000000	-1.000000	-1.000000	-1.000000	74.551724	0.000000	-1.000000	-1.000000	1460165.000000	1772660809.004331
-26646.480000	-45076.410000	2399.040000	2073.960000	6079.995000	5076.270000	2956.635000	1929.285000	-7.270980	-6.664367	-10.073305	-3.159326	5.172965	1.904625	4.504357	-4.709796	-5.066320	5.066320	-1.556520	0.912839	0.130981	0.372191	-1.000000	-1.000000	-1.000000	-1.000000	-1.000000	-1.000000	-1.000000	74.551724	0.000000	-1.000000	-1.000000	1460166.000000	1772660809.004336
-26656.290000	-45079.830000	2397.105000	2063.430000	6058.710000	5067.630000	2984.445000	1930.860000	-1.702060	-1.649250	-5.925659	3.217110	7.031252	0.317209	2.340427	-6.492907	-5.066320	5.066320	-1.556520	0.912839	0.130981	0.372191	-1.000000	-1.000000	-1.000000	-1.000000	-1.000000	-1.000000	-1.000000	74.551724	0.000000	-1.000000	-1.000000	1460167.000000	1772660809.017034
-26657.910000	-45095.265000	2375.685000	2031.345000	6028.560000	5061.105000	2996.235000	1949.670000	6.509857	2.380614	-0.939512	7.266688	6.167502	-1.535784	-0.640898	-5.986277	-5.066320	5.066320	-1.556520	0.912839	0.130981	0.372191	-1.000000	-1.000000	-1.000000	-1.000000	-1.000000	-1.000000	-1.000000	74.551724	0.000000	-1.000000	-1.000000	1460168.000000	1772660809.017044
-26625.690000	-45091.485000	2372.085000	2017.710000	6011.190000	5059.125000	2977.515000	1969.560000	11.006493	1.584894	1.046027	5.563522	0.464634	-3.114155	-0.806217	-1.632048	-5.066320	5.066320	-1.556520	0.912839	0.130981	0.372191	-1.000000	-1.000000	-1.000000	-1.000000	-1.000000	-1.000000	-1.000000	74.551724	0.000000	-1.000000	-1.000000	1460169.000000	1772660809.017054
-26640.045000	-45096.795000	2375.370000	2022.435000	6013.080000	5063.760000	2975.085000	1957.365000	9.712314	-3.062635	-1.017164	-1.136682	-8.685605	-4.498967	0.582275	5.124977	-5.066320	5.066320	-1.556520	0.912839	0.130981	0.372191	-1.000000	-1.000000	-1.000000	-1.000000	-1.000000	-1.000000	-1.000000	74.551724	0.000000	-1.000000	-1.000000	1460170.000000	1772660809.017058
-26673.525000	-45108.405000	2370.870000	2023.875000	6015.645000	5048.820000	2970.135000	1947.960000	3.672857	-7.116682	-3.870951	-6.819207	-15.423753	-5.036776	1.011047	9.545598	-5.035800	3.952340	-1.220800	0.912351	0.132263	0.373412	-1.000000	-1.000000	-1.000000	-1.000000	-1.000000	-1.000000	-1.000000	74.551724	0.000000	-1.000000	-1.000000	1460171.000000	1772660809.017632
-26666.145000	-45107.280000	2377.890000	2045.070000	6049.035000	5056.470000	2969.820000	1966.545000	-4.633843	-7.364377	-3.761862	-6.849153	-14.121981	-4.096710	-0.244600	8.388277	-5.035800	3.952340	-1.220800	0.912351	0.132263	0.373412	-1.000000	-1.000000	-1.000000	-1.000000	-1.000000	-1.000000	-1.000000	74.551724	0.000000	-1.000000	-1.000000	1460172.000000	1772660809.017640
-26684.055000	-45119.250000	2372.400000	2039.265000	6057.270000	5068.800000	2979.450000	1942.470000	-11.751975	-4.720616	-0.716447	-2.406045	-5.010976	-1.861605	-1.601798	2.984401	-5.035800	3.952340	-1.220800	0.912351	0.132263	0.373412	-1.000000	-1.000000	-1.000000	-1.000000	-1.000000	-1.000000	-1.000000	74.551724	0.000000	-1.000000	-1.000000	1460173.000000	1772660809.020725
-26685.270000	-45135.045000	2336.355000	1992.645000	6012.540000	5049.945000	3002.670000	1928.250000	-15.363119	-2.578613	1.564722	1.463188	5.297172	1.021290	0.286019	-3.168752	-5.035800	3.952340	-1.220800	0.912351	0.132263	0.373412	-1.000000	-1.000000	-1.000000	-1.000000	-1.000000	-1.000000	-1.000000	74.551724	0.000000	-1.000000	-1.000000	1460174.000000	1772660809.020733
-26638.335000	-45084.645000	2381.355000	2032.110000	6054.930000	5073.795000	2996.460000	1946.070000	-13.786532	-1.439608	1.071190	1.407454	10.095529	3.587916	5.798109	-6.886281	-5.035800	3.952340	-1.220800	0.912351	0.132263	0.373412	-1.000000	-1.000000	-1.000000	-1.000000	-1.000000	-1.000000	-1.000000	74.551724	0.000000	-1.000000	-1.000000	1460175.000000	1772660809.024368
-26644.140000	-45071.325000	2409.030000	2073.015000	6076.350000	5083.110000	2970.045000	1936.305000	-5.487258	2.210714	1.260690	0.634878	10.082672	5.714395	9.224470	-6.501803	-5.035800	3.952340	-1.220800	0.912351	0.132263	0.373412	-1.000000	-1.000000	-1.000000	-1.000000	-1.000000	-1.000000	-1.000000	74.551724	0.000000	-1.000000	-1.000000	1460176.000000	1772660809.024373
-26645.490000	-45099.495000	2376.180000	2045.970000	6053.130000	5076.810000	3008.070000	1965.825000	6.578059	8.917788	5.121404	4.065661	9.838776	7.492385	5.705689	-2.982273	-5.035800	3.952340	-1.220800	0.912351	0.132263	0.373412	-1.000000	-1.000000	-1.000000	-1.000000	-1.000000	-1.000000	-1.000000	74.551724	0.000000	-1.000000	-1.000000	1460177.000000	1772660809.028225
-26638.830000	-45108.090000	2360.655000	2017.170000	6023.835000	5047.560000	2982.555000	1965.555000	15.070649	13.248543	8.956135	9.436238	8.969724	6.921388	-2.072784	1.282422	-5.035800	3.952340	-1.220800	0.912351	0.132263	0.373412	-1.000000	-1.000000	-1.000000	-1.000000	-1.000000	-1.000000	-1.000000	74.551724	0.000000	-1.000000	-1.000000	1460178.000000	1772660809.028233
-26667.765000	-45129.330000	2343.015000	2003.850000	6015.330000	5051.250000	2997.090000	1943.910000	15.296611	10.550010	7.320448	10.016660	3.940404	2.151708	-8.187143	4.081198	-5.035800	3.952340	-1.220800	0.912351	0.132263	0.373412	-1.000000	-1.000000	-1.000000	-1.000000	-1.000000	-1.000000	-1.000000	74.551724	0.000000	-1.000000	-1.000000	1460179.000000	1772660809.032287
-26636.175000	-45100.800000	2371.635000	2030.625000	6037.155000	5071.545000	3024.585000	1975.410000	9.080365	2.575237	0.572459	3.769642	-4.677506	-4.356697	-9.137230	4.265131	-5.035800	3.952340	-1.220800	0.912351	0.132263	0.373412	-1.000000	-1.000000	-1.000000	-1.000000	-1.000000	-1.000000	-1.000000	74.551724	0.000000	-1.000000	-1.000000	1460180.000000	1772660809.032293
-26624.160000	-45080.415000	2396.925000	2054.565000	6058.530000	5072.895000	2971.530000	1977.030000	2.034327	-4.604746	-5.604147	-4.736916	-12.011563	-7.936038	-5.410274	2.773490	-2.716280	3.372460	-0.946120	0.915586	0.128112	0.372497	-1.000000	-1.000000	-1.000000	-1.000000	-1.000000	-1.000000	-1.000000	74.551724	0.000000	-1.000000	-1.000000	1460181.000000	1772660809.036376
-26657.640000	-45098.685000	2384.100000	2037.330000	6046.650000	5065.605000	2972.790000	1957.545000	-2.420795	-6.861125	-6.633220	-9.581077	-13.788328	-7.014744	-1.207557	1.328993	-2.716280	3.372460	-0.946120	0.915586	0.128112	0.372497	-1.000000	-1.000000	-1.000000	-1.000000	-1.000000	-1.000000	-1.000000	74.551724	0.000000	-1.000000	-1.000000	1460182.000000	1772660809.036384
-26634.870000	-45073.305000	2407.410000	2060.550000	6058.260000	5071.815000	2966.760000	1967.760000	-5.240000	-5.017835	-2.881810	-8.304519	-9.265842	-3.410385	0.008486	0.446361	-2.716280	3.372460	-0.946120	0.915586	0.128112	0.372497	-1.000000	-1.000000	-1.000000	-1.000000	-1.000000	-1.000000	-1.000000	74.551724	0.000000	-1.000000	-1.000000	1460183.000000	1772660809.040375
-26644.860000	-45092.295000	2386.980000	2047.635000	6038.235000	5053.905000	2945.745000	1943.820000	-7.871822	-2.579697	1.545213	-3.185947	-1.622327	0.143160	-1.328361	-0.611436	-2.716280	3.372460	-0.946120	0.915586	0.128112	0.372497	-1.000000	-1.000000	-1.000000	-1.000000	-1.000000	-1.000000	-1.000000	74.551724	0.000000	-1.000000	-1.000000	1460184.000000	1772660809.040381
-26638.560000	-45094.230000	2384.460000	2040.255000	6027.705000	5061.960000	2968.110000	1953.855000	-9.531486	-2.363531	2.218820	0.803477	4.066150	1.595222	-2.594327	-2.740402	-2.716280	3.372460	-0.946120	0.915586	0.128112	0.372497	-1.000000	-1.000000	-1.000000	-1.000000	-1.000000	-1.000000	-1.000000	74.551724	0.000000	-1.000000	-1.000000	1460185.000000	1772660809.044392
-26648.055000	-45089.775000	2393.010000	2043.945000	6033.060000	5075.460000	2978.775000	1963.935000	-8.700015	-3.671072	-0.852459	1.408099	5.723772	1.503247	-1.256919	-5.405686	-2.716280	3.372460	-0.946120	0.915586	0.128112	0.372497	-1.000000	-1.000000	-1.000000	-1.000000	-1.000000	-1.000000	-1.000000	74.551724	0.000000	-1.000000	-1.000000	1460186.000000	1772660809.044402
-26692.875000	-45078.660000	2411.235000	2056.545000	6049.935000	5084.190000	2980.620000	1939.770000	-5.669052	-3.092022	-2.996141	1.319147	5.889442	2.435370	3.215568	-6.718568	-2.716280	3.372460	-0.946120	0.915586	0.128112	0.372497	-1.000000	-1.000000	-1.000000	-1.000000	-1.000000	-1.000000	-1.000000	74.551724	0.000000	-1.000000	-1.000000	1460187.000000	1772660809.048425
-26709.660000	-45085.590000	2401.110000	2034.495000	6040.530000	5079.825000	2988.045000	1930.770000	-2.406005	0.807410	-1.192805	2.781408	6.838445	4.911790	8.310751	-5.620701	-2.716280	3.372460	-0.946120	0.915586	0.128112	0.372497	-1.000000	-1.000000	-1.000000	-1.000000	-1.000000	-1.000000	-1.000000	74.551724	0.000000	-1.000000	-1.000000	1460188.000000	1772660809.048429
-26624.565000	-45094.770000	2374.740000	2024.730000	6025.860000	5065.335000	2972.835000	1956.015000	0.860744	4.950777	1.655957	3.256470	6.454291	5.850660	10.178780	-2.695457	-2.716280	3.372460	-0.946120	0.915586	0.128112	0.372497	-1.000000	-1.000000	-1.000000	-1.000000	-1.000000	-1.000000	-1.000000	74.551724	0.000000	-1.000000	-1.000000	1460189.000000	1772660809.052403
-26591.895000	-45076.230000	2402.010000	2068.605000	6045.750000	5061.735000	2957.940000	1973.610000	6.805639	5.358801	1.021398	0.331905	1.915202	2.498576	7.353072	1.672898	-2.716280	3.372460	-0.946120	0.915586	0.128112	0.372497	-1.000000	-1.000000	-1.000000	-1.000000	-1.000000	-1.000000	-1.000000	74.551724	0.000000	-1.000000	-1.000000	1460190.000000	1772660809.052411
-26657.460000	-45089.415000	2401.695000	2048.490000	6041.745000	5050.170000	2961.180000	1945.395000	14.831821	2.152521	-2.305364	-3.117362	-4.546785	-3.708503	1.722987	7.057601	-4.013380	2.655240	-1.068200	0.913511	0.130005	0.371947	-1.000000	-1.000000	-1.000000	-1.000000	-1.000000	-1.000000	-1.000000	74.551724	0.000000	-1.000000	-1.000000	1460191.000000	1772660809.056364
-26686.620000	-45102.825000	2381.985000	2020.320000	6047.235000	5051.745000	2971.530000	1927.125000	17.041848	-2.162642	-4.542102	-4.267688	-8.109119	-8.676202	-3.532987	10.372912	-4.013380	2.655240	-1.068200	0.913511	0.130005	0.371947	-1.000000	-1.000000	-1.000000	-1.000000	-1.000000	-1.000000	-1.000000	74.551724	0.000000	-1.000000	-1.000000	1460192.000000	1772660809.056372
-26685.000000	-45114.030000	2368.800000	2018.520000	6038.730000	5056.245000	2980.935000	1936.125000	7.850355	-5.905169	-4.704898	-4.357328	-6.861501	-9.193238	-5.618408	8.551858	-4.013380	2.655240	-1.068200	0.913511	0.130005	0.371947	-1.000000	-1.000000	-1.000000	-1.000000	-1.000000	-1.000000	-1.000000	74.551724	0.000000	-1.000000	-1.000000	1460193.000000	1772660809.060308
-26676.675000	-45129.960000	2350.125000	2012.895000	6028.335000	5051.250000	2995.920000	1949.760000	-7.101314	-7.517388	-3.600598	-4.032655	-2.318845	-4.963223	-4.124577	2.872321	-4.013380	2.655240	-1.068200	0.913511	0.130005	0.371947	-1.000000	-1.000000	-1.000000	-1.000000	-1.000000	-1.000000	-1.000000	74.551724	0.000000	-1.000000	-1.000000	1460194.000000	1772660809.060316
-26647.155000	-45107.145000	2366.100000	2009.970000	6031.485000	5054.445000	2989.080000	1954.755000	-16.513848	-5.673480	-1.541414	-2.053664	2.445591	1.232921	-1.430311	-2.746597	-4.013380	2.655240	-1.068200	0.913511	0.130005	0.371947	-1.000000	-1.000000	-1.000000	-1.000000	-1.000000	-1.000000	-1.000000	74.551724	0.000000	-1.000000	-1.000000	1460195.000000	1772660809.064507
-26644.095000	-45083.340000	2400.120000	2074.095000	6052.455000	5069.925000	2989.575000	1957.410000	-13.205315	-0.067068	1.959316	2.483395	5.141752	6.160718	-0.114885	-4.988757	-4.013380	2.655240	-1.068200	0.913511	0.130005	0.371947	-1.000000	-1.000000	-1.000000	-1.000000	-1.000000	-1.000000	-1.000000	74.551724	0.000000	-1.000000	-1.000000	1460196.000000	1772660809.064517
-26642.205000	-45076.320000	2411.955000	2096.100000	6051.330000	5062.770000	2935.080000	1939.320000	-0.140552	7.841228	7.401901	9.749676	5.615651	8.359662	-1.678862	-3.556251	-4.013380	2.655240	-1.068200	0.913511	0.130005	0.371947	-1.000000	-1.000000	-1.000000	-1.000000	-1.000000	-1.000000	-1.000000	74.551724	0.000000	-1.000000	-1.000000	1460197.000000	1772660809.068425
-26657.370000	-45099.270000	2394.135000	2052.630000	6021.135000	5054.760000	2944.665000	1934.055000	10.655164	13.641916	12.586662	16.065146	3.948068	7.527412	-5.561990	-1.898636	-4.013380	2.655240	-1.068200	0.913511	0.130005	0.371947	-1.000000	-1.000000	-1.000000	-1.000000	-1.000000	-1.000000	-1.000000	74.551724	0.000000	-1.000000	-1.000000	1460198.000000	1772660809.068432
-26642.970000	-45083.115000	2403.000000	2012.445000	6017.670000	5055.165000	2981.520000	1956.105000	10.112175	12.736979	12.875377	13.676901	-0.448649	4.167386	-7.401737	-2.353268	-4.013380	2.655240	-1.068200	0.913511	0.130005	0.371947	-1.000000	-1.000000	-1.000000	-1.000000	-1.000000	-1.000000	-1.000000	74.551724	0.000000	-1.000000	-1.000000	1460199.000000	1772660809.072235
-26675.415000	-45102.015000	2388.555000	1974.870000	6022.980000	5058.270000	2992.995000	1963.215000	1.443332	5.282178	6.362480	-0.094665	-6.044628	0.010367	-2.913598	-2.476592	-4.013380	2.655240	-1.068200	0.913511	0.130005	0.371947	-1.000000	-1.000000	-1.000000	-1.000000	-1.000000	-1.000000	-1.000000	74.551724	0.000000	-1.000000	-1.000000	1460200.000000	1772660809.072242
-26683.245000	-45106.470000	2362.410000	1963.980000	6012.765000	5062.005000	2992.860000	1957.410000	-6.561876	-4.232317	-3.880022	-17.494961	-9.084326	-2.968436	6.002192	0.415644	-6.195560	0.930860	-0.137340	0.912046	0.132385	0.374206	-1.000000	-1.000000	-1.000000	-1.000000	-1.000000	-1.000000	-1.000000	74.551724	0.000000	-1.000000	-1.000000	1460201.000000	1772660809.076521
-26648.865000	-45080.055000	2401.245000	2048.490000	6020.505000	5063.085000	2978.865000	1956.825000	-8.800225	-10.391067	-12.004697	-25.817003	-7.119864	-3.945824	12.417471	4.421550	-6.195560	0.930860	-0.137340	0.912046	0.132385	0.374206	-1.000000	-1.000000	-1.000000	-1.000000	-1.000000	-1.000000	-1.000000	74.551724	0.000000	-1.000000	-1.000000	1460202.000000	1772660809.076528
-26626.095000	-45073.215000	2408.400000	2051.595000	6018.570000	5056.650000	2975.490000	1978.110000	-4.677573	-9.654631	-12.665804	-17.064207	-0.791165	-3.454295	10.898031	5.660260	-6.195560	0.930860	-0.137340	0.912046	0.132385	0.374206	-1.000000	-1.000000	-1.000000	-1.000000	-1.000000	-1.000000	-1.000000	74.551724	0.000000	-1.000000	-1.000000	1460203.000000	1772660809.084255
-26659.125000	-45093.105000	2379.195000	2018.160000	6022.080000	5051.565000	2970.810000	1953.855000	2.470121	-3.928921	-6.455749	3.188577	6.365963	-2.766979	2.370648	3.037420	-6.195560	0.930860	-0.137340	0.912046	0.132385	0.374206	-1.000000	-1.000000	-1.000000	-1.000000	-1.000000	-1.000000	-1.000000	74.551724	0.000000	-1.000000	-1.000000	1460204.000000	1772660809.084263
-26660.070000	-45093.465000	2381.895000	2053.485000	6054.750000	5066.685000	2966.940000	1932.525000	6.923584	0.629857	-0.284670	19.256421	10.371315	-2.600839	-6.986349	-1.917935	-6.195560	0.930860	-0.137340	0.912046	0.132385	0.374206	-1.000000	-1.000000	-1.000000	-1.000000	-1.000000	-1.000000	-1.000000	74.551724	0.000000	-1.000000	-1.000000	1460205.000000	1772660809.084328
-26622.090000	-45094.005000	2376.945000	2067.165000	6063.480000	5073.705000	2967.885000	1956.330000	5.884527	0.669116	1.081459	21.494053	10.345956	-1.986855	-10.778851	-6.608328	-6.195560	0.930860	-0.137340	0.912046	0.132385	0.374206	-1.000000	-1.000000	-1.000000	-1.000000	-1.000000	-1.000000	-1.000000	74.551724	0.000000	-1.000000	-1.000000	1460206.000000	1772660809.084333
-26627.130000	-45097.020000	2368.080000	2048.130000	6057.630000	5065.335000	2967.345000	1958.850000	1.753023	-1.713535	-0.823508	13.004114	7.840151	0.200135	-7.177330	-7.848903	-6.195560	0.930860	-0.137340	0.912046	0.132385	0.374206	-1.000000	-1.000000	-1.000000	-1.000000	-1.000000	-1.000000	-1.000000	74.551724	0.000000	-1.000000	-1.000000	1460207.000000	1772660809.088708
-26648.415000	-45108.900000	2357.325000	2024.145000	6048.135000	5065.920000	2986.110000	1957.995000	-1.909772	-3.206912	-2.556163	1.754220	3.620259	2.968908	-0.197084	-4.667683	-6.195560	0.930860	-0.137340	0.912046	0.132385	0.374206	-1.000000	-1.000000	-1.000000	-1.000000	-1.000000	-1.000000	-1.000000	74.551724	0.000000	-1.000000	-1.000000	1460208.000000	1772660809.088716
-26675.640000	-45133.200000	2337.570000	1996.020000	6014.070000	5047.515000	2988.045000	1946.340000	-3.780461	-2.721280	-2.234179	-6.728529	-2.674414	3.998359	4.877904	0.376802	-6.195560	0.930860	-0.137340	0.912046	0.132385	0.374206	-1.000000	-1.000000	-1.000000	-1.000000	-1.000000	-1.000000	-1.000000	74.551724	0.000000	-1.000000	-1.000000	1460209.000000	1772660809.092527
-26685.900000	-45121.545000	2355.660000	2012.445000	6007.545000	5038.830000	2987.055000	1935.045000	-4.452694	-0.836484	0.569417	-10.886600	-10.192652	1.911603	5.980809	3.949293	-6.195560	0.930860	-0.137340	0.912046	0.132385	0.374206	-1.000000	-1.000000	-1.000000	-1.000000	-1.000000	-1.000000	-1.000000	74.551724	0.000000	-1.000000	-1.000000	1460210.000000	1772660809.092534
-26659.710000	-45086.220000	2396.070000	2058.390000	6051.780000	5068.575000	2989.035000	1942.200000	-4.871344	2.049360	5.292131	-11.301998	-14.923496	-1.820090	3.951188	4.321423	-4.990020	2.777320	-1.007160	0.914793	0.130554	0.372252	-1.000000	-1.000000	-1.000000	-1.000000	-1.000000	-1.000000	-1.000000	74.551724	0.000000	-1.000000	-1.000000	1460211.000000	1772660809.096426
-26648.145000	-45089.640000	2383.605000	2025.765000	6025.410000	5064.435000	2993.985000	1951.605000	-4.386214	5.760857	10.132831	-8.440277	-12.636861	-3.514093	0.874796	2.248186	-4.990020	2.777320	-1.007160	0.914793	0.130554	0.372252	-1.000000	-1.000000	-1.000000	-1.000000	-1.000000	-1.000000	-1.000000	74.551724	0.000000	-1.000000	-1.000000	1460212.000000	1772660809.096434
-26650.530000	-45094.815000	2373.300000	2004.885000	5987.115000	5057.325000	3010.725000	1961.730000	-1.144809	8.723030	11.979278	-3.911609	-5.318520	-1.759646	-1.058904	0.704679	-4.990020	2.777320	-1.007160	0.914793	0.130554	0.372252	-1.000000	-1.000000	-1.000000	-1.000000	-1.000000	-1.000000	-1.000000	74.551724	0.000000	-1.000000	-1.000000	1460213.000000	1772660809.100658
-26636.940000	-45075.600000	2410.740000	2059.335000	6012.090000	5067.720000	2961.495000	1963.485000	4.356562	8.759469	8.955614	-0.422479	0.560736	1.038700	-1.263920	1.971322	-4.990020	2.777320	-1.007160	0.914793	0.130554	0.372252	-1.000000	-1.000000	-1.000000	-1.000000	-1.000000	-1.000000	-1.000000	74.551724	0.000000	-1.000000	-1.000000	1460214.000000	1772660809.100665
-26645.085000	-45084.375000	2404.575000	2047.410000	6001.155000	5041.620000	2949.255000	1952.460000	8.191251	5.564234	2.974263	1.958329	2.643635	2.186888	-1.676555	4.369862	-4.990020	2.777320	-1.007160	0.914793	0.130554	0.372252	-1.000000	-1.000000	-1.000000	-1.000000	-1.000000	-1.000000	-1.000000	74.551724	0.000000	-1.000000	-1.000000	1460215.000000	1772660809.104419
-26634.510000	-45082.485000	2402.235000	2037.240000	6039.630000	5057.280000	2998.395000	1973.070000	7.407561	0.533388	-2.807967	4.835042	3.945540	1.155492	-3.390533	4.380421	-4.990020	2.777320	-1.007160	0.914793	0.130554	0.372252	-1.000000	-1.000000	-1.000000	-1.000000	-1.000000	-1.000000	-1.000000	74.551724	0.000000	-1.000000	-1.000000	1460216.000000	1772660809.104427
-26631.090000	-45086.850000	2396.880000	2035.170000	6083.460000	5077.440000	2971.035000	1967.310000	3.903240	-4.252498	-6.787270	8.193028	8.099064	-0.124151	-4.498595	1.475998	-4.990020	2.777320	-1.007160	0.914793	0.130554	0.372252	-1.000000	-1.000000	-1.000000	-1.000000	-1.000000	-1.000000	-1.000000	74.551724	0.000000	-1.000000	-1.000000	1460217.000000	1772660809.108405
-26639.190000	-45094.095000	2382.165000	2048.310000	6063.525000	5063.580000	2961.585000	1955.385000	1.528146	-6.747072	-8.443201	10.742047	15.131823	0.630526	-3.921654	-2.146616	-4.990020	2.777320	-1.007160	0.914793	0.130554	0.372252	-1.000000	-1.000000	-1.000000	-1.000000	-1.000000	-1.000000	-1.000000	74.551724	0.000000	-1.000000	-1.000000	1460218.000000	1772660809.108410
-26642.115000	-45082.755000	2380.995000	2047.185000	6057.495000	5062.680000	2965.455000	1954.845000	0.745344	-6.733186	-8.642476	10.017498	19.249351	2.616736	-2.510577	-4.745775	-4.990020	2.777320	-1.007160	0.914793	0.130554	0.372252	-1.000000	-1.000000	-1.000000	-1.000000	-1.000000	-1.000000	-1.000000	74.551724	0.000000	-1.000000	-1.000000	1460219.000000	1772660809.118762
-26651.880000	-45075.330000	2393.685000	2033.865000	6051.645000	5062.545000	2961.270000	1945.980000	-1.304785	-5.716124	-8.790573	3.563932	13.769470	2.833174	-0.542794	-6.008852	-4.990020	2.777320	-1.007160	0.914793	0.130554	0.372252	-1.000000	-1.000000	-1.000000	-1.000000	-1.000000	-1.000000	-1.000000	74.551724	0.000000	-1.000000	-1.000000	1460220.000000	1772660809.118767
-26690.310000	-45122.490000	2360.745000	2024.010000	6022.440000	5046.255000	2971.395000	1915.335000	-6.340589	-5.015111	-8.322334	-6.549005	-0.731489	0.039069	1.926330	-6.607170	-5.066320	2.853620	-0.885080	0.911802	0.126403	0.369140	-1.000000	-1.000000	-1.000000	-1.000000	-1.000000	-1.000000	-1.000000	74.551724	0.000000	-1.000000	-1.000000	1460221.000000	1772660809.118951
-26667.900000	-45109.350000	2371.185000	2051.190000	6060.420000	5082.120000	3011.715000	1943.010000	-12.068661	-5.014544	-5.883697	-14.006358	-15.965133	-3.724140	4.970911	-6.590652	-5.066320	2.853620	-0.885080	0.911802	0.126403	0.369140	-1.000000	-1.000000	-1.000000	-1.000000	-1.000000	-1.000000	-1.000000	74.551724	0.000000	-1.000000	-1.000000	1460222.000000	1772660809.118959
-26634.600000	-45062.640000	2423.655000	2094.435000	6102.855000	5105.925000	2981.880000	1960.335000	-13.386616	-3.976316	-0.958190	-14.103079	-22.427192	-4.602788	9.023394	-4.073046	-5.066320	2.853620	-0.885080	0.911802	0.126403	0.369140	-1.000000	-1.000000	-1.000000	-1.000000	-1.000000	-1.000000	-1.000000	74.551724	0.000000	-1.000000	-1.000000	1460223.000000	1772660809.120615
-26668.935000	-45105.705000	2378.295000	2040.840000	6050.745000	5065.470000	2965.005000	1938.195000	-7.509598	0.328934	5.873914	-7.197126	-17.229407	-1.183963	11.512086	1.663940	-5.066320	2.853620	-0.885080	0.911802	0.126403	0.369140	-1.000000	-1.000000	-1.000000	-1.000000	-1.000000	-1.000000	-1.000000	74.551724	0.000000	-1.000000	-1.000000	1460224.000000	1772660809.120622
-26676.405000	-45109.800000	2369.295000	2017.935000	6030.945000	5055.435000	2991.870000	1943.280000	2.096269	5.941394	11.247853	1.512373	-7.399098	2.494274	7.949025	7.247512	-5.066320	2.853620	-0.885080	0.911802	0.126403	0.369140	-1.000000	-1.000000	-1.000000	-1.000000	-1.000000	-1.000000	-1.000000	74.551724	0.000000	-1.000000	-1.000000	1460225.000000	1772660809.124962
-26687.565000	-45102.420000	2382.570000	2024.325000	6037.020000	5059.845000	2961.045000	1938.285000	9.440192	8.988951	11.856833	6.474727	-1.623157	1.919747	-1.094206	9.078824	-5.066320	2.853620	-0.885080	0.911802	0.126403	0.369140	-1.000000	-1.000000	-1.000000	-1.000000	-1.000000	-1.000000	-1.000000	74.551724	0.000000	-1.000000	-1.000000	1460226.000000	1772660809.124969
-26678.070000	-45088.965000	2397.825000	2031.705000	6029.595000	5060.745000	2971.395000	1946.700000	11.836673	8.782173	8.830039	6.512084	-0.447083	-1.753628	-10.013511	7.329192	-5.066320	2.853620	-0.885080	0.911802	0.126403	0.369140	-1.000000	-1.000000	-1.000000	-1.000000	-1.000000	-1.000000	-1.000000	74.551724	0.000000	-1.000000	-1.000000	1460227.000000	1772660809.131396
-26634.600000	-45089.370000	2389.320000	2040.030000	6024.555000	5056.605000	2993.985000	1985.760000	10.670698	6.298669	4.684100	3.766841	0.558807	-4.365633	-13.562338	4.686802	-5.066320	2.853620	-0.885080	0.911802	0.126403	0.369140	-1.000000	-1.000000	-1.000000	-1.000000	-1.000000	-1.000000	-1.000000	74.551724	0.000000	-1.000000	-1.000000	1460228.000000	1772660809.131403
-26629.515000	-45085.680000	2393.190000	2043.045000	6051.195000	5067.495000	2971.350000	1975.995000	8.992937	2.375102	0.182511	1.293879	4.102724	-3.727602	-10.180665	3.482665	-5.066320	2.853620	-0.885080	0.911802	0.126403	0.369140	-1.000000	-1.000000	-1.000000	-1.000000	-1.000000	-1.000000	-1.000000	74.551724	0.000000	-1.000000	-1.000000	1460229.000000	1772660809.132663
-26660.340000	-45076.455000	2412.495000	2054.970000	6059.610000	5071.230000	2953.170000	1943.280000	7.707548	-0.960262	-3.374849	1.266024	10.293349	-0.170289	-3.693971	2.946088	-5.066320	2.853620	-0.885080	0.911802	0.126403	0.369140	-1.000000	-1.000000	-1.000000	-1.000000	-1.000000	-1.000000	-1.000000	74.551724	0.000000	-1.000000	-1.000000	1460230.000000	1772660809.132671
-26659.395000	-45087.615000	2400.570000	2051.820000	6063.255000	5066.820000	2955.105000	1937.430000	3.876045	-2.472307	-4.793063	2.309601	15.578596	3.646226	0.519936	-0.408543	-4.288060	4.013380	-1.434440	0.914060	0.122802	0.365539	-1.000000	-1.000000	-1.000000	-1.000000	-1.000000	-1.000000	-1.000000	74.551724	0.000000	-1.000000	-1.000000	1460231.000000	1772660809.136485
-26636.625000	-45106.830000	2371.635000	2032.695000	6039.000000	5058.135000	2976.120000	1960.290000	-4.072584	-4.060053	-5.931591	0.954158	14.309302	4.501055	2.184470	-7.107083	-4.288060	4.013380	-1.434440	0.914060	0.122802	0.365539	-1.000000	-1.000000	-1.000000	-1.000000	-1.000000	-1.000000	-1.000000	74.551724	0.000000	-1.000000	-1.000000	1460232.000000	1772660809.136492
-26647.470000	-45129.240000	2342.385000	1996.470000	6001.380000	5040.405000	2997.135000	1970.955000	-11.778041	-6.968492	-8.444542	-3.042404	5.192313	2.291070	4.570670	-12.065870	-4.288060	4.013380	-1.434440	0.914060	0.122802	0.365539	-1.000000	-1.000000	-1.000000	-1.000000	-1.000000	-1.000000	-1.000000	74.551724	0.000000	-1.000000	-1.000000	1460233.000000	1772660809.140527
-26649.000000	-45110.025000	2363.220000	2006.460000	6004.485000	5040.090000	3000.960000	1973.880000	-13.793303	-8.815954	-10.005307	-6.136998	-6.993544	-0.587393	8.207680	-10.530029	-4.288060	4.013380	-1.434440	0.914060	0.122802	0.365539	-1.000000	-1.000000	-1.000000	-1.000000	-1.000000	-1.000000	-1.000000	74.551724	0.000000	-1.000000	-1.000000	1460234.000000	1772660809.140535
-26662.455000	-45090.810000	2380.635000	2029.455000	6020.460000	5046.210000	2986.290000	1951.695000	-9.614995	-6.503703	-7.075473	-5.216138	-15.177891	-2.165222	10.411442	-3.676676	-4.288060	4.013380	-1.434440	0.914060	0.122802	0.365539	-1.000000	-1.000000	-1.000000	-1.000000	-1.000000	-1.000000	-1.000000	74.551724	0.000000	-1.000000	-1.000000	1460235.000000	1772660809.144470
-26689.590000	-45099.045000	2386.170000	2042.370000	6038.730000	5053.410000	2968.020000	1933.065000	-3.589511	-0.279348	0.499467	-0.346789	-14.275869	-1.566612	8.154346	2.717638	-4.288060	4.013380	-1.434440	0.914060	0.122802	0.365539	-1.000000	-1.000000	-1.000000	-1.000000	-1.000000	-1.000000	-1.000000	74.551724	0.000000	-1.000000	-1.000000	1460236.000000	1772660809.144477
-26648.775000	-45089.190000	2404.935000	2066.040000	6066.270000	5080.545000	2981.790000	1959.255000	-0.333693	6.033282	9.078327	5.752307	-4.662219	1.097853	0.846222	4.140647	-4.288060	4.013380	-1.434440	0.914060	0.122802	0.365539	-1.000000	-1.000000	-1.000000	-1.000000	-1.000000	-1.000000	-1.000000	74.551724	0.000000	-1.000000	-1.000000	1460237.000000	1772660809.148440
-26627.490000	-45092.610000	2399.265000	2057.490000	6056.505000	5074.020000	2973.195000	1970.100000	0.945924	9.044666	14.419335	9.836145	7.597151	4.518817	-7.533481	2.367476	-4.288060	4.013380	-1.434440	0.914060	0.122802	0.365539	-1.000000	-1.000000	-1.000000	-1.000000	-1.000000	-1.000000	-1.000000	74.551724	0.000000	-1.000000	-1.000000	1460238.000000	1772660809.148446
-26642.475000	-45093.330000	2386.260000	2018.430000	6031.935000	5055.435000	2962.215000	1943.730000	4.058094	7.996721	13.548595	8.646117	14.097091	5.823697	-11.788701	2.046946	-4.288060	4.013380	-1.434440	0.914060	0.122802	0.365539	-1.000000	-1.000000	-1.000000	-1.000000	-1.000000	-1.000000	-1.000000	74.551724	0.000000	-1.000000	-1.000000	1460239.000000	1772660809.152431
-26617.095000	-45071.280000	2401.245000	2018.070000	6027.210000	5050.710000	2967.795000	1964.070000	8.464319	4.187332	6.377556	0.736740	10.018626	2.610637	-10.324216	3.744972	-4.288060	4.013380	-1.434440	0.914060	0.122802	0.365539	-1.000000	-1.000000	-1.000000	-1.000000	-1.000000	-1.000000	-1.000000	74.551724	0.000000	-1.000000	-1.000000	1460240.000000	1772660809.152440
-26642.340000	-45078.840000	2409.750000	2043.495000	6020.730000	5054.850000	2975.310000	1958.265000	10.123882	0.615794	-2.210179	-8.835045	-0.844109	-3.266894	-5.053780	4.746886	-3.265640	3.937080	-0.335720	0.913145	0.122680	0.365356	-1.000000	-1.000000	-1.000000	-1.000000	-1.000000	-1.000000	-1.000000	74.551724	0.000000	-1.000000	-1.000000	1460241.000000	1772660809.156423
-26644.140000	-45089.955000	2396.385000	2079.270000	6040.170000	5065.110000	2981.745000	1959.705000	6.868590	-0.690232	-6.347338	-10.871126	-9.138896	-6.778039	0.707656	3.259184	-3.265640	3.937080	-0.335720	0.913145	0.122680	0.365356	-1.000000	-1.000000	-1.000000	-1.000000	-1.000000	-1.000000	-1.000000	74.551724	0.000000	-1.000000	-1.000000	1460242.000000	1772660809.156431
-26630.280000	-45083.205000	2402.595000	2075.175000	6039.225000	5061.105000	2986.875000	1971.315000	0.593251	-1.132730	-5.758147	-2.733577	-9.145357	-5.293942	4.667199	0.056058	-3.265640	3.937080	-0.335720	0.913145	0.122680	0.365356	-1.000000	-1.000000	-1.000000	-1.000000	-1.000000	-1.000000	-1.000000	74.551724	0.000000	-1.000000	-1.000000	1460243.000000	1772660809.160463
-26649.225000	-45094.860000	2383.650000	2023.335000	6028.965000	5056.740000	3013.335000	1968.345000	-4.535697	-3.040822	-4.597078	7.026872	-3.304381	-0.997178	7.110165	-2.100163	-3.265640	3.937080	-0.335720	0.913145	0.122680	0.365356	-1.000000	-1.000000	-1.000000	-1.000000	-1.000000	-1.000000	-1.000000	74.551724	0.000000	-1.000000	-1.000000	1460244.000000	1772660809.160470
-26646.615000	-45089.415000	2379.960000	1982.385000	6032.070000	5057.280000	3003.255000	1955.880000	-6.470739	-6.274324	-5.705436	7.215677	1.883812	2.045691	8.793543	-1.993103	-3.265640	3.937080	-0.335720	0.913145	0.122680	0.365356	-1.000000	-1.000000	-1.000000	-1.000000	-1.000000	-1.000000	-1.000000	74.551724	0.000000	-1.000000	-1.000000	1460245.000000	1772660809.164576
-26648.820000	-45105.345000	2363.760000	1996.785000	6030.045000	5057.595000	2985.795000	1939.185000	-6.580111	-8.535634	-8.299913	-3.779383	2.485565	1.687721	8.227127	-1.838530	-3.265640	3.937080	-0.335720	0.913145	0.122680	0.365356	-1.000000	-1.000000	-1.000000	-1.000000	-1.000000	-1.000000	-1.000000	74.551724	0.000000	-1.000000	-1.000000	1460246.000000	1772660809.164583
-26632.755000	-45090.360000	2384.145000	2034.090000	6057.495000	5091.750000	3044.430000	1958.310000	-6.102808	-7.741067	-9.143066	-15.377679	0.046080	-0.449235	4.539349	-3.167629	-3.265640	3.937080	-0.335720	0.913145	0.122680	0.365356	-1.000000	-1.000000	-1.000000	-1.000000	-1.000000	-1.000000	-1.000000	74.551724	0.000000	-1.000000	-1.000000	1460247.000000	1772660809.171567
-26616.105000	-45052.830000	2430.720000	2068.155000	6058.575000	5089.680000	3012.345000	1984.185000	-4.008273	-3.057822	-4.717236	-14.996617	-0.963105	-0.638199	0.281554	-3.490235	-3.265640	3.937080	-0.335720	0.913145	0.122680	0.365356	-1.000000	-1.000000	-1.000000	-1.000000	-1.000000	-1.000000	-1.000000	74.551724	0.000000	-1.000000	-1.000000	1460248.000000	1772660809.171574
-26642.655000	-45098.955000	2389.185000	2047.095000	6020.820000	5057.460000	2966.490000	1962.405000	-0.024193	3.926153	4.752355	-0.968030	1.008871	1.799294	-3.589282	-0.703565	-3.265640	3.937080	-0.335720	0.913145	0.122680	0.365356	-1.000000	-1.000000	-1.000000	-1.000000	-1.000000	-1.000000	-1.000000	74.551724	0.000000	-1.000000	-1.000000	1460249.000000	1772660809.174066
-26647.560000	-45097.380000	2392.965000	2027.610000	6008.535000	5051.385000	2971.305000	1951.155000	3.567278	8.884362	13.366172	15.424881	2.893268	3.272883	-9.087944	2.587857	-3.265640	3.937080	-0.335720	0.913145	0.122680	0.365356	-1.000000	-1.000000	-1.000000	-1.000000	-1.000000	-1.000000	-1.000000	74.551724	0.000000	-1.000000	-1.000000	1460250.000000	1772660809.174074
-26646.705000	-45068.805000	2411.550000	2036.970000	6040.845000	5062.185000	2957.130000	1958.445000	4.897063	9.273766	15.566171	21.270650	2.127285	1.371013	-14.969177	2.965980	-3.311420	3.692920	-0.763000	0.910215	0.122986	0.367064	-1.000000	-1.000000	-1.000000	-1.000000	-1.000000	-1.000000	-1.000000	74.551724	0.000000	-1.000000	-1.000000	1460251.000000	1772660809.176419
-26659.755000	-45095.670000	2386.305000	2019.510000	6032.745000	5051.565000	2959.245000	1956.420000	4.036329	6.355332	11.000917	13.734962	0.058510	-2.162515	-16.601652	0.731012	-3.311420	3.692920	-0.763000	0.910215	0.122986	0.367064	-1.000000	-1.000000	-1.000000	-1.000000	-1.000000	-1.000000	-1.000000	74.551724	0.000000	-1.000000	-1.000000	1460252.000000	1772660809.176427
-26661.105000	-45103.005000	2384.055000	2047.590000	6042.870000	5054.670000	2968.065000	1952.775000	2.037119	1.647826	2.351748	0.700054	-0.963929	-4.429549	-11.363088	-1.512555	-3.311420	3.692920	-0.763000	0.910215	0.122986	0.367064	-1.000000	-1.000000	-1.000000	-1.000000	-1.000000	-1.000000	-1.000000	74.551724	0.000000	-1.000000	-1.000000	1460253.000000	1772660809.183356
-26684.820000	-45114.795000	2375.820000	2039.535000	6043.320000	5052.645000	2965.455000	1925.865000	-0.245560	-3.723527	-6.531268	-7.756951	-0.580440	-4.242244	-0.559307	-2.256593	-3.311420	3.692920	-0.763000	0.910215	0.122986	0.367064	-1.000000	-1.000000	-1.000000	-1.000000	-1.000000	-1.000000	-1.000000	74.551724	0.000000	-1.000000	-1.000000	1460254.000000	1772660809.183362
-26683.065000	-45108.855000	2371.680000	2029.590000	6048.855000	5058.180000	2971.620000	1917.540000	-2.720511	-7.531412	-11.790136	-8.672052	0.127354	-2.236249	11.372469	-2.055021	-3.311420	3.692920	-0.763000	0.910215	0.122986	0.367064	-1.000000	-1.000000	-1.000000	-1.000000	-1.000000	-1.000000	-1.000000	74.551724	0.000000	-1.000000	-1.000000	1460255.000000	1772660809.184587
-26660.880000	-45103.455000	2371.905000	2048.130000	6073.065000	5079.735000	2988.540000	1953.495000	-4.512280	-7.905182	-12.096272	-6.353089	0.366923	0.350139	18.896144	-1.470113	-3.311420	3.692920	-0.763000	0.910215	0.122986	0.367064	-1.000000	-1.000000	-1.000000	-1.000000	-1.000000	-1.000000	-1.000000	74.551724	0.000000	-1.000000	-1.000000	1460256.000000	1772660809.184594
-26690.580000	-45114.705000	2379.375000	2047.995000	6060.060000	5078.610000	2999.340000	1953.585000	-4.145943	-5.305509	-8.810736	-4.690460	0.518142	3.068480	19.626787	0.138168	-3.311420	3.692920	-0.763000	0.910215	0.122986	0.367064	-1.000000	-1.000000	-1.000000	-1.000000	-1.000000	-1.000000	-1.000000	74.551724	0.000000	-1.000000	-1.000000	1460257.000000	1772660809.188551
-26660.970000	-45105.705000	2380.005000	2040.525000	6041.970000	5057.055000	2978.910000	1957.770000	-1.261211	-1.009040	-3.163619	-3.630060	1.150763	5.660439	15.264483	3.003578	-3.311420	3.692920	-0.763000	0.910215	0.122986	0.367064	-1.000000	-1.000000	-1.000000	-1.000000	-1.000000	-1.000000	-1.000000	74.551724	0.000000	-1.000000	-1.000000	1460258.000000	1772660809.188558
-26614.755000	-45086.130000	2382.345000	2025.180000	6029.820000	5045.580000	2980.080000	1963.890000	4.337906	4.355700	3.846447	-2.113482	1.331621	6.379163	7.621946	5.990794	-3.311420	3.692920	-0.763000	0.910215	0.122986	0.367064	-1.000000	-1.000000	-1.000000	-1.000000	-1.000000	-1.000000	-1.000000	74.551724	0.000000	-1.000000	-1.000000	1460259.000000	1772660809.192416
-26616.240000	-45076.635000	2401.155000	2040.120000	6049.845000	5061.330000	2980.170000	1967.085000	11.618925	9.141824	9.697359	-0.289484	-0.410134	3.728812	-1.842734	7.245538	-3.311420	3.692920	-0.763000	0.910215	0.122986	0.367064	-1.000000	-1.000000	-1.000000	-1.000000	-1.000000	-1.000000	-1.000000	74.551724	0.000000	-1.000000	-1.000000	1460260.000000	1772660809.192423
-26665.605000	-45109.170000	2374.245000	2016.135000	6040.755000	5056.605000	2970.360000	1938.555000	15.553809	10.591416	11.861415	1.425232	-3.286059	-0.705006	-10.472528	5.132028	-2.182180	2.289000	-1.861720	0.908079	0.122619	0.367553	-1.000000	-1.000000	-1.000000	-1.000000	-1.000000	-1.000000	-1.000000	74.551724	0.000000	-1.000000	-1.000000	1460261.000000	1772660809.196664
-26670.105000	-45112.770000	2369.340000	2026.575000	6030.585000	5057.280000	3000.375000	1944.180000	10.720801	7.114890	9.339903	2.633376	-5.202705	-4.039708	-15.334799	-0.173932	-2.182180	2.289000	-1.861720	0.908079	0.122619	0.367553	-1.000000	-1.000000	-1.000000	-1.000000	-1.000000	-1.000000	-1.000000	74.551724	0.000000	-1.000000	-1.000000	1460262.000000	1772660809.196671
-26651.295000	-45089.640000	2390.265000	2046.645000	6050.880000	5075.370000	2994.615000	1962.045000	-1.383459	0.437924	3.427989	3.317860	-5.098758	-4.828637	-14.304507	-5.258164	-2.182180	2.289000	-1.861720	0.908079	0.122619	0.367553	-1.000000	-1.000000	-1.000000	-1.000000	-1.000000	-1.000000	-1.000000	74.551724	0.000000	-1.000000	-1.000000	1460263.000000	1772660809.200394
-26652.690000	-45089.370000	2392.245000	2034.720000	6028.695000	5049.720000	2954.610000	1943.910000	-12.959367	-5.231702	-2.285966	3.942810	-3.074388	-3.621728	-8.887548	-6.576637	-2.182180	2.289000	-1.861720	0.908079	0.122619	0.367553	-1.000000	-1.000000	-1.000000	-1.000000	-1.000000	-1.000000	-1.000000	74.551724	0.000000	-1.000000	-1.000000	1460264.000000	1772660809.200402
-26632.395000	-45084.105000	2389.455000	2016.360000	6011.010000	5032.395000	2980.080000	1950.075000	-17.621394	-7.389347	-5.426475	3.305060	-0.857900	-2.872913	-3.782431	-5.156107	-2.182180	2.289000	-1.861720	0.908079	0.122619	0.367553	-1.000000	-1.000000	-1.000000	-1.000000	-1.000000	-1.000000	-1.000000	74.551724	0.000000	-1.000000	-1.000000	1460265.000000	1772660809.204539
-26622.900000	-45060.120000	2425.455000	2066.355000	6071.895000	5076.720000	2993.490000	1968.345000	-13.736316	-5.966884	-5.869681	0.642082	1.042910	-3.176677	-0.315830	-3.651405	-2.182180	2.289000	-1.861720	0.908079	0.122619	0.367553	-1.000000	-1.000000	-1.000000	-1.000000	-1.000000	-1.000000	-1.000000	74.551724	0.000000	-1.000000	-1.000000	1460266.000000	1772660809.204547
-26647.515000	-45071.595000	2417.085000	2079.405000	6083.280000	5076.675000	2971.035000	1958.670000	-4.612353	-1.988716	-3.685213	-0.797920	5.554475	-1.091631	3.512344	-2.033333	-2.182180	2.289000	-1.861720	0.908079	0.122619	0.367553	-1.000000	-1.000000	-1.000000	-1.000000	-1.000000	-1.000000	-1.000000	74.551724	0.000000	-1.000000	-1.000000	1460267.000000	1772660809.208540
-26656.965000	-45096.345000	2380.770000	2039.085000	6034.545000	5050.035000	2960.460000	1948.860000	2.481085	1.066277	-0.923008	0.971181	11.881682	4.288733	7.087007	-0.127143	-2.182180	2.289000	-1.861720	0.908079	0.122619	0.367553	-1.000000	-1.000000	-1.000000	-1.000000	-1.000000	-1.000000	-1.000000	74.551724	0.000000	-1.000000	-1.000000	1460268.000000	1772660809.208549
-26673.975000	-45115.290000	2373.975000	2035.620000	6035.895000	5062.140000	2974.860000	1946.250000	3.270031	-0.332321	-1.256456	2.365291	12.921024	8.258174	8.080754	1.022835	-2.182180	2.289000	-1.861720	0.908079	0.122619	0.367553	-1.000000	-1.000000	-1.000000	-1.000000	-1.000000	-1.000000	-1.000000	74.551724	0.000000	-1.000000	-1.000000	1460269.000000	1772660809.215335
-26664.930000	-45106.560000	2383.425000	2043.990000	6044.535000	5059.035000	2982.960000	1959.120000	1.035527	-4.408087	-4.199859	0.452504	5.490438	7.240460	6.424281	1.740407	-2.182180	2.289000	-1.861720	0.908079	0.122619	0.367553	-1.000000	-1.000000	-1.000000	-1.000000	-1.000000	-1.000000	-1.000000	74.551724	0.000000	-1.000000	-1.000000	1460270.000000	1772660809.215346
-26644.095000	-45114.300000	2371.545000	2031.975000	6048.270000	5051.565000	2975.580000	1964.520000	1.332536	-6.096134	-5.495133	-3.276800	-5.101665	2.224456	3.363519	3.274350	-2.502640	2.060100	-1.861720	0.909238	0.121093	0.365661	-1.000000	-1.000000	-1.000000	-1.000000	-1.000000	-1.000000	-1.000000	74.551724	0.000000	-1.000000	-1.000000	1460271.000000	1772660809.217250
-26661.285000	-45128.430000	2358.855000	2018.295000	6038.460000	5048.370000	2963.835000	1950.975000	5.011931	-3.786949	-3.613533	-6.681479	-12.227435	-3.957391	-0.234899	4.948339	-2.502640	2.060100	-1.861720	0.909238	0.121093	0.365661	-1.000000	-1.000000	-1.000000	-1.000000	-1.000000	-1.000000	-1.000000	74.551724	0.000000	-1.000000	-1.000000	1460272.000000	1772660809.217259
-26679.555000	-45109.260000	2373.705000	2025.450000	6039.540000	5052.375000	2967.705000	1926.855000	7.672804	0.218821	-0.388048	-8.286398	-13.124214	-8.052066	-3.161565	4.258239	-2.502640	2.060100	-1.861720	0.909238	0.121093	0.365661	-1.000000	-1.000000	-1.000000	-1.000000	-1.000000	-1.000000	-1.000000	74.551724	0.000000	-1.000000	-1.000000	1460273.000000	1772660809.220475
-26636.400000	-45090.045000	2384.235000	2025.540000	6032.565000	5053.905000	2984.085000	1937.385000	5.868466	4.190001	2.823945	-6.618674	-8.586391	-7.616194	-4.142160	0.021583	-2.502640	2.060100	-1.861720	0.909238	0.121093	0.365661	-1.000000	-1.000000	-1.000000	-1.000000	-1.000000	-1.000000	-1.000000	74.551724	0.000000	-1.000000	-1.000000	1460274.000000	1772660809.220481
-26631.180000	-45100.260000	2378.880000	2025.360000	6029.280000	5057.235000	2999.025000	1961.730000	1.810616	7.440403	5.307489	-2.268815	-2.264779	-3.447485	-2.724952	-5.098054	-2.502640	2.060100	-1.861720	0.909238	0.121093	0.365661	-1.000000	-1.000000	-1.000000	-1.000000	-1.000000	-1.000000	-1.000000	74.551724	0.000000	-1.000000	-1.000000	1460275.000000	1772660809.224397
-26658.270000	-45105.300000	2378.340000	2015.415000	6014.160000	5050.710000	2989.665000	1960.020000	-0.957042	8.491879	6.174224	2.172566	1.942152	1.373587	0.659587	-6.596018	-2.502640	2.060100	-1.861720	0.909238	0.121093	0.365661	-1.000000	-1.000000	-1.000000	-1.000000	-1.000000	-1.000000	-1.000000	74.551724	0.000000	-1.000000	-1.000000	1460276.000000	1772660809.224402
-26658.045000	-45110.745000	2373.660000	2022.120000	6017.535000	5056.470000	3002.670000	1952.145000	-2.225170	6.587006	5.642428	5.497467	3.618607	4.733080	4.268721	-3.150672	-2.502640	2.060100	-1.861720	0.909238	0.121093	0.365661	-1.000000	-1.000000	-1.000000	-1.000000	-1.000000	-1.000000	-1.000000	74.551724	0.000000	-1.000000	-1.000000	1460277.000000	1772660809.228368
-26633.025000	-45092.295000	2383.785000	2030.310000	6033.510000	5078.970000	3015.675000	1962.405000	-2.259697	3.391880	4.740194	8.166238	4.877547	6.258162	5.749380	2.375538	-2.502640	2.060100	-1.861720	0.909238	0.121093	0.365661	-1.000000	-1.000000	-1.000000	-1.000000	-1.000000	-1.000000	-1.000000	74.551724	0.000000	-1.000000	-1.000000	1460278.000000	1772660809.228372
-26621.010000	-45071.955000	2399.895000	2028.195000	6029.775000	5068.125000	2970.045000	1957.725000	-0.313850	1.341805	3.920616	9.659474	6.510062	6.165425	3.360081	6.202530	-2.502640	2.060100	-1.861720	0.909238	0.121093	0.365661	-1.000000	-1.000000	-1.000000	-1.000000	-1.000000	-1.000000	-1.000000	74.551724	0.000000	-1.000000	-1.000000	1460279.000000	1772660809.232423
-26646.390000	-45085.320000	2394.855000	2027.790000	6016.320000	5045.535000	2953.305000	1938.060000	2.049030	0.898655	2.961905	8.469178	6.886551	4.018485	-3.176157	5.883105	-2.502640	2.060100	-1.861720	0.909238	0.121093	0.365661	-1.000000	-1.000000	-1.000000	-1.000000	-1.000000	-1.000000	-1.000000	74.551724	0.000000	-1.000000	-1.000000	1460280.000000	1772660809.232428
-26640.405000	-45083.250000	2402.595000	2044.035000	6039.090000	5060.385000	2986.380000	1964.385000	1.826826	0.174378	1.254687	4.616729	4.784081	-0.328802	-10.218836	2.020720	-1.983800	2.548420	-1.846460	0.910947	0.124756	0.366393	-1.000000	-1.000000	-1.000000	-1.000000	-1.000000	-1.000000	-1.000000	74.551724	0.000000	-1.000000	-1.000000	1460281.000000	1772660809.236467
-26634.015000	-45077.580000	2411.055000	2059.380000	6061.860000	5058.135000	2963.385000	1968.750000	-1.119864	-2.604902	-1.614674	0.178467	1.997621	-4.747156	-12.113717	-1.533849	-1.983800	2.548420	-1.846460	0.910947	0.124756	0.366393	-1.000000	-1.000000	-1.000000	-1.000000	-1.000000	-1.000000	-1.000000	74.551724	0.000000	-1.000000	-1.000000	1460282.000000	1772660809.236475
-26661.060000	-45091.215000	2400.930000	2075.220000	6087.150000	5073.840000	2959.200000	1937.160000	-5.075325	-7.101555	-5.331841	-2.896494	1.133626	-6.510994	-8.059071	-2.716977	-1.983800	2.548420	-1.846460	0.910947	0.124756	0.366393	-1.000000	-1.000000	-1.000000	-1.000000	-1.000000	-1.000000	-1.000000	74.551724	0.000000	-1.000000	-1.000000	1460283.000000	1772660809.240503
-26655.345000	-45076.050000	2411.505000	2077.380000	6095.025000	5082.705000	2969.595000	1939.455000	-8.628600	-10.769705	-8.573085	-4.207070	2.237794	-4.770770	-1.654714	-3.709297	-1.983800	2.548420	-1.846460	0.910947	0.124756	0.366393	-1.000000	-1.000000	-1.000000	-1.000000	-1.000000	-1.000000	-1.000000	74.551724	0.000000	-1.000000	-1.000000	1460284.000000	1772660809.240509
-26669.700000	-45099.045000	2387.295000	2045.475000	6059.475000	5069.835000	2988.810000	1946.115000	-9.332315	-10.527839	-9.400808	-4.673190	2.800393	-0.702592	4.776096	-5.499178	-1.983800	2.548420	-1.846460	0.910947	0.124756	0.366393	-1.000000	-1.000000	-1.000000	-1.000000	-1.000000	-1.000000	-1.000000	74.551724	0.000000	-1.000000	-1.000000	1460285.000000	1772660809.244509
-26667.000000	-45107.730000	2378.475000	2022.210000	6015.060000	5049.810000	2987.910000	1943.685000	-5.373312	-6.016062	-7.288528	-6.027861	-0.694516	2.521641	10.026120	-5.629041	-1.983800	2.548420	-1.846460	0.910947	0.124756	0.366393	-1.000000	-1.000000	-1.000000	-1.000000	-1.000000	-1.000000	-1.000000	74.551724	0.000000	-1.000000	-1.000000	1460286.000000	1772660809.244516
-26657.505000	-45128.520000	2354.310000	1981.755000	5986.125000	5042.160000	3003.030000	1958.670000	1.461847	-0.467717	-4.043310	-9.393555	-9.685580	1.743431	12.213565	-2.500023	-1.983800	2.548420	-1.846460	0.910947	0.124756	0.366393	-1.000000	-1.000000	-1.000000	-1.000000	-1.000000	-1.000000	-1.000000	74.551724	0.000000	-1.000000	-1.000000	1460287.000000	1772660809.248544
-26636.220000	-45116.550000	2354.400000	1981.980000	5993.145000	5049.270000	3021.120000	1978.920000	7.776986	2.816047	-1.707252	-13.155596	-19.714527	-2.084777	11.246971	2.975365	-1.983800	2.548420	-1.846460	0.910947	0.124756	0.366393	-1.000000	-1.000000	-1.000000	-1.000000	-1.000000	-1.000000	-1.000000	74.551724	0.000000	-1.000000	-1.000000	1460288.000000	1772660809.248550
-26627.130000	-45079.515000	2386.530000	2039.760000	6030.450000	5059.980000	2987.325000	1974.780000	11.853421	4.471802	0.275042	-12.422838	-22.035788	-4.252888	8.403074	8.635109	-1.983800	2.548420	-1.846460	0.910947	0.124756	0.366393	-1.000000	-1.000000	-1.000000	-1.000000	-1.000000	-1.000000	-1.000000	74.551724	0.000000	-1.000000	-1.000000	1460289.000000	1772660809.252717
-26642.880000	-45084.780000	2393.325000	2062.395000	6065.235000	5069.250000	2963.385000	1955.610000	12.823144	7.119915	4.030704	-3.161665	-11.554089	-1.798271	2.572501	10.951896	-1.983800	2.548420	-1.846460	0.910947	0.124756	0.366393	-1.000000	-1.000000	-1.000000	-1.000000	-1.000000	-1.000000	-1.000000	74.551724	0.000000	-1.000000	-1.000000	1460290.000000	1772660809.252723
-26651.295000	-45096.885000	2383.335000	2036.970000	6058.080000	5063.850000	2952.855000	1946.610000	9.101544	9.813068	8.845517	11.103171	7.018983	3.387600	-6.908961	7.043537	-3.662400	2.365300	-1.571780	0.909421	0.127563	0.369445	-1.000000	-1.000000	-1.000000	-1.000000	-1.000000	-1.000000	-1.000000	74.551724	0.000000	-1.000000	-1.000000	1460291.000000	1772660809.256618
-26642.700000	-45081.540000	2403.900000	2049.435000	6062.580000	5068.980000	2964.105000	1953.135000	1.213880	9.327817	11.427340	20.687697	22.149877	6.915651	-15.765618	-1.214861	-3.662400	2.365300	-1.571780	0.909421	0.127563	0.369445	-1.000000	-1.000000	-1.000000	-1.000000	-1.000000	-1.000000	-1.000000	74.551724	0.000000	-1.000000	-1.000000	1460292.000000	1772660809.256623
-26662.005000	-45097.425000	2381.445000	2022.885000	6038.955000	5064.030000	2984.760000	1951.650000	-6.758191	5.124711	10.001512	19.556056	25.213420	6.202983	-17.961491	-8.313395	-3.662400	2.365300	-1.571780	0.909421	0.127563	0.369445	-1.000000	-1.000000	-1.000000	-1.000000	-1.000000	-1.000000	-1.000000	74.551724	0.000000	-1.000000	-1.000000	1460293.000000	1772660809.261831
-26688.870000	-45110.160000	2371.635000	2031.030000	6032.745000	5068.800000	3002.445000	1940.310000	-11.292544	-0.728699	5.131615	10.107576	16.701064	2.457916	-11.415611	-10.552940	-3.662400	2.365300	-1.571780	0.909421	0.127563	0.369445	-1.000000	-1.000000	-1.000000	-1.000000	-1.000000	-1.000000	-1.000000	74.551724	0.000000	-1.000000	-1.000000	1460294.000000	1772660809.261840
-26681.265000	-45068.490000	2422.035000	2080.710000	6078.420000	5103.855000	3010.140000	1940.355000	-11.895751	-5.128394	-0.453694	0.142873	4.526028	-0.719286	0.380721	-8.226845	-3.662400	2.365300	-1.571780	0.909421	0.127563	0.369445	-1.000000	-1.000000	-1.000000	-1.000000	-1.000000	-1.000000	-1.000000	74.551724	0.000000	-1.000000	-1.000000	1460295.000000	1772660809.264519
-26626.455000	-45056.070000	2424.735000	2046.645000	6045.075000	5074.605000	2963.835000	1947.870000	-8.701526	-5.100399	-2.787756	-3.766407	-3.290688	-0.973319	10.387789	-3.704708	-3.662400	2.365300	-1.571780	0.909421	0.127563	0.369445	-1.000000	-1.000000	-1.000000	-1.000000	-1.000000	-1.000000	-1.000000	74.551724	0.000000	-1.000000	-1.000000	1460296.000000	1772660809.264528
-26614.845000	-45096.795000	2386.530000	2018.520000	5998.725000	5026.995000	2947.005000	1959.030000	-1.491962	-1.781435	-1.859995	-3.211864	-6.519463	-0.606248	12.395608	0.941163	-3.662400	2.365300	-1.571780	0.909421	0.127563	0.369445	-1.000000	-1.000000	-1.000000	-1.000000	-1.000000	-1.000000	-1.000000	74.551724	0.000000	-1.000000	-1.000000	1460297.000000	1772660809.268503
-26664.885000	-45111.465000	2383.380000	2023.290000	6035.625000	5049.225000	2976.345000	1938.780000	6.810618	-0.917124	-2.700933	-5.265635	-10.194087	-3.404079	6.894135	4.520851	-3.662400	2.365300	-1.571780	0.909421	0.127563	0.369445	-1.000000	-1.000000	-1.000000	-1.000000	-1.000000	-1.000000	-1.000000	74.551724	0.000000	-1.000000	-1.000000	1460298.000000	1772660809.268510
-26659.890000	-45111.555000	2374.110000	2003.265000	6033.195000	5066.505000	3010.635000	1964.070000	10.425109	-5.192904	-7.809224	-12.084188	-14.878951	-7.795852	1.399574	6.504895	-3.662400	2.365300	-1.571780	0.909421	0.127563	0.369445	-1.000000	-1.000000	-1.000000	-1.000000	-1.000000	-1.000000	-1.000000	74.551724	0.000000	-1.000000	-1.000000	1460299.000000	1772660809.273936
-26634.915000	-45100.710000	2368.620000	2023.515000	6025.635000	5048.370000	2986.830000	1973.835000	7.698447	-10.040060	-13.401339	-18.013587	-16.341883	-8.845460	1.469527	7.445859	-3.662400	2.365300	-1.571780	0.909421	0.127563	0.369445	-1.000000	-1.000000	-1.000000	-1.000000	-1.000000	-1.000000	-1.000000	74.551724	0.000000	-1.000000	-1.000000	1460300.000000	1772660809.273943
-26635.410000	-45096.075000	2378.970000	2034.585000	6024.015000	5048.865000	2976.930000	1956.420000	2.776827	-9.590041	-14.172553	-16.022724	-11.900535	-5.276608	4.058375	7.431757	-2.289000	2.838360	-0.671440	0.910520	0.125122	0.368102	-1.000000	-1.000000	-1.000000	-1.000000	-1.000000	-1.000000	-1.000000	74.551724	0.000000	-1.000000	-1.000000	1460301.000000	1772660809.276609
-26655.480000	-45107.010000	2365.650000	2003.265000	6012.585000	5046.390000	2997.945000	1958.940000	-0.406447	-2.799584	-7.909522	-4.892642	-2.346007	0.463496	3.107813	5.013440	-2.289000	2.838360	-0.671440	0.910520	0.125122	0.368102	-1.000000	-1.000000	-1.000000	-1.000000	-1.000000	-1.000000	-1.000000	74.551724	0.000000	-1.000000	-1.000000	1460302.000000	1772660809.276618
-26669.475000	-45090.045000	2395.305000	2049.570000	6065.550000	5079.780000	3000.105000	1968.705000	-1.505880	6.638320	3.219577	9.469110	9.325035	5.898344	-2.251079	0.277845	-2.289000	2.838360	-0.671440	0.910520	0.125122	0.368102	-1.000000	-1.000000	-1.000000	-1.000000	-1.000000	-1.000000	-1.000000	74.551724	0.000000	-1.000000	-1.000000	1460303.000000	1772660809.280846
-26660.925000	-45097.695000	2393.280000	2047.950000	6055.605000	5056.425000	2935.395000	1947.285000	-2.435621	13.133119	13.591011	19.646628	18.906140	9.212083	-8.767245	-4.582318	-2.289000	2.838360	-0.671440	0.910520	0.125122	0.368102	-1.000000	-1.000000	-1.000000	-1.000000	-1.000000	-1.000000	-1.000000	74.551724	0.000000	-1.000000	-1.000000	1460304.000000	1772660809.280854
-26636.535000	-45100.350000	2383.335000	2054.610000	6061.770000	5052.960000	2941.920000	1943.235000	-4.602012	12.827879	17.723491	22.089145	22.460001	9.250002	-13.075229	-8.334631	-2.289000	2.838360	-0.671440	0.910520	0.125122	0.368102	-1.000000	-1.000000	-1.000000	-1.000000	-1.000000	-1.000000	-1.000000	74.551724	0.000000	-1.000000	-1.000000	1460305.000000	1772660809.284542
-26652.195000	-45122.985000	2364.705000	2025.765000	6055.785000	5059.755000	2957.895000	1947.240000	-6.726370	6.563660	14.041159	16.795053	18.361600	6.762301	-11.874161	-10.293605	-2.289000	2.838360	-0.671440	0.910520	0.125122	0.368102	-1.000000	-1.000000	-1.000000	-1.000000	-1.000000	-1.000000	-1.000000	74.551724	0.000000	-1.000000	-1.000000	1460306.000000	1772660809.284548
-26639.415000	-45100.890000	2373.660000	2012.580000	6044.535000	5061.825000	2977.605000	1951.785000	-5.777795	-1.148820	5.232524	5.199844	7.200716	3.179787	-4.134388	-8.820407	-2.289000	2.838360	-0.671440	0.910520	0.125122	0.368102	-1.000000	-1.000000	-1.000000	-1.000000	-1.000000	-1.000000	-1.000000	74.551724	0.000000	-1.000000	-1.000000	1460307.000000	1772660809.288539
-26642.790000	-45081.135000	2395.710000	2037.150000	6046.065000	5066.505000	2987.775000	1952.415000	-0.810095	-5.523237	-3.479200	-8.427997	-7.884711	-1.053549	6.437619	-3.640898	-2.289000	2.838360	-0.671440	0.910520	0.125122	0.368102	-1.000000	-1.000000	-1.000000	-1.000000	-1.000000	-1.000000	-1.000000	74.551724	0.000000	-1.000000	-1.000000	1460308.000000	1772660809.288551
-26677.035000	-45099.270000	2386.485000	2052.180000	6060.330000	5071.095000	2991.015000	1945.080000	4.462259	-5.045707	-7.621448	-17.172774	-20.026278	-4.884757	14.523103	2.601077	-2.289000	2.838360	-0.671440	0.910520	0.125122	0.368102	-1.000000	-1.000000	-1.000000	-1.000000	-1.000000	-1.000000	-1.000000	74.551724	0.000000	-1.000000	-1.000000	1460309.000000	1772660809.292416
-26678.205000	-45096.165000	2396.115000	2050.290000	6053.355000	5063.895000	2985.255000	1931.940000	5.377281	-2.365333	-6.746414	-16.764482	-22.544104	-6.550100	16.515222	6.714589	-2.289000	2.838360	-0.671440	0.910520	0.125122	0.368102	-1.000000	-1.000000	-1.000000	-1.000000	-1.000000	-1.000000	-1.000000	74.551724	0.000000	-1.000000	-1.000000	1460310.000000	1772660809.292422
-26657.190000	-45106.965000	2376.990000	2031.615000	6042.330000	5053.230000	2979.495000	1944.765000	2.755763	-0.513239	-3.556947	-9.035431	-15.085100	-6.081815	10.989777	7.429668	-0.686700	3.692920	-1.556520	0.911924	0.123352	0.368224	-1.000000	-1.000000	-1.000000	-1.000000	-1.000000	-1.000000	-1.000000	74.551724	0.000000	-1.000000	-1.000000	1460311.000000	1772660809.296506
-26644.680000	-45108.630000	2373.570000	2024.865000	6033.195000	5044.950000	2968.425000	1955.655000	1.420055	-0.660853	-1.622726	-0.565946	-4.150415	-5.398460	0.204916	5.838171	-0.686700	3.692920	-1.556520	0.911924	0.123352	0.368224	-1.000000	-1.000000	-1.000000	-1.000000	-1.000000	-1.000000	-1.000000	74.551724	0.000000	-1.000000	-1.000000	1460312.000000	1772660809.296513
-26630.910000	-45097.470000	2387.610000	2042.235000	6044.535000	5064.300000	3000.015000	1973.610000	2.859389	-2.303062	-2.522108	3.390093	3.711084	-4.786279	-8.882782	4.254410	-0.686700	3.692920	-1.556520	0.911924	0.123352	0.368224	-1.000000	-1.000000	-1.000000	-1.000000	-1.000000	-1.000000	-1.000000	74.551724	0.000000	-1.000000	-1.000000	1460313.000000	1772660809.300604
-26631.990000	-45097.515000	2382.885000	2028.420000	6028.875000	5054.220000	2988.810000	1964.475000	4.060914	-3.053397	-3.655656	3.567080	7.306672	-2.059761	-10.059889	3.759919	-0.686700	3.692920	-1.556520	0.911924	0.123352	0.368224	-1.000000	-1.000000	-1.000000	-1.000000	-1.000000	-1.000000	-1.000000	74.551724	0.000000	-1.000000	-1.000000	1460314.000000	1772660809.300611
-26640.180000	-45093.555000	2385.045000	2038.410000	6034.230000	5056.470000	3000.780000	1960.200000	2.643077	-0.952946	-1.953911	3.321391	8.063153	2.820639	-4.836769	2.939443	-0.686700	3.692920	-1.556520	0.911924	0.123352	0.368224	-1.000000	-1.000000	-1.000000	-1.000000	-1.000000	-1.000000	-1.000000	74.551724	0.000000	-1.000000	-1.000000	1460315.000000	1772660809.304592
-26621.865000	-45086.895000	2390.085000	2041.605000	6031.710000	5050.935000	2965.230000	1963.620000	-0.613908	2.727571	1.929820	4.280468	6.997098	6.508010	-0.264127	0.100587	-0.686700	3.692920	-1.556520	0.911924	0.123352	0.368224	-1.000000	-1.000000	-1.000000	-1.000000	-1.000000	-1.000000	-1.000000	74.551724	0.000000	-1.000000	-1.000000	1460316.000000	1772660809.304598
-26614.890000	-45077.265000	2402.820000	2047.005000	6037.380000	5053.590000	2959.155000	1966.095000	-3.259354	4.961596	5.129147	5.397284	5.072872	6.531344	-1.138988	-4.117971	-0.686700	3.692920	-1.556520	0.911924	0.123352	0.368224	-1.000000	-1.000000	-1.000000	-1.000000	-1.000000	-1.000000	-1.000000	74.551724	0.000000	-1.000000	-1.000000	1460317.000000	1772660809.308665
-26610.120000	-45054.225000	2424.600000	2041.695000	6052.005000	5066.865000	2971.755000	1971.810000	-3.219345	4.791136	6.145153	4.346950	3.236505	3.750787	-5.690054	-7.064342	-0.686700	3.692920	-1.556520	0.911924	0.123352	0.368224	-1.000000	-1.000000	-1.000000	-1.000000	-1.000000	-1.000000	-1.000000	74.551724	0.000000	-1.000000	-1.000000	1460318.000000	1772660809.308672
-26637.075000	-45070.290000	2416.590000	2052.765000	6051.825000	5065.470000	2972.205000	1966.545000	-1.022208	3.535106	5.487110	1.066390	2.316068	0.920855	-8.176094	-6.666998	-0.686700	3.692920	-1.556520	0.911924	0.123352	0.368224	-1.000000	-1.000000	-1.000000	-1.000000	-1.000000	-1.000000	-1.000000	74.551724	0.000000	-1.000000	-1.000000	1460319.000000	1772660809.312653
-26649.090000	-45094.545000	2385.135000	2037.960000	6043.185000	5063.310000	2980.665000	1960.335000	-0.131043	1.385609	3.199420	-2.034715	2.107696	-0.317636	-5.059996	-3.818517	-0.686700	3.692920	-1.556520	0.911924	0.123352	0.368224	-1.000000	-1.000000	-1.000000	-1.000000	-1.000000	-1.000000	-1.000000	74.551724	0.000000	-1.000000	-1.000000	1460320.000000	1772660809.312660
-26659.710000	-45112.140000	2366.460000	2024.775000	6038.370000	5061.195000	2993.265000	1952.145000	-3.139469	-2.869163	-1.771524	-3.837142	0.999299	-0.525353	2.738450	-1.401774	-3.265640	4.318580	-1.098720	0.910032	0.127380	0.367675	-1.000000	-1.000000	-1.000000	-1.000000	-1.000000	-1.000000	-1.000000	74.551724	0.000000	-1.000000	-1.000000	1460321.000000	1772660809.316518
-26642.070000	-45102.645000	2390.625000	2063.295000	6072.255000	5077.710000	2981.340000	1960.785000	-8.246807	-8.318901	-8.148569	-4.448771	-1.281117	-0.610441	10.971856	-0.876344	-3.265640	4.318580	-1.098720	0.910032	0.127380	0.367675	-1.000000	-1.000000	-1.000000	-1.000000	-1.000000	-1.000000	-1.000000	74.551724	0.000000	-1.000000	-1.000000	1460322.000000	1772660809.316525
-26653.860000	-45107.550000	2392.650000	2075.220000	6077.655000	5081.580000	2978.955000	1951.155000	-10.533925	-11.167288	-11.191483	-2.634670	-2.534458	-0.466728	14.239823	-1.052366	-3.265640	4.318580	-1.098720	0.910032	0.127380	0.367675	-1.000000	-1.000000	-1.000000	-1.000000	-1.000000	-1.000000	-1.000000	74.551724	0.000000	-1.000000	-1.000000	1460323.000000	1772660809.321490
-26668.620000	-45078.255000	2412.135000	2078.685000	6072.660000	5082.480000	2993.895000	1950.480000	-7.098492	-8.380793	-7.607048	1.933946	-1.685638	0.001032	10.420818	-0.287218	-3.265640	4.318580	-1.098720	0.910032	0.127380	0.367675	-1.000000	-1.000000	-1.000000	-1.000000	-1.000000	-1.000000	-1.000000	74.551724	0.000000	-1.000000	-1.000000	1460324.000000	1772660809.321498
-26677.035000	-45071.595000	2417.220000	2060.010000	6067.080000	5072.580000	2959.380000	1923.750000	-0.201320	-0.666973	0.650126	5.846953	-0.620885	-0.003866	2.428585	1.141705	-3.265640	4.318580	-1.098720	0.910032	0.127380	0.367675	-1.000000	-1.000000	-1.000000	-1.000000	-1.000000	-1.000000	-1.000000	74.551724	0.000000	-1.000000	-1.000000	1460325.000000	1772660809.327380
-26657.280000	-45076.815000	2415.015000	2042.865000	6049.710000	5064.300000	2971.845000	1927.485000	6.172024	7.673219	8.122753	4.780391	-1.672730	-1.395961	-5.367939	1.743160	-3.265640	4.318580	-1.098720	0.910032	0.127380	0.367675	-1.000000	-1.000000	-1.000000	-1.000000	-1.000000	-1.000000	-1.000000	74.551724	0.000000	-1.000000	-1.000000	1460326.000000	1772660809.327388
-26620.425000	-45089.820000	2383.200000	1994.760000	6006.555000	5041.890000	3014.640000	1978.965000	11.018964	11.464150	9.711988	-2.101647	-5.615547	-4.264235	-9.400601	2.084221	-3.265640	4.318580	-1.098720	0.910032	0.127380	0.367675	-1.000000	-1.000000	-1.000000	-1.000000	-1.000000	-1.000000	-1.000000	74.551724	0.000000	-1.000000	-1.000000	1460327.000000	1772660809.328582
-26613.495000	-45096.120000	2382.930000	2046.510000	6041.295000	5055.930000	3007.935000	1990.665000	15.192851	8.900605	4.566845	-10.440648	-10.273597	-7.083696	-7.629800	4.706696	-3.265640	4.318580	-1.098720	0.910032	0.127380	0.367675	-1.000000	-1.000000	-1.000000	-1.000000	-1.000000	-1.000000	-1.000000	74.551724	0.000000	-1.000000	-1.000000	1460328.000000	1772660809.328589
-26646.570000	-45110.160000	2379.285000	2062.935000	6057.855000	5048.370000	2917.260000	1935.810000	16.888544	2.847805	-2.580122	-12.565904	-10.362054	-7.100869	-3.139309	8.531061	-3.265640	4.318580	-1.098720	0.910032	0.127380	0.367675	-1.000000	-1.000000	-1.000000	-1.000000	-1.000000	-1.000000	-1.000000	74.551724	0.000000	-1.000000	-1.000000	1460329.000000	1772660809.332699
-26658.360000	-45098.955000	2383.920000	2045.070000	6039.900000	5056.425000	2948.940000	1928.610000	11.847356	-2.420131	-5.970222	-5.148677	-3.270143	-3.131260	-2.110470	8.017435	-3.265640	4.318580	-1.098720	0.910032	0.127380	0.367675	-1.000000	-1.000000	-1.000000	-1.000000	-1.000000	-1.000000	-1.000000	74.551724	0.000000	-1.000000	-1.000000	1460330.000000	1772660809.332706
-26640.630000	-45089.910000	2390.400000	2023.965000	6010.785000	5055.660000	2978.460000	1955.250000	-0.270528	-4.307910	-4.214822	5.435904	5.878522	2.836935	-4.247365	1.301073	-4.623780	4.211760	-1.083460	0.908689	0.127563	0.368896	-1.000000	-1.000000	-1.000000	-1.000000	-1.000000	-1.000000	-1.000000	74.551724	0.000000	-1.000000	-1.000000	1460331.000000	1772660809.336627
-26650.890000	-45090.720000	2397.330000	2018.655000	6003.360000	5062.410000	2978.910000	1958.895000	-12.997073	-2.898934	0.085909	10.177424	9.705317	7.578623	-3.534632	-6.252968	-4.623780	4.211760	-1.083460	0.908689	0.127563	0.368896	-1.000000	-1.000000	-1.000000	-1.000000	-1.000000	-1.000000	-1.000000	74.551724	0.000000	-1.000000	-1.000000	1460332.000000	1772660809.336632
-26664.795000	-45092.430000	2400.030000	2042.235000	6004.035000	5051.160000	2961.630000	1946.430000	-19.159251	-0.780254	3.576678	7.358639	6.931321	9.047109	1.665972	-8.987111	-4.623780	4.211760	-1.083460	0.908689	0.127563	0.368896	-1.000000	-1.000000	-1.000000	-1.000000	-1.000000	-1.000000	-1.000000	74.551724	0.000000	-1.000000	-1.000000	1460333.000000	1772660809.344152
-26653.455000	-45095.445000	2393.505000	2057.085000	6010.785000	5046.795000	2973.510000	1958.985000	-16.844052	-0.562206	4.105010	2.543792	2.188176	7.037945	7.693773	-6.212258	-4.623780	4.211760	-1.083460	0.908689	0.127563	0.368896	-1.000000	-1.000000	-1.000000	-1.000000	-1.000000	-1.000000	-1.000000	74.551724	0.000000	-1.000000	-1.000000	1460334.000000	1772660809.344159
-26647.110000	-45097.605000	2374.335000	2025.405000	6023.160000	5038.830000	2966.355000	1944.630000	-8.840092	-2.113446	1.555240	0.972957	0.530814	2.889225	10.566382	-1.067612	-4.623780	4.211760	-1.083460	0.908689	0.127563	0.368896	-1.000000	-1.000000	-1.000000	-1.000000	-1.000000	-1.000000	-1.000000	74.551724	0.000000	-1.000000	-1.000000	1460335.000000	1772660809.344434
-26649.855000	-45088.695000	2388.330000	2030.040000	6073.155000	5057.595000	2960.415000	1933.380000	0.053914	-3.002774	-1.849450	2.406822	4.115229	-0.992597	7.701753	1.605422	-4.623780	4.211760	-1.083460	0.908689	0.127563	0.368896	-1.000000	-1.000000	-1.000000	-1.000000	-1.000000	-1.000000	-1.000000	74.551724	0.000000	-1.000000	-1.000000	1460336.000000	1772660809.344440
-26641.890000	-45089.190000	2388.105000	2030.895000	6083.595000	5075.055000	2971.980000	1938.960000	6.147619	-1.106805	-2.869898	3.011478	10.637791	-2.335676	0.655323	-0.335473	-4.623780	4.211760	-1.083460	0.908689	0.127563	0.368896	-1.000000	-1.000000	-1.000000	-1.000000	-1.000000	-1.000000	-1.000000	74.551724	0.000000	-1.000000	-1.000000	1460337.000000	1772660809.348489
-26633.565000	-45089.055000	2386.260000	2035.755000	6058.035000	5066.460000	2982.465000	1949.130000	9.242738	3.092233	-0.552705	0.421041	13.648837	-0.963012	-4.165625	-2.851239	-4.623780	4.211760	-1.083460	0.908689	0.127563	0.368896	-1.000000	-1.000000	-1.000000	-1.000000	-1.000000	-1.000000	-1.000000	74.551724	0.000000	-1.000000	-1.000000	1460338.000000	1772660809.348494
-26667.405000	-45111.825000	2373.885000	2064.150000	6059.160000	5063.535000	3000.285000	1954.710000	10.005448	6.198700	2.452892	-3.283389	8.224485	0.664038	-2.887024	-1.152011	-4.623780	4.211760	-1.083460	0.908689	0.127563	0.368896	-1.000000	-1.000000	-1.000000	-1.000000	-1.000000	-1.000000	-1.000000	74.551724	0.000000	-1.000000	-1.000000	1460339.000000	1772660809.352780
-26657.145000	-45099.900000	2390.895000	2078.550000	6068.745000	5075.685000	3007.440000	1964.250000	7.378336	4.971503	3.029060	-3.874611	-3.189631	0.178725	1.232450	3.758541	-4.623780	4.211760	-1.083460	0.908689	0.127563	0.368896	-1.000000	-1.000000	-1.000000	-1.000000	-1.000000	-1.000000	-1.000000	74.551724	0.000000	-1.000000	-1.000000	1460340.000000	1772660809.352787
-26638.830000	-45099.675000	2385.855000	2057.445000	6055.875000	5068.260000	2990.520000	1959.570000	2.224752	0.075469	0.866292	-0.720261	-13.461170	-2.101691	2.963884	7.447392	-1.770160	5.264700	-1.388660	0.909727	0.124572	0.369933	-1.000000	-1.000000	-1.000000	-1.000000	-1.000000	-1.000000	-1.000000	74.551724	0.000000	-1.000000	-1.000000	1460341.000000	1772660809.356551
-26649.855000	-45100.395000	2383.920000	2032.965000	6037.245000	5052.870000	2962.575000	1944.675000	-1.722402	-4.823209	-2.241324	1.505721	-18.054530	-4.399399	0.281312	7.120138	-1.770160	5.264700	-1.388660	0.909727	0.124572	0.369933	-1.000000	-1.000000	-1.000000	-1.000000	-1.000000	-1.000000	-1.000000	74.551724	0.000000	-1.000000	-1.000000	1460342.000000	1772660809.356558
-26649.720000	-45113.220000	2367.000000	2011.545000	5998.095000	5031.855000	2955.735000	1944.630000	-3.022866	-6.887996	-4.462500	-1.308416	-17.450813	-5.667465	-5.486441	2.824342	-1.770160	5.264700	-1.388660	0.909727	0.124572	0.369933	-1.000000	-1.000000	-1.000000	-1.000000	-1.000000	-1.000000	-1.000000	74.551724	0.000000	-1.000000	-1.000000	1460343.000000	1772660809.360858
-26653.410000	-45110.205000	2369.385000	2031.345000	5999.895000	5036.805000	2980.935000	1944.495000	-3.456129	-5.654094	-4.563422	-6.654589	-14.141913	-5.594906	-10.631029	-3.125754	-1.770160	5.264700	-1.388660	0.909727	0.124572	0.369933	-1.000000	-1.000000	-1.000000	-1.000000	-1.000000	-1.000000	-1.000000	74.551724	0.000000	-1.000000	-1.000000	1460344.000000	1772660809.360865
-26646.570000	-45091.800000	2391.885000	2049.435000	6025.230000	5044.680000	2976.660000	1949.355000	-4.154245	-1.927729	-2.042420	-8.224389	-9.272915	-3.958235	-10.821144	-7.357909	-1.770160	5.264700	-1.388660	0.909727	0.124572	0.369933	-1.000000	-1.000000	-1.000000	-1.000000	-1.000000	-1.000000	-1.000000	74.551724	0.000000	-1.000000	-1.000000	1460345.000000	1772660809.366124
-26647.380000	-45089.055000	2394.540000	2041.830000	6034.860000	5040.720000	2941.560000	1941.480000	-4.278177	3.158904	2.474526	-3.723016	-2.123518	-1.011772	-5.297471	-7.621405	-1.770160	5.264700	-1.388660	0.909727	0.124572	0.369933	-1.000000	-1.000000	-1.000000	-1.000000	-1.000000	-1.000000	-1.000000	74.551724	0.000000	-1.000000	-1.000000	1460346.000000	1772660809.366132
-26631.270000	-45076.140000	2410.830000	2067.660000	6072.885000	5071.455000	2950.560000	1949.580000	-2.555062	7.838826	7.056194	3.483721	8.075774	2.765066	1.746561	-4.309153	-1.770160	5.264700	-1.388660	0.909727	0.124572	0.369933	-1.000000	-1.000000	-1.000000	-1.000000	-1.000000	-1.000000	-1.000000	74.551724	0.000000	-1.000000	-1.000000	1460347.000000	1772660809.368626
-26655.885000	-45103.005000	2392.740000	2065.905000	6065.460000	5078.115000	2969.460000	1935.540000	0.976844	9.696390	9.044005	8.735788	19.286004	7.027348	6.028344	-0.064159	-1.770160	5.264700	-1.388660	0.909727	0.124572	0.369933	-1.000000	-1.000000	-1.000000	-1.000000	-1.000000	-1.000000	-1.000000	74.551724	0.000000	-1.000000	-1.000000	1460348.000000	1772660809.368633
-26669.430000	-45116.550000	2373.480000	2049.345000	6046.335000	5069.340000	2992.410000	1931.310000	3.812864	6.519533	6.025752	9.096381	25.459852	10.041341	7.389899	2.230146	-1.770160	5.264700	-1.388660	0.909727	0.124572	0.369933	-1.000000	-1.000000	-1.000000	-1.000000	-1.000000	-1.000000	-1.000000	74.551724	0.000000	-1.000000	-1.000000	1460349.000000	1772660809.372579
-26631.630000	-45094.005000	2395.665000	2062.125000	6053.580000	5060.520000	2977.290000	1962.540000	3.664179	-1.037612	-1.522831	4.852521	21.481381	9.188385	8.085171	2.423058	-1.770160	5.264700	-1.388660	0.909727	0.124572	0.369933	-1.000000	-1.000000	-1.000000	-1.000000	-1.000000	-1.000000	-1.000000	74.551724	0.000000	-1.000000	-1.000000	1460350.000000	1772660809.372587
-26626.770000	-45098.190000	2386.035000	2039.895000	6046.830000	5047.605000	2961.675000	1960.650000	2.109175	-8.100192	-8.731353	-0.519349	9.227518	4.234946	8.611161	3.092175	-3.708180	4.440660	-2.319520	0.908079	0.125854	0.370849	-1.000000	-1.000000	-1.000000	-1.000000	-1.000000	-1.000000	-1.000000	74.551724	0.000000	-1.000000	-1.000000	1460351.000000	1772660809.378721
-26628.480000	-45071.415000	2420.010000	2092.275000	6077.430000	5075.190000	2989.710000	1959.030000	1.579374	-9.617189	-10.181626	-3.045236	-3.867084	-1.741441	7.309990	5.046921	-3.708180	4.440660	-2.319520	0.908079	0.125854	0.370849	-1.000000	-1.000000	-1.000000	-1.000000	-1.000000	-1.000000	-1.000000	74.551724	0.000000	-1.000000	-1.000000	1460352.000000	1772660809.378730
-26656.335000	-45071.595000	2430.540000	2105.820000	6072.705000	5074.605000	2974.635000	1940.130000	1.246617	-4.894146	-4.627971	-1.050477	-11.710250	-5.164735	3.229356	5.682849	-3.708180	4.440660	-2.319520	0.908079	0.125854	0.370849	-1.000000	-1.000000	-1.000000	-1.000000	-1.000000	-1.000000	-1.000000	74.551724	0.000000	-1.000000	-1.000000	1460353.000000	1772660809.380656
-26661.600000	-45086.805000	2410.515000	2081.160000	6048.405000	5055.570000	2952.765000	1932.390000	-1.034474	1.829874	3.490252	2.666600	-14.397750	-5.662395	-2.777053	2.677378	-3.708180	4.440660	-2.319520	0.908079	0.125854	0.370849	-1.000000	-1.000000	-1.000000	-1.000000	-1.000000	-1.000000	-1.000000	74.551724	0.000000	-1.000000	-1.000000	1460354.000000	1772660809.380663
-26635.140000	-45072.045000	2418.345000	2068.380000	6050.430000	5061.285000	2957.715000	1947.825000	-4.627558	5.257425	7.547958	2.729216	-15.300400	-5.510539	-8.273194	-2.699179	-3.708180	4.440660	-2.319520	0.908079	0.125854	0.370849	-1.000000	-1.000000	-1.000000	-1.000000	-1.000000	-1.000000	-1.000000	74.551724	0.000000	-1.000000	-1.000000	1460355.000000	1772660809.384642
-26643.195000	-45091.530000	2393.415000	2034.135000	6007.770000	5049.045000	2963.385000	1941.930000	-6.112572	3.891363	4.846939	-3.292549	-15.773263	-6.075237	-10.571279	-6.701751	-3.708180	4.440660	-2.319520	0.908079	0.125854	0.370849	-1.000000	-1.000000	-1.000000	-1.000000	-1.000000	-1.000000	-1.000000	74.551724	0.000000	-1.000000	-1.000000	1460356.000000	1772660809.384648
-26643.195000	-45114.615000	2354.670000	2018.295000	6010.830000	5051.430000	2977.785000	1950.885000	-3.432277	-0.190984	-2.386408	-12.512487	-14.601641	-6.762543	-9.058776	-6.805735	-3.708180	4.440660	-2.319520	0.908079	0.125854	0.370849	-1.000000	-1.000000	-1.000000	-1.000000	-1.000000	-1.000000	-1.000000	74.551724	0.000000	-1.000000	-1.000000	1460357.000000	1772660809.388956
-26634.105000	-45101.205000	2373.795000	2015.910000	6025.635000	5059.035000	2978.370000	1957.275000	1.811257	-4.161043	-9.557804	-18.379524	-9.111371	-5.597048	-4.933670	-3.303829	-3.708180	4.440660	-2.319520	0.908079	0.125854	0.370849	-1.000000	-1.000000	-1.000000	-1.000000	-1.000000	-1.000000	-1.000000	74.551724	0.000000	-1.000000	-1.000000	1460358.000000	1772660809.388963
-26683.380000	-45126.585000	2368.260000	2011.995000	6029.370000	5053.320000	2973.735000	1935.045000	5.196406	-6.041069	-11.850848	-15.378667	1.920383	-0.938798	0.511597	0.997748	-3.708180	4.440660	-2.319520	0.908079	0.125854	0.370849	-1.000000	-1.000000	-1.000000	-1.000000	-1.000000	-1.000000	-1.000000	74.551724	0.000000	-1.000000	-1.000000	1460359.000000	1772660809.392600
-26666.865000	-45123.480000	2355.030000	1999.935000	6023.430000	5038.605000	2980.260000	1942.245000	3.082433	-5.563741	-7.632301	-3.946111	14.734748	5.689027	5.770052	2.831541	-3.708180	4.440660	-2.319520	0.908079	0.125854	0.370849	-1.000000	-1.000000	-1.000000	-1.000000	-1.000000	-1.000000	-1.000000	74.551724	0.000000	-1.000000	-1.000000	1460360.000000	1772660809.392606
-26639.235000	-45107.415000	2363.895000	2045.205000	6047.730000	5050.935000	2976.660000	1951.065000	-2.042865	-3.236535	0.023113	9.833915	22.675948	10.054676	8.453929	2.047397	-4.608520	3.387720	-2.929920	0.908140	0.126220	0.371825	-1.000000	-1.000000	-1.000000	-1.000000	-1.000000	-1.000000	-1.000000	74.551724	0.000000	-1.000000	-1.000000	1460361.000000	1772660809.396550
-26644.185000	-45097.245000	2392.020000	2080.440000	6071.220000	5067.180000	2963.970000	1958.445000	-3.640509	0.856549	7.094301	19.948657	22.217078	9.815620	7.000840	1.400224	-4.608520	3.387720	-2.929920	0.908140	0.126220	0.371825	-1.000000	-1.000000	-1.000000	-1.000000	-1.000000	-1.000000	-1.000000	74.551724	0.000000	-1.000000	-1.000000	1460362.000000	1772660809.396558
-26668.035000	-45101.970000	2396.430000	2071.035000	6066.495000	5072.355000	2965.860000	1954.980000	-0.128555	5.946195	12.031066	24.055380	15.128619	6.708623	2.871318	2.435001	-4.608520	3.387720	-2.929920	0.908140	0.126220	0.371825	-1.000000	-1.000000	-1.000000	-1.000000	-1.000000	-1.000000	-1.000000	74.551724	0.000000	-1.000000	-1.000000	1460363.000000	1772660809.400719
-26656.695000	-45106.155000	2381.220000	2048.535000	6043.995000	5056.560000	2960.865000	1934.415000	3.683070	9.495815	13.934521	21.155743	4.829923	2.982716	-1.129292	3.338556	-4.608520	3.387720	-2.929920	0.908140	0.126220	0.371825	-1.000000	-1.000000	-1.000000	-1.000000	-1.000000	-1.000000	-1.000000	74.551724	0.000000	-1.000000	-1.000000	1460364.000000	1772660809.400728
-26620.380000	-45084.555000	2395.755000	2056.860000	6050.790000	5065.650000	2976.615000	1949.985000	4.680826	9.741748	11.846456	11.325422	-5.671687	-0.955358	-3.698131	1.776993	-4.608520	3.387720	-2.929920	0.908140	0.126220	0.371825	-1.000000	-1.000000	-1.000000	-1.000000	-1.000000	-1.000000	-1.000000	74.551724	0.000000	-1.000000	-1.000000	1460365.000000	1772660809.405607
-26648.055000	-45093.195000	2385.000000	2030.220000	6028.425000	5062.095000	3001.230000	1951.155000	4.122871	7.669986	6.930708	-1.909650	-13.293408	-4.577279	-4.411097	-1.504146	-4.608520	3.387720	-2.929920	0.908140	0.126220	0.371825	-1.000000	-1.000000	-1.000000	-1.000000	-1.000000	-1.000000	-1.000000	74.551724	0.000000	-1.000000	-1.000000	1460366.000000	1772660809.405614
-26689.410000	-45126.225000	2357.955000	2008.170000	5998.545000	5048.280000	3020.535000	1939.545000	2.068842	3.809887	0.491455	-13.829852	-16.898062	-6.801071	-2.407736	-4.129039	-4.608520	3.387720	-2.929920	0.908140	0.126220	0.371825	-1.000000	-1.000000	-1.000000	-1.000000	-1.000000	-1.000000	-1.000000	74.551724	0.000000	-1.000000	-1.000000	1460367.000000	1772660809.408548
-26682.525000	-45124.110000	2373.120000	2035.440000	6019.875000	5035.455000	2954.745000	1929.645000	-2.426471	-2.372411	-6.952580	-20.612993	-16.911997	-7.189226	1.225117	-4.955813	-4.608520	3.387720	-2.929920	0.908140	0.126220	0.371825	-1.000000	-1.000000	-1.000000	-1.000000	-1.000000	-1.000000	-1.000000	74.551724	0.000000	-1.000000	-1.000000	1460368.000000	1772660809.408555
-26648.235000	-45078.165000	2413.980000	2074.455000	6057.630000	5045.805000	2934.540000	1929.105000	-6.751745	-8.427893	-12.113536	-19.021879	-12.177069	-5.701801	1.835666	-4.111377	-4.608520	3.387720	-2.929920	0.908140	0.126220	0.371825	-1.000000	-1.000000	-1.000000	-1.000000	-1.000000	-1.000000	-1.000000	74.551724	0.000000	-1.000000	-1.000000	1460369.000000	1772660809.419462
-26633.970000	-45057.870000	2424.330000	2089.395000	6082.290000	5077.215000	2943.135000	1922.265000	-6.848229	-9.874960	-11.111805	-9.751889	-2.188689	-2.316036	-2.713995	-2.306398	-4.608520	3.387720	-2.929920	0.908140	0.126220	0.371825	-1.000000	-1.000000	-1.000000	-1.000000	-1.000000	-1.000000	-1.000000	74.551724	0.000000	-1.000000	-1.000000	1460370.000000	1772660809.419473
-26620.875000	-45071.595000	2409.840000	2066.580000	6055.020000	5059.890000	2957.220000	1946.745000	-1.738484	-5.787654	-5.368523	0.933300	8.862152	2.142435	-7.322568	0.016189	-3.509800	4.013380	-3.280900	0.909055	0.123413	0.370971	-1.000000	-1.000000	-1.000000	-1.000000	-1.000000	-1.000000	-1.000000	74.551724	0.000000	-1.000000	-1.000000	1460371.000000	1772660809.419485
-26625.420000	-45084.285000	2399.220000	2047.635000	6048.765000	5056.245000	2960.415000	1944.540000	5.603900	-0.192937	-0.229018	6.666053	14.581510	5.334875	-5.984698	3.079100	-3.509800	4.013380	-3.280900	0.909055	0.123413	0.370971	-1.000000	-1.000000	-1.000000	-1.000000	-1.000000	-1.000000	-1.000000	74.551724	0.000000	-1.000000	-1.000000	1460372.000000	1772660809.419489
-26623.935000	-45087.615000	2398.860000	2068.470000	6063.030000	5072.445000	2975.355000	1959.300000	9.944855	2.398913	1.255135	6.550127	12.836519	5.641509	1.098008	6.498730	-3.509800	4.013380	-3.280900	0.909055	0.123413	0.370971	-1.000000	-1.000000	-1.000000	-1.000000	-1.000000	-1.000000	-1.000000	74.551724	0.000000	-1.000000	-1.000000	1460373.000000	1772660809.420725
-26652.735000	-45108.045000	2390.985000	2085.795000	6059.700000	5068.530000	2991.420000	1956.015000	7.293674	0.828033	0.253915	4.663620	7.023754	3.950229	8.800865	8.441386	-3.509800	4.013380	-3.280900	0.909055	0.123413	0.370971	-1.000000	-1.000000	-1.000000	-1.000000	-1.000000	-1.000000	-1.000000	74.551724	0.000000	-1.000000	-1.000000	1460374.000000	1772660809.420734
-26658.540000	-45107.505000	2383.785000	2059.470000	6025.725000	5058.180000	3017.700000	1961.460000	-1.233108	-2.782517	-0.751764	4.578517	0.984733	1.600703	12.225333	7.008924	-3.509800	4.013380	-3.280900	0.909055	0.123413	0.370971	-1.000000	-1.000000	-1.000000	-1.000000	-1.000000	-1.000000	-1.000000	74.551724	0.000000	-1.000000	-1.000000	1460375.000000	1772660809.425773
-26632.395000	-45087.660000	2396.160000	2063.610000	6022.530000	5052.195000	2999.340000	1969.560000	-8.898583	-4.322678	-0.145016	5.551549	-3.920812	-0.728039	10.082272	2.692058	-3.509800	4.013380	-3.280900	0.909055	0.123413	0.370971	-1.000000	-1.000000	-1.000000	-1.000000	-1.000000	-1.000000	-1.000000	74.551724	0.000000	-1.000000	-1.000000	1460376.000000	1772660809.425780
-26629.920000	-45091.935000	2389.680000	2058.120000	6027.210000	5058.495000	2993.490000	1956.780000	-9.541599	-1.309310	1.921692	4.398623	-7.430490	-2.145388	4.633972	-1.976426	-3.509800	4.013380	-3.280900	0.909055	0.123413	0.370971	-1.000000	-1.000000	-1.000000	-1.000000	-1.000000	-1.000000	-1.000000	74.551724	0.000000	-1.000000	-1.000000	1460377.000000	1772660809.431588
-26652.330000	-45118.440000	2363.670000	2027.295000	6026.805000	5055.030000	2966.805000	1940.760000	-4.708870	2.873181	2.639710	-1.354218	-9.551793	-2.434508	-1.268494	-5.553312	-3.509800	4.013380	-3.280900	0.909055	0.123413	0.370971	-1.000000	-1.000000	-1.000000	-1.000000	-1.000000	-1.000000	-1.000000	74.551724	0.000000	-1.000000	-1.000000	1460378.000000	1772660809.431597
-26639.055000	-45110.790000	2375.010000	2048.760000	6038.595000	5042.700000	2940.210000	1945.485000	-0.537914	2.930385	-0.311340	-10.443344	-9.936746	-2.905807	-6.881067	-8.040398	-3.509800	4.013380	-3.280900	0.909055	0.123413	0.370971	-1.000000	-1.000000	-1.000000	-1.000000	-1.000000	-1.000000	-1.000000	74.551724	0.000000	-1.000000	-1.000000	1460379.000000	1772660809.433096
-26633.565000	-45091.575000	2382.255000	2060.325000	6050.115000	5055.435000	2976.885000	1953.090000	0.631446	-0.313879	-4.203022	-15.957760	-6.758643	-3.953476	-11.648353	-8.906580	-3.509800	4.013380	-3.280900	0.909055	0.123413	0.370971	-1.000000	-1.000000	-1.000000	-1.000000	-1.000000	-1.000000	-1.000000	74.551724	0.000000	-1.000000	-1.000000	1460380.000000	1772660809.433103
-26640.630000	-45107.145000	2367.270000	2033.100000	6043.410000	5067.540000	3004.065000	1957.680000	0.683324	-1.666873	-4.311101	-11.786758	0.787254	-3.546772	-12.362938	-7.101140	-2.792580	3.906560	-3.204600	0.910764	0.122375	0.369506	-1.000000	-1.000000	-1.000000	-1.000000	-1.000000	-1.000000	-1.000000	74.551724	0.000000	-1.000000	-1.000000	1460381.000000	1772660809.436764
-26634.780000	-45104.625000	2371.140000	2023.830000	6049.305000	5065.470000	2977.740000	1958.580000	1.253698	0.768974	-0.025624	-0.836754	9.272639	-0.479774	-7.264030	-2.740445	-2.792580	3.906560	-3.204600	0.910764	0.122375	0.369506	-1.000000	-1.000000	-1.000000	-1.000000	-1.000000	-1.000000	-1.000000	74.551724	0.000000	-1.000000	-1.000000	1460382.000000	1772660809.436771
-26634.420000	-45094.455000	2386.170000	2055.645000	6056.595000	5054.760000	2947.770000	1950.390000	2.895173	4.871573	5.783422	9.300189	14.059187	3.360180	-0.845948	2.180613	-2.792580	3.906560	-3.204600	0.910764	0.122375	0.369506	-1.000000	-1.000000	-1.000000	-1.000000	-1.000000	-1.000000	-1.000000	74.551724	0.000000	-1.000000	-1.000000	1460383.000000	1772660809.443583
-26613.855000	-45056.250000	2428.470000	2096.550000	6083.910000	5081.085000	2968.875000	1973.970000	5.644816	8.466236	10.764358	15.653273	14.219918	5.806041	1.468797	5.573542	-2.792580	3.906560	-3.204600	0.910764	0.122375	0.369506	-1.000000	-1.000000	-1.000000	-1.000000	-1.000000	-1.000000	-1.000000	74.551724	0.000000	-1.000000	-1.000000	1460384.000000	1772660809.443591
-26645.985000	-45079.875000	2417.535000	2092.365000	6083.775000	5083.695000	2967.885000	1970.145000	7.554183	9.806989	13.281928	18.682644	11.347116	6.804477	0.982728	7.056189	-2.792580	3.906560	-3.204600	0.910764	0.122375	0.369506	-1.000000	-1.000000	-1.000000	-1.000000	-1.000000	-1.000000	-1.000000	74.551724	0.000000	-1.000000	-1.000000	1460385.000000	1772660809.444899
-26646.750000	-45095.355000	2396.295000	2070.000000	6069.015000	5078.385000	2976.885000	1960.425000	5.281749	6.467879	10.757136	16.481086	5.435259	6.342297	2.708327	6.950803	-2.792580	3.906560	-3.204600	0.910764	0.122375	0.369506	-1.000000	-1.000000	-1.000000	-1.000000	-1.000000	-1.000000	-1.000000	74.551724	0.000000	-1.000000	-1.000000	1460386.000000	1772660809.444907
-26634.870000	-45100.575000	2376.180000	2035.980000	6033.555000	5048.010000	2956.860000	1939.995000	-1.072812	-1.871263	1.837963	6.576982	-4.534120	2.953722	7.779110	4.949862	-2.792580	3.906560	-3.204600	0.910764	0.122375	0.369506	-1.000000	-1.000000	-1.000000	-1.000000	-1.000000	-1.000000	-1.000000	74.551724	0.000000	-1.000000	-1.000000	1460387.000000	1772660809.449049
-26656.290000	-45107.550000	2375.460000	2038.635000	6028.875000	5041.935000	2946.420000	1923.975000	-7.378502	-11.270885	-10.358231	-8.787449	-16.545636	-3.647400	12.142469	0.542460	-2.792580	3.906560	-3.204600	0.910764	0.122375	0.369506	-1.000000	-1.000000	-1.000000	-1.000000	-1.000000	-1.000000	-1.000000	74.551724	0.000000	-1.000000	-1.000000	1460388.000000	1772660809.449056
-26655.030000	-45099.045000	2389.905000	2054.205000	6043.905000	5052.510000	2947.635000	1922.895000	-10.401275	-16.509985	-19.202039	-21.748796	-24.327770	-10.372092	10.697551	-5.436548	-2.792580	3.906560	-3.204600	0.910764	0.122375	0.369506	-1.000000	-1.000000	-1.000000	-1.000000	-1.000000	-1.000000	-1.000000	74.551724	0.000000	-1.000000	-1.000000	1460389.000000	1772660809.458245
-26655.525000	-45093.690000	2397.285000	2060.055000	6044.985000	5060.025000	2963.295000	1937.250000	-9.235048	-14.372859	-18.907611	-23.880396	-21.837838	-12.845833	2.722645	-9.803319	-2.792580	3.906560	-3.204600	0.910764	0.122375	0.369506	-1.000000	-1.000000	-1.000000	-1.000000	-1.000000	-1.000000	-1.000000	74.551724	0.000000	-1.000000	-1.000000	1460390.000000	1772660809.458253
-26648.730000	-45092.835000	2401.380000	2076.705000	6031.395000	5058.270000	2973.195000	1950.480000	-4.230965	-5.488844	-9.285957	-13.586049	-9.484522	-9.103871	-6.258735	-8.963249	-4.104940	3.372460	-2.777320	0.909971	0.128051	0.369323	-1.000000	-1.000000	-1.000000	-1.000000	-1.000000	-1.000000	-1.000000	74.551724	0.000000	-1.000000	-1.000000	1460391.000000	1772660809.458978
-26631.630000	-45086.220000	2407.770000	2071.890000	6020.910000	5069.880000	2985.705000	1962.540000	2.907449	5.242771	3.544576	2.053735	5.620420	-0.878524	-9.692982	-2.418025	-4.104940	3.372460	-2.777320	0.909971	0.128051	0.369323	-1.000000	-1.000000	-1.000000	-1.000000	-1.000000	-1.000000	-1.000000	74.551724	0.000000	-1.000000	-1.000000	1460392.000000	1772660809.458985
-26641.485000	-45085.680000	2411.820000	2031.345000	6002.550000	5061.960000	2981.880000	1961.280000	9.190538	11.823193	11.954765	12.500647	15.332960	7.462359	-6.429773	6.028077	-4.104940	3.372460	-2.777320	0.909971	0.128051	0.369323	-1.000000	-1.000000	-1.000000	-1.000000	-1.000000	-1.000000	-1.000000	74.551724	0.000000	-1.000000	-1.000000	1460393.000000	1772660809.460701
-26642.970000	-45097.470000	2389.320000	1991.610000	5990.985000	5051.655000	2983.995000	1959.075000	11.601732	11.672358	12.331309	11.322218	15.817455	11.295043	-0.495631	11.165397	-4.104940	3.372460	-2.777320	0.909971	0.128051	0.369323	-1.000000	-1.000000	-1.000000	-1.000000	-1.000000	-1.000000	-1.000000	74.551724	0.000000	-1.000000	-1.000000	1460394.000000	1772660809.460708
-26651.385000	-45106.740000	2371.005000	2010.510000	6003.405000	5050.125000	2980.080000	1939.770000	9.021474	6.664877	6.488287	1.736298	9.716080	9.089092	3.740843	10.492947	-4.104940	3.372460	-2.777320	0.909971	0.128051	0.369323	-1.000000	-1.000000	-1.000000	-1.000000	-1.000000	-1.000000	-1.000000	74.551724	0.000000	-1.000000	-1.000000	1460395.000000	1772660809.466370
-26613.045000	-45079.965000	2395.755000	2054.700000	6049.530000	5061.195000	2970.270000	1960.785000	3.231818	0.839839	-0.533229	-5.541754	4.171814	3.858642	4.606949	5.489334	-4.104940	3.372460	-2.777320	0.909971	0.128051	0.369323	-1.000000	-1.000000	-1.000000	-1.000000	-1.000000	-1.000000	-1.000000	74.551724	0.000000	-1.000000	-1.000000	1460396.000000	1772660809.466379
-26627.490000	-45083.925000	2411.775000	2086.245000	6083.235000	5078.430000	2976.255000	1963.125000	-2.014792	-2.353308	-3.799559	-2.557856	4.655857	0.111186	2.652242	-0.039123	-4.104940	3.372460	-2.777320	0.909971	0.128051	0.369323	-1.000000	-1.000000	-1.000000	-1.000000	-1.000000	-1.000000	-1.000000	74.551724	0.000000	-1.000000	-1.000000	1460397.000000	1772660809.468695
-26632.350000	-45087.795000	2401.110000	2077.650000	6070.635000	5059.215000	2979.180000	1967.940000	-4.514898	-2.460462	-2.188107	8.115815	9.308311	-0.921811	-0.877342	-3.359936	-4.104940	3.372460	-2.777320	0.909971	0.128051	0.369323	-1.000000	-1.000000	-1.000000	-1.000000	-1.000000	-1.000000	-1.000000	74.551724	0.000000	-1.000000	-1.000000	1460398.000000	1772660809.468703
-26650.755000	-45106.245000	2379.465000	2081.610000	6071.535000	5059.980000	2959.875000	1951.335000	-5.369309	-1.817841	0.744192	16.615165	10.982226	-1.576988	-4.761457	-4.938638	-4.104940	3.372460	-2.777320	0.909971	0.128051	0.369323	-1.000000	-1.000000	-1.000000	-1.000000	-1.000000	-1.000000	-1.000000	74.551724	0.000000	-1.000000	-1.000000	1460399.000000	1772660809.472908
-26651.025000	-45109.305000	2376.360000	2076.030000	6078.690000	5077.170000	2972.070000	1949.985000	-6.313589	-2.573210	0.843189	15.188247	5.568305	-3.172894	-7.672175	-6.593258	-4.104940	3.372460	-2.777320	0.909971	0.128051	0.369323	-1.000000	-1.000000	-1.000000	-1.000000	-1.000000	-1.000000	-1.000000	74.551724	0.000000	-1.000000	-1.000000	1460400.000000	1772660809.472914
-26644.770000	-45098.640000	2384.865000	2062.890000	6059.610000	5074.155000	2983.275000	1969.065000	-7.225876	-4.522147	-2.324132	3.959776	-4.525464	-4.353030	-7.808416	-8.217526	-5.356260	3.830260	-1.602300	0.911253	0.129760	0.370238	-1.000000	-1.000000	-1.000000	-1.000000	-1.000000	-1.000000	-1.000000	74.551724	0.000000	-1.000000	-1.000000	1460401.000000	1772660809.478092
-26632.215000	-45090.945000	2391.660000	2067.210000	6050.880000	5066.685000	2975.445000	1967.805000	-6.150637	-5.297441	-5.434369	-9.810502	-14.249855	-4.015021	-4.146145	-7.568038	-5.356260	3.830260	-1.602300	0.911253	0.129760	0.370238	-1.000000	-1.000000	-1.000000	-1.000000	-1.000000	-1.000000	-1.000000	74.551724	0.000000	-1.000000	-1.000000	1460402.000000	1772660809.478100
-26618.985000	-45094.770000	2394.495000	2075.760000	6052.995000	5055.255000	2963.610000	1952.865000	-1.437397	-2.732199	-4.590997	-17.138378	-19.332141	-2.607149	1.610972	-3.483191	-5.356260	3.830260	-1.602300	0.911253	0.129760	0.370238	-1.000000	-1.000000	-1.000000	-1.000000	-1.000000	-1.000000	-1.000000	74.551724	0.000000	-1.000000	-1.000000	1460403.000000	1772660809.480759
-26622.360000	-45104.715000	2392.335000	2074.545000	6059.385000	5064.660000	2980.755000	1954.755000	5.343089	2.233321	0.864017	-14.694828	-17.763646	-0.883662	6.507096	2.319199	-5.356260	3.830260	-1.602300	0.911253	0.129760	0.370238	-1.000000	-1.000000	-1.000000	-1.000000	-1.000000	-1.000000	-1.000000	74.551724	0.000000	-1.000000	-1.000000	1460404.000000	1772660809.480766
-26624.205000	-45088.110000	2404.350000	2086.380000	6069.645000	5078.160000	2994.570000	1961.370000	9.640465	6.036145	7.065981	-7.068948	-11.067568	0.916171	9.356686	6.902220	-5.356260	3.830260	-1.602300	0.911253	0.129760	0.370238	-1.000000	-1.000000	-1.000000	-1.000000	-1.000000	-1.000000	-1.000000	74.551724	0.000000	-1.000000	-1.000000	1460405.000000	1772660809.484727
-26651.565000	-45114.615000	2372.085000	2047.095000	6030.990000	5056.470000	3006.765000	1949.760000	8.197424	6.134086	8.840394	-1.260497	-3.478926	2.257493	10.068505	8.123963	-5.356260	3.830260	-1.602300	0.911253	0.129760	0.370238	-1.000000	-1.000000	-1.000000	-1.000000	-1.000000	-1.000000	-1.000000	74.551724	0.000000	-1.000000	-1.000000	1460406.000000	1772660809.484735
-26637.165000	-45111.195000	2373.525000	2039.310000	6041.700000	5067.270000	3026.970000	1965.735000	2.271474	2.838516	4.448168	-0.559089	1.640484	2.266060	8.366198	5.801861	-5.356260	3.830260	-1.602300	0.911253	0.129760	0.370238	-1.000000	-1.000000	-1.000000	-1.000000	-1.000000	-1.000000	-1.000000	74.551724	0.000000	-1.000000	-1.000000	1460407.000000	1772660809.488727
-26645.805000	-45107.280000	2371.185000	2022.570000	6046.065000	5066.955000	2997.495000	1963.575000	-3.606279	-1.181389	-2.637713	-3.115623	4.677582	1.257144	4.339418	2.047647	-5.356260	3.830260	-1.602300	0.911253	0.129760	0.370238	-1.000000	-1.000000	-1.000000	-1.000000	-1.000000	-1.000000	-1.000000	74.551724	0.000000	-1.000000	-1.000000	1460408.000000	1772660809.488735
-26686.530000	-45117.585000	2365.245000	2012.985000	6016.230000	5046.480000	2970.945000	1932.705000	-6.508619	-3.241027	-7.389455	-4.778080	7.305461	-0.146170	-2.263320	-1.277266	-5.356260	3.830260	-1.602300	0.911253	0.129760	0.370238	-1.000000	-1.000000	-1.000000	-1.000000	-1.000000	-1.000000	-1.000000	74.551724	0.000000	-1.000000	-1.000000	1460409.000000	1772660809.492710
-26635.770000	-45085.365000	2401.335000	2054.295000	6046.695000	5058.540000	2946.555000	1963.125000	-6.699068	-2.861798	-7.450328	-1.963199	9.615283	-1.836865	-11.110361	-4.125077	-5.356260	3.830260	-1.602300	0.911253	0.129760	0.370238	-1.000000	-1.000000	-1.000000	-1.000000	-1.000000	-1.000000	-1.000000	74.551724	0.000000	-1.000000	-1.000000	1460410.000000	1772660809.492718
-26611.245000	-45072.585000	2415.645000	2045.925000	6051.285000	5061.420000	2937.285000	1972.170000	-3.781137	-0.451042	-2.833900	6.272512	11.513026	-2.458232	-18.538003	-5.292696	-4.791640	2.105880	-1.999060	0.911802	0.129699	0.369689	-1.000000	-1.000000	-1.000000	-1.000000	-1.000000	-1.000000	-1.000000	74.551724	0.000000	-1.000000	-1.000000	1460411.000000	1772660809.496701
-26654.625000	-45108.270000	2390.715000	2045.880000	6024.870000	5038.245000	2946.015000	1936.440000	1.851692	2.843245	4.101153	15.670652	11.983145	-0.810432	-19.146482	-3.159150	-4.791640	2.105880	-1.999060	0.911802	0.129699	0.369689	-1.000000	-1.000000	-1.000000	-1.000000	-1.000000	-1.000000	-1.000000	74.551724	0.000000	-1.000000	-1.000000	1460412.000000	1772660809.496708
-26636.220000	-45115.785000	2378.430000	2070.045000	6042.735000	5064.885000	3000.150000	1944.045000	5.998114	3.840824	8.201269	19.457380	8.356403	1.720841	-10.237458	0.394813	-4.791640	2.105880	-1.999060	0.911802	0.129699	0.369689	-1.000000	-1.000000	-1.000000	-1.000000	-1.000000	-1.000000	-1.000000	74.551724	0.000000	-1.000000	-1.000000	1460413.000000	1772660809.504168
-26601.255000	-45092.880000	2397.420000	2076.030000	6053.400000	5078.205000	3009.915000	1973.835000	6.441827	0.963052	6.137065	15.043662	0.795490	3.506256	5.494510	2.733700	-4.791640	2.105880	-1.999060	0.911802	0.129699	0.369689	-1.000000	-1.000000	-1.000000	-1.000000	-1.000000	-1.000000	-1.000000	74.551724	0.000000	-1.000000	-1.000000	1460414.000000	1772660809.504175
-26594.145000	-45070.020000	2419.605000	2095.020000	6069.105000	5072.535000	2962.845000	1974.780000	5.917540	-2.343872	0.929121	5.865353	-5.956499	4.477209	19.385590	4.008287	-4.791640	2.105880	-1.999060	0.911802	0.129699	0.369689	-1.000000	-1.000000	-1.000000	-1.000000	-1.000000	-1.000000	-1.000000	74.551724	0.000000	-1.000000	-1.000000	1460415.000000	1772660809.504827
-26639.640000	-45100.170000	2391.750000	2062.350000	6049.170000	5060.655000	2965.455000	1957.095000	5.439450	-2.365618	-2.291003	-3.027603	-8.083881	4.159402	22.135190	4.311934	-4.791640	2.105880	-1.999060	0.911802	0.129699	0.369689	-1.000000	-1.000000	-1.000000	-1.000000	-1.000000	-1.000000	-1.000000	74.551724	0.000000	-1.000000	-1.000000	1460416.000000	1772660809.504834
-26657.190000	-45112.275000	2384.055000	2059.830000	6045.120000	5063.535000	2979.360000	1949.220000	2.170401	-0.559281	-2.892831	-9.465254	-6.669446	1.607694	13.347421	2.416881	-4.791640	2.105880	-1.999060	0.911802	0.129699	0.369689	-1.000000	-1.000000	-1.000000	-1.000000	-1.000000	-1.000000	-1.000000	74.551724	0.000000	-1.000000	-1.000000	1460417.000000	1772660809.508713
-26663.670000	-45125.685000	2367.945000	2053.080000	6035.625000	5054.805000	2975.310000	1939.410000	-4.523174	-0.621326	-3.552274	-13.337443	-4.529124	-2.314495	1.502030	-1.456237	-4.791640	2.105880	-1.999060	0.911802	0.129699	0.369689	-1.000000	-1.000000	-1.000000	-1.000000	-1.000000	-1.000000	-1.000000	74.551724	0.000000	-1.000000	-1.000000	1460418.000000	1772660809.508721
-26640.090000	-45101.070000	2388.105000	2058.885000	6041.655000	5064.570000	2989.260000	1956.285000	-11.232454	-3.287154	-5.588236	-14.448202	-3.061284	-5.334496	-5.472938	-5.344577	-4.791640	2.105880	-1.999060	0.911802	0.129699	0.369689	-1.000000	-1.000000	-1.000000	-1.000000	-1.000000	-1.000000	-1.000000	74.551724	0.000000	-1.000000	-1.000000	1460419.000000	1772660809.512828
-26624.340000	-45077.940000	2413.260000	2081.070000	6057.180000	5074.695000	2966.400000	1961.910000	-13.622677	-5.249618	-6.828270	-12.068976	-2.062716	-5.534923	-5.938005	-6.714136	-4.791640	2.105880	-1.999060	0.911802	0.129699	0.369689	-1.000000	-1.000000	-1.000000	-1.000000	-1.000000	-1.000000	-1.000000	74.551724	0.000000	-1.000000	-1.000000	1460420.000000	1772660809.512836
-26631.405000	-45087.345000	2401.560000	2065.590000	6039.720000	5061.915000	2951.055000	1946.520000	-9.069207	-2.552910	-3.829495	-6.056625	-0.485356	-2.617863	-4.139125	-3.907891	-4.196500	2.014320	-2.182180	0.914793	0.126648	0.367003	-1.000000	-1.000000	-1.000000	-1.000000	-1.000000	-1.000000	-1.000000	74.551724	0.000000	-1.000000	-1.000000	1460421.000000	1772660809.516648
-26628.390000	-45083.115000	2407.860000	2064.375000	6038.550000	5067.090000	2967.480000	1954.080000	0.259176	4.004728	2.924765	0.776922	1.120483	0.890180	-5.195256	1.274788	-4.196500	2.014320	-2.182180	0.914793	0.126648	0.367003	-1.000000	-1.000000	-1.000000	-1.000000	-1.000000	-1.000000	-1.000000	74.551724	0.000000	-1.000000	-1.000000	1460422.000000	1772660809.516655
-26634.600000	-45096.525000	2400.840000	2075.265000	6053.265000	5073.525000	2979.855000	1964.070000	8.093796	8.830142	8.587556	4.894286	1.289419	2.089862	-8.614347	4.850731	-4.196500	2.014320	-2.182180	0.914793	0.126648	0.367003	-1.000000	-1.000000	-1.000000	-1.000000	-1.000000	-1.000000	-1.000000	74.551724	0.000000	-1.000000	-1.000000	1460423.000000	1772660809.520716
-26629.605000	-45101.655000	2392.785000	2065.770000	6049.665000	5059.530000	2975.535000	1960.740000	10.220429	7.516223	8.975630	5.983272	0.601897	1.065993	-9.039197	4.954967	-4.196500	2.014320	-2.182180	0.914793	0.126648	0.367003	-1.000000	-1.000000	-1.000000	-1.000000	-1.000000	-1.000000	-1.000000	74.551724	0.000000	-1.000000	-1.000000	1460424.000000	1772660809.520724
-26622.945000	-45087.795000	2401.920000	2076.570000	6057.855000	5060.520000	2968.110000	1951.695000	8.199079	1.560777	4.555983	6.018192	0.732274	-0.433949	-3.873170	2.718185	-4.196500	2.014320	-2.182180	0.914793	0.126648	0.367003	-1.000000	-1.000000	-1.000000	-1.000000	-1.000000	-1.000000	-1.000000	74.551724	0.000000	-1.000000	-1.000000	1460425.000000	1772660809.524720
-26624.520000	-45076.275000	2413.980000	2092.230000	6053.040000	5063.760000	2977.785000	1955.205000	6.061122	-3.312747	-0.308238	6.766097	2.347831	-1.038934	3.743228	0.303671	-4.196500	2.014320	-2.182180	0.914793	0.126648	0.367003	-1.000000	-1.000000	-1.000000	-1.000000	-1.000000	-1.000000	-1.000000	74.551724	0.000000	-1.000000	-1.000000	1460426.000000	1772660809.524726
-26642.160000	-45093.600000	2401.560000	2077.965000	6021.540000	5053.950000	2983.860000	1944.855000	4.472343	-3.898102	-2.424745	7.800289	3.964461	-0.314525	9.427766	-1.094550	-4.196500	2.014320	-2.182180	0.914793	0.126648	0.367003	-1.000000	-1.000000	-1.000000	-1.000000	-1.000000	-1.000000	-1.000000	74.551724	0.000000	-1.000000	-1.000000	1460427.000000	1772660809.534190
-26664.570000	-45097.245000	2412.090000	2087.730000	6036.885000	5063.670000	2973.195000	1929.600000	0.299353	-2.705665	-2.800725	6.521894	2.911426	0.869995	10.952880	-2.248987	-4.196500	2.014320	-2.182180	0.914793	0.126648	0.367003	-1.000000	-1.000000	-1.000000	-1.000000	-1.000000	-1.000000	-1.000000	74.551724	0.000000	-1.000000	-1.000000	1460428.000000	1772660809.534201
-26612.640000	-45049.860000	2457.945000	2119.275000	6090.975000	5096.700000	2976.390000	1962.225000	-6.713208	-2.434548	-2.843456	2.119554	-0.038680	2.021858	8.293372	-3.443725	-4.196500	2.014320	-2.182180	0.914793	0.126648	0.367003	-1.000000	-1.000000	-1.000000	-1.000000	-1.000000	-1.000000	-1.000000	74.551724	0.000000	-1.000000	-1.000000	1460429.000000	1772660809.534211
-26605.890000	-45061.920000	2429.955000	2089.305000	6076.620000	5086.935000	2973.150000	1958.625000	-10.873369	-1.639571	-1.663894	-3.053190	-0.806317	3.631484	2.973974	-2.643949	-4.196500	2.014320	-2.182180	0.914793	0.126648	0.367003	-1.000000	-1.000000	-1.000000	-1.000000	-1.000000	-1.000000	-1.000000	74.551724	0.000000	-1.000000	-1.000000	1460430.000000	1772660809.534215
-26644.185000	-45112.230000	2372.220000	2033.010000	6028.605000	5058.585000	2980.125000	1937.070000	-8.548362	0.107265	-0.503049	-7.869114	0.546739	4.221598	-3.154817	0.277580	-3.906560	3.372460	-2.426340	0.915586	0.124450	0.364806	-1.000000	-1.000000	-1.000000	-1.000000	-1.000000	-1.000000	-1.000000	74.551724	0.000000	-1.000000	-1.000000	1460431.000000	1772660809.538091
-26659.395000	-45118.845000	2373.165000	2028.510000	6024.825000	5063.130000	2996.370000	1945.395000	-3.432563	-0.228034	-2.724455	-12.984348	-0.680943	1.341491	-7.795190	2.058148	-3.906560	3.372460	-2.426340	0.915586	0.124450	0.364806	-1.000000	-1.000000	-1.000000	-1.000000	-1.000000	-1.000000	-1.000000	74.551724	0.000000	-1.000000	-1.000000	1460432.000000	1772660809.538098
-26630.415000	-45077.040000	2409.255000	2045.610000	6042.060000	5070.105000	2986.560000	1963.935000	0.227940	-2.622893	-6.611129	-15.832832	-5.317823	-3.597205	-8.432438	1.575396	-3.906560	3.372460	-2.426340	0.915586	0.124450	0.364806	-1.000000	-1.000000	-1.000000	-1.000000	-1.000000	-1.000000	-1.000000	74.551724	0.000000	-1.000000	-1.000000	1460433.000000	1772660809.542811
-26625.285000	-45083.115000	2396.565000	2044.170000	6033.555000	5052.735000	2978.370000	1969.785000	2.901656	-2.908667	-6.484099	-11.889984	-8.562590	-6.652781	-5.157087	1.309424	-3.906560	3.372460	-2.426340	0.915586	0.124450	0.364806	-1.000000	-1.000000	-1.000000	-1.000000	-1.000000	-1.000000	-1.000000	74.551724	0.000000	-1.000000	-1.000000	1460434.000000	1772660809.542818
-26636.265000	-45106.965000	2373.480000	2057.670000	6050.790000	5060.835000	2968.515000	1951.155000	5.836095	0.120782	-1.409498	-1.214913	-6.373021	-6.142262	-1.083285	2.432318	-3.906560	3.372460	-2.426340	0.915586	0.124450	0.364806	-1.000000	-1.000000	-1.000000	-1.000000	-1.000000	-1.000000	-1.000000	74.551724	0.000000	-1.000000	-1.000000	1460435.000000	1772660809.544767
-26632.620000	-45101.520000	2378.655000	2047.950000	6029.595000	5059.530000	2974.995000	1949.085000	7.753431	3.299007	4.172443	10.947792	0.676484	-2.875665	1.138717	3.023818	-3.906560	3.372460	-2.426340	0.915586	0.124450	0.364806	-1.000000	-1.000000	-1.000000	-1.000000	-1.000000	-1.000000	-1.000000	74.551724	0.000000	-1.000000	-1.000000	1460436.000000	1772660809.544774
-26625.195000	-45095.940000	2388.960000	2046.735000	6013.755000	5056.875000	2993.445000	1962.405000	7.009738	4.083921	6.576974	18.106423	7.300762	1.065338	1.941786	1.639460	-3.906560	3.372460	-2.426340	0.915586	0.124450	0.364806	-1.000000	-1.000000	-1.000000	-1.000000	-1.000000	-1.000000	-1.000000	74.551724	0.000000	-1.000000	-1.000000	1460437.000000	1772660809.548774
-26624.205000	-45092.340000	2396.475000	2075.220000	6042.060000	5057.190000	2989.890000	1959.975000	3.194284	2.356546	5.464380	16.888175	7.979364	3.125333	3.147796	-0.934438	-3.906560	3.372460	-2.426340	0.915586	0.124450	0.364806	-1.000000	-1.000000	-1.000000	-1.000000	-1.000000	-1.000000	-1.000000	74.551724	0.000000	-1.000000	-1.000000	1460438.000000	1772660809.548781
-26631.765000	-45091.845000	2401.470000	2068.335000	6053.850000	5056.605000	2965.320000	1956.330000	-2.624410	-0.122553	3.391381	10.159915	3.888396	2.700871	4.156422	-3.325958	-3.906560	3.372460	-2.426340	0.915586	0.124450	0.364806	-1.000000	-1.000000	-1.000000	-1.000000	-1.000000	-1.000000	-1.000000	74.551724	0.000000	-1.000000	-1.000000	1460439.000000	1772660809.552736
-26665.965000	-45112.455000	2388.420000	2059.605000	6061.725000	5066.145000	2963.655000	1942.155000	-7.621011	-0.709960	3.484945	3.580359	1.192532	1.880636	2.457661	-4.589766	-3.906560	3.372460	-2.426340	0.915586	0.124450	0.364806	-1.000000	-1.000000	-1.000000	-1.000000	-1.000000	-1.000000	-1.000000	74.551724	0.000000	-1.000000	-1.000000	1460440.000000	1772660809.552743
-26665.380000	-45123.615000	2370.465000	2043.000000	6049.575000	5064.120000	2982.555000	1934.775000	-9.375537	0.711199	5.003231	-0.788533	2.354271	2.442095	-1.712432	-4.691445	-5.127360	2.990960	-2.166920	0.915159	0.128479	0.367003	-1.000000	-1.000000	-1.000000	-1.000000	-1.000000	-1.000000	-1.000000	74.551724	0.000000	-1.000000	-1.000000	1460441.000000	1772660809.556683
-26638.830000	-45113.040000	2371.770000	2057.040000	6024.780000	5043.960000	2977.650000	1937.475000	-7.434427	1.229736	3.768876	-4.459348	3.563217	3.370209	-4.576787	-4.228178	-5.127360	2.990960	-2.166920	0.915159	0.128479	0.367003	-1.000000	-1.000000	-1.000000	-1.000000	-1.000000	-1.000000	-1.000000	74.551724	0.000000	-1.000000	-1.000000	1460442.000000	1772660809.556693
-26613.495000	-45074.790000	2414.115000	2083.185000	6049.395000	5058.855000	2977.515000	1959.525000	-2.011108	0.153898	-0.808728	-7.714801	1.073908	2.771392	-3.436511	-2.711998	-5.127360	2.990960	-2.166920	0.915159	0.128479	0.367003	-1.000000	-1.000000	-1.000000	-1.000000	-1.000000	-1.000000	-1.000000	74.551724	0.000000	-1.000000	-1.000000	1460443.000000	1772660809.560762
-26624.340000	-45083.430000	2406.555000	2034.585000	6042.195000	5054.130000	2959.020000	1949.625000	5.587355	0.398301	-4.052914	-9.269773	-3.570350	0.748205	0.342933	1.037399	-5.127360	2.990960	-2.166920	0.915159	0.128479	0.367003	-1.000000	-1.000000	-1.000000	-1.000000	-1.000000	-1.000000	-1.000000	74.551724	0.000000	-1.000000	-1.000000	1460444.000000	1772660809.560770
-26633.565000	-45097.470000	2390.805000	2012.670000	6034.860000	5048.370000	2964.060000	1941.210000	11.317130	2.482915	-3.699420	-9.691233	-6.488607	-1.528224	3.222201	5.817143	-5.127360	2.990960	-2.166920	0.915159	0.128479	0.367003	-1.000000	-1.000000	-1.000000	-1.000000	-1.000000	-1.000000	-1.000000	74.551724	0.000000	-1.000000	-1.000000	1460445.000000	1772660809.564526
-26663.715000	-45112.905000	2382.210000	2033.550000	6043.230000	5063.535000	2987.010000	1925.370000	10.417194	2.637187	-3.038269	-9.949883	-6.256595	-3.281341	3.416771	7.826113	-5.127360	2.990960	-2.166920	0.915159	0.128479	0.367003	-1.000000	-1.000000	-1.000000	-1.000000	-1.000000	-1.000000	-1.000000	74.551724	0.000000	-1.000000	-1.000000	1460446.000000	1772660809.564534
-26679.780000	-45120.150000	2373.120000	2048.895000	6041.385000	5074.200000	3016.485000	1923.210000	1.916105	-1.463140	-4.813025	-8.233719	-4.171254	-3.517496	2.707761	4.862972	-5.127360	2.990960	-2.166920	0.915159	0.128479	0.367003	-1.000000	-1.000000	-1.000000	-1.000000	-1.000000	-1.000000	-1.000000	74.551724	0.000000	-1.000000	-1.000000	1460447.000000	1772660809.568800
-26644.455000	-45091.845000	2396.475000	2061.045000	6056.100000	5078.160000	2993.580000	1952.685000	-8.423299	-6.543283	-6.849834	-1.974339	-1.719505	-1.559209	3.333825	-0.383214	-5.127360	2.990960	-2.166920	0.915159	0.128479	0.367003	-1.000000	-1.000000	-1.000000	-1.000000	-1.000000	-1.000000	-1.000000	74.551724	0.000000	-1.000000	-1.000000	1460448.000000	1772660809.568808
-26585.145000	-45062.730000	2424.150000	2075.940000	6042.240000	5046.750000	2933.010000	1964.835000	-10.857615	-6.443422	-4.546488	8.241487	0.707893	1.033617	3.186231	-2.656861	-5.127360	2.990960	-2.166920	0.915159	0.128479	0.367003	-1.000000	-1.000000	-1.000000	-1.000000	-1.000000	-1.000000	-1.000000	74.551724	0.000000	-1.000000	-1.000000	1460449.000000	1772660809.572765
-26625.420000	-45098.505000	2388.195000	2052.945000	6035.040000	5049.810000	2958.705000	1959.300000	-2.172371	0.113659	2.726948	17.422704	2.735483	1.503540	-1.473697	-0.184323	-5.127360	2.990960	-2.166920	0.915159	0.128479	0.367003	-1.000000	-1.000000	-1.000000	-1.000000	-1.000000	-1.000000	-1.000000	74.551724	0.000000	-1.000000	-1.000000	1460450.000000	1772660809.572773
-26638.875000	-45101.340000	2390.985000	2051.820000	6043.230000	5062.725000	2962.755000	1942.560000	8.416553	6.466445	9.103707	18.856244	3.837632	-0.115504	-8.320897	3.178068	-4.303320	2.487380	-1.526000	0.916807	0.125732	0.364745	-1.000000	-1.000000	-1.000000	-1.000000	-1.000000	-1.000000	-1.000000	74.551724	0.000000	-1.000000	-1.000000	1460451.000000	1772660809.577111
-26629.515000	-45091.845000	2401.290000	2057.580000	6047.100000	5069.610000	2972.430000	1946.745000	10.118853	6.140930	8.889541	10.356188	3.907651	-1.157997	-10.692511	2.777454	-4.303320	2.487380	-1.526000	0.916807	0.125732	0.364745	-1.000000	-1.000000	-1.000000	-1.000000	-1.000000	-1.000000	-1.000000	74.551724	0.000000	-1.000000	-1.000000	1460452.000000	1772660809.577120
-26640.090000	-45104.445000	2393.460000	2067.300000	6043.725000	5061.285000	2971.305000	1942.020000	2.660568	0.219258	2.951096	-2.105681	3.074810	-0.405353	-5.796599	-1.428756	-4.303320	2.487380	-1.526000	0.916807	0.125732	0.364745	-1.000000	-1.000000	-1.000000	-1.000000	-1.000000	-1.000000	-1.000000	74.551724	0.000000	-1.000000	-1.000000	1460453.000000	1772660809.583581
-26639.865000	-45104.445000	2392.110000	2065.590000	6044.805000	5063.130000	2966.310000	1937.880000	-6.545154	-5.718551	-3.692084	-10.096648	1.708082	0.937243	2.720404	-5.704727	-4.303320	2.487380	-1.526000	0.916807	0.125732	0.364745	-1.000000	-1.000000	-1.000000	-1.000000	-1.000000	-1.000000	-1.000000	74.551724	0.000000	-1.000000	-1.000000	1460454.000000	1772660809.583588
-26651.070000	-45117.990000	2372.760000	2033.055000	6023.835000	5053.275000	2988.090000	1941.210000	-10.828476	-7.585969	-7.219441	-11.610686	-0.271541	1.059891	8.647058	-6.848168	-4.303320	2.487380	-1.526000	0.916807	0.125732	0.364745	-1.000000	-1.000000	-1.000000	-1.000000	-1.000000	-1.000000	-1.000000	74.551724	0.000000	-1.000000	-1.000000	1460455.000000	1772660809.584682
-26647.695000	-45115.200000	2368.800000	2014.425000	6011.505000	5043.510000	2999.655000	1940.445000	-8.326948	-5.021018	-6.990814	-10.802701	-3.436091	-0.891829	9.029147	-4.396326	-4.303320	2.487380	-1.526000	0.916807	0.125732	0.364745	-1.000000	-1.000000	-1.000000	-1.000000	-1.000000	-1.000000	-1.000000	74.551724	0.000000	-1.000000	-1.000000	1460456.000000	1772660809.584690
-26661.330000	-45102.825000	2396.250000	2049.570000	6032.340000	5054.715000	2978.820000	1931.130000	-2.342622	-0.374762	-4.172255	-10.001618	-6.676518	-3.557295	5.829511	-0.671065	-4.303320	2.487380	-1.526000	0.916807	0.125732	0.364745	-1.000000	-1.000000	-1.000000	-1.000000	-1.000000	-1.000000	-1.000000	74.551724	0.000000	-1.000000	-1.000000	1460457.000000	1772660809.588833
-26654.895000	-45101.430000	2399.085000	2066.310000	6045.120000	5056.560000	2955.780000	1941.345000	1.922206	3.726915	0.172580	-6.660318	-6.613083	-3.824311	1.985795	1.551632	-4.303320	2.487380	-1.526000	0.916807	0.125732	0.364745	-1.000000	-1.000000	-1.000000	-1.000000	-1.000000	-1.000000	-1.000000	74.551724	0.000000	-1.000000	-1.000000	1460458.000000	1772660809.588840
-26628.255000	-45091.350000	2403.450000	2069.460000	6057.720000	5065.695000	2968.335000	1952.325000	3.219958	6.251085	5.116484	1.230098	-1.228625	-0.235513	-1.665221	2.229133	-4.303320	2.487380	-1.526000	0.916807	0.125732	0.364745	-1.000000	-1.000000	-1.000000	-1.000000	-1.000000	-1.000000	-1.000000	74.551724	0.000000	-1.000000	-1.000000	1460459.000000	1772660809.596074
-26626.725000	-45097.290000	2392.155000	2047.005000	6034.410000	5052.150000	2979.090000	1951.605000	4.471531	7.081595	8.547294	10.166102	6.362011	4.593009	-4.734834	3.102672	-4.303320	2.487380	-1.526000	0.916807	0.125732	0.364745	-1.000000	-1.000000	-1.000000	-1.000000	-1.000000	-1.000000	-1.000000	74.551724	0.000000	-1.000000	-1.000000	1460460.000000	1772660809.596081
-26618.760000	-45078.885000	2408.265000	2065.860000	6044.445000	5056.470000	2973.915000	1953.945000	6.786874	5.851300	8.008683	14.218276	10.197996	6.537325	-5.898539	4.434858	-2.594200	2.548420	-2.060100	0.916196	0.121948	0.362731	-1.000000	-1.000000	-1.000000	-1.000000	-1.000000	-1.000000	-1.000000	74.551724	0.000000	-1.000000	-1.000000	1460461.000000	1772660809.596817
-26631.135000	-45082.845000	2415.780000	2088.315000	6057.135000	5075.055000	2976.930000	1951.830000	8.010627	3.060162	3.964517	11.865699	8.042551	4.678896	-4.613386	4.943329	-2.594200	2.548420	-2.060100	0.916196	0.121948	0.362731	-1.000000	-1.000000	-1.000000	-1.000000	-1.000000	-1.000000	-1.000000	74.551724	0.000000	-1.000000	-1.000000	1460462.000000	1772660809.596824
-26627.580000	-45086.580000	2407.545000	2074.770000	6045.840000	5075.235000	2983.995000	1952.595000	6.234723	0.051896	-0.550299	6.175073	2.592552	1.535077	-1.928785	3.735745	-2.594200	2.548420	-2.060100	0.916196	0.121948	0.362731	-1.000000	-1.000000	-1.000000	-1.000000	-1.000000	-1.000000	-1.000000	74.551724	0.000000	-1.000000	-1.000000	1460463.000000	1772660809.600768
-26634.060000	-45095.940000	2399.670000	2061.045000	6029.820000	5060.745000	2982.105000	1942.560000	1.865290	-2.493325	-3.427957	0.108830	-2.889916	-0.902667	0.283139	0.896171	-2.594200	2.548420	-2.060100	0.916196	0.121948	0.362731	-1.000000	-1.000000	-1.000000	-1.000000	-1.000000	-1.000000	-1.000000	74.551724	0.000000	-1.000000	-1.000000	1460464.000000	1772660809.600776
-26654.715000	-45094.455000	2408.400000	2068.245000	6050.745000	5077.170000	2988.630000	1946.205000	-3.448502	-4.610655	-4.553478	-4.887159	-6.429326	-2.423402	0.941839	-2.763695	-2.594200	2.548420	-2.060100	0.916196	0.121948	0.362731	-1.000000	-1.000000	-1.000000	-1.000000	-1.000000	-1.000000	-1.000000	74.551724	0.000000	-1.000000	-1.000000	1460465.000000	1772660809.604730
-26653.095000	-45088.470000	2400.435000	2039.400000	6035.670000	5074.650000	2982.555000	1954.035000	-8.341735	-6.266824	-4.993431	-8.684121	-7.184625	-2.944478	1.317214	-5.622084	-2.594200	2.548420	-2.060100	0.916196	0.121948	0.362731	-1.000000	-1.000000	-1.000000	-1.000000	-1.000000	-1.000000	-1.000000	74.551724	0.000000	-1.000000	-1.000000	1460466.000000	1772660809.604737
-26625.420000	-45085.725000	2396.880000	2025.180000	6007.050000	5053.815000	2976.390000	1951.740000	-10.855721	-6.642255	-5.517211	-11.958305	-6.333576	-2.776762	2.831627	-6.157519	-2.594200	2.548420	-2.060100	0.916196	0.121948	0.362731	-1.000000	-1.000000	-1.000000	-1.000000	-1.000000	-1.000000	-1.000000	74.551724	0.000000	-1.000000	-1.000000	1460467.000000	1772660809.612552
-26612.055000	-45082.170000	2404.755000	2049.840000	6026.175000	5055.120000	2961.225000	1942.920000	-8.728559	-4.798339	-5.306230	-13.296031	-5.465842	-3.044419	3.917235	-4.554909	-2.594200	2.548420	-2.060100	0.916196	0.121948	0.362731	-1.000000	-1.000000	-1.000000	-1.000000	-1.000000	-1.000000	-1.000000	74.551724	0.000000	-1.000000	-1.000000	1460468.000000	1772660809.612561
-26626.230000	-45087.300000	2402.505000	2057.355000	6041.790000	5063.670000	2973.960000	1944.450000	-2.601351	-1.300387	-3.165129	-9.213448	-3.448353	-3.596515	2.279340	-2.200466	-2.594200	2.548420	-2.060100	0.916196	0.121948	0.362731	-1.000000	-1.000000	-1.000000	-1.000000	-1.000000	-1.000000	-1.000000	74.551724	0.000000	-1.000000	-1.000000	1460469.000000	1772660809.612571
-26636.085000	-45097.020000	2396.070000	2069.955000	6062.580000	5067.045000	2987.145000	1947.870000	3.548551	1.819252	0.284642	0.475789	1.586400	-2.829283	-0.978052	0.100697	-2.594200	2.548420	-2.060100	0.916196	0.121948	0.362731	-1.000000	-1.000000	-1.000000	-1.000000	-1.000000	-1.000000	-1.000000	74.551724	0.000000	-1.000000	-1.000000	1460470.000000	1772660809.612576
-26633.655000	-45095.715000	2398.770000	2070.675000	6067.620000	5072.940000	2990.790000	1947.555000	6.397331	3.065846	3.124378	10.682632	8.187772	-0.400072	-2.732227	2.276671	-3.616620	3.433500	-1.846460	0.914426	0.126098	0.362853	-1.000000	-1.000000	-1.000000	-1.000000	-1.000000	-1.000000	-1.000000	74.551724	0.000000	-1.000000	-1.000000	1460471.000000	1772660809.617817
-26632.305000	-45082.530000	2420.460000	2096.055000	6078.105000	5076.270000	2980.215000	1944.360000	5.911417	3.149335	4.874685	16.362370	12.761255	2.496761	-2.237502	4.007612	-3.616620	3.433500	-1.846460	0.914426	0.126098	0.362853	-1.000000	-1.000000	-1.000000	-1.000000	-1.000000	-1.000000	-1.000000	74.551724	0.000000	-1.000000	-1.000000	1460472.000000	1772660809.617826
-26656.245000	-45092.250000	2419.020000	2091.285000	6077.655000	5080.050000	2961.855000	1923.255000	3.701998	3.605775	6.477517	16.438236	12.901556	4.818942	-1.569496	4.359821	-3.616620	3.433500	-1.846460	0.914426	0.126098	0.362853	-1.000000	-1.000000	-1.000000	-1.000000	-1.000000	-1.000000	-1.000000	74.551724	0.000000	-1.000000	-1.000000	1460473.000000	1772660809.624703
-26666.325000	-45099.495000	2408.535000	2079.765000	6064.110000	5076.360000	2963.295000	1929.060000	0.835809	3.977215	7.134329	11.482743	7.792541	5.610446	-2.122002	2.574196	-3.616620	3.433500	-1.846460	0.914426	0.126098	0.362853	-1.000000	-1.000000	-1.000000	-1.000000	-1.000000	-1.000000	-1.000000	74.551724	0.000000	-1.000000	-1.000000	1460474.000000	1772660809.624709
-26639.865000	-45098.505000	2395.530000	2053.485000	6047.370000	5059.440000	2966.310000	1952.820000	-1.785621	2.582835	4.654643	2.314958	-1.478209	3.947809	-2.517361	-0.271343	-3.616620	3.433500	-1.846460	0.914426	0.126098	0.362853	-1.000000	-1.000000	-1.000000	-1.000000	-1.000000	-1.000000	-1.000000	74.551724	0.000000	-1.000000	-1.000000	1460475.000000	1772660809.624875
-26617.455000	-45095.670000	2383.380000	2002.320000	6014.745000	5044.275000	2974.230000	1962.630000	-2.765697	-0.453105	-0.996518	-8.948851	-11.331445	0.121385	-0.724435	-1.466915	-3.616620	3.433500	-1.846460	0.914426	0.126098	0.362853	-1.000000	-1.000000	-1.000000	-1.000000	-1.000000	-1.000000	-1.000000	74.551724	0.000000	-1.000000	-1.000000	1460476.000000	1772660809.624879
-26618.940000	-45092.520000	2393.730000	2027.385000	6011.685000	5041.530000	2971.980000	1955.745000	-1.498669	-3.148112	-7.011166	-18.784059	-17.893692	-4.205586	2.993176	0.140758	-3.616620	3.433500	-1.846460	0.914426	0.126098	0.362853	-1.000000	-1.000000	-1.000000	-1.000000	-1.000000	-1.000000	-1.000000	74.551724	0.000000	-1.000000	-1.000000	1460477.000000	1772660809.628752
-26636.895000	-45111.690000	2382.480000	2046.510000	6036.390000	5056.695000	2977.920000	1952.775000	0.793552	-4.014614	-9.915719	-22.089511	-18.491695	-6.767413	6.051238	2.497705	-3.616620	3.433500	-1.846460	0.914426	0.126098	0.362853	-1.000000	-1.000000	-1.000000	-1.000000	-1.000000	-1.000000	-1.000000	74.551724	0.000000	-1.000000	-1.000000	1460478.000000	1772660809.628760
-26634.780000	-45100.935000	2394.180000	2049.435000	6029.910000	5055.750000	2970.045000	1948.140000	2.198635	-3.043157	-8.037555	-15.511364	-12.177477	-5.926642	5.865657	2.784076	-3.616620	3.433500	-1.846460	0.914426	0.126098	0.362853	-1.000000	-1.000000	-1.000000	-1.000000	-1.000000	-1.000000	-1.000000	74.551724	0.000000	-1.000000	-1.000000	1460479.000000	1772660809.632780
-26624.610000	-45062.280000	2431.620000	2044.755000	6043.005000	5063.895000	2948.130000	1933.290000	2.023629	-0.338941	-1.984838	-2.067728	-1.208144	-2.104004	1.824822	0.178699	-3.616620	3.433500	-1.846460	0.914426	0.126098	0.362853	-1.000000	-1.000000	-1.000000	-1.000000	-1.000000	-1.000000	-1.000000	74.551724	0.000000	-1.000000	-1.000000	1460480.000000	1772660809.632788
-26635.095000	-45055.710000	2456.595000	2066.580000	6025.230000	5061.780000	2958.165000	1928.385000	1.028866	4.052155	6.236239	11.171058	9.685860	2.594651	-3.939551	-3.777278	-3.784480	4.196500	-2.243220	0.914915	0.126526	0.362426	-1.000000	-1.000000	-1.000000	-1.000000	-1.000000	-1.000000	-1.000000	74.551724	0.000000	-1.000000	-1.000000	1460481.000000	1772660809.636917
-26650.710000	-45113.490000	2391.750000	2087.640000	6059.565000	5075.910000	2991.555000	1946.385000	0.070676	7.475849	12.262328	19.066949	16.295114	6.005865	-6.865495	-6.055434	-3.784480	4.196500	-2.243220	0.914915	0.126526	0.362426	-1.000000	-1.000000	-1.000000	-1.000000	-1.000000	-1.000000	-1.000000	74.551724	0.000000	-1.000000	-1.000000	1460482.000000	1772660809.636925
-26640.765000	-45108.495000	2386.800000	2049.885000	6036.705000	5054.670000	2988.855000	1960.605000	-0.694318	5.632575	10.762127	19.984164	17.243229	6.829847	-3.702451	-4.410168	-3.784480	4.196500	-2.243220	0.914915	0.126526	0.362426	-1.000000	-1.000000	-1.000000	-1.000000	-1.000000	-1.000000	-1.000000	74.551724	0.000000	-1.000000	-1.000000	1460483.000000	1772660809.640720
-26617.095000	-45095.130000	2394.495000	2037.195000	6039.135000	5050.935000	2975.085000	1963.845000	-1.479918	-1.256740	2.039621	14.245302	13.580764	4.951158	2.980904	0.036675	-3.784480	4.196500	-2.243220	0.914915	0.126526	0.362426	-1.000000	-1.000000	-1.000000	-1.000000	-1.000000	-1.000000	-1.000000	74.551724	0.000000	-1.000000	-1.000000	1460484.000000	1772660809.640727
-26624.880000	-45088.470000	2408.535000	2055.105000	6042.105000	5057.685000	2972.160000	1960.740000	-2.407143	-7.673005	-6.931413	4.636773	7.399036	1.692802	7.055724	3.842894	-3.784480	4.196500	-2.243220	0.914915	0.126526	0.362426	-1.000000	-1.000000	-1.000000	-1.000000	-1.000000	-1.000000	-1.000000	74.551724	0.000000	-1.000000	-1.000000	1460485.000000	1772660809.645314
-26671.410000	-45104.850000	2406.555000	2084.805000	6050.430000	5057.190000	2966.760000	1933.830000	-3.713317	-9.163007	-10.060415	-4.182874	0.773884	-1.141648	5.257447	4.421804	-3.784480	4.196500	-2.243220	0.914915	0.126526	0.362426	-1.000000	-1.000000	-1.000000	-1.000000	-1.000000	-1.000000	-1.000000	74.551724	0.000000	-1.000000	-1.000000	1460486.000000	1772660809.645321
-26661.555000	-45114.930000	2382.795000	2051.370000	6027.120000	5042.250000	2967.390000	1933.695000	-5.183881	-5.886640	-7.205353	-9.673515	-5.633621	-3.193039	-0.721315	1.506703	-3.784480	4.196500	-2.243220	0.914915	0.126526	0.362426	-1.000000	-1.000000	-1.000000	-1.000000	-1.000000	-1.000000	-1.000000	74.551724	0.000000	-1.000000	-1.000000	1460487.000000	1772660809.648839
-26624.250000	-45097.920000	2394.315000	2052.090000	6024.780000	5052.285000	2981.835000	1956.555000	-4.656122	-0.840567	-2.484253	-12.537933	-11.725941	-5.009418	-6.290621	-2.288654	-3.784480	4.196500	-2.243220	0.914915	0.126526	0.362426	-1.000000	-1.000000	-1.000000	-1.000000	-1.000000	-1.000000	-1.000000	74.551724	0.000000	-1.000000	-1.000000	1460488.000000	1772660809.648846
-26614.170000	-45086.175000	2403.855000	2047.680000	6038.955000	5065.470000	2980.800000	1960.470000	0.118703	3.021356	0.270732	-13.386884	-15.417696	-5.764329	-7.205868	-2.985014	-3.784480	4.196500	-2.243220	0.914915	0.126526	0.362426	-1.000000	-1.000000	-1.000000	-1.000000	-1.000000	-1.000000	-1.000000	74.551724	0.000000	-1.000000	-1.000000	1460489.000000	1772660809.652743
-26620.020000	-45074.115000	2410.650000	1992.105000	6015.195000	5055.525000	2978.955000	1954.845000	7.686229	4.979393	0.731233	-12.432889	-14.037918	-4.189604	-3.316647	0.343917	-3.784480	4.196500	-2.243220	0.914915	0.126526	0.362426	-1.000000	-1.000000	-1.000000	-1.000000	-1.000000	-1.000000	-1.000000	74.551724	0.000000	-1.000000	-1.000000	1460490.000000	1772660809.652750
-26625.060000	-45071.055000	2425.500000	2042.370000	6027.345000	5054.085000	2971.440000	1946.925000	13.295076	6.617940	1.928640	-10.029394	-8.060700	-1.045290	1.244575	3.991799	-2.060100	3.448760	-1.632820	0.913877	0.124695	0.362304	-1.000000	-1.000000	-1.000000	-1.000000	-1.000000	-1.000000	-1.000000	74.551724	0.000000	-1.000000	-1.000000	1460491.000000	1772660809.662132
-26619.120000	-45090.495000	2402.190000	2077.695000	6035.715000	5059.170000	2969.145000	1949.760000	12.544904	8.065749	5.675288	-3.350378	0.135644	2.154481	2.845563	3.742639	-2.060100	3.448760	-1.632820	0.913877	0.124695	0.362304	-1.000000	-1.000000	-1.000000	-1.000000	-1.000000	-1.000000	-1.000000	74.551724	0.000000	-1.000000	-1.000000	1460492.000000	1772660809.662140
-26622.360000	-45098.640000	2393.100000	2080.935000	6058.980000	5074.560000	2976.120000	1954.395000	4.575345	6.245231	8.620715	9.766393	8.807810	5.044416	1.836626	-0.472854	-2.060100	3.448760	-1.632820	0.913877	0.124695	0.362304	-1.000000	-1.000000	-1.000000	-1.000000	-1.000000	-1.000000	-1.000000	74.551724	0.000000	-1.000000	-1.000000	1460493.000000	1772660809.662287
-26653.680000	-45103.770000	2393.955000	2054.385000	6041.205000	5063.400000	2980.755000	1943.550000	-6.776909	-0.273682	6.409909	22.494085	15.233807	6.955252	0.802352	-4.880473	-2.060100	3.448760	-1.632820	0.913877	0.124695	0.362304	-1.000000	-1.000000	-1.000000	-1.000000	-1.000000	-1.000000	-1.000000	74.551724	0.000000	-1.000000	-1.000000	1460494.000000	1772660809.662294
-26651.115000	-45087.120000	2416.230000	2069.730000	6060.375000	5063.580000	2957.940000	1924.875000	-14.983572	-7.554450	0.147036	24.195052	15.803191	6.223172	0.821168	-6.115855	-2.060100	3.448760	-1.632820	0.913877	0.124695	0.362304	-1.000000	-1.000000	-1.000000	-1.000000	-1.000000	-1.000000	-1.000000	74.551724	0.000000	-1.000000	-1.000000	1460495.000000	1772660809.664842
-26617.995000	-45070.290000	2430.945000	2085.480000	6065.055000	5071.770000	2980.485000	1946.205000	-15.159485	-9.877567	-4.623560	13.410166	10.196018	2.589749	0.909010	-3.827426	-2.060100	3.448760	-1.632820	0.913877	0.124695	0.362304	-1.000000	-1.000000	-1.000000	-1.000000	-1.000000	-1.000000	-1.000000	74.551724	0.000000	-1.000000	-1.000000	1460496.000000	1772660809.664849
-26644.455000	-45099.495000	2399.985000	2057.175000	6034.995000	5066.595000	3021.255000	1959.570000	-8.140743	-6.457423	-5.203691	-1.871320	1.490086	-2.116896	1.156403	0.467070	-2.060100	3.448760	-1.632820	0.913877	0.124695	0.362304	-1.000000	-1.000000	-1.000000	-1.000000	-1.000000	-1.000000	-1.000000	74.551724	0.000000	-1.000000	-1.000000	1460497.000000	1772660809.668826
-26637.300000	-45099.630000	2394.315000	2046.375000	6024.105000	5070.465000	3022.065000	1977.705000	0.409520	-2.113065	-4.582246	-13.882059	-7.565743	-5.961421	2.942741	5.110169	-2.060100	3.448760	-1.632820	0.913877	0.124695	0.362304	-1.000000	-1.000000	-1.000000	-1.000000	-1.000000	-1.000000	-1.000000	74.551724	0.000000	-1.000000	-1.000000	1460498.000000	1772660809.668833
-26618.130000	-45090.450000	2402.145000	2071.530000	6037.560000	5059.575000	2977.695000	1965.960000	6.395320	-0.257881	-5.253599	-18.437194	-14.149955	-7.659856	4.685992	8.346240	-2.060100	3.448760	-1.632820	0.913877	0.124695	0.362304	-1.000000	-1.000000	-1.000000	-1.000000	-1.000000	-1.000000	-1.000000	74.551724	0.000000	-1.000000	-1.000000	1460499.000000	1772660809.673355
-26642.520000	-45105.975000	2393.100000	2067.075000	6038.325000	5048.685000	2954.115000	1940.760000	9.259820	0.262253	-5.474581	-14.825206	-14.924719	-6.761039	2.214137	7.802993	-2.060100	3.448760	-1.632820	0.913877	0.124695	0.362304	-1.000000	-1.000000	-1.000000	-1.000000	-1.000000	-1.000000	-1.000000	74.551724	0.000000	-1.000000	-1.000000	1460500.000000	1772660809.673362
-26631.540000	-45098.865000	2397.015000	2069.595000	6044.130000	5054.760000	2961.945000	1946.160000	8.488635	1.314053	-2.984330	-6.826569	-9.406222	-3.963571	-4.823156	2.283646	-1.297100	1.358140	-1.480220	0.910886	0.124878	0.363402	-1.000000	-1.000000	-1.000000	-1.000000	-1.000000	-1.000000	-1.000000	74.551724	0.000000	-1.000000	-1.000000	1460501.000000	1772660809.677104
-26640.180000	-45102.285000	2390.535000	2049.300000	6033.780000	5055.615000	2990.745000	1944.135000	4.394306	3.201970	1.848280	0.370800	-1.075060	-0.437841	-10.899743	-5.464994	-1.297100	1.358140	-1.480220	0.910886	0.124878	0.363402	-1.000000	-1.000000	-1.000000	-1.000000	-1.000000	-1.000000	-1.000000	74.551724	0.000000	-1.000000	-1.000000	1460502.000000	1772660809.677110
-26628.795000	-45084.015000	2404.575000	2029.500000	6031.170000	5060.925000	3024.495000	1952.730000	0.239374	5.281254	6.454257	3.789059	5.534408	2.938969	-9.802457	-10.016587	-1.297100	1.358140	-1.480220	0.910886	0.124878	0.363402	-1.000000	-1.000000	-1.000000	-1.000000	-1.000000	-1.000000	-1.000000	74.551724	0.000000	-1.000000	-1.000000	1460503.000000	1772660809.684061
-26609.130000	-45085.050000	2410.155000	2044.980000	6051.690000	5069.205000	2954.700000	1950.705000	-0.878131	6.385580	8.295098	3.335815	8.143033	5.637455	-1.584740	-8.081546	-1.297100	1.358140	-1.480220	0.910886	0.124878	0.363402	-1.000000	-1.000000	-1.000000	-1.000000	-1.000000	-1.000000	-1.000000	74.551724	0.000000	-1.000000	-1.000000	1460504.000000	1772660809.684069
-26620.830000	-45104.670000	2395.260000	2040.030000	6049.665000	5058.990000	2911.545000	1936.440000	0.195380	4.934498	6.462431	1.541870	7.634844	6.815592	5.285221	-1.978417	-1.297100	1.358140	-1.480220	0.910886	0.124878	0.363402	-1.000000	-1.000000	-1.000000	-1.000000	-1.000000	-1.000000	-1.000000	74.551724	0.000000	-1.000000	-1.000000	1460505.000000	1772660809.684818
-26624.745000	-45071.640000	2423.880000	2069.145000	6047.235000	5065.560000	2950.335000	1938.780000	0.344668	0.932096	2.341080	1.898952	6.121873	5.499014	3.437662	2.701818	-1.297100	1.358140	-1.480220	0.910886	0.124878	0.363402	-1.000000	-1.000000	-1.000000	-1.000000	-1.000000	-1.000000	-1.000000	74.551724	0.000000	-1.000000	-1.000000	1460506.000000	1772660809.684825
-26627.715000	-45074.430000	2408.580000	2068.155000	6047.055000	5067.765000	2970.765000	1954.260000	-1.695422	-2.715401	-1.105169	5.882095	4.617589	2.193631	-2.944691	3.332505	-1.297100	1.358140	-1.480220	0.910886	0.124878	0.363402	-1.000000	-1.000000	-1.000000	-1.000000	-1.000000	-1.000000	-1.000000	74.551724	0.000000	-1.000000	-1.000000	1460507.000000	1772660809.688791
-26644.230000	-45097.830000	2381.175000	2035.035000	6007.365000	5051.520000	2986.425000	1955.430000	-4.877735	-4.037659	-2.909009	10.005320	2.081037	-1.197870	-3.739181	2.170503	-1.297100	1.358140	-1.480220	0.910886	0.124878	0.363402	-1.000000	-1.000000	-1.000000	-1.000000	-1.000000	-1.000000	-1.000000	74.551724	0.000000	-1.000000	-1.000000	1460508.000000	1772660809.688798
-26630.640000	-45089.820000	2397.780000	2036.880000	6006.870000	5052.555000	2992.770000	1955.025000	-7.163046	-3.988852	-4.241547	8.469157	-2.949726	-3.315733	4.386549	2.227475	-1.297100	1.358140	-1.480220	0.910886	0.124878	0.363402	-1.000000	-1.000000	-1.000000	-1.000000	-1.000000	-1.000000	-1.000000	74.551724	0.000000	-1.000000	-1.000000	1460509.000000	1772660809.693009
-26596.215000	-45061.650000	2427.660000	2048.895000	6044.580000	5062.365000	2968.470000	1960.470000	-6.010385	-3.021497	-4.308803	0.978282	-8.397225	-3.852422	14.457741	3.623145	-1.297100	1.358140	-1.480220	0.910886	0.124878	0.363402	-1.000000	-1.000000	-1.000000	-1.000000	-1.000000	-1.000000	-1.000000	74.551724	0.000000	-1.000000	-1.000000	1460510.000000	1772660809.693015
-26617.500000	-45077.040000	2408.400000	2027.610000	6041.565000	5053.995000	2952.090000	1949.220000	-0.504617	-0.697408	-1.648409	-6.625983	-9.223993	-3.040546	16.031148	4.332535	-2.426340	1.892240	-2.578940	0.912534	0.124084	0.360229	-1.000000	-1.000000	-1.000000	-1.000000	-1.000000	-1.000000	-1.000000	74.551724	0.000000	-1.000000	-1.000000	1460511.000000	1772660809.696914
-26654.805000	-45097.830000	2391.255000	2031.570000	6037.785000	5057.370000	2960.055000	1933.830000	5.520514	1.199833	1.434141	-9.540792	-4.089501	-1.663528	5.958096	2.612442	-2.426340	1.892240	-2.578940	0.912534	0.124084	0.360229	-1.000000	-1.000000	-1.000000	-1.000000	-1.000000	-1.000000	-1.000000	74.551724	0.000000	-1.000000	-1.000000	1460512.000000	1772660809.696921
-26666.775000	-45101.295000	2396.745000	2066.445000	6035.445000	5057.685000	2956.905000	1917.810000	5.940645	0.153874	1.391917	-7.118729	2.538820	-0.554411	-7.591574	-1.669854	-2.426340	1.892240	-2.578940	0.912534	0.124084	0.360229	-1.000000	-1.000000	-1.000000	-1.000000	-1.000000	-1.000000	-1.000000	74.551724	0.000000	-1.000000	-1.000000	1460513.000000	1772660809.705528
-26635.320000	-45082.080000	2424.870000	2097.495000	6065.640000	5083.380000	2982.555000	1932.705000	0.455161	-2.678081	-0.937832	-0.682228	6.410595	0.493575	-13.938125	-6.383029	-2.426340	1.892240	-2.578940	0.912534	0.124084	0.360229	-1.000000	-1.000000	-1.000000	-1.000000	-1.000000	-1.000000	-1.000000	74.551724	0.000000	-1.000000	-1.000000	1460514.000000	1772660809.705536
-26621.145000	-45091.170000	2404.080000	2052.900000	6037.785000	5066.820000	2977.155000	1970.460000	-4.117890	-3.951839	-2.113076	6.304260	7.056804	1.987250	-10.703486	-7.783919	-2.426340	1.892240	-2.578940	0.912534	0.124084	0.360229	-1.000000	-1.000000	-1.000000	-1.000000	-1.000000	-1.000000	-1.000000	74.551724	0.000000	-1.000000	-1.000000	1460515.000000	1772660809.705729
-26667.180000	-45127.935000	2369.115000	2031.435000	6007.005000	5038.155000	2960.730000	1948.725000	-3.171500	-2.987304	-1.567618	8.149228	4.712594	2.704636	-3.763453	-4.111718	-2.426340	1.892240	-2.578940	0.912534	0.124084	0.360229	-1.000000	-1.000000	-1.000000	-1.000000	-1.000000	-1.000000	-1.000000	74.551724	0.000000	-1.000000	-1.000000	1460516.000000	1772660809.705736
-26679.960000	-45109.395000	2396.430000	2069.910000	6018.885000	5044.500000	2971.215000	1926.045000	0.488297	-1.102046	-0.625529	3.303193	-0.046381	1.200218	0.739177	1.517655	-2.426340	1.892240	-2.578940	0.912534	0.124084	0.360229	-1.000000	-1.000000	-1.000000	-1.000000	-1.000000	-1.000000	-1.000000	74.551724	0.000000	-1.000000	-1.000000	1460517.000000	1772660809.708893
-26611.740000	-45071.100000	2417.175000	2045.700000	6013.395000	5058.585000	3006.630000	1963.080000	2.961762	1.803395	0.929692	-3.211953	-4.559619	-1.253471	2.111175	4.806043	-2.426340	1.892240	-2.578940	0.912534	0.124084	0.360229	-1.000000	-1.000000	-1.000000	-1.000000	-1.000000	-1.000000	-1.000000	74.551724	0.000000	-1.000000	-1.000000	1460518.000000	1772660809.708898
-26583.165000	-45059.445000	2427.615000	2023.425000	6001.830000	5040.900000	2974.635000	1977.255000	4.891567	6.144177	3.421744	-7.105988	-6.939521	-2.452102	2.955067	5.489859	-2.426340	1.892240	-2.578940	0.912534	0.124084	0.360229	-1.000000	-1.000000	-1.000000	-1.000000	-1.000000	-1.000000	-1.000000	74.551724	0.000000	-1.000000	-1.000000	1460519.000000	1772660809.712765
-26620.515000	-45090.225000	2402.190000	2025.810000	6028.425000	5052.960000	2957.220000	1945.170000	7.612614	9.788649	5.384046	-7.785383	-6.883111	-1.981788	3.408854	5.214961	-2.426340	1.892240	-2.578940	0.912534	0.124084	0.360229	-1.000000	-1.000000	-1.000000	-1.000000	-1.000000	-1.000000	-1.000000	74.551724	0.000000	-1.000000	-1.000000	1460520.000000	1772660809.712770
-26613.990000	-45076.320000	2409.255000	2054.925000	6032.565000	5048.775000	2957.760000	1946.700000	8.903431	9.545070	4.935893	-5.266557	-3.635828	-0.508653	1.816569	3.749389	-4.791640	5.890360	-1.602300	0.916502	0.130737	0.357360	-1.000000	-1.000000	-1.000000	-1.000000	-1.000000	-1.000000	-1.000000	74.551724	0.000000	-1.000000	-1.000000	1460521.000000	1772660809.718129
-26628.435000	-45099.855000	2383.245000	2047.635000	6032.025000	5062.680000	2976.840000	1958.355000	5.887104	4.677720	1.426521	-0.615842	2.044379	1.157830	-0.779470	0.921736	-4.791640	5.890360	-1.602300	0.916502	0.130737	0.357360	-1.000000	-1.000000	-1.000000	-1.000000	-1.000000	-1.000000	-1.000000	74.551724	0.000000	-1.000000	-1.000000	1460522.000000	1772660809.718137
-26646.840000	-45119.745000	2370.195000	2032.650000	6007.365000	5044.590000	2984.085000	1952.370000	-1.840763	-3.315991	-4.489906	3.076232	6.422473	1.933695	-1.977652	-2.231970	-4.791640	5.890360	-1.602300	0.916502	0.130737	0.357360	-1.000000	-1.000000	-1.000000	-1.000000	-1.000000	-1.000000	-1.000000	74.551724	0.000000	-1.000000	-1.000000	1460523.000000	1772660809.721336
-26662.455000	-45127.440000	2364.930000	2032.470000	6022.035000	5044.995000	2974.050000	1929.780000	-11.724181	-11.469369	-10.007636	4.135486	6.833767	1.294292	-1.395667	-5.647165	-4.791640	5.890360	-1.602300	0.916502	0.130737	0.357360	-1.000000	-1.000000	-1.000000	-1.000000	-1.000000	-1.000000	-1.000000	74.551724	0.000000	-1.000000	-1.000000	1460524.000000	1772660809.721344
-26657.730000	-45101.250000	2384.730000	2034.270000	6047.685000	5058.990000	2965.635000	1936.575000	-17.886866	-14.637166	-10.340464	4.036232	5.304455	0.642739	-0.224119	-8.741963	-4.791640	5.890360	-1.602300	0.916502	0.130737	0.357360	-1.000000	-1.000000	-1.000000	-1.000000	-1.000000	-1.000000	-1.000000	74.551724	0.000000	-1.000000	-1.000000	1460525.000000	1772660809.729199
-26646.615000	-45082.305000	2407.005000	2061.315000	6064.875000	5075.325000	2999.475000	1945.485000	-15.300694	-9.427502	-3.616323	4.237559	5.119680	1.728555	0.533637	-8.611234	-4.791640	5.890360	-1.602300	0.916502	0.130737	0.357360	-1.000000	-1.000000	-1.000000	-1.000000	-1.000000	-1.000000	-1.000000	74.551724	0.000000	-1.000000	-1.000000	1460526.000000	1772660809.729207
-26619.390000	-45082.665000	2408.445000	2084.625000	6075.360000	5077.260000	3009.510000	1960.695000	-5.790755	0.693883	5.873569	5.232597	5.964586	3.798231	1.093114	-3.956419	-4.791640	5.890360	-1.602300	0.916502	0.130737	0.357360	-1.000000	-1.000000	-1.000000	-1.000000	-1.000000	-1.000000	-1.000000	74.551724	0.000000	-1.000000	-1.000000	1460527.000000	1772660809.729330
-26608.680000	-45072.270000	2419.245000	2084.355000	6070.275000	5062.680000	2970.900000	1962.000000	4.666338	8.811578	11.974211	7.226434	5.007073	4.358429	1.928321	2.793978	-4.791640	5.890360	-1.602300	0.916502	0.130737	0.357360	-1.000000	-1.000000	-1.000000	-1.000000	-1.000000	-1.000000	-1.000000	74.551724	0.000000	-1.000000	-1.000000	1460528.000000	1772660809.729337
-26619.030000	-45076.725000	2415.825000	2069.190000	6059.565000	5064.570000	2987.820000	1956.465000	12.309213	11.566836	12.247187	7.943561	0.148091	1.809652	2.366795	8.558979	-4.791640	5.890360	-1.602300	0.916502	0.130737	0.357360	-1.000000	-1.000000	-1.000000	-1.000000	-1.000000	-1.000000	-1.000000	74.551724	0.000000	-1.000000	-1.000000	1460529.000000	1772660809.736688
-26609.715000	-45068.940000	2426.535000	2070.495000	6056.730000	5074.830000	3002.850000	1975.230000	15.599873	9.665595	8.051205	3.475823	-7.915177	-2.926047	2.028064	11.381710	-4.791640	5.890360	-1.602300	0.916502	0.130737	0.357360	-1.000000	-1.000000	-1.000000	-1.000000	-1.000000	-1.000000	-1.000000	74.551724	0.000000	-1.000000	-1.000000	1460530.000000	1772660809.736698
-26644.095000	-45100.440000	2409.975000	2085.390000	6047.235000	5054.760000	2938.230000	1942.560000	13.357983	4.778891	1.881292	-5.775558	-15.160192	-7.207181	0.328594	9.821030	-4.593260	5.630940	-1.037680	0.916624	0.130676	0.359252	-1.000000	-1.000000	-1.000000	-1.000000	-1.000000	-1.000000	-1.000000	74.551724	0.000000	-1.000000	-1.000000	1460531.000000	1772660809.737709
-26623.440000	-45073.440000	2426.085000	2089.080000	6042.510000	5054.625000	2958.930000	1958.670000	6.145874	-1.008397	-3.774009	-13.548785	-16.906653	-8.943926	-4.137198	3.622950	-4.593260	5.630940	-1.037680	0.916624	0.130676	0.359252	-1.000000	-1.000000	-1.000000	-1.000000	-1.000000	-1.000000	-1.000000	74.551724	0.000000	-1.000000	-1.000000	1460532.000000	1772660809.737715
-26609.805000	-45067.635000	2414.160000	2052.360000	6034.095000	5054.715000	2962.260000	1957.410000	-1.893491	-4.715358	-6.892879	-14.647375	-11.796554	-7.189154	-8.924582	-4.063971	-4.593260	5.630940	-1.037680	0.916624	0.130676	0.359252	-1.000000	-1.000000	-1.000000	-1.000000	-1.000000	-1.000000	-1.000000	74.551724	0.000000	-1.000000	-1.000000	1460533.000000	1772660809.742498
-26646.570000	-45104.670000	2381.040000	2001.420000	6008.355000	5037.660000	2961.900000	1928.160000	-6.538152	-5.566041	-7.974287	-11.082876	-3.366699	-2.865669	-8.993244	-8.919288	-4.593260	5.630940	-1.037680	0.916624	0.130676	0.359252	-1.000000	-1.000000	-1.000000	-1.000000	-1.000000	-1.000000	-1.000000	74.551724	0.000000	-1.000000	-1.000000	1460534.000000	1772660809.742505
-26641.125000	-45092.025000	2397.195000	2022.570000	6029.145000	5053.410000	2986.695000	1951.515000	-8.607352	-6.451436	-9.454894	-8.038781	3.319517	1.233669	-3.784858	-9.927874	-4.593260	5.630940	-1.037680	0.916624	0.130676	0.359252	-1.000000	-1.000000	-1.000000	-1.000000	-1.000000	-1.000000	-1.000000	74.551724	0.000000	-1.000000	-1.000000	1460535.000000	1772660809.744901
-26632.305000	-45097.875000	2389.815000	2028.915000	6040.620000	5062.995000	2983.680000	1963.440000	-10.643740	-8.499295	-10.969946	-5.846813	6.888182	3.805159	3.504402	-7.900233	-4.593260	5.630940	-1.037680	0.916624	0.130676	0.359252	-1.000000	-1.000000	-1.000000	-1.000000	-1.000000	-1.000000	-1.000000	74.551724	0.000000	-1.000000	-1.000000	1460536.000000	1772660809.744908
-26642.745000	-45114.165000	2376.585000	2015.010000	6016.095000	5044.050000	2945.295000	1934.325000	-11.492975	-9.119815	-9.580062	-1.221274	8.794336	5.580874	9.516293	-3.492064	-4.593260	5.630940	-1.037680	0.916624	0.130676	0.359252	-1.000000	-1.000000	-1.000000	-1.000000	-1.000000	-1.000000	-1.000000	74.551724	0.000000	-1.000000	-1.000000	1460537.000000	1772660809.752201
-26640.360000	-45099.405000	2395.125000	2072.565000	6045.525000	5063.760000	2956.590000	1944.945000	-8.454324	-6.146376	-4.056048	6.844901	9.598931	6.421465	10.930785	1.455626	-4.593260	5.630940	-1.037680	0.916624	0.130676	0.359252	-1.000000	-1.000000	-1.000000	-1.000000	-1.000000	-1.000000	-1.000000	74.551724	0.000000	-1.000000	-1.000000	1460538.000000	1772660809.752212
-26622.720000	-45081.315000	2411.010000	2091.555000	6074.955000	5073.525000	2956.770000	1954.080000	-1.111820	0.643489	4.514885	16.370957	9.862096	5.830936	6.948861	4.988350	-4.593260	5.630940	-1.037680	0.916624	0.130676	0.359252	-1.000000	-1.000000	-1.000000	-1.000000	-1.000000	-1.000000	-1.000000	74.551724	0.000000	-1.000000	-1.000000	1460539.000000	1772660809.752880
-26633.790000	-45087.795000	2411.280000	2093.895000	6061.455000	5069.115000	2956.320000	1942.470000	8.222494	9.537228	13.424083	23.021404	10.247674	4.423173	1.181813	6.673632	-4.593260	5.630940	-1.037680	0.916624	0.130676	0.359252	-1.000000	-1.000000	-1.000000	-1.000000	-1.000000	-1.000000	-1.000000	74.551724	0.000000	-1.000000	-1.000000	1460540.000000	1772660809.752887
-26637.615000	-45083.475000	2404.305000	2070.270000	6034.185000	5055.210000	2958.120000	1935.900000	14.934552	16.102514	18.474963	21.756592	8.825113	2.523695	-2.473441	6.297802	0.717220	6.516020	-1.449700	0.917722	0.120788	0.358214	-1.000000	-1.000000	-1.000000	-1.000000	-1.000000	-1.000000	-1.000000	74.551724	0.000000	-1.000000	-1.000000	1460541.000000	1772660809.756781
-26618.445000	-45097.920000	2377.800000	2005.515000	5998.320000	5044.860000	3008.655000	1976.850000	15.215856	15.822470	16.234214	10.927537	2.593120	-0.457784	-2.763673	4.365002	0.717220	6.516020	-1.449700	0.917722	0.120788	0.358214	-1.000000	-1.000000	-1.000000	-1.000000	-1.000000	-1.000000	-1.000000	74.551724	0.000000	-1.000000	-1.000000	1460542.000000	1772660809.756788
-26610.885000	-45083.205000	2396.115000	2012.760000	6029.820000	5057.010000	3004.110000	1993.545000	10.073231	8.617474	7.267325	-5.694879	-7.383981	-4.216306	-0.304559	3.354013	0.717220	6.516020	-1.449700	0.917722	0.120788	0.358214	-1.000000	-1.000000	-1.000000	-1.000000	-1.000000	-1.000000	-1.000000	74.551724	0.000000	-1.000000	-1.000000	1460543.000000	1772660809.760692
-26629.290000	-45091.890000	2386.035000	1996.470000	6020.055000	5045.040000	2957.310000	1964.745000	2.687862	-1.317751	-3.852584	-20.661526	-15.489376	-7.122472	1.400026	3.501535	0.717220	6.516020	-1.449700	0.917722	0.120788	0.358214	-1.000000	-1.000000	-1.000000	-1.000000	-1.000000	-1.000000	-1.000000	74.551724	0.000000	-1.000000	-1.000000	1460544.000000	1772660809.760697
-26661.465000	-45109.845000	2375.235000	2007.675000	6000.615000	5037.480000	2957.355000	1937.655000	-5.640528	-9.509395	-12.101153	-27.035841	-17.320646	-7.960191	-1.290021	1.045001	0.717220	6.516020	-1.449700	0.917722	0.120788	0.358214	-1.000000	-1.000000	-1.000000	-1.000000	-1.000000	-1.000000	-1.000000	74.551724	0.000000	-1.000000	-1.000000	1460545.000000	1772660809.773330
-26680.185000	-45117.990000	2385.855000	2072.745000	6038.820000	5057.415000	2956.680000	1919.925000	-13.620074	-13.481503	-14.598847	-21.301173	-12.373395	-6.152751	-6.284126	-5.478387	0.717220	6.516020	-1.449700	0.917722	0.120788	0.358214	-1.000000	-1.000000	-1.000000	-1.000000	-1.000000	-1.000000	-1.000000	74.551724	0.000000	-1.000000	-1.000000	1460546.000000	1772660809.773340
-26646.075000	-45094.185000	2405.160000	2075.310000	6044.985000	5053.860000	2953.620000	1943.415000	-17.625336	-12.515508	-11.012488	-5.642649	-2.587409	-1.882260	-8.639946	-12.129958	0.717220	6.516020	-1.449700	0.917722	0.120788	0.358214	-1.000000	-1.000000	-1.000000	-1.000000	-1.000000	-1.000000	-1.000000	74.551724	0.000000	-1.000000	-1.000000	1460547.000000	1772660809.773350
-26655.480000	-45118.215000	2371.905000	2036.475000	6016.005000	5037.030000	2987.145000	1961.595000	-14.056608	-7.434359	-3.990194	10.557251	7.210578	2.668859	-6.088253	-13.329259	0.717220	6.516020	-1.449700	0.917722	0.120788	0.358214	-1.000000	-1.000000	-1.000000	-1.000000	-1.000000	-1.000000	-1.000000	74.551724	0.000000	-1.000000	-1.000000	1460548.000000	1772660809.773354
-26632.305000	-45076.545000	2408.940000	2057.175000	6046.335000	5071.815000	3002.895000	1969.920000	-3.423361	-0.341311	2.435533	17.559710	12.136897	5.418024	0.934415	-6.628428	0.717220	6.516020	-1.449700	0.917722	0.120788	0.358214	-1.000000	-1.000000	-1.000000	-1.000000	-1.000000	-1.000000	-1.000000	74.551724	0.000000	-1.000000	-1.000000	1460549.000000	1772660809.773358
-26619.705000	-45068.040000	2417.400000	2060.595000	6033.105000	5064.570000	2963.205000	1953.315000	9.358665	6.803169	6.838142	14.993125	12.271113	6.901068	8.378797	4.288987	0.717220	6.516020	-1.449700	0.917722	0.120788	0.358214	-1.000000	-1.000000	-1.000000	-1.000000	-1.000000	-1.000000	-1.000000	74.551724	0.000000	-1.000000	-1.000000	1460550.000000	1772660809.773362
-26633.070000	-45092.115000	2396.385000	2048.040000	5997.600000	5041.935000	2983.680000	1959.570000	17.851022	11.833990	9.602354	9.629599	9.664254	7.357583	9.770436	11.771637	1.541260	5.585160	-1.236060	0.916502	0.121093	0.361205	-1.000000	-1.000000	-1.000000	-1.000000	-1.000000	-1.000000	-1.000000	74.551724	0.000000	-1.000000	-1.000000	1460551.000000	1772660809.776831
-26612.550000	-45066.825000	2429.190000	2066.580000	6017.040000	5043.060000	2976.165000	1985.940000	17.720556	11.952026	9.600597	5.695111	4.137686	4.936862	3.761140	11.505318	1.541260	5.585160	-1.236060	0.916502	0.121093	0.361205	-1.000000	-1.000000	-1.000000	-1.000000	-1.000000	-1.000000	-1.000000	74.551724	0.000000	-1.000000	-1.000000	1460552.000000	1772660809.776836
-26614.980000	-45076.005000	2417.175000	2049.255000	6029.730000	5047.155000	2953.575000	1967.445000	10.197749	6.974236	6.206006	2.419732	-3.026519	-0.352224	-3.921502	6.128169	1.541260	5.585160	-1.236060	0.916502	0.121093	0.361205	-1.000000	-1.000000	-1.000000	-1.000000	-1.000000	-1.000000	-1.000000	74.551724	0.000000	-1.000000	-1.000000	1460553.000000	1772660809.782351
-26631.090000	-45101.700000	2384.775000	2015.145000	6029.505000	5045.985000	2966.535000	1950.795000	0.712857	-0.084503	0.549954	-2.844324	-7.585617	-5.256747	-7.368553	0.621669	1.541260	5.585160	-1.236060	0.916502	0.121093	0.361205	-1.000000	-1.000000	-1.000000	-1.000000	-1.000000	-1.000000	-1.000000	74.551724	0.000000	-1.000000	-1.000000	1460554.000000	1772660809.782362
-26623.215000	-45091.305000	2398.635000	2050.020000	6057.720000	5073.480000	2951.370000	1943.505000	-6.374487	-6.394230	-6.213799	-11.340816	-7.484994	-6.897370	-5.323653	-2.852969	1.541260	5.585160	-1.236060	0.916502	0.121093	0.361205	-1.000000	-1.000000	-1.000000	-1.000000	-1.000000	-1.000000	-1.000000	74.551724	0.000000	-1.000000	-1.000000	1460555.000000	1772660809.784913
-26642.295000	-45091.125000	2398.815000	2077.605000	6059.745000	5072.580000	2952.225000	1943.550000	-10.233656	-10.112613	-11.763793	-18.620333	-4.228211	-4.681405	-0.727472	-5.024440	1.541260	5.585160	-1.236060	0.916502	0.121093	0.361205	-1.000000	-1.000000	-1.000000	-1.000000	-1.000000	-1.000000	-1.000000	74.551724	0.000000	-1.000000	-1.000000	1460556.000000	1772660809.784920
-26633.115000	-45073.530000	2405.835000	2050.020000	6029.550000	5060.430000	2982.645000	1970.775000	-11.647411	-9.750328	-12.577144	-17.486157	-0.415789	-0.319179	2.797433	-6.366771	1.541260	5.585160	-1.236060	0.916502	0.121093	0.361205	-1.000000	-1.000000	-1.000000	-1.000000	-1.000000	-1.000000	-1.000000	74.551724	0.000000	-1.000000	-1.000000	1460557.000000	1772660809.790204
-26618.220000	-45083.970000	2397.645000	2045.115000	6031.845000	5056.875000	2979.000000	1976.220000	-10.539300	-5.786471	-7.937563	-7.571358	1.273371	2.650145	4.204655	-5.429109	1.541260	5.585160	-1.236060	0.916502	0.121093	0.361205	-1.000000	-1.000000	-1.000000	-1.000000	-1.000000	-1.000000	-1.000000	74.551724	0.000000	-1.000000	-1.000000	1460558.000000	1772660809.790211
-26642.970000	-45100.755000	2388.195000	2049.570000	6024.195000	5043.870000	2970.270000	1948.995000	-6.850711	-1.208433	-1.015785	4.869571	0.406453	2.069146	4.104521	-1.840559	1.541260	5.585160	-1.236060	0.916502	0.121093	0.361205	-1.000000	-1.000000	-1.000000	-1.000000	-1.000000	-1.000000	-1.000000	74.551724	0.000000	-1.000000	-1.000000	1460559.000000	1772660809.792881
-26638.200000	-45077.940000	2414.295000	2071.710000	6039.720000	5048.010000	2981.520000	1950.255000	-2.109140	1.831737	4.943140	14.412888	-0.437593	-0.547282	2.639743	1.393439	1.541260	5.585160	-1.236060	0.916502	0.121093	0.361205	-1.000000	-1.000000	-1.000000	-1.000000	-1.000000	-1.000000	-1.000000	74.551724	0.000000	-1.000000	-1.000000	1460560.000000	1772660809.792888
-26654.400000	-45078.615000	2421.360000	2079.225000	6033.555000	5060.745000	3004.020000	1955.655000	1.707772	3.647008	8.663014	18.439286	0.293972	-2.143279	0.858228	1.667593	-3.021480	5.020540	-1.449700	0.913206	0.128967	0.364928	-1.000000	-1.000000	-1.000000	-1.000000	-1.000000	-1.000000	-1.000000	74.551724	0.000000	-1.000000	-1.000000	1460561.000000	1772660809.796922
-26643.465000	-45076.140000	2422.845000	2087.910000	6043.320000	5075.775000	2997.585000	1970.685000	4.073307	5.111812	10.019547	16.490543	1.442219	-0.934144	0.953520	0.763901	-3.021480	5.020540	-1.449700	0.913206	0.128967	0.364928	-1.000000	-1.000000	-1.000000	-1.000000	-1.000000	-1.000000	-1.000000	74.551724	0.000000	-1.000000	-1.000000	1460562.000000	1772660809.796930
-26622.045000	-45092.520000	2409.345000	2067.030000	6038.685000	5067.630000	2983.905000	1969.695000	6.366558	6.249804	9.141826	9.597775	1.480052	2.133143	2.393233	2.182682	-3.021480	5.020540	-1.449700	0.913206	0.128967	0.364928	-1.000000	-1.000000	-1.000000	-1.000000	-1.000000	-1.000000	-1.000000	74.551724	0.000000	-1.000000	-1.000000	1460563.000000	1772660809.800901
-26607.780000	-45087.615000	2397.735000	2037.780000	6032.880000	5060.070000	2971.305000	1973.880000	9.542878	5.811023	5.410811	-1.635201	-0.403559	3.701892	1.965513	5.807479	-3.021480	5.020540	-1.449700	0.913206	0.128967	0.364928	-1.000000	-1.000000	-1.000000	-1.000000	-1.000000	-1.000000	-1.000000	74.551724	0.000000	-1.000000	-1.000000	1460564.000000	1772660809.800908
-26636.535000	-45094.005000	2387.655000	2046.420000	6037.920000	5050.125000	2950.920000	1961.460000	11.607222	2.741421	-1.291653	-14.827232	-3.274595	1.617462	-2.125450	7.670024	-3.021480	5.020540	-1.449700	0.913206	0.128967	0.364928	-1.000000	-1.000000	-1.000000	-1.000000	-1.000000	-1.000000	-1.000000	74.551724	0.000000	-1.000000	-1.000000	1460565.000000	1772660809.816090
-26641.080000	-45085.095000	2400.120000	2057.490000	6049.260000	5053.320000	2952.405000	1958.985000	8.936748	-2.006252	-8.330131	-22.816122	-3.965883	-2.428459	-8.709689	4.338940	-3.021480	5.020540	-1.449700	0.913206	0.128967	0.364928	-1.000000	-1.000000	-1.000000	-1.000000	-1.000000	-1.000000	-1.000000	74.551724	0.000000	-1.000000	-1.000000	1460566.000000	1772660809.816099
-26623.845000	-45089.190000	2392.380000	2052.045000	6039.405000	5056.830000	2968.020000	1958.805000	0.953838	-5.893770	-11.638875	-19.324614	-0.678629	-4.876160	-13.435743	-3.072007	-3.021480	5.020540	-1.449700	0.913206	0.128967	0.364928	-1.000000	-1.000000	-1.000000	-1.000000	-1.000000	-1.000000	-1.000000	74.551724	0.000000	-1.000000	-1.000000	1460567.000000	1772660809.816286
-26618.535000	-45092.565000	2391.795000	2050.965000	6040.935000	5058.990000	2991.195000	1965.285000	-7.511392	-6.585696	-9.310890	-6.283054	4.378203	-3.493764	-11.177864	-9.250094	-3.021480	5.020540	-1.449700	0.913206	0.128967	0.364928	-1.000000	-1.000000	-1.000000	-1.000000	-1.000000	-1.000000	-1.000000	74.551724	0.000000	-1.000000	-1.000000	1460568.000000	1772660809.816294
-26615.835000	-45082.710000	2404.980000	2057.265000	6039.810000	5054.580000	2958.705000	1957.905000	-10.934505	-4.120464	-3.324480	7.902731	7.236358	0.718335	-2.085137	-10.011390	-3.021480	5.020540	-1.449700	0.913206	0.128967	0.364928	-1.000000	-1.000000	-1.000000	-1.000000	-1.000000	-1.000000	-1.000000	74.551724	0.000000	-1.000000	-1.000000	1460569.000000	1772660809.816304
-26671.005000	-45126.180000	2366.235000	2019.960000	6015.825000	5040.180000	2939.985000	1922.535000	-9.052492	-1.054221	2.186953	15.251317	5.400596	4.017872	7.224436	-6.415864	-3.021480	5.020540	-1.449700	0.913206	0.128967	0.364928	-1.000000	-1.000000	-1.000000	-1.000000	-1.000000	-1.000000	-1.000000	74.551724	0.000000	-1.000000	-1.000000	1460570.000000	1772660809.816308
-26674.740000	-45117.360000	2363.760000	1999.170000	6013.035000	5055.930000	2999.520000	1943.640000	-6.069885	0.314421	4.262327	12.756723	-0.610662	3.623057	11.491517	-2.137302	-3.616620	3.143560	-2.105880	0.911558	0.127380	0.367492	-1.000000	-1.000000	-1.000000	-1.000000	-1.000000	-1.000000	-1.000000	74.551724	0.000000	-1.000000	-1.000000	1460571.000000	1772660809.816836
-26631.540000	-45056.520000	2431.080000	2070.135000	6060.285000	5085.855000	2995.785000	1970.055000	-4.420354	1.226303	4.214693	4.576388	-6.756571	1.037217	12.117663	1.706401	-3.616620	3.143560	-2.105880	0.911558	0.127380	0.367492	-1.000000	-1.000000	-1.000000	-1.000000	-1.000000	-1.000000	-1.000000	74.551724	0.000000	-1.000000	-1.000000	1460572.000000	1772660809.816843
-26597.970000	-45059.445000	2415.555000	2060.595000	6044.625000	5060.700000	2947.500000	1973.970000	-1.549307	4.700401	6.017162	-0.696500	-7.917769	-0.249664	11.080779	6.061467	-3.616620	3.143560	-2.105880	0.911558	0.127380	0.367492	-1.000000	-1.000000	-1.000000	-1.000000	-1.000000	-1.000000	-1.000000	74.551724	0.000000	-1.000000	-1.000000	1460573.000000	1772660809.821815
-26628.705000	-45095.085000	2384.505000	2029.365000	6019.920000	5055.480000	2966.130000	1959.615000	4.862216	9.038156	9.115002	0.166256	-3.698788	0.302620	6.741355	9.715857	-3.616620	3.143560	-2.105880	0.911558	0.127380	0.367492	-1.000000	-1.000000	-1.000000	-1.000000	-1.000000	-1.000000	-1.000000	74.551724	0.000000	-1.000000	-1.000000	1460574.000000	1772660809.821822
-26631.450000	-45086.805000	2402.505000	2041.875000	6021.720000	5063.940000	2965.680000	1954.260000	11.177088	8.618374	8.421028	2.406702	1.197890	0.750455	-0.835484	9.574862	-3.616620	3.143560	-2.105880	0.911558	0.127380	0.367492	-1.000000	-1.000000	-1.000000	-1.000000	-1.000000	-1.000000	-1.000000	74.551724	0.000000	-1.000000	-1.000000	1460575.000000	1772660809.827512
-26637.345000	-45089.730000	2398.410000	2042.280000	6010.290000	5060.745000	2976.480000	1946.475000	11.631823	2.225155	2.634904	2.031228	3.300460	0.254750	-8.061396	4.673383	-3.616620	3.143560	-2.105880	0.911558	0.127380	0.367492	-1.000000	-1.000000	-1.000000	-1.000000	-1.000000	-1.000000	-1.000000	74.551724	0.000000	-1.000000	-1.000000	1460576.000000	1772660809.827519
-26662.365000	-45096.030000	2396.745000	2072.385000	6043.185000	5079.285000	2995.695000	1945.035000	4.994410	-5.735548	-4.647610	-0.126540	3.157838	-0.439565	-11.432205	-2.534748	-3.616620	3.143560	-2.105880	0.911558	0.127380	0.367492	-1.000000	-1.000000	-1.000000	-1.000000	-1.000000	-1.000000	-1.000000	74.551724	0.000000	-1.000000	-1.000000	1460577.000000	1772660809.831893
-26663.580000	-45104.130000	2394.720000	2061.315000	6033.330000	5052.195000	2985.165000	1939.905000	-4.686795	-10.788320	-9.873701	-1.786684	2.942043	-0.698522	-9.200583	-8.082016	-3.616620	3.143560	-2.105880	0.911558	0.127380	0.367492	-1.000000	-1.000000	-1.000000	-1.000000	-1.000000	-1.000000	-1.000000	74.551724	0.000000	-1.000000	-1.000000	1460578.000000	1772660809.831901
-26645.355000	-45135.900000	2352.195000	2010.510000	6008.310000	5041.710000	2982.735000	1949.535000	-10.472048	-10.919856	-11.189129	-2.447837	3.251280	-1.231469	-2.908418	-8.773415	-3.616620	3.143560	-2.105880	0.911558	0.127380	0.367492	-1.000000	-1.000000	-1.000000	-1.000000	-1.000000	-1.000000	-1.000000	74.551724	0.000000	-1.000000	-1.000000	1460579.000000	1772660809.833754
-26605.665000	-45085.320000	2393.550000	2045.610000	6035.175000	5055.210000	2993.850000	1967.670000	-7.613941	-6.586879	-8.669686	-3.379196	2.570129	-2.938371	2.615264	-4.468296	-3.616620	3.143560	-2.105880	0.911558	0.127380	0.367492	-1.000000	-1.000000	-1.000000	-1.000000	-1.000000	-1.000000	-1.000000	74.551724	0.000000	-1.000000	-1.000000	1460580.000000	1772660809.833760
-26610.615000	-45077.040000	2407.905000	2066.985000	6050.475000	5058.495000	2949.570000	1955.970000	1.028471	-0.070935	-3.742414	-4.715686	0.261799	-4.771407	3.775094	1.292260	-0.061040	3.464020	-1.754900	0.913816	0.124145	0.368224	-1.000000	-1.000000	-1.000000	-1.000000	-1.000000	-1.000000	-1.000000	74.551724	0.000000	-1.000000	-1.000000	1460581.000000	1772660809.836761
-26610.615000	-45074.745000	2419.830000	2057.445000	6045.345000	5065.110000	2960.235000	1960.245000	7.693399	6.007674	2.482630	-4.611253	-1.906949	-4.164935	1.356587	4.403755	-0.061040	3.464020	-1.754900	0.913816	0.124145	0.368224	-1.000000	-1.000000	-1.000000	-1.000000	-1.000000	-1.000000	-1.000000	74.551724	0.000000	-1.000000	-1.000000	1460582.000000	1772660809.836768
-26599.680000	-45047.115000	2453.445000	2081.205000	6048.000000	5066.595000	2968.200000	1968.525000	8.186399	10.167898	9.233023	-1.604388	-2.041823	-0.027561	-1.286201	4.078108	-0.061040	3.464020	-1.754900	0.913816	0.124145	0.368224	-1.000000	-1.000000	-1.000000	-1.000000	-1.000000	-1.000000	-1.000000	74.551724	0.000000	-1.000000	-1.000000	1460583.000000	1772660809.840819
-26622.540000	-45068.040000	2420.820000	2085.030000	6052.545000	5061.555000	2975.175000	1955.385000	3.984178	11.631390	14.025308	3.510554	-0.229773	5.252661	-1.705826	2.297793	-0.061040	3.464020	-1.754900	0.913816	0.124145	0.368224	-1.000000	-1.000000	-1.000000	-1.000000	-1.000000	-1.000000	-1.000000	74.551724	0.000000	-1.000000	-1.000000	1460584.000000	1772660809.840827
-26633.025000	-45082.260000	2407.005000	2054.700000	6038.055000	5055.390000	2984.490000	1961.145000	-2.079680	8.825651	12.565909	7.108743	1.549992	7.755230	-0.078303	0.579085	-0.061040	3.464020	-1.754900	0.913816	0.124145	0.368224	-1.000000	-1.000000	-1.000000	-1.000000	-1.000000	-1.000000	-1.000000	74.551724	0.000000	-1.000000	-1.000000	1460585.000000	1772660809.844647
-26647.695000	-45094.230000	2388.555000	2029.455000	6009.795000	5046.075000	2976.210000	1961.820000	-7.419856	1.270005	3.346507	4.757094	0.444029	5.571986	1.852823	-0.587959	-0.061040	3.464020	-1.754900	0.913816	0.124145	0.368224	-1.000000	-1.000000	-1.000000	-1.000000	-1.000000	-1.000000	-1.000000	74.551724	0.000000	-1.000000	-1.000000	1460586.000000	1772660809.844653
-26652.015000	-45099.360000	2387.610000	2038.365000	6013.620000	5059.710000	2978.100000	1949.220000	-9.565773	-7.545068	-8.787537	-2.881436	-4.023475	0.682188	2.872527	-1.028616	-0.061040	3.464020	-1.754900	0.913816	0.124145	0.368224	-1.000000	-1.000000	-1.000000	-1.000000	-1.000000	-1.000000	-1.000000	74.551724	0.000000	-1.000000	-1.000000	1460587.000000	1772660809.852506
-26636.355000	-45092.295000	2395.575000	2033.595000	6014.070000	5066.820000	2996.955000	1961.595000	-7.733326	-12.312077	-15.840742	-8.778851	-7.918372	-2.794445	2.885187	-1.254298	-0.061040	3.464020	-1.754900	0.913816	0.124145	0.368224	-1.000000	-1.000000	-1.000000	-1.000000	-1.000000	-1.000000	-1.000000	74.551724	0.000000	-1.000000	-1.000000	1460588.000000	1772660809.852516
-26614.890000	-45075.330000	2411.730000	2050.785000	6023.205000	5064.885000	2969.010000	1957.635000	-3.383462	-11.212617	-14.082448	-8.122947	-7.651726	-3.164561	2.087243	-1.977723	-0.061040	3.464020	-1.754900	0.913816	0.124145	0.368224	-1.000000	-1.000000	-1.000000	-1.000000	-1.000000	-1.000000	-1.000000	74.551724	0.000000	-1.000000	-1.000000	1460589.000000	1772660809.852949
-26600.715000	-45070.380000	2417.895000	2066.490000	6030.270000	5053.635000	2961.855000	1964.565000	1.641996	-6.448045	-6.381602	-2.702312	-3.595021	-2.166398	0.798619	-2.820232	-0.061040	3.464020	-1.754900	0.913816	0.124145	0.368224	-1.000000	-1.000000	-1.000000	-1.000000	-1.000000	-1.000000	-1.000000	74.551724	0.000000	-1.000000	-1.000000	1460590.000000	1772660809.852956
-26619.660000	-45077.040000	2410.335000	2057.490000	6032.520000	5050.575000	2952.585000	1957.230000	5.994802	-0.740043	2.067198	3.759605	2.290380	-1.752239	-0.706297	-2.682237	-2.304260	2.639980	-1.678600	0.913511	0.126465	0.368712	-1.000000	-1.000000	-1.000000	-1.000000	-1.000000	-1.000000	-1.000000	74.551724	0.000000	-1.000000	-1.000000	1460591.000000	1772660809.857005
-26642.430000	-45085.455000	2405.565000	2058.795000	6030.945000	5045.355000	2952.540000	1946.430000	7.638046	3.571401	7.048035	7.953198	7.768547	-2.221612	-2.620791	-1.446500	-2.304260	2.639980	-1.678600	0.913511	0.126465	0.368712	-1.000000	-1.000000	-1.000000	-1.000000	-1.000000	-1.000000	-1.000000	74.551724	0.000000	-1.000000	-1.000000	1460592.000000	1772660809.857012
-26628.480000	-45073.530000	2417.220000	2079.405000	6037.515000	5048.685000	2958.750000	1950.300000	5.554083	5.375989	7.622086	8.079707	10.461085	-2.546060	-4.585138	0.129264	-2.304260	2.639980	-1.678600	0.913511	0.126465	0.368712	-1.000000	-1.000000	-1.000000	-1.000000	-1.000000	-1.000000	-1.000000	74.551724	0.000000	-1.000000	-1.000000	1460593.000000	1772660809.860802
-26627.040000	-45088.920000	2395.620000	2055.555000	6037.245000	5058.585000	2957.760000	1950.660000	2.240729	5.725682	6.145521	5.462275	9.486923	-1.389559	-5.263898	1.625625	-2.304260	2.639980	-1.678600	0.913511	0.126465	0.368712	-1.000000	-1.000000	-1.000000	-1.000000	-1.000000	-1.000000	-1.000000	74.551724	0.000000	-1.000000	-1.000000	1460594.000000	1772660809.860810
-26638.380000	-45097.515000	2394.540000	2026.530000	6024.690000	5057.370000	2969.235000	1951.605000	0.715575	5.497337	4.423690	1.822655	5.814309	1.557276	-3.403502	2.913665	-2.304260	2.639980	-1.678600	0.913511	0.126465	0.368712	-1.000000	-1.000000	-1.000000	-1.000000	-1.000000	-1.000000	-1.000000	74.551724	0.000000	-1.000000	-1.000000	1460595.000000	1772660809.864789
-26643.825000	-45105.570000	2383.605000	2024.145000	6030.495000	5048.055000	2968.155000	1951.290000	0.684255	4.309399	2.572100	-2.366593	1.009448	4.576858	0.788447	3.726753	-2.304260	2.639980	-1.678600	0.913511	0.126465	0.368712	-1.000000	-1.000000	-1.000000	-1.000000	-1.000000	-1.000000	-1.000000	74.551724	0.000000	-1.000000	-1.000000	1460596.000000	1772660809.864795
-26655.390000	-45109.755000	2375.100000	2024.505000	6027.300000	5051.070000	2966.625000	1948.230000	-0.584106	1.495028	-0.010113	-6.099644	-3.668404	5.008247	4.924860	3.347170	-2.304260	2.639980	-1.678600	0.913511	0.126465	0.368712	-1.000000	-1.000000	-1.000000	-1.000000	-1.000000	-1.000000	-1.000000	74.551724	0.000000	-1.000000	-1.000000	1460597.000000	1772660809.868852
-26654.085000	-45111.960000	2375.370000	2048.580000	6026.715000	5049.585000	2967.750000	1946.745000	-4.643132	-3.055815	-3.908983	-7.836418	-7.486146	2.300158	6.952738	1.263262	-2.304260	2.639980	-1.678600	0.913511	0.126465	0.368712	-1.000000	-1.000000	-1.000000	-1.000000	-1.000000	-1.000000	-1.000000	74.551724	0.000000	-1.000000	-1.000000	1460598.000000	1772660809.868864
-26657.370000	-45095.040000	2394.945000	2072.025000	6041.790000	5058.000000	2975.130000	1936.980000	-9.277558	-7.237839	-7.451685	-6.108808	-9.382041	-1.119013	7.103009	-1.749538	-2.304260	2.639980	-1.678600	0.913511	0.126465	0.368712	-1.000000	-1.000000	-1.000000	-1.000000	-1.000000	-1.000000	-1.000000	74.551724	0.000000	-1.000000	-1.000000	1460599.000000	1772660809.872808
-26671.005000	-45096.570000	2393.415000	2057.985000	6035.355000	5052.825000	2957.445000	1914.165000	-10.220616	-7.592694	-7.354990	-0.791620	-7.991860	-2.632925	5.628611	-4.366946	-2.304260	2.639980	-1.678600	0.913511	0.126465	0.368712	-1.000000	-1.000000	-1.000000	-1.000000	-1.000000	-1.000000	-1.000000	74.551724	0.000000	-1.000000	-1.000000	1460600.000000	1772660809.872813
-26650.260000	-45101.790000	2388.780000	2047.185000	6020.055000	5040.945000	2961.630000	1936.755000	-5.226697	-3.315952	-2.913603	4.787860	-3.879470	-2.047778	1.876590	-5.275222	-2.899400	2.899400	-1.587040	0.912778	0.126403	0.368468	-1.000000	-1.000000	-1.000000	-1.000000	-1.000000	-1.000000	-1.000000	74.551724	0.000000	-1.000000	-1.000000	1460601.000000	1772660809.876783
-26632.260000	-45112.815000	2373.885000	2025.495000	6009.885000	5050.080000	2993.850000	1962.495000	4.195018	2.613178	2.935071	6.201159	0.201857	-0.945675	-3.130107	-2.902341	-2.899400	2.899400	-1.587040	0.912778	0.126403	0.368468	-1.000000	-1.000000	-1.000000	-1.000000	-1.000000	-1.000000	-1.000000	74.551724	0.000000	-1.000000	-1.000000	1460602.000000	1772660809.876791
-26601.255000	-45078.120000	2401.830000	2047.635000	6021.180000	5057.010000	2987.505000	1975.680000	13.992151	7.059490	7.100527	3.330998	2.519743	-0.274449	-6.324895	2.861281	-2.899400	2.899400	-1.587040	0.912778	0.126403	0.368468	-1.000000	-1.000000	-1.000000	-1.000000	-1.000000	-1.000000	-1.000000	74.551724	0.000000	-1.000000	-1.000000	1460603.000000	1772660809.883155
-26635.455000	-45089.145000	2404.710000	2060.145000	6006.645000	5037.120000	2965.095000	1951.920000	19.365625	9.375703	9.039451	0.852239	3.732077	0.018958	-6.521593	8.711330	-2.899400	2.899400	-1.587040	0.912778	0.126403	0.368468	-1.000000	-1.000000	-1.000000	-1.000000	-1.000000	-1.000000	-1.000000	74.551724	0.000000	-1.000000	-1.000000	1460604.000000	1772660809.883162
-26631.855000	-45088.515000	2403.360000	2035.935000	5995.170000	5035.860000	2962.170000	1950.795000	16.348465	9.228918	8.971901	1.696426	4.225943	-0.267944	-5.675016	9.807441	-2.899400	2.899400	-1.587040	0.912778	0.126403	0.368468	-1.000000	-1.000000	-1.000000	-1.000000	-1.000000	-1.000000	-1.000000	74.551724	0.000000	-1.000000	-1.000000	1460605.000000	1772660809.884795
-26609.355000	-45065.790000	2427.660000	2033.595000	6022.890000	5056.920000	2964.015000	1963.980000	5.391193	5.799260	6.407137	2.890675	3.560679	-0.884698	-4.906378	4.771267	-2.899400	2.899400	-1.587040	0.912778	0.126403	0.368468	-1.000000	-1.000000	-1.000000	-1.000000	-1.000000	-1.000000	-1.000000	74.551724	0.000000	-1.000000	-1.000000	1460606.000000	1772660809.884801
-26608.185000	-45070.830000	2413.260000	2025.720000	6040.035000	5063.670000	2987.505000	1970.730000	-7.441295	0.047168	1.498416	0.283627	2.737041	-0.402142	-2.764669	-2.551994	-2.899400	2.899400	-1.587040	0.912778	0.126403	0.368468	-1.000000	-1.000000	-1.000000	-1.000000	-1.000000	-1.000000	-1.000000	74.551724	0.000000	-1.000000	-1.000000	1460607.000000	1772660809.888996
-26623.755000	-45092.970000	2385.855000	2062.170000	6061.680000	5063.670000	2983.455000	1963.755000	-15.705551	-6.183030	-5.166921	-5.277537	3.193236	1.629486	1.715735	-7.201530	-2.899400	2.899400	-1.587040	0.912778	0.126403	0.368468	-1.000000	-1.000000	-1.000000	-1.000000	-1.000000	-1.000000	-1.000000	74.551724	0.000000	-1.000000	-1.000000	1460608.000000	1772660809.889003
-26643.330000	-45110.745000	2381.355000	2070.450000	6045.525000	5047.650000	2957.580000	1957.095000	-17.215052	-11.673810	-12.342136	-8.314948	4.380570	3.475999	6.412617	-7.339165	-2.899400	2.899400	-1.587040	0.912778	0.126403	0.368468	-1.000000	-1.000000	-1.000000	-1.000000	-1.000000	-1.000000	-1.000000	74.551724	0.000000	-1.000000	-1.000000	1460609.000000	1772660809.894295
-26628.885000	-45087.345000	2409.120000	2076.705000	6056.460000	5059.035000	2960.190000	1955.925000	-13.604463	-14.192849	-16.066671	-4.951583	4.417064	3.355465	7.495904	-4.861493	-2.899400	2.899400	-1.587040	0.912778	0.126403	0.368468	-1.000000	-1.000000	-1.000000	-1.000000	-1.000000	-1.000000	-1.000000	74.551724	0.000000	-1.000000	-1.000000	1460610.000000	1772660809.894301
-26629.200000	-45076.590000	2416.230000	2069.505000	6052.320000	5063.940000	2947.500000	1934.865000	-7.663033	-10.861602	-12.076868	2.758998	2.285065	1.321507	3.301065	-3.265269	-3.509800	3.799740	-2.121140	0.912717	0.126159	0.366332	-1.000000	-1.000000	-1.000000	-1.000000	-1.000000	-1.000000	-1.000000	74.551724	0.000000	-1.000000	-1.000000	1460611.000000	1772660809.896978
-26652.060000	-45105.615000	2380.680000	2034.585000	6028.515000	5068.260000	2985.075000	1950.435000	-1.781373	-2.599661	-2.052571	8.535152	-1.800388	-1.173050	-2.969524	-3.821342	-3.509800	3.799740	-2.121140	0.912717	0.126159	0.366332	-1.000000	-1.000000	-1.000000	-1.000000	-1.000000	-1.000000	-1.000000	74.551724	0.000000	-1.000000	-1.000000	1460612.000000	1772660809.896985
-26684.055000	-45120.870000	2386.530000	2032.830000	6019.605000	5074.695000	3013.830000	1946.070000	2.326530	5.146862	6.861367	7.266366	-6.846850	-2.385307	-4.998489	-3.909699	-3.509800	3.799740	-2.121140	0.912717	0.126159	0.366332	-1.000000	-1.000000	-1.000000	-1.000000	-1.000000	-1.000000	-1.000000	74.551724	0.000000	-1.000000	-1.000000	1460613.000000	1772660809.901012
-26667.540000	-45112.995000	2398.320000	2060.595000	6043.635000	5067.270000	2972.295000	1931.895000	4.140670	8.009267	9.955892	0.557825	-10.429240	-1.811683	-0.506222	-1.188697	-3.509800	3.799740	-2.121140	0.912717	0.126159	0.366332	-1.000000	-1.000000	-1.000000	-1.000000	-1.000000	-1.000000	-1.000000	74.551724	0.000000	-1.000000	-1.000000	1460614.000000	1772660809.901019
-26640.990000	-45098.460000	2400.165000	2059.920000	6035.580000	5049.315000	2967.210000	1949.670000	4.907514	6.346353	8.037360	-5.040819	-10.165066	-1.302644	5.012722	3.001321	-3.509800	3.799740	-2.121140	0.912717	0.126159	0.366332	-1.000000	-1.000000	-1.000000	-1.000000	-1.000000	-1.000000	-1.000000	74.551724	0.000000	-1.000000	-1.000000	1460615.000000	1772660809.904984
-26616.195000	-45088.380000	2400.120000	2055.420000	6031.485000	5041.845000	2954.160000	1948.185000	6.912059	3.632058	4.238014	-5.999990	-6.723721	-2.886089	5.020090	6.348638	-3.509800	3.799740	-2.121140	0.912717	0.126159	0.366332	-1.000000	-1.000000	-1.000000	-1.000000	-1.000000	-1.000000	-1.000000	74.551724	0.000000	-1.000000	-1.000000	1460616.000000	1772660809.904993
-26607.555000	-45079.245000	2409.885000	2060.145000	6034.995000	5043.690000	2942.865000	1952.280000	11.097603	3.149429	1.628557	-4.170597	-2.562041	-5.500564	-0.708427	8.035800	-3.509800	3.799740	-2.121140	0.912717	0.126159	0.366332	-1.000000	-1.000000	-1.000000	-1.000000	-1.000000	-1.000000	-1.000000	74.551724	0.000000	-1.000000	-1.000000	1460617.000000	1772660809.911765
-26605.305000	-45065.835000	2424.555000	2068.785000	6044.760000	5059.305000	2967.705000	1962.720000	15.035356	5.410106	1.630286	-2.147954	1.549972	-5.602561	-6.659263	8.038726	-3.509800	3.799740	-2.121140	0.912717	0.126159	0.366332	-1.000000	-1.000000	-1.000000	-1.000000	-1.000000	-1.000000	-1.000000	74.551724	0.000000	-1.000000	-1.000000	1460618.000000	1772660809.911773
-26610.480000	-45073.080000	2421.495000	2062.035000	6032.880000	5049.495000	2955.015000	1960.245000	14.017250	7.480078	2.749428	-0.357504	5.723234	-1.571242	-7.573065	6.300205	-3.509800	3.799740	-2.121140	0.912717	0.126159	0.366332	-1.000000	-1.000000	-1.000000	-1.000000	-1.000000	-1.000000	-1.000000	74.551724	0.000000	-1.000000	-1.000000	1460619.000000	1772660809.912960
-26625.015000	-45088.110000	2410.965000	2061.900000	6032.070000	5048.460000	2962.170000	1958.310000	5.549888	5.437949	2.164949	1.672424	8.696795	3.900297	-3.394141	2.835288	-3.509800	3.799740	-2.121140	0.912717	0.126159	0.366332	-1.000000	-1.000000	-1.000000	-1.000000	-1.000000	-1.000000	-1.000000	74.551724	0.000000	-1.000000	-1.000000	1460620.000000	1772660809.912967
-26624.655000	-45092.115000	2403.135000	2062.710000	6034.680000	5055.615000	2969.370000	1963.980000	-6.876470	-1.070393	-0.915044	4.030325	9.364876	7.151974	1.874783	-1.634302	-2.289000	4.928980	-1.251320	0.912351	0.125732	0.365050	-1.000000	-1.000000	-1.000000	-1.000000	-1.000000	-1.000000	-1.000000	74.551724	0.000000	-1.000000	-1.000000	1460621.000000	1772660809.917486
-26622.045000	-45084.555000	2407.410000	2032.470000	6028.785000	5061.420000	2971.260000	1961.460000	-15.990368	-7.893838	-4.736436	5.506583	7.864765	7.202397	4.773642	-5.464331	-2.289000	4.928980	-1.251320	0.912351	0.125732	0.365050	-1.000000	-1.000000	-1.000000	-1.000000	-1.000000	-1.000000	-1.000000	74.551724	0.000000	-1.000000	-1.000000	1460622.000000	1772660809.917493
-26635.140000	-45085.320000	2412.405000	2019.060000	6005.250000	5048.235000	2966.535000	1943.595000	-17.785491	-11.011809	-7.274936	3.480875	3.787440	5.017444	5.085855	-7.380585	-2.289000	4.928980	-1.251320	0.912351	0.125732	0.365050	-1.000000	-1.000000	-1.000000	-1.000000	-1.000000	-1.000000	-1.000000	74.551724	0.000000	-1.000000	-1.000000	1460623.000000	1772660809.920870
-26656.830000	-45123.210000	2366.280000	2004.120000	6010.020000	5051.520000	2987.595000	1940.985000	-14.626565	-10.458638	-7.960305	-2.606661	-2.885996	1.844160	4.589842	-7.744966	-2.289000	4.928980	-1.251320	0.912351	0.125732	0.365050	-1.000000	-1.000000	-1.000000	-1.000000	-1.000000	-1.000000	-1.000000	74.551724	0.000000	-1.000000	-1.000000	1460624.000000	1772660809.920878
-26639.730000	-45096.120000	2396.700000	2036.115000	6021.495000	5051.070000	2988.945000	1951.065000	-10.271737	-8.316239	-7.077860	-8.671708	-9.056306	-0.995016	4.477731	-6.945461	-2.289000	4.928980	-1.251320	0.912351	0.125732	0.365050	-1.000000	-1.000000	-1.000000	-1.000000	-1.000000	-1.000000	-1.000000	74.551724	0.000000	-1.000000	-1.000000	1460625.000000	1772660809.925011
-26620.380000	-45087.570000	2406.780000	2068.920000	6027.300000	5050.305000	2950.155000	1951.290000	-4.815875	-4.637115	-3.914995	-8.989824	-10.494501	-2.621414	3.861723	-4.246410	-2.289000	4.928980	-1.251320	0.912351	0.125732	0.365050	-1.000000	-1.000000	-1.000000	-1.000000	-1.000000	-1.000000	-1.000000	74.551724	0.000000	-1.000000	-1.000000	1460626.000000	1772660809.925020
-26633.430000	-45103.590000	2388.870000	2048.400000	6015.240000	5039.370000	2956.320000	1939.680000	2.772726	0.945127	1.436283	-2.101029	-6.395606	-3.369647	0.429321	-0.056519	-2.289000	4.928980	-1.251320	0.912351	0.125732	0.365050	-1.000000	-1.000000	-1.000000	-1.000000	-1.000000	-1.000000	-1.000000	74.551724	0.000000	-1.000000	-1.000000	1460627.000000	1772660809.929001
-26645.760000	-45099.495000	2392.965000	2036.970000	6016.770000	5045.985000	2987.280000	1949.625000	10.230524	6.314522	6.193854	6.907991	0.156654	-3.855993	-5.078208	3.691170	-2.289000	4.928980	-1.251320	0.912351	0.125732	0.365050	-1.000000	-1.000000	-1.000000	-1.000000	-1.000000	-1.000000	-1.000000	74.551724	0.000000	-1.000000	-1.000000	1460628.000000	1772660809.929005
-26621.595000	-45084.240000	2412.495000	2063.430000	6040.620000	5056.740000	2982.825000	1965.420000	14.307527	9.619645	8.549457	11.890488	5.894333	-3.536651	-8.282895	6.053160	-2.289000	4.928980	-1.251320	0.912351	0.125732	0.365050	-1.000000	-1.000000	-1.000000	-1.000000	-1.000000	-1.000000	-1.000000	74.551724	0.000000	-1.000000	-1.000000	1460629.000000	1772660809.933004
-26646.930000	-45113.085000	2394.495000	2060.730000	6041.070000	5053.455000	2940.975000	1940.220000	14.224280	10.581453	9.013985	11.439355	9.413508	-1.765978	-7.786797	6.868356	-2.289000	4.928980	-1.251320	0.912351	0.125732	0.365050	-1.000000	-1.000000	-1.000000	-1.000000	-1.000000	-1.000000	-1.000000	74.551724	0.000000	-1.000000	-1.000000	1460630.000000	1772660809.933008
-26644.230000	-45115.200000	2377.530000	2020.635000	6004.260000	5039.550000	2967.705000	1947.375000	10.183008	8.156928	6.969353	6.981243	9.397248	0.463511	-5.818317	5.554392	-2.197440	4.959500	-2.319520	0.909666	0.126526	0.364806	-1.000000	-1.000000	-1.000000	-1.000000	-1.000000	-1.000000	-1.000000	74.551724	0.000000	-1.000000	-1.000000	1460631.000000	1772660809.938461
-26631.405000	-45108.405000	2378.205000	2034.405000	6037.200000	5052.735000	2979.720000	1953.945000	3.328302	2.352800	1.661290	-0.046384	5.074404	1.843112	-2.720108	2.697661	-2.197440	4.959500	-2.319520	0.909666	0.126526	0.364806	-1.000000	-1.000000	-1.000000	-1.000000	-1.000000	-1.000000	-1.000000	74.551724	0.000000	-1.000000	-1.000000	1460632.000000	1772660809.938466
-26597.430000	-45059.490000	2435.580000	2088.405000	6074.730000	5082.480000	2995.335000	1974.420000	-2.705872	-2.818405	-3.456825	-6.240076	-0.601702	2.888116	2.229215	0.362576	-2.197440	4.959500	-2.319520	0.909666	0.126526	0.364806	-1.000000	-1.000000	-1.000000	-1.000000	-1.000000	-1.000000	-1.000000	74.551724	0.000000	-1.000000	-1.000000	1460633.000000	1772660809.940894
-26644.365000	-45092.790000	2408.445000	2050.560000	6035.805000	5067.360000	3009.825000	1959.750000	-5.533776	-3.764812	-4.099777	-8.307001	-3.971246	4.428512	7.877752	-0.515615	-2.197440	4.959500	-2.319520	0.909666	0.126526	0.364806	-1.000000	-1.000000	-1.000000	-1.000000	-1.000000	-1.000000	-1.000000	74.551724	0.000000	-1.000000	-1.000000	1460634.000000	1772660809.940903
-26657.325000	-45124.740000	2369.205000	2013.705000	5989.455000	5024.385000	2960.460000	1943.775000	-7.347498	-2.905122	-2.319433	-8.353247	-6.161252	4.580440	11.538434	-1.321063	-2.197440	4.959500	-2.319520	0.909666	0.126526	0.364806	-1.000000	-1.000000	-1.000000	-1.000000	-1.000000	-1.000000	-1.000000	74.551724	0.000000	-1.000000	-1.000000	1460635.000000	1772660809.945098
-26635.860000	-45095.760000	2412.585000	2062.080000	6043.455000	5053.320000	2946.555000	1952.190000	-9.644173	-3.958572	-2.472085	-8.927284	-8.906366	1.118773	9.448193	-3.271508	-2.197440	4.959500	-2.319520	0.909666	0.126526	0.364806	-1.000000	-1.000000	-1.000000	-1.000000	-1.000000	-1.000000	-1.000000	74.551724	0.000000	-1.000000	-1.000000	1460636.000000	1772660809.945105
-26625.690000	-45071.055000	2427.435000	2073.645000	6053.085000	5065.875000	2943.585000	1950.795000	-9.330768	-5.220447	-3.407868	-6.935211	-9.031309	-3.763843	0.378952	-5.345418	-2.197440	4.959500	-2.319520	0.909666	0.126526	0.364806	-1.000000	-1.000000	-1.000000	-1.000000	-1.000000	-1.000000	-1.000000	74.551724	0.000000	-1.000000	-1.000000	1460637.000000	1772660809.948765
-26614.080000	-45065.835000	2423.070000	2081.205000	6039.675000	5059.710000	2958.795000	1942.560000	-3.994818	-3.046620	-2.035469	-0.091536	-4.184417	-6.038125	-10.350623	-5.997115	-2.197440	4.959500	-2.319520	0.909666	0.126526	0.364806	-1.000000	-1.000000	-1.000000	-1.000000	-1.000000	-1.000000	-1.000000	74.551724	0.000000	-1.000000	-1.000000	1460638.000000	1772660809.948770
-26630.910000	-45082.485000	2417.400000	2080.980000	6036.930000	5058.180000	2971.800000	1945.305000	4.004572	2.112515	1.061419	8.236569	2.469633	-4.819492	-14.364683	-4.529869	-2.197440	4.959500	-2.319520	0.909666	0.126526	0.364806	-1.000000	-1.000000	-1.000000	-1.000000	-1.000000	-1.000000	-1.000000	74.551724	0.000000	-1.000000	-1.000000	1460639.000000	1772660809.952741
-26631.225000	-45085.320000	2414.295000	2067.660000	6047.100000	5062.860000	2964.195000	1947.915000	9.674016	6.150234	3.411987	13.402643	7.200659	-1.561862	-8.688987	-1.000925	-2.197440	4.959500	-2.319520	0.909666	0.126526	0.364806	-1.000000	-1.000000	-1.000000	-1.000000	-1.000000	-1.000000	-1.000000	74.551724	0.000000	-1.000000	-1.000000	1460640.000000	1772660809.952748
-26632.845000	-45082.800000	2402.190000	1998.945000	6012.675000	5043.285000	2939.760000	1931.445000	9.329397	5.595429	3.194227	11.431304	7.935554	1.507691	0.910059	2.852059	-4.471180	5.173140	-2.624720	0.908079	0.128967	0.364440	-1.000000	-1.000000	-1.000000	-1.000000	-1.000000	-1.000000	-1.000000	74.551724	0.000000	-1.000000	-1.000000	1460641.000000	1772660809.956891
-26623.125000	-45075.555000	2401.740000	1985.040000	5974.785000	5045.805000	2975.310000	1951.830000	3.492880	0.541196	-0.406581	0.047302	2.748691	1.913164	6.860250	4.583726	-4.471180	5.173140	-2.624720	0.908079	0.128967	0.364440	-1.000000	-1.000000	-1.000000	-1.000000	-1.000000	-1.000000	-1.000000	74.551724	0.000000	-1.000000	-1.000000	1460642.000000	1772660809.956898
-26620.470000	-45078.930000	2410.695000	2053.170000	6012.450000	5069.880000	2991.150000	1979.055000	-3.062531	-5.218615	-5.307343	-14.402437	-5.720287	0.296836	8.047179	4.568678	-4.471180	5.173140	-2.624720	0.908079	0.128967	0.364440	-1.000000	-1.000000	-1.000000	-1.000000	-1.000000	-1.000000	-1.000000	74.551724	0.000000	-1.000000	-1.000000	1460643.000000	1772660809.961098
-26619.705000	-45080.640000	2413.215000	2041.605000	6028.560000	5064.885000	2969.505000	1973.205000	-5.464976	-7.103559	-6.768905	-18.882914	-9.025175	0.488153	7.926446	5.214247	-4.471180	5.173140	-2.624720	0.908079	0.128967	0.364440	-1.000000	-1.000000	-1.000000	-1.000000	-1.000000	-1.000000	-1.000000	74.551724	0.000000	-1.000000	-1.000000	1460644.000000	1772660809.961106
-26629.650000	-45084.465000	2413.485000	2052.135000	6059.970000	5064.930000	2971.530000	1966.635000	-3.579119	-4.534011	-3.325369	-9.263075	-2.969071	3.168652	7.505989	6.121792	-4.471180	5.173140	-2.624720	0.908079	0.128967	0.364440	-1.000000	-1.000000	-1.000000	-1.000000	-1.000000	-1.000000	-1.000000	74.551724	0.000000	-1.000000	-1.000000	1460645.000000	1772660809.964940
-26638.605000	-45084.285000	2418.390000	2073.240000	6069.285000	5063.355000	2971.215000	1961.505000	-1.203060	-1.078592	1.422086	5.814695	7.422094	4.636953	4.966874	4.433480	-4.471180	5.173140	-2.624720	0.908079	0.128967	0.364440	-1.000000	-1.000000	-1.000000	-1.000000	-1.000000	-1.000000	-1.000000	74.551724	0.000000	-1.000000	-1.000000	1460646.000000	1772660809.964948
-26616.510000	-45084.555000	2409.660000	2088.405000	6064.290000	5060.385000	2958.210000	1947.150000	-0.664023	0.718123	4.160577	16.616171	14.542594	2.638072	-0.383331	-0.564609	-4.471180	5.173140	-2.624720	0.908079	0.128967	0.364440	-1.000000	-1.000000	-1.000000	-1.000000	-1.000000	-1.000000	-1.000000	74.551724	0.000000	-1.000000	-1.000000	1460647.000000	1772660809.968907
-26607.420000	-45097.920000	2390.895000	2069.505000	6042.870000	5055.345000	2963.340000	1950.435000	-0.320724	1.427911	4.278960	18.944031	13.866880	-1.337551	-6.877685	-6.456211	-4.471180	5.173140	-2.624720	0.908079	0.128967	0.364440	-1.000000	-1.000000	-1.000000	-1.000000	-1.000000	-1.000000	-1.000000	74.551724	0.000000	-1.000000	-1.000000	1460648.000000	1772660809.968916
-26622.180000	-45103.275000	2389.230000	2047.545000	6028.380000	5056.155000	2982.195000	1957.005000	1.490494	1.955073	2.440268	13.086911	5.168479	-4.573757	-10.997025	-9.857675	-4.471180	5.173140	-2.624720	0.908079	0.128967	0.364440	-1.000000	-1.000000	-1.000000	-1.000000	-1.000000	-1.000000	-1.000000	74.551724	0.000000	-1.000000	-1.000000	1460649.000000	1772660809.972868
-26603.100000	-45068.805000	2418.390000	2057.805000	6038.820000	5060.430000	2978.460000	1970.325000	3.292366	2.352743	0.347193	2.851839	-6.847161	-5.229220	-9.715691	-8.542276	-4.471180	5.173140	-2.624720	0.908079	0.128967	0.364440	-1.000000	-1.000000	-1.000000	-1.000000	-1.000000	-1.000000	-1.000000	74.551724	0.000000	-1.000000	-1.000000	1460650.000000	1772660809.972875
-26607.915000	-45067.140000	2423.250000	2038.860000	6031.800000	5052.870000	2964.285000	1967.220000	3.310312	3.098795	0.115484	-6.704362	-14.664692	-3.280835	-4.500714	-3.383215	-4.135460	6.348160	-2.731540	0.911741	0.127624	0.363891	-1.000000	-1.000000	-1.000000	-1.000000	-1.000000	-1.000000	-1.000000	74.551724	0.000000	-1.000000	-1.000000	1460651.000000	1772660809.979658
-26621.730000	-45059.715000	2439.180000	2069.505000	6050.655000	5063.985000	2973.060000	1959.705000	1.529754	4.586562	2.207410	-12.786537	-14.161193	-0.301147	0.347197	1.874901	-4.135460	6.348160	-2.731540	0.911741	0.127624	0.363891	-1.000000	-1.000000	-1.000000	-1.000000	-1.000000	-1.000000	-1.000000	74.551724	0.000000	-1.000000	-1.000000	1460652.000000	1772660809.979666
-26635.770000	-45074.340000	2416.680000	2083.455000	6065.235000	5067.135000	2987.775000	1948.995000	-1.507981	5.556356	4.400090	-14.079808	-7.527847	2.244886	3.513075	4.054960	-4.135460	6.348160	-2.731540	0.911741	0.127624	0.363891	-1.000000	-1.000000	-1.000000	-1.000000	-1.000000	-1.000000	-1.000000	74.551724	0.000000	-1.000000	-1.000000	1460653.000000	1772660809.980978
-26645.175000	-45117.225000	2380.095000	2051.460000	6039.810000	5062.005000	3013.920000	1950.075000	-4.810780	3.257410	2.915667	-10.605425	-0.400661	3.553908	6.419031	3.096367	-4.135460	6.348160	-2.731540	0.911741	0.127624	0.363891	-1.000000	-1.000000	-1.000000	-1.000000	-1.000000	-1.000000	-1.000000	74.551724	0.000000	-1.000000	-1.000000	1460654.000000	1772660809.980983
-26617.545000	-45093.330000	2400.390000	2054.385000	6049.440000	5066.910000	2982.870000	1968.795000	-6.315322	-3.139139	-3.271549	-5.656655	2.782657	3.205767	8.743828	1.535381	-4.135460	6.348160	-2.731540	0.911741	0.127624	0.363891	-1.000000	-1.000000	-1.000000	-1.000000	-1.000000	-1.000000	-1.000000	74.551724	0.000000	-1.000000	-1.000000	1460655.000000	1772660809.985041
-26624.655000	-45086.265000	2407.095000	2050.155000	6039.135000	5048.280000	2929.995000	1951.020000	-4.362811	-9.291454	-9.278499	-2.218005	2.328515	1.529676	7.192137	1.756063	-4.135460	6.348160	-2.731540	0.911741	0.127624	0.363891	-1.000000	-1.000000	-1.000000	-1.000000	-1.000000	-1.000000	-1.000000	74.551724	0.000000	-1.000000	-1.000000	1460656.000000	1772660809.985048
-26628.480000	-45090.990000	2400.525000	2053.710000	6040.935000	5052.915000	2956.770000	1956.105000	0.015507	-9.672820	-9.221434	0.651820	1.664747	-0.667621	-0.135563	3.159893	-4.135460	6.348160	-2.731540	0.911741	0.127624	0.363891	-1.000000	-1.000000	-1.000000	-1.000000	-1.000000	-1.000000	-1.000000	74.551724	0.000000	-1.000000	-1.000000	1460657.000000	1772660809.989856
-26625.735000	-45079.380000	2411.010000	2032.245000	6023.835000	5051.835000	2967.705000	1957.995000	3.997193	-4.044732	-2.991302	4.791331	2.669189	-2.368951	-8.910246	3.422771	-4.135460	6.348160	-2.731540	0.911741	0.127624	0.363891	-1.000000	-1.000000	-1.000000	-1.000000	-1.000000	-1.000000	-1.000000	74.551724	0.000000	-1.000000	-1.000000	1460658.000000	1772660809.989864
-26646.075000	-45100.215000	2394.405000	2046.375000	6011.820000	5047.290000	2970.990000	1945.395000	5.291874	2.589501	4.128198	9.254512	4.170025	-2.742343	-12.228993	1.381350	-4.135460	6.348160	-2.731540	0.911741	0.127624	0.363891	-1.000000	-1.000000	-1.000000	-1.000000	-1.000000	-1.000000	-1.000000	74.551724	0.000000	-1.000000	-1.000000	1460659.000000	1772660809.993749
-26647.020000	-45105.660000	2387.925000	2055.825000	6020.910000	5052.015000	2974.590000	1946.160000	3.314244	5.149082	6.745305	11.457781	4.248780	-1.822006	-7.833795	-2.359713	-4.135460	6.348160	-2.731540	0.911741	0.127624	0.363891	-1.000000	-1.000000	-1.000000	-1.000000	-1.000000	-1.000000	-1.000000	74.551724	0.000000	-1.000000	-1.000000	1460660.000000	1772660809.993756
-26624.925000	-45090.045000	2401.830000	2044.035000	6012.180000	5050.530000	2986.650000	1951.425000	0.339476	3.208559	4.042128	9.459008	2.242363	-0.308378	1.070626	-5.416927	-2.975700	5.447820	-3.204600	0.911741	0.126587	0.364501	-1.000000	-1.000000	-1.000000	-1.000000	-1.000000	-1.000000	-1.000000	74.551724	0.000000	-1.000000	-1.000000	1460661.000000	1772660809.997926
-26616.780000	-45077.895000	2421.270000	2060.955000	6038.235000	5068.530000	3018.015000	1961.280000	0.011606	0.891337	0.336095	3.375392	-0.966413	1.168930	9.369437	-5.029456	-2.975700	5.447820	-3.204600	0.911741	0.126587	0.364501	-1.000000	-1.000000	-1.000000	-1.000000	-1.000000	-1.000000	-1.000000	74.551724	0.000000	-1.000000	-1.000000	1460662.000000	1772660809.997933
-26628.705000	-45061.560000	2439.405000	2075.895000	6078.735000	5090.085000	3003.075000	1971.585000	2.733547	2.094275	0.543531	-3.169980	-2.363866	2.790647	13.000936	-0.900384	-2.975700	5.447820	-3.204600	0.911741	0.126587	0.364501	-1.000000	-1.000000	-1.000000	-1.000000	-1.000000	-1.000000	-1.000000	74.551724	0.000000	-1.000000	-1.000000	1460663.000000	1772660810.000866
-26636.490000	-45081.360000	2414.610000	2062.125000	6060.960000	5067.855000	2949.345000	1952.640000	4.509088	5.736612	4.262020	-6.119162	0.450827	4.536397	10.214088	4.036452	-2.975700	5.447820	-3.204600	0.911741	0.126587	0.364501	-1.000000	-1.000000	-1.000000	-1.000000	-1.000000	-1.000000	-1.000000	74.551724	0.000000	-1.000000	-1.000000	1460664.000000	1772660810.000877
-26600.670000	-45080.325000	2410.785000	2080.935000	6051.915000	5055.930000	2948.580000	1967.580000	2.529081	6.894263	6.177692	-5.088116	4.911565	4.716730	2.202304	6.308444	-2.975700	5.447820	-3.204600	0.911741	0.126587	0.364501	-1.000000	-1.000000	-1.000000	-1.000000	-1.000000	-1.000000	-1.000000	74.551724	0.000000	-1.000000	-1.000000	1460665.000000	1772660810.004972
-26607.960000	-45069.840000	2417.940000	2072.745000	6039.315000	5052.600000	2954.835000	1960.110000	-1.024313	3.204245	3.113007	-1.859235	6.140637	1.822417	-7.066369	4.920174	-2.975700	5.447820	-3.204600	0.911741	0.126587	0.364501	-1.000000	-1.000000	-1.000000	-1.000000	-1.000000	-1.000000	-1.000000	74.551724	0.000000	-1.000000	-1.000000	1460666.000000	1772660810.004981
-26610.795000	-45058.365000	2436.120000	2092.185000	6057.855000	5070.600000	2952.855000	1952.235000	-3.227927	-2.776309	-2.648120	1.823458	2.941139	-2.758863	-13.035592	0.998087	-2.975700	5.447820	-3.204600	0.911741	0.126587	0.364501	-1.000000	-1.000000	-1.000000	-1.000000	-1.000000	-1.000000	-1.000000	74.551724	0.000000	-1.000000	-1.000000	1460667.000000	1772660810.010492
-26624.880000	-45076.140000	2420.640000	2083.005000	6048.405000	5064.030000	2967.120000	1958.490000	-3.860395	-7.200171	-6.907708	3.997003	-1.765796	-5.738769	-12.897638	-3.444352	-2.975700	5.447820	-3.204600	0.911741	0.126587	0.364501	-1.000000	-1.000000	-1.000000	-1.000000	-1.000000	-1.000000	-1.000000	74.551724	0.000000	-1.000000	-1.000000	1460668.000000	1772660810.010498
-26629.785000	-45093.015000	2402.955000	2065.320000	6039.720000	5051.655000	2982.285000	1970.550000	-3.891791	-8.561826	-7.973825	2.535970	-5.411437	-5.671914	-6.556349	-5.809697	-2.975700	5.447820	-3.204600	0.911741	0.126587	0.364501	-1.000000	-1.000000	-1.000000	-1.000000	-1.000000	-1.000000	-1.000000	74.551724	0.000000	-1.000000	-1.000000	1460669.000000	1772660810.012832
-26645.445000	-45089.100000	2410.110000	2052.180000	6053.445000	5067.315000	3000.690000	1960.650000	-4.275052	-7.845751	-7.063221	-2.958867	-7.549546	-3.779539	2.934130	-4.772966	-2.975700	5.447820	-3.204600	0.911741	0.126587	0.364501	-1.000000	-1.000000	-1.000000	-1.000000	-1.000000	-1.000000	-1.000000	74.551724	0.000000	-1.000000	-1.000000	1460670.000000	1772660810.012841
-26632.800000	-45074.205000	2415.420000	2018.970000	6020.280000	5058.945000	3006.270000	1965.645000	-4.911812	-5.722400	-5.227893	-10.044326	-8.536481	-1.647020	10.450608	-1.817043	-2.502640	4.745860	-3.113040	0.911741	0.124511	0.364867	-1.000000	-1.000000	-1.000000	-1.000000	-1.000000	-1.000000	-1.000000	74.551724	0.000000	-1.000000	-1.000000	1460671.000000	1772660810.016878
-26622.540000	-45085.725000	2399.445000	2041.560000	6036.660000	5058.585000	2962.125000	1951.515000	-3.896786	-1.997652	-2.543241	-14.618774	-8.868367	-0.254552	12.205052	0.516075	-2.502640	4.745860	-3.113040	0.911741	0.124511	0.364867	-1.000000	-1.000000	-1.000000	-1.000000	-1.000000	-1.000000	-1.000000	74.551724	0.000000	-1.000000	-1.000000	1460672.000000	1772660810.016883
-26625.420000	-45098.550000	2384.910000	2045.205000	6047.955000	5056.020000	2949.975000	1951.470000	-0.106252	2.305864	0.483568	-12.565103	-7.172269	0.629925	8.305559	1.146336	-2.502640	4.745860	-3.113040	0.911741	0.124511	0.364867	-1.000000	-1.000000	-1.000000	-1.000000	-1.000000	-1.000000	-1.000000	74.551724	0.000000	-1.000000	-1.000000	1460673.000000	1772660810.021060
-26624.520000	-45099.855000	2389.005000	2053.935000	6037.335000	5047.920000	2957.670000	1956.780000	4.308901	5.227831	3.162502	-3.036364	-1.186329	2.077144	1.753349	0.737067	-2.502640	4.745860	-3.113040	0.911741	0.124511	0.364867	-1.000000	-1.000000	-1.000000	-1.000000	-1.000000	-1.000000	-1.000000	74.551724	0.000000	-1.000000	-1.000000	1460674.000000	1772660810.021067
-26623.080000	-45085.140000	2396.295000	2056.320000	6048.360000	5070.330000	2984.265000	1966.320000	6.403813	5.757302	5.049105	9.568702	7.587875	4.045796	-3.859550	0.625240	-2.502640	4.745860	-3.113040	0.911741	0.124511	0.364867	-1.000000	-1.000000	-1.000000	-1.000000	-1.000000	-1.000000	-1.000000	74.551724	0.000000	-1.000000	-1.000000	1460675.000000	1772660810.025214
-26618.580000	-45058.905000	2423.070000	2074.095000	6056.595000	5079.690000	3009.960000	1975.860000	5.854593	4.912641	6.085642	18.760759	14.487924	5.570198	-5.590256	1.808628	-2.502640	4.745860	-3.113040	0.911741	0.124511	0.364867	-1.000000	-1.000000	-1.000000	-1.000000	-1.000000	-1.000000	-1.000000	74.551724	0.000000	-1.000000	-1.000000	1460676.000000	1772660810.025223
-26619.435000	-45069.345000	2422.350000	2075.760000	6044.085000	5055.030000	2980.755000	1968.030000	4.307778	4.790911	6.990171	20.461658	15.809363	5.588403	-3.436615	3.661001	-2.502640	4.745860	-3.113040	0.911741	0.124511	0.364867	-1.000000	-1.000000	-1.000000	-1.000000	-1.000000	-1.000000	-1.000000	74.551724	0.000000	-1.000000	-1.000000	1460677.000000	1772660810.028978
-26630.640000	-45087.120000	2405.295000	2051.460000	6024.870000	5055.255000	2972.610000	1957.905000	2.716500	5.273233	7.513685	14.545405	10.409789	3.069735	-1.449785	3.905147	-2.502640	4.745860	-3.113040	0.911741	0.124511	0.364867	-1.000000	-1.000000	-1.000000	-1.000000	-1.000000	-1.000000	-1.000000	74.551724	0.000000	-1.000000	-1.000000	1460678.000000	1772660810.028986
-26654.625000	-45085.320000	2417.895000	2054.520000	6022.080000	5068.755000	2989.665000	1949.130000	0.409900	3.721927	5.630393	3.907076	0.136801	-1.474256	-2.935522	1.158086	-2.502640	4.745860	-3.113040	0.911741	0.124511	0.364867	-1.000000	-1.000000	-1.000000	-1.000000	-1.000000	-1.000000	-1.000000	74.551724	0.000000	-1.000000	-1.000000	1460679.000000	1772660810.034808
-26669.565000	-45081.090000	2433.060000	2092.635000	6052.635000	5073.975000	2969.460000	1945.305000	-3.528957	-0.870830	0.955025	-6.174119	-9.693714	-5.393128	-6.015582	-3.279042	-2.502640	4.745860	-3.113040	0.911741	0.124511	0.364867	-1.000000	-1.000000	-1.000000	-1.000000	-1.000000	-1.000000	-1.000000	74.551724	0.000000	-1.000000	-1.000000	1460680.000000	1772660810.034815
-26638.515000	-45067.320000	2430.225000	2077.335000	6069.330000	5072.580000	2954.070000	1946.745000	-7.793465	-5.726825	-3.700353	-10.972934	-13.056009	-6.177770	-6.178640	-6.373992	-4.501700	4.318580	-2.731540	0.914182	0.126159	0.364440	-1.000000	-1.000000	-1.000000	-1.000000	-1.000000	-1.000000	-1.000000	74.551724	0.000000	-1.000000	-1.000000	1460681.000000	1772660810.037802
-26637.390000	-45087.390000	2401.200000	2059.920000	6052.455000	5051.610000	2940.885000	1922.760000	-8.764545	-7.272549	-5.994702	-10.829546	-8.683474	-3.858794	-1.804788	-6.166187	-4.501700	4.318580	-2.731540	0.914182	0.126159	0.364440	-1.000000	-1.000000	-1.000000	-1.000000	-1.000000	-1.000000	-1.000000	74.551724	0.000000	-1.000000	-1.000000	1460682.000000	1772660810.037810
-26586.945000	-45092.070000	2384.325000	2044.485000	6031.755000	5048.865000	2965.185000	1972.080000	-4.071959	-5.436360	-6.921493	-9.480832	-1.278836	-0.878535	4.198531	-3.055776	-4.501700	4.318580	-2.731540	0.914182	0.126159	0.364440	-1.000000	-1.000000	-1.000000	-1.000000	-1.000000	-1.000000	-1.000000	74.551724	0.000000	-1.000000	-1.000000	1460683.000000	1772660810.041123
-26608.230000	-45094.050000	2388.420000	2035.485000	6026.760000	5047.065000	2970.225000	1969.605000	4.577261	-3.207494	-8.334870	-8.976684	3.179991	0.254294	7.898655	1.921076	-4.501700	4.318580	-2.731540	0.914182	0.126159	0.364440	-1.000000	-1.000000	-1.000000	-1.000000	-1.000000	-1.000000	-1.000000	74.551724	0.000000	-1.000000	-1.000000	1460684.000000	1772660810.041129
-26618.175000	-45079.155000	2399.625000	2039.355000	6025.995000	5040.000000	2973.195000	1959.030000	11.561867	-2.250169	-9.352320	-8.501344	2.573799	-0.746324	7.591885	6.717875	-4.501700	4.318580	-2.731540	0.914182	0.126159	0.364440	-1.000000	-1.000000	-1.000000	-1.000000	-1.000000	-1.000000	-1.000000	74.551724	0.000000	-1.000000	-1.000000	1460685.000000	1772660810.044989
-26621.685000	-45076.005000	2405.250000	2059.245000	6041.385000	5053.590000	2983.185000	1960.020000	11.652194	-1.049899	-7.061170	-5.577209	-0.184593	-1.571317	4.554490	8.200113	-4.501700	4.318580	-2.731540	0.914182	0.126159	0.364440	-1.000000	-1.000000	-1.000000	-1.000000	-1.000000	-1.000000	-1.000000	74.551724	0.000000	-1.000000	-1.000000	1460686.000000	1772660810.044997
-26617.770000	-45061.965000	2426.355000	2080.710000	6064.605000	5069.655000	2967.570000	1959.120000	5.269095	2.307897	-0.128499	1.915281	-0.461508	0.237009	1.189266	5.613333	-4.501700	4.318580	-2.731540	0.914182	0.126159	0.364440	-1.000000	-1.000000	-1.000000	-1.000000	-1.000000	-1.000000	-1.000000	74.551724	0.000000	-1.000000	-1.000000	1460687.000000	1772660810.051592
-26606.070000	-45064.845000	2419.380000	2071.125000	6052.995000	5062.860000	2957.175000	1962.270000	-2.257832	6.811660	8.681086	11.995780	2.952664	4.010325	-1.912370	1.208101	-4.501700	4.318580	-2.731540	0.914182	0.126159	0.364440	-1.000000	-1.000000	-1.000000	-1.000000	-1.000000	-1.000000	-1.000000	74.551724	0.000000	-1.000000	-1.000000	1460688.000000	1772660810.051602
-26604.945000	-45073.980000	2411.955000	2076.570000	6047.145000	5059.080000	2966.220000	1971.000000	-6.250680	8.893610	13.843335	18.101465	5.996908	6.419548	-4.272023	-2.318017	-4.501700	4.318580	-2.731540	0.914182	0.126159	0.364440	-1.000000	-1.000000	-1.000000	-1.000000	-1.000000	-1.000000	-1.000000	74.551724	0.000000	-1.000000	-1.000000	1460689.000000	1772660810.053133
-26620.740000	-45083.115000	2402.280000	2057.760000	6035.445000	5051.925000	2971.395000	1968.075000	-6.698279	6.092726	12.113693	15.394099	4.153661	5.356366	-3.572376	-3.433824	-4.501700	4.318580	-2.731540	0.914182	0.126159	0.364440	-1.000000	-1.000000	-1.000000	-1.000000	-1.000000	-1.000000	-1.000000	74.551724	0.000000	-1.000000	-1.000000	1460690.000000	1772660810.053140
-26641.530000	-45096.030000	2394.000000	2043.315000	6018.930000	5045.940000	2981.475000	1953.945000	-6.914324	-0.282223	5.436263	5.482812	-1.892730	1.842636	0.626444	-2.780879	-3.998120	4.578000	-2.594200	0.915525	0.127685	0.364257	-1.000000	-1.000000	-1.000000	-1.000000	-1.000000	-1.000000	-1.000000	74.551724	0.000000	-1.000000	-1.000000	1460691.000000	1772660810.057132
-26641.890000	-45099.495000	2382.795000	2023.200000	6008.310000	5043.870000	3003.705000	1952.055000	-8.852660	-6.567333	-1.926378	-6.057534	-7.471481	-1.884023	4.966307	-2.904911	-3.998120	4.578000	-2.594200	0.915525	0.127685	0.364257	-1.000000	-1.000000	-1.000000	-1.000000	-1.000000	-1.000000	-1.000000	74.551724	0.000000	-1.000000	-1.000000	1460692.000000	1772660810.057139
-26633.250000	-45092.970000	2390.760000	2022.705000	5995.260000	5039.685000	3007.845000	1959.345000	-10.086188	-9.704332	-7.128548	-13.985822	-9.076536	-4.415884	5.915337	-4.804364	-3.998120	4.578000	-2.594200	0.915525	0.127685	0.364257	-1.000000	-1.000000	-1.000000	-1.000000	-1.000000	-1.000000	-1.000000	74.551724	0.000000	-1.000000	-1.000000	1460693.000000	1772660810.061116
-26628.255000	-45094.005000	2390.895000	2037.555000	6022.035000	5050.710000	2966.085000	1966.005000	-6.346699	-8.544123	-9.060454	-15.337271	-6.157421	-4.936145	2.273946	-5.864213	-3.998120	4.578000	-2.594200	0.915525	0.127685	0.364257	-1.000000	-1.000000	-1.000000	-1.000000	-1.000000	-1.000000	-1.000000	74.551724	0.000000	-1.000000	-1.000000	1460694.000000	1772660810.061124
-26624.565000	-45076.230000	2405.160000	2023.110000	6019.920000	5050.710000	2935.575000	1958.490000	2.750369	-3.749620	-7.486790	-10.316234	-0.096950	-3.267507	-5.268032	-3.508325	-3.998120	4.578000	-2.594200	0.915525	0.127685	0.364257	-1.000000	-1.000000	-1.000000	-1.000000	-1.000000	-1.000000	-1.000000	74.551724	0.000000	-1.000000	-1.000000	1460695.000000	1772660810.065156
-26630.505000	-45074.745000	2417.805000	2054.925000	6033.555000	5058.495000	2950.695000	1953.450000	12.460335	2.637596	-3.174417	-1.991195	6.181742	-0.686318	-13.205980	1.238409	-3.998120	4.578000	-2.594200	0.915525	0.127685	0.364257	-1.000000	-1.000000	-1.000000	-1.000000	-1.000000	-1.000000	-1.000000	74.551724	0.000000	-1.000000	-1.000000	1460696.000000	1772660810.065164
-26644.005000	-45106.335000	2387.520000	2045.205000	6010.335000	5041.080000	2950.875000	1929.960000	16.789709	7.350363	1.662185	6.026977	9.397606	1.087920	-15.483466	4.905949	-3.998120	4.578000	-2.594200	0.915525	0.127685	0.364257	-1.000000	-1.000000	-1.000000	-1.000000	-1.000000	-1.000000	-1.000000	74.551724	0.000000	-1.000000	-1.000000	1460697.000000	1772660810.069125
-26619.075000	-45090.720000	2406.735000	2089.530000	6030.720000	5057.595000	2969.955000	1957.770000	13.325915	7.746547	4.560668	11.445956	8.157735	1.585031	-8.707296	5.257933	-3.998120	4.578000	-2.594200	0.915525	0.127685	0.364257	-1.000000	-1.000000	-1.000000	-1.000000	-1.000000	-1.000000	-1.000000	74.551724	0.000000	-1.000000	-1.000000	1460698.000000	1772660810.069132
-26617.140000	-45059.625000	2440.305000	2058.120000	6018.525000	5061.465000	2971.125000	1970.280000	5.384146	5.227299	5.774691	13.495748	4.137266	1.916340	3.978917	3.859053	-3.998120	4.578000	-2.594200	0.915525	0.127685	0.364257	-1.000000	-1.000000	-1.000000	-1.000000	-1.000000	-1.000000	-1.000000	74.551724	0.000000	-1.000000	-1.000000	1460699.000000	1772660810.072993
-26625.510000	-45064.080000	2434.905000	1989.675000	5984.910000	5062.680000	2986.830000	1983.780000	-1.876449	3.624537	7.305845	10.821046	-0.041872	3.053321	15.141134	3.602290	-3.998120	4.578000	-2.594200	0.915525	0.127685	0.364257	-1.000000	-1.000000	-1.000000	-1.000000	-1.000000	-1.000000	-1.000000	74.551724	0.000000	-1.000000	-1.000000	1460700.000000	1772660810.073000
-26643.060000	-45081.045000	2423.070000	2004.750000	6003.405000	5067.180000	2987.460000	1985.265000	-6.453655	3.369026	8.244681	2.264797	-3.169517	4.158981	18.388536	4.545115	-2.243220	3.036740	-2.197440	0.913572	0.125000	0.363769	-1.000000	-1.000000	-1.000000	-1.000000	-1.000000	-1.000000	-1.000000	74.551724	0.000000	-1.000000	-1.000000	1460701.000000	1772660810.077138
-26659.980000	-45088.290000	2413.440000	2074.950000	6054.885000	5070.375000	3002.085000	1966.185000	-9.124368	1.377492	5.259454	-7.531625	-3.774505	3.807856	12.921873	4.126796	-2.243220	3.036740	-2.197440	0.913572	0.125000	0.363769	-1.000000	-1.000000	-1.000000	-1.000000	-1.000000	-1.000000	-1.000000	74.551724	0.000000	-1.000000	-1.000000	1460702.000000	1772660810.077146
-26658.630000	-45079.830000	2426.580000	2154.600000	6095.160000	5072.670000	2966.130000	1950.480000	-10.411552	-3.492679	-2.128458	-9.582835	-0.202812	1.562886	3.461614	0.236542	-2.243220	3.036740	-2.197440	0.913572	0.125000	0.363769	-1.000000	-1.000000	-1.000000	-1.000000	-1.000000	-1.000000	-1.000000	74.551724	0.000000	-1.000000	-1.000000	1460703.000000	1772660810.081094
-26635.050000	-45078.480000	2424.330000	2131.380000	6084.900000	5063.850000	2928.015000	1936.035000	-9.086156	-8.627752	-10.159226	-1.178600	5.529699	-2.152307	-5.273878	-6.222905	-2.243220	3.036740	-2.197440	0.913572	0.125000	0.363769	-1.000000	-1.000000	-1.000000	-1.000000	-1.000000	-1.000000	-1.000000	74.551724	0.000000	-1.000000	-1.000000	1460704.000000	1772660810.081102
-26601.390000	-45072.315000	2415.825000	2068.020000	6051.870000	5056.830000	2954.295000	1959.480000	-3.274066	-10.473063	-14.478835	8.280022	7.618091	-6.164127	-11.351576	-11.056862	-2.243220	3.036740	-2.197440	0.913572	0.125000	0.363769	-1.000000	-1.000000	-1.000000	-1.000000	-1.000000	-1.000000	-1.000000	74.551724	0.000000	-1.000000	-1.000000	1460705.000000	1772660810.084947
-26603.145000	-45098.415000	2370.960000	2015.550000	6022.350000	5040.045000	2957.715000	1964.295000	6.095035	-7.494115	-13.462425	6.161644	1.897121	-8.693774	-13.009463	-9.951699	-2.243220	3.036740	-2.197440	0.913572	0.125000	0.363769	-1.000000	-1.000000	-1.000000	-1.000000	-1.000000	-1.000000	-1.000000	74.551724	0.000000	-1.000000	-1.000000	1460706.000000	1772660810.084955
-26627.085000	-45118.755000	2348.505000	1990.980000	6022.305000	5043.060000	2975.535000	1954.305000	13.317408	-2.168110	-9.232522	-9.276575	-9.407345	-8.499272	-9.102666	-3.329239	-2.243220	3.036740	-2.197440	0.913572	0.125000	0.363769	-1.000000	-1.000000	-1.000000	-1.000000	-1.000000	-1.000000	-1.000000	74.551724	0.000000	-1.000000	-1.000000	1460707.000000	1772660810.089061
-26625.105000	-45099.270000	2375.595000	2021.265000	6031.575000	5054.130000	2982.645000	1962.045000	12.555045	1.390317	-4.643287	-25.418251	-18.267854	-5.295830	-1.574869	3.674959	-2.243220	3.036740	-2.197440	0.913572	0.125000	0.363769	-1.000000	-1.000000	-1.000000	-1.000000	-1.000000	-1.000000	-1.000000	74.551724	0.000000	-1.000000	-1.000000	1460708.000000	1772660810.089068
-26621.280000	-45079.560000	2403.585000	2051.280000	6050.070000	5057.190000	2953.440000	1956.330000	4.524050	2.915462	1.061256	-25.818183	-16.859438	0.363028	4.989081	6.727397	-2.243220	3.036740	-2.197440	0.913572	0.125000	0.363769	-1.000000	-1.000000	-1.000000	-1.000000	-1.000000	-1.000000	-1.000000	74.551724	0.000000	-1.000000	-1.000000	1460709.000000	1772660810.093105
-26625.060000	-45072.495000	2408.310000	2031.930000	6035.805000	5056.920000	2971.980000	1955.115000	-4.442228	5.238773	9.626258	-7.231112	-5.355975	6.409710	6.521362	5.438515	-2.243220	3.036740	-2.197440	0.913572	0.125000	0.363769	-1.000000	-1.000000	-1.000000	-1.000000	-1.000000	-1.000000	-1.000000	74.551724	0.000000	-1.000000	-1.000000	1460710.000000	1772660810.093112
-26611.695000	-45060.030000	2422.125000	2039.895000	6027.885000	5058.540000	2994.390000	1971.045000	-8.698620	8.896868	18.439450	15.496746	6.959003	9.911821	4.015152	2.570916	-1.022420	4.257540	-2.502640	0.915037	0.126587	0.363402	-1.000000	-1.000000	-1.000000	-1.000000	-1.000000	-1.000000	-1.000000	74.551724	0.000000	-1.000000	-1.000000	1460711.000000	1772660810.104366
-26621.775000	-45067.095000	2427.210000	2086.695000	6062.355000	5067.720000	2953.980000	1959.030000	-7.242078	10.936437	21.915471	25.882598	11.395574	9.359557	2.221808	1.356060	-1.022420	4.257540	-2.502640	0.915037	0.126587	0.363402	-1.000000	-1.000000	-1.000000	-1.000000	-1.000000	-1.000000	-1.000000	74.551724	0.000000	-1.000000	-1.000000	1460712.000000	1772660810.104373
-26622.540000	-45078.750000	2413.485000	2077.470000	6055.020000	5063.490000	2950.875000	1964.565000	-3.527025	8.095603	16.639273	21.810087	8.580149	5.716801	2.760385	2.248242	-1.022420	4.257540	-2.502640	0.915037	0.126587	0.363402	-1.000000	-1.000000	-1.000000	-1.000000	-1.000000	-1.000000	-1.000000	74.551724	0.000000	-1.000000	-1.000000	1460713.000000	1772660810.104380
-26618.040000	-45082.845000	2404.845000	2062.710000	6042.735000	5060.520000	2964.555000	1968.525000	-1.549757	0.542870	4.476339	11.832962	4.666840	1.246093	3.150261	3.022677	-1.022420	4.257540	-2.502640	0.915037	0.126587	0.363402	-1.000000	-1.000000	-1.000000	-1.000000	-1.000000	-1.000000	-1.000000	74.551724	0.000000	-1.000000	-1.000000	1460714.000000	1772660810.104384
-26633.610000	-45094.185000	2391.885000	2039.220000	6027.255000	5051.160000	2964.510000	1946.610000	-1.975790	-7.485735	-8.269556	3.224129	3.066183	-2.283061	1.471885	1.504023	-1.022420	4.257540	-2.502640	0.915037	0.126587	0.363402	-1.000000	-1.000000	-1.000000	-1.000000	-1.000000	-1.000000	-1.000000	74.551724	0.000000	-1.000000	-1.000000	1460715.000000	1772660810.106392
-26642.835000	-45094.905000	2385.450000	1997.505000	5998.680000	5040.585000	2994.930000	1935.405000	-2.766571	-11.583694	-15.885189	-2.881498	2.417003	-4.592484	-1.570381	-2.719659	-1.022420	4.257540	-2.502640	0.915037	0.126587	0.363402	-1.000000	-1.000000	-1.000000	-1.000000	-1.000000	-1.000000	-1.000000	74.551724	0.000000	-1.000000	-1.000000	1460716.000000	1772660810.106399
-26619.570000	-45065.745000	2408.310000	1990.800000	5984.685000	5047.785000	3032.505000	1962.495000	-1.757682	-10.417095	-16.959931	-8.582357	-0.028026	-6.132518	-3.189459	-7.393109	-1.022420	4.257540	-2.502640	0.915037	0.126587	0.363402	-1.000000	-1.000000	-1.000000	-1.000000	-1.000000	-1.000000	-1.000000	74.551724	0.000000	-1.000000	-1.000000	1460717.000000	1772660810.109223
-26607.690000	-45053.370000	2440.710000	2082.240000	6015.330000	5057.460000	2979.540000	1959.750000	2.043759	-5.078267	-12.570019	-12.810811	-4.054066	-6.377089	-1.765619	-8.625588	-1.022420	4.257540	-2.502640	0.915037	0.126587	0.363402	-1.000000	-1.000000	-1.000000	-1.000000	-1.000000	-1.000000	-1.000000	74.551724	0.000000	-1.000000	-1.000000	1460718.000000	1772660810.109232
-26606.835000	-45081.045000	2413.530000	2089.980000	6032.565000	5064.480000	2935.035000	1968.660000	7.397846	1.441133	-4.805616	-10.712130	-5.929267	-4.225865	-0.951306	-4.771286	-1.022420	4.257540	-2.502640	0.915037	0.126587	0.363402	-1.000000	-1.000000	-1.000000	-1.000000	-1.000000	-1.000000	-1.000000	74.551724	0.000000	-1.000000	-1.000000	1460719.000000	1772660810.115323
-26594.820000	-45066.195000	2434.005000	2075.805000	6034.185000	5067.945000	2937.600000	1972.215000	11.000737	5.160821	2.484101	-2.687617	-3.357361	-0.079072	-4.724969	1.882637	-1.022420	4.257540	-2.502640	0.915037	0.126587	0.363402	-1.000000	-1.000000	-1.000000	-1.000000	-1.000000	-1.000000	-1.000000	74.551724	0.000000	-1.000000	-1.000000	1460720.000000	1772660810.115332
-26629.965000	-45064.170000	2429.505000	2061.585000	6037.785000	5057.055000	2957.670000	1969.380000	9.761770	4.862149	6.173661	3.343287	1.182470	3.747347	-9.127068	7.568166	-5.630940	3.433500	-2.578940	0.915037	0.132995	0.363524	-1.000000	-1.000000	-1.000000	-1.000000	-1.000000	-1.000000	-1.000000	74.551724	0.000000	-1.000000	-1.000000	1460721.000000	1772660810.116816
-26626.140000	-45070.470000	2423.745000	2063.205000	6045.030000	5043.960000	2948.895000	1966.320000	2.901897	2.790697	6.350788	2.690961	4.302565	4.876306	-7.350811	9.329504	-5.630940	3.433500	-2.578940	0.915037	0.132995	0.363524	-1.000000	-1.000000	-1.000000	-1.000000	-1.000000	-1.000000	-1.000000	74.551724	0.000000	-1.000000	-1.000000	1460722.000000	1772660810.116821
-26615.790000	-45071.145000	2428.290000	2078.955000	6074.370000	5077.035000	2960.865000	1968.255000	-6.384797	1.253141	5.041258	-0.598527	5.939463	3.457588	0.382443	6.337968	-5.630940	3.433500	-2.578940	0.915037	0.132995	0.363524	-1.000000	-1.000000	-1.000000	-1.000000	-1.000000	-1.000000	-1.000000	74.551724	0.000000	-1.000000	-1.000000	1460723.000000	1772660810.121950
-26654.985000	-45071.550000	2431.530000	2077.560000	6081.210000	5089.950000	2977.200000	1946.610000	-12.528646	1.006643	4.181169	-0.313498	7.636205	2.379504	8.432278	0.598703	-5.630940	3.433500	-2.578940	0.915037	0.132995	0.363524	-1.000000	-1.000000	-1.000000	-1.000000	-1.000000	-1.000000	-1.000000	74.551724	0.000000	-1.000000	-1.000000	1460724.000000	1772660810.121958
-26626.635000	-45088.380000	2396.790000	2043.270000	6029.415000	5050.710000	2979.135000	1968.435000	-12.466266	1.056503	3.388551	4.277661	8.362548	2.840461	11.838972	-4.617069	-5.630940	3.433500	-2.578940	0.915037	0.132995	0.363524	-1.000000	-1.000000	-1.000000	-1.000000	-1.000000	-1.000000	-1.000000	74.551724	0.000000	-1.000000	-1.000000	1460725.000000	1772660810.125057
-26637.345000	-45100.440000	2392.425000	2050.650000	6033.510000	5056.560000	2986.605000	1985.805000	-7.170266	-0.908546	-0.138334	7.659594	4.566699	2.062820	9.070107	-6.769319	-5.630940	3.433500	-2.578940	0.915037	0.132995	0.363524	-1.000000	-1.000000	-1.000000	-1.000000	-1.000000	-1.000000	-1.000000	74.551724	0.000000	-1.000000	-1.000000	1460726.000000	1772660810.125064
-26659.125000	-45097.920000	2399.985000	2050.785000	6026.805000	5051.700000	2962.170000	1953.405000	-0.333152	-5.192863	-6.733469	4.117224	-4.685395	-1.849500	3.049844	-5.483759	-5.630940	3.433500	-2.578940	0.915037	0.132995	0.363524	-1.000000	-1.000000	-1.000000	-1.000000	-1.000000	-1.000000	-1.000000	74.551724	0.000000	-1.000000	-1.000000	1460727.000000	1772660810.132268
-26604.495000	-45076.545000	2403.180000	2031.705000	6016.230000	5045.085000	2957.985000	1956.555000	4.685622	-7.959400	-11.658260	-5.828733	-15.301848	-6.863079	-1.744281	-3.055259	-5.630940	3.433500	-2.578940	0.915037	0.132995	0.363524	-1.000000	-1.000000	-1.000000	-1.000000	-1.000000	-1.000000	-1.000000	74.551724	0.000000	-1.000000	-1.000000	1460728.000000	1772660810.132274
-26618.175000	-45083.385000	2394.180000	2013.660000	6002.010000	5033.565000	2956.995000	1954.395000	7.837834	-5.518247	-10.531256	-15.699612	-21.581756	-9.804981	-3.469231	-1.531544	-5.630940	3.433500	-2.578940	0.915037	0.132995	0.363524	-1.000000	-1.000000	-1.000000	-1.000000	-1.000000	-1.000000	-1.000000	74.551724	0.000000	-1.000000	-1.000000	1460729.000000	1772660810.132907
-26634.780000	-45084.015000	2394.045000	2043.855000	6025.905000	5038.245000	2958.480000	1942.785000	9.632729	0.919633	-3.966117	-18.086008	-19.610520	-8.624752	-3.113431	-0.683873	-5.630940	3.433500	-2.578940	0.915037	0.132995	0.363524	-1.000000	-1.000000	-1.000000	-1.000000	-1.000000	-1.000000	-1.000000	74.551724	0.000000	-1.000000	-1.000000	1460730.000000	1772660810.132927
-26618.895000	-45091.125000	2395.305000	2065.005000	6054.435000	5060.115000	2962.935000	1948.995000	8.678459	7.063074	4.520007	-9.304616	-8.573348	-2.875347	-2.378113	0.230148	-3.357200	4.593260	-1.739640	0.919004	0.128845	0.364440	-1.000000	-1.000000	-1.000000	-1.000000	-1.000000	-1.000000	-1.000000	74.551724	0.000000	-1.000000	-1.000000	1460731.000000	1772660810.136981
-26625.645000	-45092.115000	2400.435000	2061.360000	6050.970000	5063.085000	2961.405000	1947.105000	4.705500	9.647565	11.369286	7.051491	7.512222	5.184863	-2.258367	1.673033	-3.357200	4.593260	-1.739640	0.919004	0.128845	0.364440	-1.000000	-1.000000	-1.000000	-1.000000	-1.000000	-1.000000	-1.000000	74.551724	0.000000	-1.000000	-1.000000	1460732.000000	1772660810.136989
-26629.200000	-45088.380000	2400.570000	2053.845000	6040.485000	5057.100000	2966.490000	1948.680000	-0.133723	8.051638	14.107037	21.687380	20.785162	11.181817	-3.043416	3.821810	-3.357200	4.593260	-1.739640	0.919004	0.128845	0.364440	-1.000000	-1.000000	-1.000000	-1.000000	-1.000000	-1.000000	-1.000000	74.551724	0.000000	-1.000000	-1.000000	1460733.000000	1772660810.140833
-26634.645000	-45091.395000	2396.475000	2047.095000	6029.010000	5047.335000	2958.705000	1946.025000	-4.127603	3.857306	12.138912	26.625992	25.197533	12.127635	-4.363702	5.302149	-3.357200	4.593260	-1.739640	0.919004	0.128845	0.364440	-1.000000	-1.000000	-1.000000	-1.000000	-1.000000	-1.000000	-1.000000	74.551724	0.000000	-1.000000	-1.000000	1460734.000000	1772660810.140840
-26632.890000	-45092.610000	2394.180000	2047.230000	6031.260000	5052.060000	2964.150000	1949.580000	-6.782469	-0.744279	6.336000	19.380738	19.686409	8.149338	-4.682135	4.279628	-3.357200	4.593260	-1.739640	0.919004	0.128845	0.364440	-1.000000	-1.000000	-1.000000	-1.000000	-1.000000	-1.000000	-1.000000	74.551724	0.000000	-1.000000	-1.000000	1460735.000000	1772660810.144993
-26647.785000	-45105.210000	2382.345000	2032.425000	6016.545000	5045.985000	2968.785000	1934.955000	-7.625123	-4.408686	-1.642378	3.215475	7.139478	1.462793	-1.860298	1.291620	-3.357200	4.593260	-1.739640	0.919004	0.128845	0.364440	-1.000000	-1.000000	-1.000000	-1.000000	-1.000000	-1.000000	-1.000000	74.551724	0.000000	-1.000000	-1.000000	1460736.000000	1772660810.145001
-26657.325000	-45115.650000	2372.985000	2018.250000	6005.340000	5043.735000	2993.535000	1930.500000	-7.300224	-7.021883	-9.321766	-13.941639	-7.001989	-4.849720	4.453415	-1.707129	-3.357200	4.593260	-1.739640	0.919004	0.128845	0.364440	-1.000000	-1.000000	-1.000000	-1.000000	-1.000000	-1.000000	-1.000000	74.551724	0.000000	-1.000000	-1.000000	1460737.000000	1772660810.148909
-26634.105000	-45089.280000	2399.490000	2040.930000	6029.820000	5065.380000	3029.760000	1958.040000	-6.169503	-8.080388	-13.401348	-23.448439	-16.585758	-7.843365	11.729439	-3.121693	-3.357200	4.593260	-1.739640	0.919004	0.128845	0.364440	-1.000000	-1.000000	-1.000000	-1.000000	-1.000000	-1.000000	-1.000000	74.551724	0.000000	-1.000000	-1.000000	1460738.000000	1772660810.148916
-26626.140000	-45067.770000	2423.295000	2060.730000	6046.380000	5081.220000	3043.080000	1972.035000	-2.316757	-5.489386	-10.827178	-21.095808	-17.663848	-6.034359	16.180965	-1.573090	-3.357200	4.593260	-1.739640	0.919004	0.128845	0.364440	-1.000000	-1.000000	-1.000000	-1.000000	-1.000000	-1.000000	-1.000000	74.551724	0.000000	-1.000000	-1.000000	1460739.000000	1772660810.152967
-26603.010000	-45049.545000	2435.805000	2067.255000	6051.420000	5061.195000	2944.080000	1963.440000	4.623828	1.567997	-1.939335	-9.505255	-11.171267	-1.492076	13.260402	2.273427	-3.357200	4.593260	-1.739640	0.919004	0.128845	0.364440	-1.000000	-1.000000	-1.000000	-1.000000	-1.000000	-1.000000	-1.000000	74.551724	0.000000	-1.000000	-1.000000	1460740.000000	1772660810.152974
-26596.755000	-45054.585000	2427.975000	2064.960000	6044.310000	5052.240000	2891.205000	1952.055000	11.641838	9.703614	8.001208	4.303903	-1.892293	1.152971	-0.714080	4.938676	-1.815940	3.601360	-0.961380	0.916685	0.127075	0.365478	-1.000000	-1.000000	-1.000000	-1.000000	-1.000000	-1.000000	-1.000000	74.551724	0.000000	-1.000000	-1.000000	1460741.000000	1772660810.159266
-26613.180000	-45071.730000	2418.255000	2075.895000	6033.510000	5049.540000	2923.020000	1943.730000	14.759753	13.137513	12.519244	14.028986	5.643550	0.015339	-21.166770	3.413011	-1.815940	3.601360	-0.961380	0.916685	0.127075	0.365478	-1.000000	-1.000000	-1.000000	-1.000000	-1.000000	-1.000000	-1.000000	74.551724	0.000000	-1.000000	-1.000000	1460742.000000	1772660810.159273
-26622.180000	-45078.480000	2410.515000	2052.585000	6024.330000	5061.150000	2963.025000	1955.160000	11.071066	8.590862	8.975519	16.364022	9.016043	-2.264108	-33.528714	-1.820556	-1.815940	3.601360	-0.961380	0.916685	0.127075	0.365478	-1.000000	-1.000000	-1.000000	-1.000000	-1.000000	-1.000000	-1.000000	74.551724	0.000000	-1.000000	-1.000000	1460743.000000	1772660810.160939
-26613.990000	-45067.725000	2415.780000	2043.360000	6020.100000	5068.710000	2968.335000	1960.380000	1.692585	-1.328579	0.120846	10.609650	7.614666	-2.440223	-26.267968	-6.812461	-1.815940	3.601360	-0.961380	0.916685	0.127075	0.365478	-1.000000	-1.000000	-1.000000	-1.000000	-1.000000	-1.000000	-1.000000	74.551724	0.000000	-1.000000	-1.000000	1460744.000000	1772660810.160943
-26625.105000	-45067.995000	2426.670000	2087.910000	6032.070000	5057.505000	2953.035000	1950.075000	-8.205588	-10.067092	-8.010429	0.558881	3.290511	0.007654	-3.281334	-7.668613	-1.815940	3.601360	-0.961380	0.916685	0.127075	0.365478	-1.000000	-1.000000	-1.000000	-1.000000	-1.000000	-1.000000	-1.000000	74.551724	0.000000	-1.000000	-1.000000	1460745.000000	1772660810.165864
-26628.480000	-45069.300000	2434.770000	2094.885000	6048.000000	5049.855000	2942.325000	1944.270000	-13.932084	-12.824305	-10.463024	-6.309324	-0.290759	2.834657	19.636626	-4.451526	-1.815940	3.601360	-0.961380	0.916685	0.127075	0.365478	-1.000000	-1.000000	-1.000000	-1.000000	-1.000000	-1.000000	-1.000000	74.551724	0.000000	-1.000000	-1.000000	1460746.000000	1772660810.165867
-26660.115000	-45096.615000	2412.045000	2051.370000	6038.640000	5058.315000	2961.630000	1938.555000	-14.396501	-10.231619	-7.452186	-7.197302	-1.482095	3.374803	28.746132	-0.611315	-1.815940	3.601360	-0.961380	0.916685	0.127075	0.365478	-1.000000	-1.000000	-1.000000	-1.000000	-1.000000	-1.000000	-1.000000	74.551724	0.000000	-1.000000	-1.000000	1460747.000000	1772660810.168955
-26677.170000	-45101.880000	2409.120000	2036.790000	6025.455000	5062.500000	2985.030000	1943.640000	-11.765905	-6.433843	-3.510800	-6.836967	-2.324052	1.250380	22.885653	1.062682	-1.815940	3.601360	-0.961380	0.916685	0.127075	0.365478	-1.000000	-1.000000	-1.000000	-1.000000	-1.000000	-1.000000	-1.000000	74.551724	0.000000	-1.000000	-1.000000	1460748.000000	1772660810.168960
-26646.390000	-45094.860000	2402.550000	2011.590000	5995.800000	5061.960000	3008.520000	1965.105000	-7.910411	-3.800803	-1.904258	-9.054735	-5.014624	-1.340545	12.178662	1.346246	-1.815940	3.601360	-0.961380	0.916685	0.127075	0.365478	-1.000000	-1.000000	-1.000000	-1.000000	-1.000000	-1.000000	-1.000000	74.551724	0.000000	-1.000000	-1.000000	1460749.000000	1772660810.175728
-26628.705000	-45067.455000	2434.230000	2065.770000	6022.215000	5079.105000	2984.490000	1974.735000	-1.685402	-0.639326	-1.248335	-10.910031	-7.979177	-1.718251	5.773393	2.995570	-1.815940	3.601360	-0.961380	0.916685	0.127075	0.365478	-1.000000	-1.000000	-1.000000	-1.000000	-1.000000	-1.000000	-1.000000	74.551724	0.000000	-1.000000	-1.000000	1460750.000000	1772660810.175737
-26616.105000	-45066.690000	2422.620000	2060.370000	6020.010000	5061.240000	2945.385000	1963.845000	7.841317	5.372245	1.641325	-6.827234	-6.885565	0.594685	1.810147	6.172701	-2.090620	3.479280	-1.617560	0.915586	0.127136	0.366027	-1.000000	-1.000000	-1.000000	-1.000000	-1.000000	-1.000000	-1.000000	74.551724	0.000000	-1.000000	-1.000000	1460751.000000	1772660810.177096
-26593.740000	-45068.265000	2410.110000	2055.465000	6009.795000	5031.540000	2948.040000	1958.985000	17.789591	12.597637	6.421872	3.556151	-0.452380	2.507368	-6.470839	7.502156	-2.090620	3.479280	-1.617560	0.915586	0.127136	0.366027	-1.000000	-1.000000	-1.000000	-1.000000	-1.000000	-1.000000	-1.000000	74.551724	0.000000	-1.000000	-1.000000	1460752.000000	1772660810.177103
-26597.070000	-45070.515000	2401.830000	2031.120000	6024.825000	5029.335000	2952.045000	1960.380000	22.954413	16.069761	9.083457	13.678460	7.406611	0.667430	-18.087819	4.592925	-2.090620	3.479280	-1.617560	0.915586	0.127136	0.366027	-1.000000	-1.000000	-1.000000	-1.000000	-1.000000	-1.000000	-1.000000	74.551724	0.000000	-1.000000	-1.000000	1460753.000000	1772660810.181015
-26609.130000	-45077.490000	2393.145000	2028.285000	6046.335000	5052.150000	2958.030000	1955.655000	19.411166	12.557432	6.822557	16.027201	12.196559	-3.331158	-24.568045	-0.898560	-2.090620	3.479280	-1.617560	0.915586	0.127136	0.366027	-1.000000	-1.000000	-1.000000	-1.000000	-1.000000	-1.000000	-1.000000	74.551724	0.000000	-1.000000	-1.000000	1460754.000000	1772660810.181022
-26609.040000	-45086.220000	2385.090000	2044.575000	6059.205000	5060.835000	2957.355000	1955.655000	7.709235	3.463552	0.711476	9.390209	12.134920	-4.565188	-20.333361	-5.535684	-2.090620	3.479280	-1.617560	0.915586	0.127136	0.366027	-1.000000	-1.000000	-1.000000	-1.000000	-1.000000	-1.000000	-1.000000	74.551724	0.000000	-1.000000	-1.000000	1460755.000000	1772660810.184955
-26622.630000	-45086.580000	2399.760000	2069.235000	6051.960000	5047.425000	2955.915000	1948.905000	-6.665658	-6.445893	-5.195040	0.438930	7.651251	-1.573671	-8.145652	-7.347053	-2.090620	3.479280	-1.617560	0.915586	0.127136	0.366027	-1.000000	-1.000000	-1.000000	-1.000000	-1.000000	-1.000000	-1.000000	74.551724	0.000000	-1.000000	-1.000000	1460756.000000	1772660810.184962
-26622.540000	-45088.470000	2395.980000	2056.680000	6044.625000	5053.815000	2973.330000	1952.010000	-17.297218	-12.381911	-6.843330	-3.452896	0.672553	2.436652	5.082461	-6.464923	-2.090620	3.479280	-1.617560	0.915586	0.127136	0.366027	-1.000000	-1.000000	-1.000000	-1.000000	-1.000000	-1.000000	-1.000000	74.551724	0.000000	-1.000000	-1.000000	1460757.000000	1772660810.188980
-26626.455000	-45098.910000	2380.320000	2037.510000	6029.280000	5052.105000	2988.855000	1962.855000	-21.149400	-12.789663	-3.983507	-2.048013	-6.080703	4.394787	14.721520	-3.941486	-2.090620	3.479280	-1.617560	0.915586	0.127136	0.366027	-1.000000	-1.000000	-1.000000	-1.000000	-1.000000	-1.000000	-1.000000	74.551724	0.000000	-1.000000	-1.000000	1460758.000000	1772660810.188987
-26646.795000	-45108.630000	2378.970000	2037.330000	6025.635000	5044.635000	2964.960000	1944.945000	-18.951784	-9.596845	-0.140016	-0.874111	-10.600932	3.646619	19.127023	-0.897143	-2.090620	3.479280	-1.617560	0.915586	0.127136	0.366027	-1.000000	-1.000000	-1.000000	-1.000000	-1.000000	-1.000000	-1.000000	74.551724	0.000000	-1.000000	-1.000000	1460759.000000	1772660810.192974
-26655.705000	-45114.390000	2376.630000	2032.065000	6016.365000	5040.540000	2964.600000	1936.710000	-13.133736	-5.302948	1.937448	-3.281768	-11.991684	1.234278	17.416151	1.455314	-2.090620	3.479280	-1.617560	0.915586	0.127136	0.366027	-1.000000	-1.000000	-1.000000	-1.000000	-1.000000	-1.000000	-1.000000	74.551724	0.000000	-1.000000	-1.000000	1460760.000000	1772660810.192980
-26624.115000	-45087.795000	2399.040000	2049.300000	6027.615000	5052.375000	2970.495000	1956.510000	-5.476142	-0.587713	2.884729	-6.554818	-9.703929	-0.612551	10.104067	2.709073	-4.700080	3.479280	-0.930860	0.916868	0.131530	0.366759	-1.000000	-1.000000	-1.000000	-1.000000	-1.000000	-1.000000	-1.000000	74.551724	0.000000	-1.000000	-1.000000	1460761.000000	1772660810.200184
-26637.075000	-45100.530000	2387.745000	2032.065000	6015.375000	5044.185000	2954.745000	1941.255000	3.495412	4.753036	4.232481	-6.435204	-4.472337	-0.446862	0.008651	3.604368	-4.700080	3.479280	-0.930860	0.916868	0.131530	0.366759	-1.000000	-1.000000	-1.000000	-1.000000	-1.000000	-1.000000	-1.000000	74.551724	0.000000	-1.000000	-1.000000	1460762.000000	1772660810.200191
-26644.140000	-45110.205000	2381.670000	2012.130000	6006.060000	5043.915000	2959.425000	1937.205000	12.156513	9.280625	5.319951	-3.053997	0.620840	0.369120	-9.152410	4.176743	-4.700080	3.479280	-0.930860	0.916868	0.131530	0.366759	-1.000000	-1.000000	-1.000000	-1.000000	-1.000000	-1.000000	-1.000000	74.551724	0.000000	-1.000000	-1.000000	1460763.000000	1772660810.202155
-26626.140000	-45080.145000	2417.760000	2048.400000	6026.445000	5061.555000	2968.965000	1952.145000	17.518191	10.976129	4.777213	0.395246	3.059164	-0.066124	-14.071531	3.793111	-4.700080	3.479280	-0.930860	0.916868	0.131530	0.366759	-1.000000	-1.000000	-1.000000	-1.000000	-1.000000	-1.000000	-1.000000	74.551724	0.000000	-1.000000	-1.000000	1460764.000000	1772660810.202162
-26611.065000	-45059.130000	2434.860000	2075.895000	6042.960000	5063.355000	2981.970000	1961.730000	18.269708	10.162873	3.250892	3.078748	4.192078	-1.134573	-12.912658	2.912149	-4.700080	3.479280	-0.930860	0.916868	0.131530	0.366759	-1.000000	-1.000000	-1.000000	-1.000000	-1.000000	-1.000000	-1.000000	74.551724	0.000000	-1.000000	-1.000000	1460765.000000	1772660810.204934
-26599.320000	-45055.305000	2439.720000	2078.235000	6053.760000	5063.400000	2979.495000	1966.815000	14.958563	8.139609	2.000204	6.354335	6.834037	-1.352918	-6.843970	2.173621	-4.700080	3.479280	-0.930860	0.916868	0.131530	0.366759	-1.000000	-1.000000	-1.000000	-1.000000	-1.000000	-1.000000	-1.000000	74.551724	0.000000	-1.000000	-1.000000	1460766.000000	1772660810.204942
-26585.055000	-45026.415000	2464.515000	2101.050000	6082.920000	5072.400000	2938.185000	1961.640000	8.560222	5.162996	1.130016	9.784239	11.113673	-0.650242	-0.072984	1.046980	-4.700080	3.479280	-0.930860	0.916868	0.131530	0.366759	-1.000000	-1.000000	-1.000000	-1.000000	-1.000000	-1.000000	-1.000000	74.551724	0.000000	-1.000000	-1.000000	1460767.000000	1772660810.208927
-26610.480000	-45045.180000	2442.645000	2076.795000	6051.825000	5061.555000	2968.200000	1957.905000	0.553171	1.246517	-0.058021	10.514356	13.846793	0.333324	3.868996	-0.867786	-4.700080	3.479280	-0.930860	0.916868	0.131530	0.366759	-1.000000	-1.000000	-1.000000	-1.000000	-1.000000	-1.000000	-1.000000	74.551724	0.000000	-1.000000	-1.000000	1460768.000000	1772660810.208935
-26613.855000	-45078.660000	2406.735000	2055.645000	6023.070000	5060.475000	3016.620000	1979.685000	-7.775773	-4.202230	-3.214416	5.748316	10.571384	0.910654	5.994951	-2.609930	-4.700080	3.479280	-0.930860	0.916868	0.131530	0.366759	-1.000000	-1.000000	-1.000000	-1.000000	-1.000000	-1.000000	-1.000000	74.551724	0.000000	-1.000000	-1.000000	1460769.000000	1772660810.212980
-26635.275000	-45086.490000	2406.105000	2048.220000	6029.685000	5064.345000	2986.650000	1954.215000	-15.421221	-11.764394	-9.244878	-4.085509	0.055068	0.566193	8.484595	-3.308395	-4.700080	3.479280	-0.930860	0.916868	0.131530	0.366759	-1.000000	-1.000000	-1.000000	-1.000000	-1.000000	-1.000000	-1.000000	74.551724	0.000000	-1.000000	-1.000000	1460770.000000	1772660810.212987
-26695.980000	-45114.345000	2397.015000	2047.005000	6032.610000	5052.105000	2950.695000	1896.255000	-20.785886	-18.857135	-15.069112	-13.903148	-12.522100	-0.617399	9.104995	-4.195749	-4.944240	3.296160	-0.808780	0.913999	0.128051	0.365233	-1.000000	-1.000000	-1.000000	-1.000000	-1.000000	-1.000000	-1.000000	74.551724	0.000000	-1.000000	-1.000000	1460771.000000	1772660810.217143
-26657.055000	-45101.880000	2395.080000	2044.800000	6039.540000	5048.055000	2938.095000	1907.550000	-21.457801	-20.573433	-15.771500	-17.600646	-19.519548	-2.348678	4.073752	-6.752961	-4.944240	3.296160	-0.808780	0.913999	0.128051	0.365233	-1.000000	-1.000000	-1.000000	-1.000000	-1.000000	-1.000000	-1.000000	74.551724	0.000000	-1.000000	-1.000000	1460772.000000	1772660810.217149
-26602.020000	-45063.450000	2416.545000	2061.900000	6048.405000	5051.205000	2934.450000	1950.975000	-14.139529	-13.989985	-9.921232	-13.620791	-17.443997	-4.123854	-5.574275	-8.572225	-4.944240	3.296160	-0.808780	0.913999	0.128051	0.365233	-1.000000	-1.000000	-1.000000	-1.000000	-1.000000	-1.000000	-1.000000	74.551724	0.000000	-1.000000	-1.000000	1460773.000000	1772660810.223536
-26615.430000	-45077.445000	2413.710000	2078.280000	6054.345000	5065.515000	2968.245000	1961.595000	1.257137	-0.911262	-0.182034	-4.924024	-8.464538	-4.525683	-13.636150	-5.205937	-4.944240	3.296160	-0.808780	0.913999	0.128051	0.365233	-1.000000	-1.000000	-1.000000	-1.000000	-1.000000	-1.000000	-1.000000	74.551724	0.000000	-1.000000	-1.000000	1460774.000000	1772660810.223541
-26635.500000	-45091.755000	2403.090000	2061.405000	6040.305000	5056.155000	2980.395000	1943.865000	16.955929	12.044898	9.024013	4.382642	2.059822	-2.377988	-13.509813	3.016291	-4.944240	3.296160	-0.808780	0.913999	0.128051	0.365233	-1.000000	-1.000000	-1.000000	-1.000000	-1.000000	-1.000000	-1.000000	74.551724	0.000000	-1.000000	-1.000000	1460775.000000	1772660810.225072
-26634.825000	-45090.180000	2403.855000	2047.860000	6032.745000	5053.410000	2975.760000	1955.205000	23.305690	17.955438	13.705122	10.173777	8.718658	1.319822	-3.869439	10.688711	-4.944240	3.296160	-0.808780	0.913999	0.128051	0.365233	-1.000000	-1.000000	-1.000000	-1.000000	-1.000000	-1.000000	-1.000000	74.551724	0.000000	-1.000000	-1.000000	1460776.000000	1772660810.225080
-26637.030000	-45087.930000	2408.715000	2050.695000	6025.275000	5040.135000	2942.775000	1947.555000	18.382501	15.726542	13.252929	10.563947	9.775905	4.297065	8.281875	13.292283	-4.944240	3.296160	-0.808780	0.913999	0.128051	0.365233	-1.000000	-1.000000	-1.000000	-1.000000	-1.000000	-1.000000	-1.000000	74.551724	0.000000	-1.000000	-1.000000	1460777.000000	1772660810.229058
-26597.565000	-45052.380000	2432.565000	2026.710000	6029.595000	5051.475000	2958.345000	1962.450000	8.054538	10.229994	10.747612	7.452460	7.751467	5.204965	13.042249	9.996548	-4.944240	3.296160	-0.808780	0.913999	0.128051	0.365233	-1.000000	-1.000000	-1.000000	-1.000000	-1.000000	-1.000000	-1.000000	74.551724	0.000000	-1.000000	-1.000000	1460778.000000	1772660810.229062
-26605.935000	-45055.440000	2441.115000	2041.155000	6002.730000	5039.010000	2955.285000	1954.710000	-0.058799	6.589027	8.948379	3.660397	5.012363	4.150546	8.495691	3.629539	-4.944240	3.296160	-0.808780	0.913999	0.128051	0.365233	-1.000000	-1.000000	-1.000000	-1.000000	-1.000000	-1.000000	-1.000000	74.551724	0.000000	-1.000000	-1.000000	1460779.000000	1772660810.233010
-26646.885000	-45111.465000	2383.605000	2060.055000	6021.360000	5054.220000	2973.105000	1944.630000	-2.806748	4.740460	6.712430	1.327857	1.750982	2.210662	1.664200	-1.352236	-4.944240	3.296160	-0.808780	0.913999	0.128051	0.365233	-1.000000	-1.000000	-1.000000	-1.000000	-1.000000	-1.000000	-1.000000	74.551724	0.000000	-1.000000	-1.000000	1460780.000000	1772660810.233015
-26641.305000	-45108.630000	2385.945000	2057.670000	6039.405000	5063.580000	2974.005000	1948.680000	-3.996309	0.144695	0.494005	1.187505	-1.282625	0.814231	-1.119734	-3.597408	-1.342880	2.319520	-1.175020	0.915342	0.120971	0.364196	-1.000000	-1.000000	-1.000000	-1.000000	-1.000000	-1.000000	-1.000000	74.551724	0.000000	-1.000000	-1.000000	1460781.000000	1772660810.237102
-26599.095000	-45083.925000	2403.495000	2050.110000	6029.460000	5055.390000	2979.135000	1965.015000	-7.705237	-8.632298	-9.445949	1.045987	-2.629774	0.358369	0.007680	-5.257712	-1.342880	2.319520	-1.175020	0.915342	0.120971	0.364196	-1.000000	-1.000000	-1.000000	-1.000000	-1.000000	-1.000000	-1.000000	74.551724	0.000000	-1.000000	-1.000000	1460782.000000	1772660810.237110
-26606.970000	-45084.465000	2402.865000	2042.145000	6014.700000	5051.655000	3010.905000	1969.245000	-11.461473	-16.032339	-17.062935	-1.639244	-2.632756	-0.374614	1.288088	-7.216682	-1.342880	2.319520	-1.175020	0.915342	0.120971	0.364196	-1.000000	-1.000000	-1.000000	-1.000000	-1.000000	-1.000000	-1.000000	74.551724	0.000000	-1.000000	-1.000000	1460783.000000	1772660810.241025
-26618.580000	-45056.970000	2428.155000	2079.810000	6047.820000	5073.345000	3036.195000	1974.735000	-10.789958	-15.601818	-16.534495	-5.374609	-2.145670	-1.831232	1.106078	-7.564991	-1.342880	2.319520	-1.175020	0.915342	0.120971	0.364196	-1.000000	-1.000000	-1.000000	-1.000000	-1.000000	-1.000000	-1.000000	74.551724	0.000000	-1.000000	-1.000000	1460784.000000	1772660810.241032
-26650.530000	-45064.620000	2425.005000	2079.855000	6054.975000	5053.275000	2948.220000	1939.455000	-5.965288	-6.776103	-7.582783	-5.763615	-0.182994	-2.574396	-0.362594	-5.312569	-1.342880	2.319520	-1.175020	0.915342	0.120971	0.364196	-1.000000	-1.000000	-1.000000	-1.000000	-1.000000	-1.000000	-1.000000	74.551724	0.000000	-1.000000	-1.000000	1460785.000000	1772660810.245032
-26647.785000	-45097.560000	2388.465000	2024.910000	6013.395000	5029.560000	2933.370000	1929.555000	-0.924406	4.314869	3.995889	-2.038738	3.151508	-2.288365	-4.797307	-2.643769	-1.342880	2.319520	-1.175020	0.915342	0.120971	0.364196	-1.000000	-1.000000	-1.000000	-1.000000	-1.000000	-1.000000	-1.000000	74.551724	0.000000	-1.000000	-1.000000	1460786.000000	1772660810.245040
-26616.780000	-45083.880000	2395.800000	2016.585000	6008.265000	5040.495000	2967.795000	1950.795000	1.970759	9.819416	10.315944	1.216945	4.427450	-2.361171	-11.384632	-1.286253	-1.342880	2.319520	-1.175020	0.915342	0.120971	0.364196	-1.000000	-1.000000	-1.000000	-1.000000	-1.000000	-1.000000	-1.000000	74.551724	0.000000	-1.000000	-1.000000	1460787.000000	1772660810.249198
-26612.100000	-45075.195000	2416.275000	2067.030000	6016.365000	5048.145000	2956.005000	1945.530000	4.549320	8.131083	9.089109	1.185339	1.729494	-2.603646	-13.966104	0.562978	-1.342880	2.319520	-1.175020	0.915342	0.120971	0.364196	-1.000000	-1.000000	-1.000000	-1.000000	-1.000000	-1.000000	-1.000000	74.551724	0.000000	-1.000000	-1.000000	1460788.000000	1772660810.249203
-26625.105000	-45078.795000	2422.620000	2103.255000	6017.310000	5050.395000	2948.130000	1936.890000	8.734230	4.463060	5.458341	0.696029	-2.710099	-1.588454	-8.993933	4.365861	-1.342880	2.319520	-1.175020	0.915342	0.120971	0.364196	-1.000000	-1.000000	-1.000000	-1.000000	-1.000000	-1.000000	-1.000000	74.551724	0.000000	-1.000000	-1.000000	1460789.000000	1772660810.253158
-26630.640000	-45082.665000	2419.245000	2083.140000	6006.420000	5049.720000	2965.455000	1947.285000	11.411930	2.398311	3.831393	2.472038	-6.260927	0.477153	0.466333	7.723532	-1.342880	2.319520	-1.175020	0.915342	0.120971	0.364196	-1.000000	-1.000000	-1.000000	-1.000000	-1.000000	-1.000000	-1.000000	74.551724	0.000000	-1.000000	-1.000000	1460790.000000	1772660810.253163
-26600.985000	-45056.655000	2448.135000	2080.440000	6029.190000	5057.280000	2971.395000	1959.930000	8.276210	0.914288	3.288933	4.510854	-7.201974	2.383809	9.267091	7.678388	-1.770160	3.815000	-1.587040	0.914060	0.124389	0.363280	-1.000000	-1.000000	-1.000000	-1.000000	-1.000000	-1.000000	-1.000000	74.551724	0.000000	-1.000000	-1.000000	1460791.000000	1772660810.257609
-26613.945000	-45062.370000	2431.800000	2042.595000	6042.060000	5056.740000	2961.630000	1951.155000	0.753081	-0.954630	1.683639	3.088020	-4.022647	3.465449	13.037333	4.283937	-1.770160	3.815000	-1.587040	0.914060	0.124389	0.363280	-1.000000	-1.000000	-1.000000	-1.000000	-1.000000	-1.000000	-1.000000	74.551724	0.000000	-1.000000	-1.000000	1460792.000000	1772660810.257616
-26634.420000	-45088.425000	2386.035000	2009.385000	6030.495000	5044.680000	2962.575000	1948.275000	-5.974103	-3.256177	-2.409809	-3.429378	1.966781	3.150652	10.373114	-0.251395	-1.770160	3.815000	-1.587040	0.914060	0.124389	0.363280	-1.000000	-1.000000	-1.000000	-1.000000	-1.000000	-1.000000	-1.000000	74.551724	0.000000	-1.000000	-1.000000	1460793.000000	1772660810.265616
-26639.145000	-45101.205000	2376.045000	2035.395000	6022.170000	5032.980000	2963.610000	1942.785000	-8.662022	-6.033590	-9.004741	-11.773227	6.515394	1.341093	5.294301	-3.344288	-1.770160	3.815000	-1.587040	0.914060	0.124389	0.363280	-1.000000	-1.000000	-1.000000	-1.000000	-1.000000	-1.000000	-1.000000	74.551724	0.000000	-1.000000	-1.000000	1460794.000000	1772660810.265623
-26626.410000	-45084.555000	2399.715000	2068.695000	6036.255000	5047.380000	2969.730000	1948.365000	-7.338539	-7.512182	-13.852050	-13.422794	7.514090	-0.577176	2.740099	-3.624326	-1.770160	3.815000	-1.587040	0.914060	0.124389	0.363280	-1.000000	-1.000000	-1.000000	-1.000000	-1.000000	-1.000000	-1.000000	74.551724	0.000000	-1.000000	-1.000000	1460795.000000	1772660810.265867
-26632.845000	-45086.130000	2404.575000	2076.120000	6035.760000	5055.255000	2986.605000	1947.780000	-4.066142	-5.400752	-11.672145	-3.588625	6.324801	-0.976014	2.629239	-1.974154	-1.770160	3.815000	-1.587040	0.914060	0.124389	0.363280	-1.000000	-1.000000	-1.000000	-1.000000	-1.000000	-1.000000	-1.000000	74.551724	0.000000	-1.000000	-1.000000	1460796.000000	1772660810.265874
-26658.135000	-45104.220000	2397.195000	2066.130000	6026.130000	5052.105000	2982.510000	1930.185000	-1.105223	-0.325595	-2.819517	10.467383	3.844616	-0.032382	2.178315	-0.298364	-1.770160	3.815000	-1.587040	0.914060	0.124389	0.363280	-1.000000	-1.000000	-1.000000	-1.000000	-1.000000	-1.000000	-1.000000	74.551724	0.000000	-1.000000	-1.000000	1460797.000000	1772660810.269155
-26651.295000	-45095.535000	2408.400000	2071.080000	6040.395000	5059.710000	2946.870000	1934.685000	0.510278	4.660639	7.220741	16.800361	-0.171898	0.676726	-0.503147	0.086433	-1.770160	3.815000	-1.587040	0.914060	0.124389	0.363280	-1.000000	-1.000000	-1.000000	-1.000000	-1.000000	-1.000000	-1.000000	74.551724	0.000000	-1.000000	-1.000000	1460798.000000	1772660810.269164
-26632.305000	-45091.125000	2398.230000	2028.060000	6009.435000	5048.775000	2953.305000	1944.360000	1.210948	7.018947	12.912728	11.287891	-4.841996	0.162447	-6.023441	-0.923761	-1.770160	3.815000	-1.587040	0.914060	0.124389	0.363280	-1.000000	-1.000000	-1.000000	-1.000000	-1.000000	-1.000000	-1.000000	74.551724	0.000000	-1.000000	-1.000000	1460799.000000	1772660810.274128
-26620.425000	-45080.415000	2399.445000	2009.025000	5986.260000	5038.695000	2969.820000	1942.110000	2.072654	6.151684	11.687200	-1.157072	-9.100704	-1.569985	-12.035443	-2.278801	-1.770160	3.815000	-1.587040	0.914060	0.124389	0.363280	-1.000000	-1.000000	-1.000000	-1.000000	-1.000000	-1.000000	-1.000000	74.551724	0.000000	-1.000000	-1.000000	1460800.000000	1772660810.274136
-26620.515000	-45075.240000	2402.325000	2028.960000	6008.265000	5048.910000	2970.360000	1946.835000	3.825494	3.395796	5.421038	-11.794628	-11.983508	-3.659671	-13.785603	-2.556367	-4.990020	3.891300	-2.289000	0.910337	0.129394	0.364440	-1.000000	-1.000000	-1.000000	-1.000000	-1.000000	-1.000000	-1.000000	74.551724	0.000000	-1.000000	-1.000000	1460801.000000	1772660810.278560
-26619.120000	-45074.025000	2408.535000	2064.645000	6043.860000	5056.335000	2953.710000	1948.050000	6.343842	1.210163	-0.432882	-12.824694	-10.325980	-3.942901	-8.883184	-0.823713	-4.990020	3.891300	-2.289000	0.910337	0.129394	0.364440	-1.000000	-1.000000	-1.000000	-1.000000	-1.000000	-1.000000	-1.000000	74.551724	0.000000	-1.000000	-1.000000	1460802.000000	1772660810.278568
-26626.320000	-45084.420000	2399.715000	2060.280000	6042.555000	5057.370000	2977.200000	1951.065000	7.928349	0.848883	-2.012308	-3.414266	-1.633908	-0.854921	0.450820	2.473198	-4.990020	3.891300	-2.289000	0.910337	0.129394	0.364440	-1.000000	-1.000000	-1.000000	-1.000000	-1.000000	-1.000000	-1.000000	74.551724	0.000000	-1.000000	-1.000000	1460803.000000	1772660810.282825
-26669.970000	-45119.655000	2383.245000	2051.505000	6032.205000	5061.330000	3004.335000	1946.700000	5.375871	0.331364	-1.099193	8.396945	10.186374	3.799715	9.774746	5.186051	-4.990020	3.891300	-2.289000	0.910337	0.129394	0.364440	-1.000000	-1.000000	-1.000000	-1.000000	-1.000000	-1.000000	-1.000000	74.551724	0.000000	-1.000000	-1.000000	1460804.000000	1772660810.282834
-26695.440000	-45116.550000	2398.905000	2058.840000	6019.020000	5061.060000	3004.335000	1939.995000	-2.694849	-2.801866	-1.550956	13.130628	16.981052	6.294350	15.099152	5.188692	-4.990020	3.891300	-2.289000	0.910337	0.129394	0.364440	-1.000000	-1.000000	-1.000000	-1.000000	-1.000000	-1.000000	-1.000000	74.551724	0.000000	-1.000000	-1.000000	1460805.000000	1772660810.285086
-26653.230000	-45058.455000	2437.155000	2055.960000	6009.075000	5048.595000	2944.035000	1937.295000	-11.644830	-6.104995	-3.075288	8.265471	14.056858	4.633251	13.608948	2.510024	-4.990020	3.891300	-2.289000	0.910337	0.129394	0.364440	-1.000000	-1.000000	-1.000000	-1.000000	-1.000000	-1.000000	-1.000000	74.551724	0.000000	-1.000000	-1.000000	1460806.000000	1772660810.285093
-26613.675000	-45065.655000	2411.100000	2029.545000	5983.380000	5012.280000	2922.570000	1932.120000	-13.461469	-4.686254	-2.924871	-1.670413	3.378495	-0.692070	4.709782	-1.312551	-4.990020	3.891300	-2.289000	0.910337	0.129394	0.364440	-1.000000	-1.000000	-1.000000	-1.000000	-1.000000	-1.000000	-1.000000	74.551724	0.000000	-1.000000	-1.000000	1460807.000000	1772660810.289147
-26597.250000	-45067.725000	2410.965000	2048.670000	6024.105000	5033.385000	2940.570000	1945.665000	-5.526480	0.801430	-1.461749	-9.600973	-7.954817	-6.977581	-7.702536	-4.718390	-4.990020	3.891300	-2.289000	0.910337	0.129394	0.364440	-1.000000	-1.000000	-1.000000	-1.000000	-1.000000	-1.000000	-1.000000	74.551724	0.000000	-1.000000	-1.000000	1460808.000000	1772660810.289155
-26622.045000	-45073.305000	2413.260000	2069.415000	6059.475000	5069.970000	2969.010000	1946.745000	6.031284	4.754061	-0.815160	-9.877445	-11.686160	-9.259361	-16.023766	-6.052931	-4.990020	3.891300	-2.289000	0.910337	0.129394	0.364440	-1.000000	-1.000000	-1.000000	-1.000000	-1.000000	-1.000000	-1.000000	74.551724	0.000000	-1.000000	-1.000000	1460809.000000	1772660810.295202
-26622.720000	-45091.170000	2391.660000	2038.230000	6021.990000	5048.955000	2963.385000	1953.135000	12.594121	3.652762	-1.346310	-3.105271	-6.208384	-4.627659	-14.502128	-4.304542	-4.990020	3.891300	-2.289000	0.910337	0.129394	0.364440	-1.000000	-1.000000	-1.000000	-1.000000	-1.000000	-1.000000	-1.000000	74.551724	0.000000	-1.000000	-1.000000	1460810.000000	1772660810.295208
-26613.900000	-45088.335000	2397.690000	2051.595000	6014.205000	5043.195000	2953.035000	1946.430000	10.825761	-1.147078	-2.163093	3.633501	0.970831	3.325949	-4.389600	-0.434172	-4.059160	5.005280	-1.861720	0.911253	0.127624	0.361754	-1.000000	-1.000000	-1.000000	-1.000000	-1.000000	-1.000000	-1.000000	74.551724	0.000000	-1.000000	-1.000000	1460811.000000	1772660810.297150
-26634.870000	-45072.360000	2411.550000	2061.855000	6039.945000	5069.385000	2970.405000	1949.490000	3.660587	-5.092163	-1.876659	5.130410	3.143101	8.677501	6.973224	3.150438	-4.059160	5.005280	-1.861720	0.911253	0.127624	0.361754	-1.000000	-1.000000	-1.000000	-1.000000	-1.000000	-1.000000	-1.000000	74.551724	0.000000	-1.000000	-1.000000	1460812.000000	1772660810.297157
-26624.520000	-45079.290000	2405.475000	2045.565000	6020.280000	5053.545000	2985.255000	1967.130000	-3.519521	-4.252445	0.437084	2.386734	1.320289	9.005390	12.634695	4.850273	-4.059160	5.005280	-1.861720	0.911253	0.127624	0.361754	-1.000000	-1.000000	-1.000000	-1.000000	-1.000000	-1.000000	-1.000000	74.551724	0.000000	-1.000000	-1.000000	1460813.000000	1772660810.301212
-26628.840000	-45099.180000	2388.735000	2058.705000	6031.710000	5049.270000	2992.410000	1959.210000	-6.491960	0.253945	2.964473	-1.543443	-0.614229	4.991503	11.496162	4.962889	-4.059160	5.005280	-1.861720	0.911253	0.127624	0.361754	-1.000000	-1.000000	-1.000000	-1.000000	-1.000000	-1.000000	-1.000000	74.551724	0.000000	-1.000000	-1.000000	1460814.000000	1772660810.301219
-26609.220000	-45078.390000	2406.690000	2067.480000	6042.150000	5060.205000	2971.170000	1970.010000	-5.327821	3.166282	2.711129	-3.850243	-0.435537	-0.701173	7.392335	4.076818	-4.059160	5.005280	-1.861720	0.911253	0.127624	0.361754	-1.000000	-1.000000	-1.000000	-1.000000	-1.000000	-1.000000	-1.000000	74.551724	0.000000	-1.000000	-1.000000	1460815.000000	1772660810.306879
-26618.580000	-45081.315000	2406.780000	2053.845000	6014.160000	5038.605000	2939.715000	1952.820000	-3.800483	1.922945	0.226695	-2.544177	1.662935	-4.435224	3.060786	1.906364	-4.059160	5.005280	-1.861720	0.911253	0.127624	0.361754	-1.000000	-1.000000	-1.000000	-1.000000	-1.000000	-1.000000	-1.000000	74.551724	0.000000	-1.000000	-1.000000	1460816.000000	1772660810.306886
-26620.470000	-45078.030000	2412.855000	2060.685000	6028.560000	5051.520000	2974.410000	1957.230000	-4.415399	-1.022794	-1.190362	1.217379	2.703280	-5.167457	-2.118797	-1.838258	-4.059160	5.005280	-1.861720	0.911253	0.127624	0.361754	-1.000000	-1.000000	-1.000000	-1.000000	-1.000000	-1.000000	-1.000000	74.551724	0.000000	-1.000000	-1.000000	1460817.000000	1772660810.309602
-26616.825000	-45069.930000	2418.885000	2041.515000	6026.985000	5057.235000	2990.205000	1965.195000	-5.454123	-2.275845	-0.003335	3.823239	0.306675	-4.554176	-7.445785	-5.870428	-4.059160	5.005280	-1.861720	0.911253	0.127624	0.361754	-1.000000	-1.000000	-1.000000	-1.000000	-1.000000	-1.000000	-1.000000	74.551724	0.000000	-1.000000	-1.000000	1460818.000000	1772660810.309607
-26628.165000	-45081.450000	2405.385000	2036.385000	6016.680000	5048.730000	2943.540000	1944.990000	-3.917968	-0.553533	2.687000	2.973125	-3.712159	-3.399340	-10.107491	-7.864250	-4.059160	5.005280	-1.861720	0.911253	0.127624	0.361754	-1.000000	-1.000000	-1.000000	-1.000000	-1.000000	-1.000000	-1.000000	74.551724	0.000000	-1.000000	-1.000000	1460819.000000	1772660810.314558
-26643.780000	-45103.500000	2387.295000	2063.250000	6030.045000	5056.830000	2951.010000	1933.245000	0.017430	2.243209	4.117264	-0.290096	-5.689207	-1.467501	-9.517631	-7.079475	-4.059160	5.005280	-1.861720	0.911253	0.127624	0.361754	-1.000000	-1.000000	-1.000000	-1.000000	-1.000000	-1.000000	-1.000000	74.551724	0.000000	-1.000000	-1.000000	1460820.000000	1772660810.314567
-26635.770000	-45094.320000	2401.605000	2060.730000	6023.655000	5054.310000	2984.310000	1952.145000	4.084727	2.974760	2.127962	-2.815985	-4.127370	0.626234	-6.787516	-4.336469	-1.709120	4.608520	-1.526000	0.911253	0.124023	0.360961	-1.000000	-1.000000	-1.000000	-1.000000	-1.000000	-1.000000	-1.000000	74.551724	0.000000	-1.000000	-1.000000	1460821.000000	1772660810.317318
-26632.620000	-45086.265000	2403.180000	2051.955000	6014.925000	5047.605000	3008.835000	1961.730000	7.153245	1.546014	-1.817824	-2.741877	-0.336689	1.881333	-1.943452	-0.146102	-1.709120	4.608520	-1.526000	0.911253	0.124023	0.360961	-1.000000	-1.000000	-1.000000	-1.000000	-1.000000	-1.000000	-1.000000	74.551724	0.000000	-1.000000	-1.000000	1460822.000000	1772660810.317325
-26607.015000	-45044.190000	2449.755000	2088.945000	6054.930000	5072.760000	3005.505000	1979.865000	8.778108	0.787164	-3.818517	-0.702233	3.665700	2.440030	4.871827	5.033753	-1.709120	4.608520	-1.526000	0.911253	0.124023	0.360961	-1.000000	-1.000000	-1.000000	-1.000000	-1.000000	-1.000000	-1.000000	74.551724	0.000000	-1.000000	-1.000000	1460823.000000	1772660810.321910
-26613.090000	-45053.280000	2452.410000	2084.760000	6030.045000	5053.050000	2933.055000	1956.150000	7.950454	2.068431	-1.662841	2.286810	6.700637	3.144332	10.685183	9.302300	-1.709120	4.608520	-1.526000	0.911253	0.124023	0.360961	-1.000000	-1.000000	-1.000000	-1.000000	-1.000000	-1.000000	-1.000000	74.551724	0.000000	-1.000000	-1.000000	1460824.000000	1772660810.321916
-26638.695000	-45101.745000	2409.525000	2091.285000	6032.610000	5050.620000	2946.555000	1940.355000	3.682796	2.793776	2.223328	5.154372	7.530555	3.618715	10.738896	9.587549	-1.709120	4.608520	-1.526000	0.911253	0.124023	0.360961	-1.000000	-1.000000	-1.000000	-1.000000	-1.000000	-1.000000	-1.000000	74.551724	0.000000	-1.000000	-1.000000	1460825.000000	1772660810.326336
-26656.515000	-45095.310000	2411.370000	2066.220000	6031.755000	5053.995000	2961.180000	1945.485000	-3.397947	-0.464388	2.741093	5.743256	4.826586	2.383263	3.982010	4.714680	-1.709120	4.608520	-1.526000	0.911253	0.124023	0.360961	-1.000000	-1.000000	-1.000000	-1.000000	-1.000000	-1.000000	-1.000000	74.551724	0.000000	-1.000000	-1.000000	1460826.000000	1772660810.326342
-26658.225000	-45092.745000	2404.395000	2034.945000	5992.740000	5036.085000	2958.210000	1932.795000	-10.155598	-6.354880	-1.409186	2.249637	-1.074248	-0.905962	-4.701932	-2.637697	-1.709120	4.608520	-1.526000	0.911253	0.124023	0.360961	-1.000000	-1.000000	-1.000000	-1.000000	-1.000000	-1.000000	-1.000000	74.551724	0.000000	-1.000000	-1.000000	1460827.000000	1772660810.331475
-26631.045000	-45089.595000	2402.235000	2035.665000	5970.780000	5025.780000	2965.680000	1941.975000	-12.088985	-9.414190	-6.124422	-4.534966	-8.060567	-4.751558	-8.758255	-7.821876	-1.709120	4.608520	-1.526000	0.911253	0.124023	0.360961	-1.000000	-1.000000	-1.000000	-1.000000	-1.000000	-1.000000	-1.000000	74.551724	0.000000	-1.000000	-1.000000	1460828.000000	1772660810.331484
-26611.155000	-45076.725000	2425.275000	2042.235000	5983.380000	5035.005000	2982.960000	1957.365000	-6.326123	-6.159861	-6.812360	-11.012125	-13.016844	-7.079918	-5.738526	-7.501697	-1.709120	4.608520	-1.526000	0.911253	0.124023	0.360961	-1.000000	-1.000000	-1.000000	-1.000000	-1.000000	-1.000000	-1.000000	74.551724	0.000000	-1.000000	-1.000000	1460829.000000	1772660810.334419
-26597.655000	-45057.645000	2450.205000	2075.085000	6031.755000	5057.325000	2980.260000	1962.900000	4.988753	1.940300	-2.112964	-12.355680	-11.777574	-5.931350	0.539931	-2.300573	-1.709120	4.608520	-1.526000	0.911253	0.124023	0.360961	-1.000000	-1.000000	-1.000000	-1.000000	-1.000000	-1.000000	-1.000000	74.551724	0.000000	-1.000000	-1.000000	1460830.000000	1772660810.334426
-26639.460000	-45090.270000	2397.465000	2034.225000	6025.770000	5042.610000	2943.810000	1928.205000	14.242437	9.374608	4.500895	-6.690037	-2.463695	-0.901731	3.750146	3.071971	-2.304260	5.051060	-2.334780	0.910093	0.127807	0.361266	-1.000000	-1.000000	-1.000000	-1.000000	-1.000000	-1.000000	-1.000000	74.551724	0.000000	-1.000000	-1.000000	1460831.000000	1772660810.337458
-26653.455000	-45098.910000	2374.245000	2017.980000	6031.980000	5050.485000	2955.330000	1928.970000	13.394183	9.750455	5.987664	1.284480	9.833742	5.041840	1.845536	3.869917	-2.304260	5.051060	-2.334780	0.910093	0.127807	0.361266	-1.000000	-1.000000	-1.000000	-1.000000	-1.000000	-1.000000	-1.000000	74.551724	0.000000	-1.000000	-1.000000	1460832.000000	1772660810.337465
-26649.405000	-45096.795000	2385.585000	2035.530000	6049.755000	5060.835000	2957.445000	1930.095000	2.128156	2.354962	-0.104783	5.707893	17.419282	8.500685	-0.569251	0.489826	-2.304260	5.051060	-2.334780	0.910093	0.127807	0.361266	-1.000000	-1.000000	-1.000000	-1.000000	-1.000000	-1.000000	-1.000000	74.551724	0.000000	-1.000000	-1.000000	1460833.000000	1772660810.368139
-26648.325000	-45094.455000	2389.770000	2034.045000	6031.485000	5050.755000	2974.455000	1933.605000	-10.502283	-5.773865	-6.947462	6.439804	16.861210	8.545100	0.805844	-2.403299	-2.304260	5.051060	-2.334780	0.910093	0.127807	0.361266	-1.000000	-1.000000	-1.000000	-1.000000	-1.000000	-1.000000	-1.000000	74.551724	0.000000	-1.000000	-1.000000	1460834.000000	1772660810.368150
-26628.030000	-45095.580000	2388.825000	2034.810000	6024.600000	5047.380000	2975.490000	1963.035000	-14.682355	-7.918488	-6.961678	6.626303	8.894867	5.262440	4.133769	-1.495252	-2.304260	5.051060	-2.334780	0.910093	0.127807	0.361266	-1.000000	-1.000000	-1.000000	-1.000000	-1.000000	-1.000000	-1.000000	74.551724	0.000000	-1.000000	-1.000000	1460835.000000	1772660810.368161
-26621.055000	-45083.250000	2405.160000	2052.990000	6035.220000	5049.855000	2944.620000	1966.140000	-8.214132	-3.844083	0.155683	8.149922	-1.978336	0.018870	5.169272	2.961345	-2.304260	5.051060	-2.334780	0.910093	0.127807	0.361266	-1.000000	-1.000000	-1.000000	-1.000000	-1.000000	-1.000000	-1.000000	74.551724	0.000000	-1.000000	-1.000000	1460836.000000	1772660810.368165
-26625.870000	-45081.090000	2408.895000	2056.185000	6027.210000	5049.810000	2955.555000	1960.605000	2.893546	2.628573	9.345211	9.995569	-9.544220	-4.325385	2.003526	7.672452	-2.304260	5.051060	-2.334780	0.910093	0.127807	0.361266	-1.000000	-1.000000	-1.000000	-1.000000	-1.000000	-1.000000	-1.000000	74.551724	0.000000	-1.000000	-1.000000	1460837.000000	1772660810.368169
-26601.255000	-45064.440000	2429.055000	2069.505000	6040.755000	5060.520000	2950.920000	1962.045000	10.432886	7.330151	14.585440	9.032901	-11.497308	-6.102554	-3.990940	8.118894	-2.304260	5.051060	-2.334780	0.910093	0.127807	0.361266	-1.000000	-1.000000	-1.000000	-1.000000	-1.000000	-1.000000	-1.000000	74.551724	0.000000	-1.000000	-1.000000	1460838.000000	1772660810.368173
-26631.630000	-45060.840000	2437.470000	2067.930000	6047.505000	5065.335000	2944.260000	1939.995000	10.531774	7.896274	12.782180	3.621472	-9.847273	-5.514171	-9.178029	2.655046	-2.304260	5.051060	-2.334780	0.910093	0.127807	0.361266	-1.000000	-1.000000	-1.000000	-1.000000	-1.000000	-1.000000	-1.000000	74.551724	0.000000	-1.000000	-1.000000	1460839.000000	1772660810.368177
-26677.665000	-45085.185000	2411.730000	2027.205000	6011.505000	5062.185000	2982.195000	1925.415000	4.121836	4.490409	5.650586	-4.552838	-7.429611	-3.415348	-9.334295	-5.749143	-2.304260	5.051060	-2.334780	0.910093	0.127807	0.361266	-1.000000	-1.000000	-1.000000	-1.000000	-1.000000	-1.000000	-1.000000	74.551724	0.000000	-1.000000	-1.000000	1460840.000000	1772660810.368181
-26638.020000	-45090.270000	2389.320000	2002.455000	5963.940000	5046.570000	3004.740000	1967.220000	-4.802699	-1.276808	-3.265957	-12.601448	-6.656164	-1.191822	-2.099050	-11.542707	-4.623780	5.035800	-2.227960	0.913877	0.128967	0.359862	-1.000000	-1.000000	-1.000000	-1.000000	-1.000000	-1.000000	-1.000000	74.551724	0.000000	-1.000000	-1.000000	1460841.000000	1772660810.368185
-26601.480000	-45072.810000	2405.070000	2000.790000	5959.530000	5041.035000	2979.315000	1978.380000	-9.586944	-6.518059	-10.936460	-17.937818	-8.035903	-0.333772	8.914725	-10.076786	-4.623780	5.035800	-2.227960	0.913877	0.128967	0.359862	-1.000000	-1.000000	-1.000000	-1.000000	-1.000000	-1.000000	-1.000000	74.551724	0.000000	-1.000000	-1.000000	1460842.000000	1772660810.368188
-26585.550000	-45051.570000	2430.270000	2009.340000	5962.770000	5027.670000	2953.485000	1968.930000	-5.682443	-7.681363	-13.981090	-17.729315	-8.269688	-1.033365	14.510470	-2.223124	-4.623780	5.035800	-2.227960	0.913877	0.128967	0.359862	-1.000000	-1.000000	-1.000000	-1.000000	-1.000000	-1.000000	-1.000000	74.551724	0.000000	-1.000000	-1.000000	1460843.000000	1772660810.368192
-26619.795000	-45073.980000	2402.595000	2026.665000	6009.570000	5043.645000	2968.605000	1953.900000	3.256124	-4.126608	-10.737994	-10.077671	-2.498157	-1.690265	9.388123	5.257342	-4.623780	5.035800	-2.227960	0.913877	0.128967	0.359862	-1.000000	-1.000000	-1.000000	-1.000000	-1.000000	-1.000000	-1.000000	74.551724	0.000000	-1.000000	-1.000000	1460844.000000	1772660810.368195
-26622.900000	-45064.440000	2416.680000	2074.770000	6055.155000	5065.920000	3019.005000	1973.250000	8.448171	0.600276	-4.037988	3.346700	10.554634	-0.062406	-0.859734	6.904138	-4.623780	5.035800	-2.227960	0.913877	0.128967	0.359862	-1.000000	-1.000000	-1.000000	-1.000000	-1.000000	-1.000000	-1.000000	74.551724	0.000000	-1.000000	-1.000000	1460845.000000	1772660810.377034
-26618.805000	-45058.230000	2436.345000	2112.705000	6087.015000	5071.545000	2968.875000	1967.085000	5.429781	2.885972	1.923237	17.458687	25.756353	4.206357	-7.505937	3.550407	-4.623780	5.035800	-2.227960	0.913877	0.128967	0.359862	-1.000000	-1.000000	-1.000000	-1.000000	-1.000000	-1.000000	-1.000000	74.551724	0.000000	-1.000000	-1.000000	1460846.000000	1772660810.377042
-26626.005000	-45087.030000	2401.335000	2056.410000	6063.525000	5056.020000	2920.770000	1947.600000	-2.672674	1.661747	4.632613	25.157901	33.312266	7.996751	-9.611169	-1.090928	-4.623780	5.035800	-2.227960	0.913877	0.128967	0.359862	-1.000000	-1.000000	-1.000000	-1.000000	-1.000000	-1.000000	-1.000000	74.551724	0.000000	-1.000000	-1.000000	1460847.000000	1772660810.377052
-26622.090000	-45084.600000	2406.780000	2047.185000	6030.405000	5047.290000	2935.395000	1946.295000	-9.016622	-2.093889	3.323427	20.517897	25.243329	7.335613	-10.696097	-4.167253	-4.623780	5.035800	-2.227960	0.913877	0.128967	0.359862	-1.000000	-1.000000	-1.000000	-1.000000	-1.000000	-1.000000	-1.000000	74.551724	0.000000	-1.000000	-1.000000	1460848.000000	1772660810.377056
-26637.660000	-45093.195000	2406.330000	2082.150000	6048.360000	5059.800000	2953.575000	1938.330000	-8.531882	-5.210918	0.513491	6.145499	3.831516	2.082878	-10.541997	-4.270705	-4.623780	5.035800	-2.227960	0.913877	0.128967	0.359862	-1.000000	-1.000000	-1.000000	-1.000000	-1.000000	-1.000000	-1.000000	74.551724	0.000000	-1.000000	-1.000000	1460849.000000	1772660810.377580
-26646.615000	-45103.545000	2386.080000	2048.355000	6026.130000	5047.515000	2961.180000	1945.485000	-2.888173	-4.760427	-0.140827	-7.881080	-18.387209	-3.762197	-6.505206	-2.336796	-4.623780	5.035800	-2.227960	0.913877	0.128967	0.359862	-1.000000	-1.000000	-1.000000	-1.000000	-1.000000	-1.000000	-1.000000	74.551724	0.000000	-1.000000	-1.000000	1460850.000000	1772660810.377586
-26644.230000	-45100.845000	2389.095000	2041.695000	6020.235000	5048.460000	2966.985000	1959.120000	1.632120	-1.416162	1.153991	-15.255615	-30.029831	-6.499350	1.783256	-0.215744	-2.121140	5.096840	-1.617560	0.915647	0.123535	0.360656	-1.000000	-1.000000	-1.000000	-1.000000	-1.000000	-1.000000	-1.000000	74.551724	0.000000	-1.000000	-1.000000	1460851.000000	1772660810.377593
-26637.480000	-45085.320000	2409.390000	2058.615000	6033.555000	5061.105000	2973.150000	1965.690000	2.129525	2.360784	2.127158	-16.155605	-28.527307	-5.232474	11.445014	1.930301	-2.121140	5.096840	-1.617560	0.915647	0.123535	0.360656	-1.000000	-1.000000	-1.000000	-1.000000	-1.000000	-1.000000	-1.000000	74.551724	0.000000	-1.000000	-1.000000	1460852.000000	1772660810.377597
-26636.130000	-45081.765000	2413.845000	2060.145000	6034.995000	5061.060000	2973.330000	1958.130000	1.282924	5.542990	2.739411	-12.538794	-18.174799	-1.453307	17.479882	4.282888	-2.121140	5.096840	-1.617560	0.915647	0.123535	0.360656	-1.000000	-1.000000	-1.000000	-1.000000	-1.000000	-1.000000	-1.000000	74.551724	0.000000	-1.000000	-1.000000	1460853.000000	1772660810.391229
-26637.345000	-45087.615000	2403.405000	2042.370000	6022.845000	5056.650000	2986.065000	1943.235000	2.172763	7.543533	3.304474	-7.648559	-6.207311	1.680349	15.810891	5.204061	-2.121140	5.096840	-1.617560	0.915647	0.123535	0.360656	-1.000000	-1.000000	-1.000000	-1.000000	-1.000000	-1.000000	-1.000000	74.551724	0.000000	-1.000000	-1.000000	1460854.000000	1772660810.391241
-26619.705000	-45083.565000	2406.330000	2048.130000	6012.045000	5056.065000	2981.745000	1945.755000	4.536093	7.023335	2.330500	-4.533203	1.613325	1.825170	7.803566	3.163468	-2.121140	5.096840	-1.617560	0.915647	0.123535	0.360656	-1.000000	-1.000000	-1.000000	-1.000000	-1.000000	-1.000000	-1.000000	74.551724	0.000000	-1.000000	-1.000000	1460855.000000	1772660810.391255
-26614.530000	-45079.965000	2412.360000	2050.425000	6003.090000	5052.915000	2951.730000	1952.190000	6.617230	4.094534	-0.248730	-1.849167	4.781587	-0.173699	-0.961028	-0.169304	-2.121140	5.096840	-1.617560	0.915647	0.123535	0.360656	-1.000000	-1.000000	-1.000000	-1.000000	-1.000000	-1.000000	-1.000000	74.551724	0.000000	-1.000000	-1.000000	1460856.000000	1772660810.391260
-26625.510000	-45079.245000	2415.510000	2041.785000	6012.990000	5059.215000	2951.055000	1949.670000	7.287972	0.808687	-2.001123	3.471309	6.936367	-1.693763	-7.462578	-1.649531	-2.121140	5.096840	-1.617560	0.915647	0.123535	0.360656	-1.000000	-1.000000	-1.000000	-1.000000	-1.000000	-1.000000	-1.000000	74.551724	0.000000	-1.000000	-1.000000	1460857.000000	1772660810.391265
-26619.255000	-45069.660000	2421.135000	2035.170000	6029.775000	5055.255000	2957.805000	1958.670000	5.713896	-1.127044	-1.317360	10.060655	11.009877	-1.275446	-11.942576	-0.678397	-2.121140	5.096840	-1.617560	0.915647	0.123535	0.360656	-1.000000	-1.000000	-1.000000	-1.000000	-1.000000	-1.000000	-1.000000	74.551724	0.000000	-1.000000	-1.000000	1460858.000000	1772660810.391269
-26631.990000	-45089.865000	2402.955000	2045.475000	6038.505000	5053.680000	2975.220000	1965.240000	1.522522	-1.739083	0.851663	14.038839	16.303166	0.604786	-13.446244	0.795622	-2.121140	5.096840	-1.617560	0.915647	0.123535	0.360656	-1.000000	-1.000000	-1.000000	-1.000000	-1.000000	-1.000000	-1.000000	74.551724	0.000000	-1.000000	-1.000000	1460859.000000	1772660810.393304
-26648.505000	-45100.665000	2401.605000	2050.470000	6033.285000	5055.390000	2982.735000	1956.285000	-4.690985	-2.835681	1.731043	13.829792	19.114442	2.560343	-10.024878	0.771527	-2.121140	5.096840	-1.617560	0.915647	0.123535	0.360656	-1.000000	-1.000000	-1.000000	-1.000000	-1.000000	-1.000000	-1.000000	74.551724	0.000000	-1.000000	-1.000000	1460860.000000	1772660810.393312
-26625.735000	-45080.955000	2416.770000	2066.760000	6046.470000	5065.245000	2969.955000	1949.895000	-10.614733	-5.412503	-0.323086	9.774882	15.458046	3.320853	-2.609464	-1.322895	-0.732480	4.455920	-2.990960	0.913267	0.122924	0.363524	-1.000000	-1.000000	-1.000000	-1.000000	-1.000000	-1.000000	-1.000000	74.551724	0.000000	-1.000000	-1.000000	1460861.000000	1772660810.401304
-26607.870000	-45072.450000	2411.685000	2060.010000	6044.310000	5061.420000	2949.795000	1953.855000	-12.158904	-7.240726	-3.609796	2.900378	4.892950	2.398067	4.067014	-4.054638	-0.732480	4.455920	-2.990960	0.913267	0.122924	0.363524	-1.000000	-1.000000	-1.000000	-1.000000	-1.000000	-1.000000	-1.000000	74.551724	0.000000	-1.000000	-1.000000	1460862.000000	1772660810.401314
-26634.375000	-45088.470000	2396.160000	2036.160000	6016.095000	5041.755000	2952.855000	1941.660000	-7.673651	-5.904875	-5.620314	-5.116046	-8.595619	0.006559	5.887323	-5.088166	-0.732480	4.455920	-2.990960	0.913267	0.122924	0.363524	-1.000000	-1.000000	-1.000000	-1.000000	-1.000000	-1.000000	-1.000000	74.551724	0.000000	-1.000000	-1.000000	1460863.000000	1772660810.401326
-26668.080000	-45118.170000	2372.400000	2007.405000	5974.965000	5016.870000	2971.620000	1921.005000	-1.389247	-2.580304	-5.890919	-12.342027	-19.840754	-3.400102	4.285525	-3.823196	-0.732480	4.455920	-2.990960	0.913267	0.122924	0.363524	-1.000000	-1.000000	-1.000000	-1.000000	-1.000000	-1.000000	-1.000000	74.551724	0.000000	-1.000000	-1.000000	1460864.000000	1772660810.401330
-26650.080000	-45107.325000	2383.920000	2016.990000	5976.675000	5030.910000	3005.415000	1945.530000	1.756907	-0.027413	-4.918675	-16.236893	-24.755244	-6.470202	4.341501	-1.373088	-0.732480	4.455920	-2.990960	0.913267	0.122924	0.363524	-1.000000	-1.000000	-1.000000	-1.000000	-1.000000	-1.000000	-1.000000	74.551724	0.000000	-1.000000	-1.000000	1460865.000000	1772660810.406457
-26595.225000	-45049.275000	2448.990000	2089.530000	6044.985000	5067.585000	2988.675000	1993.185000	2.970274	2.030676	-1.573284	-13.153910	-20.146603	-6.320624	7.545134	2.281403	-0.732480	4.455920	-2.990960	0.913267	0.122924	0.363524	-1.000000	-1.000000	-1.000000	-1.000000	-1.000000	-1.000000	-1.000000	74.551724	0.000000	-1.000000	-1.000000	1460866.000000	1772660810.406465
-26609.715000	-45066.555000	2430.630000	2061.180000	6032.385000	5049.810000	2952.585000	1971.045000	6.197814	5.849919	5.484089	-1.835706	-5.947555	-1.233351	8.949562	7.084351	-0.732480	4.455920	-2.990960	0.913267	0.122924	0.363524	-1.000000	-1.000000	-1.000000	-1.000000	-1.000000	-1.000000	-1.000000	74.551724	0.000000	-1.000000	-1.000000	1460867.000000	1772660810.410170
-26611.200000	-45064.620000	2429.100000	2057.715000	6050.385000	5064.750000	2968.650000	1968.120000	10.555304	10.314250	13.135088	11.561492	11.484779	6.127802	3.609577	9.697806	-0.732480	4.455920	-2.990960	0.913267	0.122924	0.363524	-1.000000	-1.000000	-1.000000	-1.000000	-1.000000	-1.000000	-1.000000	74.551724	0.000000	-1.000000	-1.000000	1460868.000000	1772660810.410178
-26619.255000	-45066.555000	2424.285000	2058.885000	6054.120000	5059.305000	2933.100000	1961.010000	11.494269	11.355017	15.203111	17.532030	22.891991	10.761287	-6.621966	6.890378	-0.732480	4.455920	-2.990960	0.913267	0.122924	0.363524	-1.000000	-1.000000	-1.000000	-1.000000	-1.000000	-1.000000	-1.000000	74.551724	0.000000	-1.000000	-1.000000	1460869.000000	1772660810.415074
-26606.745000	-45054.855000	2430.675000	2046.960000	6044.400000	5054.265000	2937.555000	1958.715000	6.634499	6.840619	9.050239	12.341461	22.741305	9.513025	-15.203243	0.006548	-0.732480	4.455920	-2.990960	0.913267	0.122924	0.363524	-1.000000	-1.000000	-1.000000	-1.000000	-1.000000	-1.000000	-1.000000	74.551724	0.000000	-1.000000	-1.000000	1460870.000000	1772660810.415084
-26613.495000	-45057.780000	2440.485000	2071.845000	6049.170000	5063.625000	2942.010000	1948.185000	-2.090517	-1.373453	-1.701885	0.563623	12.069871	3.231398	-16.470390	-6.820752	-2.777320	3.708180	-2.853620	0.912656	0.126159	0.364562	-1.000000	-1.000000	-1.000000	-1.000000	-1.000000	-1.000000	-1.000000	74.551724	0.000000	-1.000000	-1.000000	1460871.000000	1772660810.419962
-26637.705000	-45092.520000	2408.445000	2051.100000	6043.680000	5066.505000	2967.165000	1957.230000	-10.070691	-9.164485	-10.651205	-9.139868	-1.998945	-3.494664	-8.832006	-9.890080	-2.777320	3.708180	-2.853620	0.912656	0.126159	0.364562	-1.000000	-1.000000	-1.000000	-1.000000	-1.000000	-1.000000	-1.000000	74.551724	0.000000	-1.000000	-1.000000	1460872.000000	1772660810.419971
-26643.195000	-45092.565000	2400.570000	2027.565000	6007.095000	5048.055000	2970.855000	1962.630000	-13.394610	-13.156688	-14.068304	-11.483023	-11.550771	-6.483310	3.908600	-7.512367	-2.777320	3.708180	-2.853620	0.912656	0.126159	0.364562	-1.000000	-1.000000	-1.000000	-1.000000	-1.000000	-1.000000	-1.000000	74.551724	0.000000	-1.000000	-1.000000	1460873.000000	1772660810.421115
-26655.615000	-45081.900000	2416.230000	2052.090000	6034.635000	5071.410000	2996.460000	1962.360000	-11.647934	-12.301180	-12.394864	-8.083787	-14.093031	-5.808924	14.686307	-1.739655	-2.777320	3.708180	-2.853620	0.912656	0.126159	0.364562	-1.000000	-1.000000	-1.000000	-1.000000	-1.000000	-1.000000	-1.000000	74.551724	0.000000	-1.000000	-1.000000	1460874.000000	1772660810.421122
-26665.245000	-45082.125000	2416.635000	2037.420000	6025.005000	5076.675000	3015.855000	1967.670000	-7.759872	-7.961899	-8.030492	-3.595630	-12.108698	-3.841624	18.848759	2.685556	-2.777320	3.708180	-2.853620	0.912656	0.126159	0.364562	-1.000000	-1.000000	-1.000000	-1.000000	-1.000000	-1.000000	-1.000000	74.551724	0.000000	-1.000000	-1.000000	1460875.000000	1772660810.425134
-26647.470000	-45080.145000	2415.780000	2035.080000	5994.900000	5032.710000	2961.000000	1960.560000	-3.776163	-2.210158	-2.777796	-0.710954	-8.909738	-2.395692	15.804123	3.297121	-2.777320	3.708180	-2.853620	0.912656	0.126159	0.364562	-1.000000	-1.000000	-1.000000	-1.000000	-1.000000	-1.000000	-1.000000	74.551724	0.000000	-1.000000	-1.000000	1460876.000000	1772660810.425141
-26614.980000	-45084.105000	2411.100000	2057.310000	6021.225000	5032.845000	2924.460000	1946.385000	1.804177	3.688660	2.689729	1.231809	-5.921199	-2.742284	5.680517	1.482984	-2.777320	3.708180	-2.853620	0.912656	0.126159	0.364562	-1.000000	-1.000000	-1.000000	-1.000000	-1.000000	-1.000000	-1.000000	74.551724	0.000000	-1.000000	-1.000000	1460877.000000	1772660810.430133
-26589.600000	-45071.280000	2417.265000	2055.420000	6029.280000	5054.400000	2979.495000	1974.960000	10.104851	8.339782	7.277957	3.737227	-2.051929	-4.036401	-8.047701	-0.111343	-2.777320	3.708180	-2.853620	0.912656	0.126159	0.364562	-1.000000	-1.000000	-1.000000	-1.000000	-1.000000	-1.000000	-1.000000	74.551724	0.000000	-1.000000	-1.000000	1460878.000000	1772660810.430143
-26621.640000	-45089.775000	2400.480000	2040.660000	6020.595000	5056.470000	3007.980000	1978.605000	17.339960	9.874662	9.161013	6.072005	3.652548	-3.081436	-16.184210	0.682305	-2.777320	3.708180	-2.853620	0.912656	0.126159	0.364562	-1.000000	-1.000000	-1.000000	-1.000000	-1.000000	-1.000000	-1.000000	74.551724	0.000000	-1.000000	-1.000000	1460879.000000	1772660810.433214
-26624.160000	-45071.415000	2429.415000	2057.760000	6029.010000	5048.370000	2938.590000	1958.715000	17.528598	7.893742	7.847069	6.243927	9.527905	1.158238	-13.946995	3.547461	-2.777320	3.708180	-2.853620	0.912656	0.126159	0.364562	-1.000000	-1.000000	-1.000000	-1.000000	-1.000000	-1.000000	-1.000000	74.551724	0.000000	-1.000000	-1.000000	1460880.000000	1772660810.433221
-26604.405000	-45055.395000	2437.290000	2038.905000	6030.990000	5046.210000	2922.705000	1951.695000	10.002675	5.102482	5.832180	4.388493	13.365817	6.080458	-7.584202	5.190439	-3.143560	4.135460	-2.166920	0.914182	0.129028	0.366027	-1.000000	-1.000000	-1.000000	-1.000000	-1.000000	-1.000000	-1.000000	74.551724	0.000000	-1.000000	-1.000000	1460881.000000	1772660810.437195
-26629.965000	-45089.775000	2413.485000	2055.510000	6017.715000	5043.285000	2935.755000	1936.800000	-0.156843	3.669576	5.016233	2.306530	14.015417	8.668011	-4.459151	2.834777	-3.143560	4.135460	-2.166920	0.914182	0.129028	0.366027	-1.000000	-1.000000	-1.000000	-1.000000	-1.000000	-1.000000	-1.000000	74.551724	0.000000	-1.000000	-1.000000	1460882.000000	1772660810.437202
-26649.540000	-45114.030000	2388.465000	2051.055000	6013.980000	5049.945000	2965.320000	1945.080000	-8.925823	0.981834	2.639988	0.402426	9.922850	7.301501	-4.015860	-2.859787	-3.143560	4.135460	-2.166920	0.914182	0.129028	0.366027	-1.000000	-1.000000	-1.000000	-1.000000	-1.000000	-1.000000	-1.000000	74.551724	0.000000	-1.000000	-1.000000	1460883.000000	1772660810.441234
-26651.115000	-45098.775000	2394.945000	2034.675000	5999.895000	5042.070000	2977.785000	1947.825000	-14.902163	-5.229805	-3.811207	-2.051735	0.959943	2.669509	-1.251944	-8.088154	-3.143560	4.135460	-2.166920	0.914182	0.129028	0.366027	-1.000000	-1.000000	-1.000000	-1.000000	-1.000000	-1.000000	-1.000000	74.551724	0.000000	-1.000000	-1.000000	1460884.000000	1772660810.441242
-26633.385000	-45082.980000	2408.355000	2039.130000	6005.610000	5042.475000	2982.240000	1961.280000	-16.517133	-11.018597	-10.689196	-4.808297	-8.779038	-1.944515	6.509967	-8.560040	-3.143560	4.135460	-2.166920	0.914182	0.129028	0.366027	-1.000000	-1.000000	-1.000000	-1.000000	-1.000000	-1.000000	-1.000000	74.551724	0.000000	-1.000000	-1.000000	1460885.000000	1772660810.445222
-26631.450000	-45088.290000	2398.455000	2042.190000	6028.605000	5064.795000	2965.140000	1954.395000	-12.923704	-11.063056	-12.308800	-6.656440	-14.009230	-3.519802	16.100353	-3.285411	-3.143560	4.135460	-2.166920	0.914182	0.129028	0.366027	-1.000000	-1.000000	-1.000000	-1.000000	-1.000000	-1.000000	-1.000000	74.551724	0.000000	-1.000000	-1.000000	1460886.000000	1772660810.445228
-26618.985000	-45085.725000	2400.120000	2045.475000	6030.360000	5056.695000	2953.530000	1963.080000	-5.601797	-5.339157	-7.634337	-6.310147	-12.425274	-2.174271	19.530128	4.000946	-3.143560	4.135460	-2.166920	0.914182	0.129028	0.366027	-1.000000	-1.000000	-1.000000	-1.000000	-1.000000	-1.000000	-1.000000	74.551724	0.000000	-1.000000	-1.000000	1460887.000000	1772660810.452324
-26633.880000	-45108.855000	2379.330000	2028.510000	6003.360000	5028.300000	2959.470000	1951.560000	2.988955	1.847887	-0.322390	-3.478006	-5.906766	-0.776150	11.888927	8.376591	-3.143560	4.135460	-2.166920	0.914182	0.129028	0.366027	-1.000000	-1.000000	-1.000000	-1.000000	-1.000000	-1.000000	-1.000000	74.551724	0.000000	-1.000000	-1.000000	1460888.000000	1772660810.452329
-26643.420000	-45116.640000	2375.100000	2025.810000	6006.870000	5037.030000	2986.335000	1949.175000	10.058706	6.008021	4.899185	0.294156	0.914572	-1.567903	-1.294809	8.020776	-3.143560	4.135460	-2.166920	0.914182	0.129028	0.366027	-1.000000	-1.000000	-1.000000	-1.000000	-1.000000	-1.000000	-1.000000	74.551724	0.000000	-1.000000	-1.000000	1460889.000000	1772660810.453190
-26607.285000	-45077.085000	2413.260000	2064.015000	6043.140000	5059.530000	2960.145000	1967.535000	13.204488	6.059552	6.379294	3.818376	5.381367	-3.034896	-10.192433	4.657548	-3.143560	4.135460	-2.166920	0.914182	0.129028	0.366027	-1.000000	-1.000000	-1.000000	-1.000000	-1.000000	-1.000000	-1.000000	74.551724	0.000000	-1.000000	-1.000000	1460890.000000	1772660810.453198
-26611.605000	-45076.230000	2418.525000	2065.950000	6039.270000	5055.345000	2935.845000	1958.085000	12.687693	5.199092	6.732540	7.138424	8.208969	-2.330243	-12.508353	1.056426	-3.601360	2.472120	-1.510740	0.912351	0.129882	0.367431	-1.000000	-1.000000	-1.000000	-1.000000	-1.000000	-1.000000	-1.000000	74.551724	0.000000	-1.000000	-1.000000	1460891.000000	1772660810.459149
-26624.970000	-45075.420000	2428.560000	2077.785000	6051.645000	5064.570000	2953.260000	1951.650000	9.944328	5.973384	8.160692	9.234063	9.556258	0.419226	-12.304439	-1.804225	-3.601360	2.472120	-1.510740	0.912351	0.129882	0.367431	-1.000000	-1.000000	-1.000000	-1.000000	-1.000000	-1.000000	-1.000000	74.551724	0.000000	-1.000000	-1.000000	1460892.000000	1772660810.459157
-26618.400000	-45059.940000	2431.620000	2066.310000	6040.440000	5055.930000	2956.185000	1957.050000	4.938553	6.710361	9.098941	8.548915	8.328205	3.157141	-10.955293	-4.336951	-3.601360	2.472120	-1.510740	0.912351	0.129882	0.367431	-1.000000	-1.000000	-1.000000	-1.000000	-1.000000	-1.000000	-1.000000	74.551724	0.000000	-1.000000	-1.000000	1460893.000000	1772660810.461297
-26610.615000	-45062.955000	2426.445000	2053.935000	6022.080000	5041.890000	2951.145000	1969.605000	-2.175082	4.647895	6.619275	4.258779	3.596828	4.016563	-6.487271	-5.852321	-3.601360	2.472120	-1.510740	0.912351	0.129882	0.367431	-1.000000	-1.000000	-1.000000	-1.000000	-1.000000	-1.000000	-1.000000	74.551724	0.000000	-1.000000	-1.000000	1460894.000000	1772660810.461304
-26615.295000	-45063.495000	2432.205000	2075.535000	6042.330000	5055.030000	2952.360000	1957.095000	-9.373436	-0.566318	0.235311	-2.830722	-4.303197	1.817688	1.093064	-5.232112	-3.601360	2.472120	-1.510740	0.912351	0.129882	0.367431	-1.000000	-1.000000	-1.000000	-1.000000	-1.000000	-1.000000	-1.000000	74.551724	0.000000	-1.000000	-1.000000	1460895.000000	1772660810.465322
-26638.785000	-45077.715000	2426.445000	2076.435000	6046.155000	5059.170000	2953.350000	1946.655000	-14.017205	-6.748190	-7.098363	-8.984700	-11.464354	-1.924566	8.524537	-3.180777	-3.601360	2.472120	-1.510740	0.912351	0.129882	0.367431	-1.000000	-1.000000	-1.000000	-1.000000	-1.000000	-1.000000	-1.000000	74.551724	0.000000	-1.000000	-1.000000	1460896.000000	1772660810.465329
-26629.830000	-45084.240000	2413.755000	2055.510000	6024.960000	5052.420000	2964.285000	1961.145000	-14.072980	-10.806304	-11.704069	-10.635656	-12.965102	-3.681895	12.382323	-0.930694	-3.601360	2.472120	-1.510740	0.912351	0.129882	0.367431	-1.000000	-1.000000	-1.000000	-1.000000	-1.000000	-1.000000	-1.000000	74.551724	0.000000	-1.000000	-1.000000	1460897.000000	1772660810.469089
-26601.795000	-45080.730000	2411.370000	2050.335000	6022.440000	5057.460000	2980.395000	1980.360000	-8.604849	-10.899339	-12.250600	-8.221522	-8.624817	-2.290572	11.762999	1.771427	-3.601360	2.472120	-1.510740	0.912351	0.129882	0.367431	-1.000000	-1.000000	-1.000000	-1.000000	-1.000000	-1.000000	-1.000000	74.551724	0.000000	-1.000000	-1.000000	1460898.000000	1772660810.469096
-26599.590000	-45072.180000	2421.450000	2057.715000	6031.530000	5067.675000	3005.595000	1983.150000	0.696394	-7.525943	-9.727921	-4.723631	-2.375610	0.239935	8.581723	4.958753	-3.601360	2.472120	-1.510740	0.912351	0.129882	0.367431	-1.000000	-1.000000	-1.000000	-1.000000	-1.000000	-1.000000	-1.000000	74.551724	0.000000	-1.000000	-1.000000	1460899.000000	1772660810.473258
-26626.680000	-45077.895000	2417.265000	2052.090000	6033.600000	5065.830000	2999.295000	1970.190000	9.146626	-2.412827	-5.445682	-2.148008	2.570809	1.766120	5.169145	6.836976	-3.601360	2.472120	-1.510740	0.912351	0.129882	0.367431	-1.000000	-1.000000	-1.000000	-1.000000	-1.000000	-1.000000	-1.000000	74.551724	0.000000	-1.000000	-1.000000	1460900.000000	1772660810.473265
-26658.405000	-45089.595000	2403.720000	2046.780000	6025.095000	5052.600000	2960.505000	1942.830000	11.797327	2.402512	-0.616683	-0.352380	5.338042	1.521090	0.840957	5.148793	-3.647140	3.616620	-0.976640	0.915342	0.128906	0.365172	-1.000000	-1.000000	-1.000000	-1.000000	-1.000000	-1.000000	-1.000000	74.551724	0.000000	-1.000000	-1.000000	1460901.000000	1772660810.477357
-26665.830000	-45091.305000	2404.485000	2049.435000	6025.455000	5052.555000	2970.270000	1935.495000	6.875174	4.797589	3.213496	1.747024	6.208380	-0.002200	-6.073098	-0.620959	-3.647140	3.616620	-0.976640	0.915342	0.128906	0.365172	-1.000000	-1.000000	-1.000000	-1.000000	-1.000000	-1.000000	-1.000000	74.551724	0.000000	-1.000000	-1.000000	1460902.000000	1772660810.477364
-26619.930000	-45076.815000	2415.645000	2058.255000	6037.245000	5061.195000	2991.015000	1960.380000	-1.790499	4.474324	5.482781	4.605030	5.825972	-1.376478	-12.735911	-7.435174	-3.647140	3.616620	-0.976640	0.915342	0.128906	0.365172	-1.000000	-1.000000	-1.000000	-1.000000	-1.000000	-1.000000	-1.000000	74.551724	0.000000	-1.000000	-1.000000	1460903.000000	1772660810.482014
-26625.330000	-45085.455000	2405.880000	2048.535000	6031.710000	5054.085000	2960.010000	1946.070000	-6.759019	3.476350	6.774069	7.064253	4.531313	-1.622083	-14.287873	-10.156278	-3.647140	3.616620	-0.976640	0.915342	0.128906	0.365172	-1.000000	-1.000000	-1.000000	-1.000000	-1.000000	-1.000000	-1.000000	74.551724	0.000000	-1.000000	-1.000000	1460904.000000	1772660810.482020
-26605.845000	-45063.945000	2423.970000	2053.170000	6024.555000	5054.670000	2965.455000	1966.770000	-3.850524	3.796911	7.456840	7.372342	2.316753	-0.953312	-10.319770	-6.380192	-3.647140	3.616620	-0.976640	0.915342	0.128906	0.365172	-1.000000	-1.000000	-1.000000	-1.000000	-1.000000	-1.000000	-1.000000	74.551724	0.000000	-1.000000	-1.000000	1460905.000000	1772660810.488685
-26633.070000	-45073.890000	2420.010000	2066.535000	6040.620000	5063.625000	2941.290000	1968.390000	3.698194	5.551493	7.622724	5.791398	0.104243	0.270994	-4.334316	1.449384	-3.647140	3.616620	-0.976640	0.915342	0.128906	0.365172	-1.000000	-1.000000	-1.000000	-1.000000	-1.000000	-1.000000	-1.000000	74.551724	0.000000	-1.000000	-1.000000	1460906.000000	1772660810.488694
-26638.740000	-45073.890000	2427.480000	2076.840000	6045.345000	5061.690000	2945.385000	1955.970000	8.128991	6.419642	6.686335	4.018499	-0.699505	1.633145	0.242256	7.956772	-3.647140	3.616620	-0.976640	0.915342	0.128906	0.365172	-1.000000	-1.000000	-1.000000	-1.000000	-1.000000	-1.000000	-1.000000	74.551724	0.000000	-1.000000	-1.000000	1460907.000000	1772660810.491683
-26611.605000	-45051.930000	2446.785000	2088.810000	6051.960000	5067.720000	2956.770000	1949.625000	5.485943	4.166625	3.830601	2.451118	-0.303367	2.156483	2.547542	8.813057	-3.647140	3.616620	-0.976640	0.915342	0.128906	0.365172	-1.000000	-1.000000	-1.000000	-1.000000	-1.000000	-1.000000	-1.000000	74.551724	0.000000	-1.000000	-1.000000	1460908.000000	1772660810.491690
-26626.590000	-45065.835000	2429.685000	2070.270000	6039.945000	5062.185000	2977.920000	1957.185000	-0.122822	-0.213800	-0.342951	0.292980	-0.239308	1.417983	4.654316	4.660768	-3.647140	3.616620	-0.976640	0.915342	0.128906	0.365172	-1.000000	-1.000000	-1.000000	-1.000000	-1.000000	-1.000000	-1.000000	74.551724	0.000000	-1.000000	-1.000000	1460909.000000	1772660810.494362
-26661.870000	-45088.290000	2406.780000	2047.635000	6028.965000	5051.610000	2972.925000	1940.175000	-3.509405	-4.625589	-4.775347	-3.176041	-1.460227	0.109137	8.579775	-0.154008	-3.647140	3.616620	-0.976640	0.915342	0.128906	0.365172	-1.000000	-1.000000	-1.000000	-1.000000	-1.000000	-1.000000	-1.000000	74.551724	0.000000	-1.000000	-1.000000	1460910.000000	1772660810.494369
-26670.690000	-45111.870000	2375.955000	2007.405000	5993.190000	5029.065000	2959.560000	1926.225000	-4.900715	-8.559779	-9.254548	-8.185955	-4.064516	-1.351205	12.425002	-3.040587	-3.906560	3.113040	-0.488320	0.915281	0.127258	0.363891	-1.000000	-1.000000	-1.000000	-1.000000	-1.000000	-1.000000	-1.000000	74.551724	0.000000	-1.000000	-1.000000	1460911.000000	1772660810.497382
-26622.855000	-45074.925000	2416.770000	2054.745000	6039.270000	5069.610000	2986.335000	1971.945000	-6.056657	-11.042308	-12.466542	-12.832445	-6.951233	-2.688151	12.139233	-3.980440	-3.906560	3.113040	-0.488320	0.915281	0.127258	0.363891	-1.000000	-1.000000	-1.000000	-1.000000	-1.000000	-1.000000	-1.000000	74.551724	0.000000	-1.000000	-1.000000	1460912.000000	1772660810.497389
-26623.395000	-45055.215000	2440.485000	2066.490000	6056.010000	5088.105000	2978.055000	1977.795000	-5.447213	-9.021341	-10.712488	-12.364513	-6.692500	-2.021404	7.226456	-2.318107	-3.906560	3.113040	-0.488320	0.915281	0.127258	0.363891	-1.000000	-1.000000	-1.000000	-1.000000	-1.000000	-1.000000	-1.000000	74.551724	0.000000	-1.000000	-1.000000	1460913.000000	1772660810.501326
-26610.120000	-45069.390000	2412.945000	2008.530000	5943.285000	5018.445000	2960.955000	1957.140000	-1.310533	-1.551178	-2.745762	-5.123971	-2.403925	0.944455	0.339485	1.320889	-3.906560	3.113040	-0.488320	0.915281	0.127258	0.363891	-1.000000	-1.000000	-1.000000	-1.000000	-1.000000	-1.000000	-1.000000	74.551724	0.000000	-1.000000	-1.000000	1460914.000000	1772660810.501332
-26592.975000	-45061.740000	2431.620000	2046.510000	5955.885000	5021.595000	2949.660000	1952.145000	4.906302	7.106768	6.663331	3.745540	0.445837	2.032079	-6.460131	3.159317	-3.906560	3.113040	-0.488320	0.915281	0.127258	0.363891	-1.000000	-1.000000	-1.000000	-1.000000	-1.000000	-1.000000	-1.000000	74.551724	0.000000	-1.000000	-1.000000	1460915.000000	1772660810.505283
-26589.960000	-45035.055000	2472.480000	2079.045000	6033.870000	5061.510000	2941.920000	1962.180000	9.893748	11.934264	12.256708	9.503768	-0.295779	-0.603051	-11.715964	1.315140	-3.906560	3.113040	-0.488320	0.915281	0.127258	0.363891	-1.000000	-1.000000	-1.000000	-1.000000	-1.000000	-1.000000	-1.000000	74.551724	0.000000	-1.000000	-1.000000	1460916.000000	1772660810.505291
-26599.680000	-45039.600000	2460.330000	2046.645000	6038.100000	5048.730000	2949.435000	1958.445000	10.348322	11.363444	12.759997	11.610106	1.182307	-2.915608	-13.941218	-1.740996	-3.906560	3.113040	-0.488320	0.915281	0.127258	0.363891	-1.000000	-1.000000	-1.000000	-1.000000	-1.000000	-1.000000	-1.000000	74.551724	0.000000	-1.000000	-1.000000	1460917.000000	1772660810.509076
-26602.830000	-45068.445000	2414.340000	2046.195000	6053.490000	5052.510000	2947.590000	1965.285000	5.555310	6.296640	8.436632	10.094932	7.981877	-1.713352	-11.996821	-2.996551	-3.906560	3.113040	-0.488320	0.915281	0.127258	0.363891	-1.000000	-1.000000	-1.000000	-1.000000	-1.000000	-1.000000	-1.000000	74.551724	0.000000	-1.000000	-1.000000	1460918.000000	1772660810.509083
-26621.415000	-45089.190000	2391.885000	2060.730000	6055.470000	5053.185000	2942.505000	1951.695000	-1.420910	-1.250079	0.105131	6.122242	15.799625	2.152335	-5.940763	-1.641860	-3.906560	3.113040	-0.488320	0.915281	0.127258	0.363891	-1.000000	-1.000000	-1.000000	-1.000000	-1.000000	-1.000000	-1.000000	74.551724	0.000000	-1.000000	-1.000000	1460919.000000	1772660810.513257
-26629.560000	-45105.120000	2376.090000	2037.465000	6046.470000	5054.310000	2956.500000	1954.665000	-7.505916	-8.530142	-9.185820	2.208584	18.294722	5.999961	2.183168	0.720396	-3.906560	3.113040	-0.488320	0.915281	0.127258	0.363891	-1.000000	-1.000000	-1.000000	-1.000000	-1.000000	-1.000000	-1.000000	74.551724	0.000000	-1.000000	-1.000000	1460920.000000	1772660810.513264
-26645.580000	-45107.505000	2384.460000	2052.090000	6032.160000	5049.585000	2956.590000	1948.545000	-12.179817	-13.268024	-15.420590	-1.507218	11.244265	6.535380	9.139303	1.283598	-2.792580	2.517900	-1.526000	0.913755	0.126403	0.364318	-1.000000	-1.000000	-1.000000	-1.000000	-1.000000	-1.000000	-1.000000	74.551724	0.000000	-1.000000	-1.000000	1460921.000000	1772660810.517379
-26645.895000	-45084.600000	2412.180000	2064.870000	6028.875000	5050.890000	2954.610000	1946.880000	-14.865957	-13.714537	-15.455859	-5.341273	-3.501748	2.553263	12.366968	-0.969495	-2.792580	2.517900	-1.526000	0.913755	0.126403	0.364318	-1.000000	-1.000000	-1.000000	-1.000000	-1.000000	-1.000000	-1.000000	74.551724	0.000000	-1.000000	-1.000000	1460922.000000	1772660810.517388
-26625.060000	-45080.415000	2410.965000	2033.370000	5996.340000	5046.435000	2965.860000	1959.525000	-13.186678	-8.271371	-7.859336	-7.226342	-16.964126	-2.518550	11.531335	-3.558126	-2.792580	2.517900	-1.526000	0.913755	0.126403	0.364318	-1.000000	-1.000000	-1.000000	-1.000000	-1.000000	-1.000000	-1.000000	74.551724	0.000000	-1.000000	-1.000000	1460923.000000	1772660810.524177
-26606.430000	-45083.070000	2400.525000	2006.280000	5983.695000	5040.945000	2960.955000	1969.155000	-5.533603	1.649268	3.934670	-7.353080	-22.022342	-4.827475	8.136926	-3.053161	-2.792580	2.517900	-1.526000	0.913755	0.126403	0.364318	-1.000000	-1.000000	-1.000000	-1.000000	-1.000000	-1.000000	-1.000000	74.551724	0.000000	-1.000000	-1.000000	1460924.000000	1772660810.524185
-26630.370000	-45094.590000	2396.880000	2023.425000	6003.000000	5040.360000	2949.885000	1955.430000	5.622960	10.300602	12.142560	-8.281212	-19.759863	-4.842539	3.280825	0.743812	-2.792580	2.517900	-1.526000	0.913755	0.126403	0.364318	-1.000000	-1.000000	-1.000000	-1.000000	-1.000000	-1.000000	-1.000000	74.551724	0.000000	-1.000000	-1.000000	1460925.000000	1772660810.525379
-26633.475000	-45071.370000	2424.195000	2077.965000	6047.820000	5053.455000	2953.980000	1945.035000	14.528956	13.127199	12.938783	-7.709322	-12.849973	-4.214717	-2.667068	4.396285	-2.792580	2.517900	-1.526000	0.913755	0.126403	0.364318	-1.000000	-1.000000	-1.000000	-1.000000	-1.000000	-1.000000	-1.000000	74.551724	0.000000	-1.000000	-1.000000	1460926.000000	1772660810.525386
-26622.405000	-45059.940000	2427.435000	2062.620000	6041.610000	5055.885000	2972.430000	1954.845000	17.357932	11.633860	10.334614	-0.970885	-1.665033	-2.421105	-7.819419	5.028057	-2.792580	2.517900	-1.526000	0.913755	0.126403	0.364318	-1.000000	-1.000000	-1.000000	-1.000000	-1.000000	-1.000000	-1.000000	74.551724	0.000000	-1.000000	-1.000000	1460927.000000	1772660810.529241
-26631.765000	-45083.070000	2407.230000	2063.160000	6029.325000	5057.190000	2985.030000	1959.030000	14.618016	9.371454	8.787747	9.648593	10.774592	0.892440	-9.110937	3.290081	-2.792580	2.517900	-1.526000	0.913755	0.126403	0.364318	-1.000000	-1.000000	-1.000000	-1.000000	-1.000000	-1.000000	-1.000000	74.551724	0.000000	-1.000000	-1.000000	1460928.000000	1772660810.529247
-26617.680000	-45081.090000	2403.720000	2058.345000	6038.730000	5069.295000	2984.445000	1964.835000	8.465609	6.379634	7.078222	16.434598	18.537453	4.163323	-6.017727	1.230873	-2.792580	2.517900	-1.526000	0.913755	0.126403	0.364318	-1.000000	-1.000000	-1.000000	-1.000000	-1.000000	-1.000000	-1.000000	74.551724	0.000000	-1.000000	-1.000000	1460929.000000	1772660810.534295
-26606.385000	-45070.470000	2411.010000	2033.955000	6031.170000	5060.880000	2942.055000	1954.575000	1.371662	1.126520	1.956151	14.044934	18.297392	5.427461	-1.936739	-0.446641	-2.792580	2.517900	-1.526000	0.913755	0.126403	0.364318	-1.000000	-1.000000	-1.000000	-1.000000	-1.000000	-1.000000	-1.000000	74.551724	0.000000	-1.000000	-1.000000	1460930.000000	1772660810.534303
-26609.670000	-45053.010000	2437.830000	2052.315000	6038.685000	5057.235000	2946.555000	1951.470000	-4.330534	-5.426097	-5.929882	3.661503	12.021164	4.090825	-0.653165	-2.018946	-2.792580	2.746800	-2.884140	0.913694	0.125610	0.364806	-1.000000	-1.000000	-1.000000	-1.000000	-1.000000	-1.000000	-1.000000	74.551724	0.000000	-1.000000	-1.000000	1460931.000000	1772660810.545310
-26608.005000	-45051.930000	2443.185000	2071.755000	6041.070000	5057.415000	2979.540000	1972.755000	-8.223681	-10.251518	-11.933894	-7.063344	4.662271	1.233589	-1.694493	-3.278740	-2.792580	2.746800	-2.884140	0.913694	0.125610	0.364806	-1.000000	-1.000000	-1.000000	-1.000000	-1.000000	-1.000000	-1.000000	74.551724	0.000000	-1.000000	-1.000000	1460932.000000	1772660810.545318
-26633.115000	-45089.595000	2411.055000	2074.725000	6061.725000	5080.815000	2981.880000	1964.790000	-11.112822	-11.742093	-12.949243	-10.697293	-0.663125	-1.360326	-1.126024	-3.342436	-2.792580	2.746800	-2.884140	0.913694	0.125610	0.364806	-1.000000	-1.000000	-1.000000	-1.000000	-1.000000	-1.000000	-1.000000	74.551724	0.000000	-1.000000	-1.000000	1460933.000000	1772660810.545327
-26627.895000	-45088.020000	2407.500000	2054.340000	6032.205000	5049.405000	2939.535000	1951.470000	-12.405422	-10.924529	-10.488888	-7.526056	-4.937108	-2.739625	2.071559	-2.020565	-2.792580	2.746800	-2.884140	0.913694	0.125610	0.364806	-1.000000	-1.000000	-1.000000	-1.000000	-1.000000	-1.000000	-1.000000	74.551724	0.000000	-1.000000	-1.000000	1460934.000000	1772660810.545331
-26615.745000	-45069.570000	2421.720000	2058.705000	6033.915000	5055.885000	2946.960000	1949.310000	-9.963502	-8.474423	-6.848565	-3.590037	-10.425228	-3.612888	4.223530	-0.337733	-2.792580	2.746800	-2.884140	0.913694	0.125610	0.364806	-1.000000	-1.000000	-1.000000	-1.000000	-1.000000	-1.000000	-1.000000	74.551724	0.000000	-1.000000	-1.000000	1460935.000000	1772660810.545560
-26630.010000	-45079.560000	2411.595000	2040.885000	6013.845000	5059.215000	2977.290000	1945.440000	-3.320275	-3.593707	-2.078075	-2.680144	-16.050537	-4.432526	3.132618	0.627929	-2.792580	2.746800	-2.884140	0.913694	0.125610	0.364806	-1.000000	-1.000000	-1.000000	-1.000000	-1.000000	-1.000000	-1.000000	74.551724	0.000000	-1.000000	-1.000000	1460936.000000	1772660810.545567
-26650.170000	-45098.820000	2392.605000	2018.970000	5988.195000	5061.420000	3040.830000	1943.595000	4.103968	3.090744	3.608749	-3.793336	-17.820787	-4.153833	1.724453	0.484365	-2.792580	2.746800	-2.884140	0.913694	0.125610	0.364806	-1.000000	-1.000000	-1.000000	-1.000000	-1.000000	-1.000000	-1.000000	74.551724	0.000000	-1.000000	-1.000000	1460937.000000	1772660810.549145
-26616.645000	-45059.355000	2436.165000	2051.820000	6010.830000	5065.920000	3004.110000	1970.820000	8.181589	8.959775	8.462675	-4.051180	-13.354320	-2.201578	3.350367	-0.016664	-2.792580	2.746800	-2.884140	0.913694	0.125610	0.364806	-1.000000	-1.000000	-1.000000	-1.000000	-1.000000	-1.000000	-1.000000	74.551724	0.000000	-1.000000	-1.000000	1460938.000000	1772660810.549153
-26630.640000	-45063.630000	2438.955000	2053.305000	6020.820000	5039.145000	2894.805000	1944.630000	8.167753	11.808024	10.967408	-0.815924	-3.005519	0.502199	5.063299	0.506984	-2.792580	2.746800	-2.884140	0.913694	0.125610	0.364806	-1.000000	-1.000000	-1.000000	-1.000000	-1.000000	-1.000000	-1.000000	74.551724	0.000000	-1.000000	-1.000000	1460939.000000	1772660810.553133
-26608.995000	-45051.795000	2455.335000	2065.590000	6032.745000	5051.610000	2929.455000	1953.045000	5.764214	10.569446	10.183421	5.604640	10.398344	2.629230	0.621456	1.730784	-2.792580	2.746800	-2.884140	0.913694	0.125610	0.364806	-1.000000	-1.000000	-1.000000	-1.000000	-1.000000	-1.000000	-1.000000	74.551724	0.000000	-1.000000	-1.000000	1460940.000000	1772660810.553140
-26587.890000	-45047.565000	2446.785000	2068.200000	6054.570000	5058.675000	2943.135000	1970.145000	3.231427	5.940457	6.052498	11.111288	21.354480	3.653523	-8.779263	2.130160	-3.601360	3.860780	-2.563680	0.911436	0.127563	0.361938	-1.000000	-1.000000	-1.000000	-1.000000	-1.000000	-1.000000	-1.000000	74.551724	0.000000	-1.000000	-1.000000	1460941.000000	1772660810.559272
-26599.455000	-45083.430000	2404.395000	2056.410000	6050.970000	5063.085000	2951.010000	1966.095000	2.459201	0.402398	-0.068730	11.688169	24.351026	3.806206	-14.338079	1.775045	-3.601360	3.860780	-2.563680	0.911436	0.127563	0.361938	-1.000000	-1.000000	-1.000000	-1.000000	-1.000000	-1.000000	-1.000000	74.551724	0.000000	-1.000000	-1.000000	1460942.000000	1772660810.559279
-26629.290000	-45112.230000	2381.895000	2053.350000	6023.880000	5045.760000	2953.665000	1952.460000	2.390201	-4.904932	-6.889700	6.628507	17.279453	3.315415	-9.987365	1.510401	-3.601360	3.860780	-2.563680	0.911436	0.127563	0.361938	-1.000000	-1.000000	-1.000000	-1.000000	-1.000000	-1.000000	-1.000000	74.551724	0.000000	-1.000000	-1.000000	1460943.000000	1772660810.565003
-26670.735000	-45110.475000	2376.000000	1998.405000	5992.335000	5039.910000	2975.445000	1931.310000	-0.638604	-10.141781	-12.885374	-2.013617	2.530040	1.904969	1.916468	0.738864	-3.601360	3.860780	-2.563680	0.911436	0.127563	0.361938	-1.000000	-1.000000	-1.000000	-1.000000	-1.000000	-1.000000	-1.000000	74.551724	0.000000	-1.000000	-1.000000	1460944.000000	1772660810.565010
-26648.190000	-45077.670000	2411.190000	2014.425000	6005.385000	5058.810000	2998.710000	1953.450000	-7.004327	-12.493610	-14.205359	-10.523810	-13.082189	-0.397954	13.161014	-1.200865	-3.601360	3.860780	-2.563680	0.911436	0.127563	0.361938	-1.000000	-1.000000	-1.000000	-1.000000	-1.000000	-1.000000	-1.000000	74.551724	0.000000	-1.000000	-1.000000	1460945.000000	1772660810.565768
-26609.850000	-45059.490000	2433.105000	2062.125000	6031.845000	5062.635000	2938.545000	1963.620000	-11.051585	-7.752397	-7.245647	-13.448946	-20.790152	-2.213891	15.613587	-2.942659	-3.601360	3.860780	-2.563680	0.911436	0.127563	0.361938	-1.000000	-1.000000	-1.000000	-1.000000	-1.000000	-1.000000	-1.000000	74.551724	0.000000	-1.000000	-1.000000	1460946.000000	1772660810.565775
-26595.900000	-45046.845000	2449.170000	2101.455000	6049.845000	5070.510000	2934.855000	1968.120000	-7.640245	2.705819	5.377353	-7.039671	-16.393145	-2.069021	7.889061	-2.760467	-3.601360	3.860780	-2.563680	0.911436	0.127563	0.361938	-1.000000	-1.000000	-1.000000	-1.000000	-1.000000	-1.000000	-1.000000	74.551724	0.000000	-1.000000	-1.000000	1460947.000000	1772660810.569400
-26613.180000	-45066.825000	2427.705000	2068.875000	6034.590000	5060.835000	2963.385000	1969.785000	1.158829	11.582945	15.179991	5.099345	-4.222391	0.042343	-1.846320	-0.591986	-3.601360	3.860780	-2.563680	0.911436	0.127563	0.361938	-1.000000	-1.000000	-1.000000	-1.000000	-1.000000	-1.000000	-1.000000	74.551724	0.000000	-1.000000	-1.000000	1460948.000000	1772660810.569408
-26638.695000	-45092.025000	2402.010000	2025.720000	6027.660000	5055.210000	2970.450000	1958.220000	7.846650	12.287059	15.018340	12.900871	6.552849	2.174070	-5.086094	1.810228	-3.601360	3.860780	-2.563680	0.911436	0.127563	0.361938	-1.000000	-1.000000	-1.000000	-1.000000	-1.000000	-1.000000	-1.000000	74.551724	0.000000	-1.000000	-1.000000	1460949.000000	1772660810.573351
-26673.975000	-45108.630000	2383.920000	2014.245000	6031.620000	5059.260000	2978.730000	1938.870000	6.476790	4.382673	5.187504	9.132785	9.303650	1.812851	-2.454726	1.722067	-3.601360	3.860780	-2.563680	0.911436	0.127563	0.361938	-1.000000	-1.000000	-1.000000	-1.000000	-1.000000	-1.000000	-1.000000	74.551724	0.000000	-1.000000	-1.000000	1460950.000000	1772660810.573358
-26657.010000	-45066.915000	2433.105000	2057.220000	6052.275000	5070.375000	2976.210000	1942.830000	-1.335899	-5.203188	-5.906595	-2.333328	4.964883	-0.809123	0.744298	-1.366656	-2.746800	5.035800	-3.525060	0.912656	0.126465	0.360229	-1.000000	-1.000000	-1.000000	-1.000000	-1.000000	-1.000000	-1.000000	74.551724	0.000000	-1.000000	-1.000000	1460951.000000	1772660810.578014
-26612.730000	-45067.590000	2417.715000	2046.285000	6032.385000	5058.045000	2924.685000	1953.945000	-6.812423	-7.893407	-8.993736	-10.456368	-0.175376	-2.832172	0.590434	-4.021426	-2.746800	5.035800	-3.525060	0.912656	0.126465	0.360229	-1.000000	-1.000000	-1.000000	-1.000000	-1.000000	-1.000000	-1.000000	74.551724	0.000000	-1.000000	-1.000000	1460952.000000	1772660810.578020
-26603.235000	-45081.585000	2405.430000	2047.590000	5997.780000	5038.515000	2935.800000	1966.680000	-2.562559	-2.643223	-3.614133	-8.578496	-2.059198	-3.030542	-4.647274	-2.558993	-2.746800	5.035800	-3.525060	0.912656	0.126465	0.360229	-1.000000	-1.000000	-1.000000	-1.000000	-1.000000	-1.000000	-1.000000	74.551724	0.000000	-1.000000	-1.000000	1460953.000000	1772660810.581259
-26594.280000	-45079.875000	2409.390000	2047.320000	6000.435000	5046.255000	2964.510000	1968.120000	8.622822	3.618091	2.671584	0.271084	-1.952175	-2.873027	-11.786400	2.340328	-2.746800	5.035800	-3.525060	0.912656	0.126465	0.360229	-1.000000	-1.000000	-1.000000	-1.000000	-1.000000	-1.000000	-1.000000	74.551724	0.000000	-1.000000	-1.000000	1460954.000000	1772660810.581264
-26606.070000	-45057.870000	2442.330000	2078.505000	6021.855000	5053.815000	2955.915000	1963.260000	15.910257	4.773917	3.907746	7.733780	-2.172659	-3.033607	-13.000296	6.158162	-2.746800	5.035800	-3.525060	0.912656	0.126465	0.360229	-1.000000	-1.000000	-1.000000	-1.000000	-1.000000	-1.000000	-1.000000	74.551724	0.000000	-1.000000	-1.000000	1460955.000000	1772660810.585215
-26627.130000	-45065.610000	2433.015000	2071.260000	6034.500000	5049.495000	2935.845000	1943.865000	11.531313	0.974413	0.580527	8.270051	-2.345409	-2.216330	-4.522285	5.297993	-2.746800	5.035800	-3.525060	0.912656	0.126465	0.360229	-1.000000	-1.000000	-1.000000	-1.000000	-1.000000	-1.000000	-1.000000	74.551724	0.000000	-1.000000	-1.000000	1460956.000000	1772660810.585223
-26626.410000	-45077.805000	2420.145000	2057.715000	6041.475000	5057.055000	2950.830000	1945.845000	-2.004526	-3.794189	-3.548760	3.107458	-0.667210	0.473418	7.836902	0.224078	-2.746800	5.035800	-3.525060	0.912656	0.126465	0.360229	-1.000000	-1.000000	-1.000000	-1.000000	-1.000000	-1.000000	-1.000000	74.551724	0.000000	-1.000000	-1.000000	1460957.000000	1772660810.589270
-26636.670000	-45084.645000	2411.415000	2037.105000	6024.060000	5055.795000	2961.540000	1938.285000	-14.949346	-5.917663	-5.353073	-2.855855	2.600559	4.060182	15.270585	-5.341035	-2.746800	5.035800	-3.525060	0.912656	0.126465	0.360229	-1.000000	-1.000000	-1.000000	-1.000000	-1.000000	-1.000000	-1.000000	74.551724	0.000000	-1.000000	-1.000000	1460958.000000	1772660810.589277
-26631.225000	-45072.180000	2428.605000	2053.350000	6038.955000	5068.845000	2986.920000	1956.915000	-18.800935	-4.042360	-3.559193	-6.002650	4.659318	6.479909	14.663030	-7.205666	-2.746800	5.035800	-3.525060	0.912656	0.126465	0.360229	-1.000000	-1.000000	-1.000000	-1.000000	-1.000000	-1.000000	-1.000000	74.551724	0.000000	-1.000000	-1.000000	1460959.000000	1772660810.594643
-26646.660000	-45079.560000	2423.835000	2056.140000	6037.605000	5051.655000	2956.680000	1949.445000	-12.646642	0.245578	0.572957	-5.761025	3.855788	6.218329	8.752134	-3.865665	-2.746800	5.035800	-3.525060	0.912656	0.126465	0.360229	-1.000000	-1.000000	-1.000000	-1.000000	-1.000000	-1.000000	-1.000000	74.551724	0.000000	-1.000000	-1.000000	1460960.000000	1772660810.594651
-26652.465000	-45091.620000	2408.895000	2056.545000	6036.120000	5041.620000	2925.180000	1915.560000	-2.696978	3.503525	3.966242	-3.065197	1.773546	3.212921	0.934205	1.510768	-2.807840	6.058220	-2.319520	0.915403	0.127319	0.358642	-1.000000	-1.000000	-1.000000	-1.000000	-1.000000	-1.000000	-1.000000	74.551724	0.000000	-1.000000	-1.000000	1460961.000000	1772660810.597178
-26626.185000	-45102.240000	2380.050000	2016.810000	6006.915000	5038.560000	2971.305000	1933.695000	4.689672	3.548910	4.102971	0.369937	0.525825	-1.143575	-6.655843	3.944719	-2.807840	6.058220	-2.319520	0.915403	0.127319	0.358642	-1.000000	-1.000000	-1.000000	-1.000000	-1.000000	-1.000000	-1.000000	74.551724	0.000000	-1.000000	-1.000000	1460962.000000	1772660810.597186
-26611.515000	-45089.100000	2393.955000	2037.330000	6021.180000	5055.660000	2977.695000	1960.830000	8.083527	0.883104	0.433475	1.739507	-0.306002	-4.670438	-11.027198	2.687596	-2.807840	6.058220	-2.319520	0.915403	0.127319	0.358642	-1.000000	-1.000000	-1.000000	-1.000000	-1.000000	-1.000000	-1.000000	74.551724	0.000000	-1.000000	-1.000000	1460963.000000	1772660810.606763
-26618.220000	-45087.210000	2399.445000	2033.145000	6011.145000	5049.630000	2944.710000	1957.905000	8.934510	-2.366933	-4.892836	-0.208267	-2.359448	-5.675537	-9.681758	1.328725	-2.807840	6.058220	-2.319520	0.915403	0.127319	0.358642	-1.000000	-1.000000	-1.000000	-1.000000	-1.000000	-1.000000	-1.000000	74.551724	0.000000	-1.000000	-1.000000	1460964.000000	1772660810.606771
-26623.530000	-45079.830000	2404.440000	2019.285000	5996.745000	5043.960000	2954.475000	1949.490000	8.240213	-3.665848	-7.645929	-3.219707	-5.722478	-4.113623	-4.218405	2.030541	-2.807840	6.058220	-2.319520	0.915403	0.127319	0.358642	-1.000000	-1.000000	-1.000000	-1.000000	-1.000000	-1.000000	-1.000000	74.551724	0.000000	-1.000000	-1.000000	1460965.000000	1772660810.606780
-26608.410000	-45058.635000	2432.475000	2035.395000	6001.515000	5057.280000	2972.880000	1963.800000	6.377924	-1.120457	-4.341501	-3.491536	-8.415879	-1.305807	1.363984	3.532505	-2.807840	6.058220	-2.319520	0.915403	0.127319	0.358642	-1.000000	-1.000000	-1.000000	-1.000000	-1.000000	-1.000000	-1.000000	74.551724	0.000000	-1.000000	-1.000000	1460966.000000	1772660810.606784
-26593.290000	-45040.320000	2459.160000	2081.925000	6046.245000	5080.005000	2946.870000	1971.405000	4.261599	4.945415	4.840755	1.576742	-7.140470	1.686080	3.988975	4.113536	-2.807840	6.058220	-2.319520	0.915403	0.127319	0.358642	-1.000000	-1.000000	-1.000000	-1.000000	-1.000000	-1.000000	-1.000000	74.551724	0.000000	-1.000000	-1.000000	1460967.000000	1772660810.609237
-26617.365000	-45057.555000	2440.080000	2077.605000	6046.110000	5073.165000	2940.930000	1951.200000	2.359530	10.631404	14.474092	10.194108	-0.327266	4.242951	2.345980	2.799886	-2.807840	6.058220	-2.319520	0.915403	0.127319	0.358642	-1.000000	-1.000000	-1.000000	-1.000000	-1.000000	-1.000000	-1.000000	74.551724	0.000000	-1.000000	-1.000000	1460968.000000	1772660810.609245
-26625.420000	-45065.520000	2424.105000	2055.735000	6017.535000	5041.530000	2949.885000	1939.050000	-0.622833	10.712777	16.855860	15.590326	8.321572	5.019313	-1.201181	-0.870655	-2.807840	6.058220	-2.319520	0.915403	0.127319	0.358642	-1.000000	-1.000000	-1.000000	-1.000000	-1.000000	-1.000000	-1.000000	74.551724	0.000000	-1.000000	-1.000000	1460969.000000	1772660810.613180
-26651.340000	-45095.670000	2394.225000	2010.735000	5993.370000	5042.115000	2970.270000	1936.575000	-5.743624	3.727031	9.111934	11.823886	12.431991	2.857079	-1.826107	-5.472501	-2.807840	6.058220	-2.319520	0.915403	0.127319	0.358642	-1.000000	-1.000000	-1.000000	-1.000000	-1.000000	-1.000000	-1.000000	74.551724	0.000000	-1.000000	-1.000000	1460970.000000	1772660810.613190
-26635.095000	-45081.135000	2417.895000	2047.860000	6005.610000	5050.260000	2986.605000	1953.585000	-11.753538	-6.595667	-3.998996	0.233283	9.484316	-1.192114	1.506527	-8.331888	-4.242280	5.539380	-1.815940	0.914121	0.129516	0.360229	-1.000000	-1.000000	-1.000000	-1.000000	-1.000000	-1.000000	-1.000000	74.551724	0.000000	-1.000000	-1.000000	1460971.000000	1772660810.617547
-26595.900000	-45046.170000	2464.110000	2119.635000	6064.020000	5070.060000	2956.770000	1973.520000	-14.683576	-14.003168	-14.016623	-10.605623	3.064425	-4.346925	5.146986	-7.769903	-4.242280	5.539380	-1.815940	0.914121	0.129516	0.360229	-1.000000	-1.000000	-1.000000	-1.000000	-1.000000	-1.000000	-1.000000	74.551724	0.000000	-1.000000	-1.000000	1460972.000000	1772660810.617554
-26615.565000	-45068.760000	2435.985000	2077.875000	6047.730000	5061.240000	2925.045000	1961.010000	-10.438178	-14.043825	-15.415331	-12.911637	-1.274113	-4.450459	5.448493	-3.709003	-4.242280	5.539380	-1.815940	0.914121	0.129516	0.360229	-1.000000	-1.000000	-1.000000	-1.000000	-1.000000	-1.000000	-1.000000	74.551724	0.000000	-1.000000	-1.000000	1460973.000000	1772660810.621862
-26640.630000	-45093.645000	2400.570000	2037.960000	6024.195000	5050.080000	2943.495000	1943.100000	-0.624555	-8.161022	-10.307245	-8.053596	-2.216730	-1.988493	1.478700	1.670083	-4.242280	5.539380	-1.815940	0.914121	0.129516	0.360229	-1.000000	-1.000000	-1.000000	-1.000000	-1.000000	-1.000000	-1.000000	74.551724	0.000000	-1.000000	-1.000000	1460974.000000	1772660810.621874
-26622.135000	-45086.130000	2389.995000	2017.080000	6018.300000	5048.370000	2948.580000	1938.915000	8.083513	-1.733363	-5.324900	-3.833261	-3.132481	0.196518	-4.219586	4.708625	-4.242280	5.539380	-1.815940	0.914121	0.129516	0.360229	-1.000000	-1.000000	-1.000000	-1.000000	-1.000000	-1.000000	-1.000000	74.551724	0.000000	-1.000000	-1.000000	1460975.000000	1772660810.626127
-26608.815000	-45068.895000	2401.335000	2014.155000	6017.940000	5046.435000	2945.115000	1944.855000	11.618722	2.293770	-3.696392	-4.956577	-6.593536	-0.047354	-7.321484	3.923932	-4.242280	5.539380	-1.815940	0.914121	0.129516	0.360229	-1.000000	-1.000000	-1.000000	-1.000000	-1.000000	-1.000000	-1.000000	74.551724	0.000000	-1.000000	-1.000000	1460976.000000	1772660810.626136
-26639.235000	-45060.705000	2428.155000	2049.120000	6025.275000	5053.770000	2943.405000	1930.680000	10.619959	5.101479	-2.361012	-8.273356	-10.617557	-1.558298	-5.572784	1.438080	-4.242280	5.539380	-1.815940	0.914121	0.129516	0.360229	-1.000000	-1.000000	-1.000000	-1.000000	-1.000000	-1.000000	-1.000000	74.551724	0.000000	-1.000000	-1.000000	1460977.000000	1772660810.636297
-26662.050000	-45080.730000	2416.140000	2055.195000	6041.430000	5060.970000	2942.100000	1921.320000	6.485550	8.104607	3.024889	-6.225549	-10.023631	-0.942461	-0.500909	0.005119	-4.242280	5.539380	-1.815940	0.914121	0.129516	0.360229	-1.000000	-1.000000	-1.000000	-1.000000	-1.000000	-1.000000	-1.000000	74.551724	0.000000	-1.000000	-1.000000	1460978.000000	1772660810.636305
-26628.120000	-45074.250000	2417.805000	2047.815000	6049.350000	5062.140000	2960.595000	1948.410000	0.820731	10.270062	11.615102	4.035448	-2.002935	2.959650	4.048561	0.479042	-4.242280	5.539380	-1.815940	0.914121	0.129516	0.360229	-1.000000	-1.000000	-1.000000	-1.000000	-1.000000	-1.000000	-1.000000	74.551724	0.000000	-1.000000	-1.000000	1460979.000000	1772660810.636554
-26589.960000	-45068.220000	2405.745000	2035.620000	6046.830000	5060.790000	2964.465000	1972.845000	-3.217065	9.360076	16.981533	15.288809	8.994914	6.854091	5.422538	2.221707	-4.242280	5.539380	-1.815940	0.914121	0.129516	0.360229	-1.000000	-1.000000	-1.000000	-1.000000	-1.000000	-1.000000	-1.000000	74.551724	0.000000	-1.000000	-1.000000	1460980.000000	1772660810.636562
-26608.590000	-45079.920000	2399.580000	2056.230000	6038.730000	5045.940000	2950.920000	1956.420000	-3.723521	4.202376	13.244447	17.474459	14.188975	6.517401	4.526575	3.758937	-3.708180	5.951400	-1.190280	0.915098	0.129089	0.360229	-1.000000	-1.000000	-1.000000	-1.000000	-1.000000	-1.000000	-1.000000	74.551724	0.000000	-1.000000	-1.000000	1460981.000000	1772660810.637366
-26653.905000	-45097.785000	2390.400000	2029.455000	6026.130000	5054.895000	2976.120000	1942.695000	-2.607529	-3.519142	1.934091	9.604922	9.646239	1.612329	3.744422	3.359404	-3.708180	5.951400	-1.190280	0.915098	0.129089	0.360229	-1.000000	-1.000000	-1.000000	-1.000000	-1.000000	-1.000000	-1.000000	74.551724	0.000000	-1.000000	-1.000000	1460982.000000	1772660810.637373
-26637.030000	-45067.005000	2424.150000	2044.035000	6027.210000	5064.435000	2987.730000	1962.405000	-2.608651	-9.280281	-8.387131	-0.416143	-0.050026	-3.872253	3.653272	0.983082	-3.708180	5.951400	-1.190280	0.915098	0.129089	0.360229	-1.000000	-1.000000	-1.000000	-1.000000	-1.000000	-1.000000	-1.000000	74.551724	0.000000	-1.000000	-1.000000	1460983.000000	1772660810.642232
-26618.535000	-45068.265000	2422.080000	2036.610000	6009.705000	5038.245000	2938.590000	1953.900000	-3.491491	-9.372577	-10.556469	-5.713154	-7.969238	-6.352443	2.304891	-1.494555	-3.708180	5.951400	-1.190280	0.915098	0.129089	0.360229	-1.000000	-1.000000	-1.000000	-1.000000	-1.000000	-1.000000	-1.000000	74.551724	0.000000	-1.000000	-1.000000	1460984.000000	1772660810.642239
-26628.570000	-45077.940000	2417.355000	2059.380000	6011.055000	5034.510000	2950.695000	1948.770000	-3.155338	-4.875647	-5.536645	-5.543650	-10.866110	-6.033971	-2.162104	-2.867941	-3.708180	5.951400	-1.190280	0.915098	0.129089	0.360229	-1.000000	-1.000000	-1.000000	-1.000000	-1.000000	-1.000000	-1.000000	74.551724	0.000000	-1.000000	-1.000000	1460985.000000	1772660810.647007
-26632.890000	-45083.025000	2420.685000	2051.955000	6010.110000	5046.975000	2947.185000	1943.910000	-0.572398	0.004473	0.411874	-3.049122	-8.804344	-4.260728	-7.812203	-3.126666	-3.708180	5.951400	-1.190280	0.915098	0.129089	0.360229	-1.000000	-1.000000	-1.000000	-1.000000	-1.000000	-1.000000	-1.000000	74.551724	0.000000	-1.000000	-1.000000	1460986.000000	1772660810.647013
-26637.030000	-45097.965000	2409.345000	2014.380000	5984.460000	5040.000000	2971.350000	1938.960000	3.267036	2.690793	3.054962	-1.683791	-3.645042	-1.294156	-10.340974	-2.511340	-3.708180	5.951400	-1.190280	0.915098	0.129089	0.360229	-1.000000	-1.000000	-1.000000	-1.000000	-1.000000	-1.000000	-1.000000	74.551724	0.000000	-1.000000	-1.000000	1460987.000000	1772660810.649416
-26605.845000	-45050.085000	2441.430000	2047.410000	6041.295000	5066.235000	2982.420000	1965.870000	5.679618	3.532318	2.588260	-2.652252	2.127260	2.347556	-7.797646	-1.844387	-3.708180	5.951400	-1.190280	0.915098	0.129089	0.360229	-1.000000	-1.000000	-1.000000	-1.000000	-1.000000	-1.000000	-1.000000	74.551724	0.000000	-1.000000	-1.000000	1460988.000000	1772660810.649424
-26613.585000	-45057.960000	2424.510000	2049.030000	6062.400000	5061.150000	2938.770000	1957.590000	4.365438	3.942196	0.993520	-4.136695	7.612500	5.584611	-2.080241	-1.810763	-3.708180	5.951400	-1.190280	0.915098	0.129089	0.360229	-1.000000	-1.000000	-1.000000	-1.000000	-1.000000	-1.000000	-1.000000	74.551724	0.000000	-1.000000	-1.000000	1460989.000000	1772660810.654940
-26634.195000	-45093.150000	2389.770000	2038.455000	6049.575000	5054.445000	2948.220000	1945.980000	0.078879	3.893052	-0.994370	-3.948195	12.159203	7.143926	3.029167	-1.912912	-3.708180	5.951400	-1.190280	0.915098	0.129089	0.360229	-1.000000	-1.000000	-1.000000	-1.000000	-1.000000	-1.000000	-1.000000	74.551724	0.000000	-1.000000	-1.000000	1460990.000000	1772660810.654947
-26657.685000	-45086.175000	2408.355000	2065.455000	6052.635000	5048.595000	2931.120000	1928.295000	-4.001306	2.059494	-3.471307	-1.205743	13.363571	5.701683	4.711587	-1.455187	-5.142620	4.990020	-1.220800	0.915769	0.128418	0.360290	-1.000000	-1.000000	-1.000000	-1.000000	-1.000000	-1.000000	-1.000000	74.551724	0.000000	-1.000000	-1.000000	1460991.000000	1772660810.659588
-26649.675000	-45067.410000	2426.445000	2061.540000	6047.235000	5047.785000	2934.360000	1930.500000	-5.851646	-1.326592	-5.031758	3.726371	9.466885	1.326265	2.886485	-0.718831	-5.142620	4.990020	-1.220800	0.915769	0.128418	0.360290	-1.000000	-1.000000	-1.000000	-1.000000	-1.000000	-1.000000	-1.000000	74.551724	0.000000	-1.000000	-1.000000	1460992.000000	1772660810.659597
-26629.380000	-45089.775000	2385.405000	2001.015000	5987.160000	5026.545000	2972.970000	1947.285000	-5.345495	-4.329862	-4.349705	7.265399	0.848914	-3.757160	1.087684	0.238474	-5.142620	4.990020	-1.220800	0.915769	0.128418	0.360290	-1.000000	-1.000000	-1.000000	-1.000000	-1.000000	-1.000000	-1.000000	74.551724	0.000000	-1.000000	-1.000000	1460993.000000	1772660810.661170
-26635.455000	-45103.275000	2382.435000	2018.070000	5977.620000	5028.705000	3014.820000	1946.565000	-2.253173	-5.715497	-2.658290	4.641722	-10.498089	-6.979405	3.721474	2.391582	-5.142620	4.990020	-1.220800	0.915769	0.128418	0.360290	-1.000000	-1.000000	-1.000000	-1.000000	-1.000000	-1.000000	-1.000000	74.551724	0.000000	-1.000000	-1.000000	1460994.000000	1772660810.661179
-26602.650000	-45066.150000	2421.810000	2064.600000	6035.760000	5059.530000	2972.610000	1964.925000	3.335108	-4.642508	-0.755047	-2.116631	-18.962491	-6.776838	9.550398	5.835246	-5.142620	4.990020	-1.220800	0.915769	0.128418	0.360290	-1.000000	-1.000000	-1.000000	-1.000000	-1.000000	-1.000000	-1.000000	74.551724	0.000000	-1.000000	-1.000000	1460995.000000	1772660810.665330
-26614.440000	-45068.985000	2423.160000	2057.535000	6032.745000	5047.155000	2929.860000	1944.450000	9.031905	-0.329012	2.790052	-4.990451	-17.472351	-3.011120	10.545037	8.255069	-5.142620	4.990020	-1.220800	0.915769	0.128418	0.360290	-1.000000	-1.000000	-1.000000	-1.000000	-1.000000	-1.000000	-1.000000	74.551724	0.000000	-1.000000	-1.000000	1460996.000000	1772660810.665338
-26631.090000	-45070.515000	2427.930000	2052.630000	6043.995000	5052.285000	2934.720000	1938.285000	10.013110	4.751642	7.272003	-1.566502	-6.613869	1.826270	1.591320	6.115058	-5.142620	4.990020	-1.220800	0.915769	0.128418	0.360290	-1.000000	-1.000000	-1.000000	-1.000000	-1.000000	-1.000000	-1.000000	74.551724	0.000000	-1.000000	-1.000000	1460997.000000	1772660810.669509
-26611.335000	-45046.620000	2436.075000	2036.655000	6057.045000	5061.690000	2939.805000	1952.325000	4.138571	6.855949	9.704645	2.604956	5.402736	4.684473	-11.106158	-0.710122	-5.142620	4.990020	-1.220800	0.915769	0.128418	0.360290	-1.000000	-1.000000	-1.000000	-1.000000	-1.000000	-1.000000	-1.000000	74.551724	0.000000	-1.000000	-1.000000	1460998.000000	1772660810.669516
-26612.820000	-45046.440000	2435.445000	2021.445000	6001.560000	5038.560000	2950.065000	1951.605000	-3.499289	6.426574	9.136470	2.747738	11.714624	4.845620	-16.952492	-6.969430	-5.142620	4.990020	-1.220800	0.915769	0.128418	0.360290	-1.000000	-1.000000	-1.000000	-1.000000	-1.000000	-1.000000	-1.000000	74.551724	0.000000	-1.000000	-1.000000	1460999.000000	1772660810.673357
-26623.845000	-45081.585000	2409.210000	2066.085000	6024.870000	5050.260000	2947.095000	1943.910000	-6.608643	4.661837	5.387713	-0.475705	10.321988	2.870586	-12.297297	-7.964963	-5.142620	4.990020	-1.220800	0.915769	0.128418	0.360290	-1.000000	-1.000000	-1.000000	-1.000000	-1.000000	-1.000000	-1.000000	74.551724	0.000000	-1.000000	-1.000000	1461000.000000	1772660810.673365
-26620.470000	-45062.055000	2435.265000	2096.370000	6070.320000	5078.115000	2943.180000	1932.795000	-5.153794	0.265152	-1.671551	-2.187055	5.110610	0.562122	-1.579475	-4.594327	-2.670500	3.982860	-1.770160	0.916563	0.124206	0.360839	-1.000000	-1.000000	-1.000000	-1.000000	-1.000000	-1.000000	-1.000000	74.551724	0.000000	-1.000000	-1.000000	1461001.000000	1772660810.677564
-26638.245000	-45053.190000	2451.015000	2101.005000	6084.945000	5089.410000	2947.230000	1939.365000	-3.056481	-5.271774	-8.178520	1.641585	3.534244	0.758385	7.517242	-0.788884	-2.670500	3.982860	-1.770160	0.916563	0.124206	0.360839	-1.000000	-1.000000	-1.000000	-1.000000	-1.000000	-1.000000	-1.000000	74.551724	0.000000	-1.000000	-1.000000	1461002.000000	1772660810.677571
-26619.120000	-45067.995000	2411.235000	2046.735000	6041.115000	5050.980000	2957.130000	1964.340000	-2.462551	-7.737863	-9.779391	7.390743	6.702543	2.798357	9.836686	1.486424	-2.670500	3.982860	-1.770160	0.916563	0.124206	0.360839	-1.000000	-1.000000	-1.000000	-1.000000	-1.000000	-1.000000	-1.000000	74.551724	0.000000	-1.000000	-1.000000	1461003.000000	1772660810.682428
-26616.105000	-45083.835000	2398.905000	2039.355000	6034.995000	5053.410000	2959.380000	1956.060000	-2.482983	-6.727085	-8.324830	6.436279	6.831072	1.986213	6.816662	2.800298	-2.670500	3.982860	-1.770160	0.916563	0.124206	0.360839	-1.000000	-1.000000	-1.000000	-1.000000	-1.000000	-1.000000	-1.000000	74.551724	0.000000	-1.000000	-1.000000	1461004.000000	1772660810.682434
-26594.820000	-45075.150000	2402.910000	2030.805000	6021.855000	5043.105000	2958.615000	1969.065000	-1.370328	-5.032205	-7.599891	-3.295831	-1.509266	-3.473500	3.557855	3.579569	-2.670500	3.982860	-1.770160	0.916563	0.124206	0.360839	-1.000000	-1.000000	-1.000000	-1.000000	-1.000000	-1.000000	-1.000000	74.551724	0.000000	-1.000000	-1.000000	1461005.000000	1772660810.685559
-26622.540000	-45069.300000	2417.310000	2046.150000	6025.455000	5049.585000	2966.850000	1959.750000	1.228017	-3.562632	-6.873120	-14.145112	-14.229559	-9.719190	2.683795	3.455891	-2.670500	3.982860	-1.770160	0.916563	0.124206	0.360839	-1.000000	-1.000000	-1.000000	-1.000000	-1.000000	-1.000000	-1.000000	74.551724	0.000000	-1.000000	-1.000000	1461006.000000	1772660810.685566
-26646.975000	-45085.635000	2408.310000	2050.335000	6025.455000	5052.510000	2983.320000	1953.405000	3.158441	-1.469020	-3.279198	-16.805819	-22.187861	-11.678467	3.167344	1.923040	-2.670500	3.982860	-1.770160	0.916563	0.124206	0.360839	-1.000000	-1.000000	-1.000000	-1.000000	-1.000000	-1.000000	-1.000000	74.551724	0.000000	-1.000000	-1.000000	1461007.000000	1772660810.689330
-26614.305000	-45058.140000	2434.005000	2071.800000	6043.635000	5064.345000	2968.695000	1967.985000	2.714104	1.672985	3.534402	-8.564791	-18.446181	-7.080021	2.685042	-0.650814	-2.670500	3.982860	-1.770160	0.916563	0.124206	0.360839	-1.000000	-1.000000	-1.000000	-1.000000	-1.000000	-1.000000	-1.000000	74.551724	0.000000	-1.000000	-1.000000	1461008.000000	1772660810.689336
-26624.790000	-45060.750000	2435.310000	2066.310000	6046.155000	5061.060000	2942.865000	1956.375000	1.600633	5.825192	11.013059	4.577625	-4.117383	1.809489	-0.535079	-2.531578	-2.670500	3.982860	-1.770160	0.916563	0.124206	0.360839	-1.000000	-1.000000	-1.000000	-1.000000	-1.000000	-1.000000	-1.000000	74.551724	0.000000	-1.000000	-1.000000	1461009.000000	1772660810.693472
-26625.510000	-45067.725000	2423.385000	2035.395000	6025.365000	5059.575000	2954.700000	1954.845000	1.545305	9.362624	15.042169	13.102012	11.386457	9.304462	-6.115985	-2.701561	-2.670500	3.982860	-1.770160	0.916563	0.124206	0.360839	-1.000000	-1.000000	-1.000000	-1.000000	-1.000000	-1.000000	-1.000000	74.551724	0.000000	-1.000000	-1.000000	1461010.000000	1772660810.693481
-26638.380000	-45082.980000	2405.340000	2020.095000	6000.525000	5048.280000	2959.065000	1937.160000	1.749248	9.183687	12.252204	11.968454	18.312996	10.982323	-11.059139	-2.299797	-1.037680	2.578940	-2.945180	0.916135	0.122863	0.360961	-1.000000	-1.000000	-1.000000	-1.000000	-1.000000	-1.000000	-1.000000	74.551724	0.000000	-1.000000	-1.000000	1461011.000000	1772660810.700603
-26677.575000	-45116.190000	2375.415000	1959.885000	5937.570000	5020.785000	2996.820000	1915.290000	0.221400	4.018930	3.315834	3.476595	13.703362	6.819192	-11.424059	-3.272716	-1.037680	2.578940	-2.945180	0.916135	0.122863	0.360961	-1.000000	-1.000000	-1.000000	-1.000000	-1.000000	-1.000000	-1.000000	74.551724	0.000000	-1.000000	-1.000000	1461012.000000	1772660810.700611
-26641.080000	-45089.865000	2396.835000	1975.275000	5937.480000	5028.480000	3045.960000	1958.085000	-3.749264	-3.630566	-6.834572	-6.153213	1.564899	-0.007797	-4.599143	-5.165674	-1.037680	2.578940	-2.945180	0.916135	0.122863	0.360961	-1.000000	-1.000000	-1.000000	-1.000000	-1.000000	-1.000000	-1.000000	74.551724	0.000000	-1.000000	-1.000000	1461013.000000	1772660810.701492
-26572.590000	-45029.520000	2458.845000	2091.420000	6044.355000	5071.050000	2937.240000	1977.120000	-6.091238	-8.138327	-11.698192	-9.272205	-8.587065	-4.802942	6.227370	-4.163425	-1.037680	2.578940	-2.945180	0.916135	0.122863	0.360961	-1.000000	-1.000000	-1.000000	-1.000000	-1.000000	-1.000000	-1.000000	74.551724	0.000000	-1.000000	-1.000000	1461014.000000	1772660810.701500
-26612.145000	-45061.245000	2436.615000	2069.640000	6040.710000	5054.985000	2902.635000	1947.960000	-1.671953	-5.551488	-7.896251	-1.043034	-7.251231	-4.173330	10.835762	1.440028	-1.037680	2.578940	-2.945180	0.916135	0.122863	0.360961	-1.000000	-1.000000	-1.000000	-1.000000	-1.000000	-1.000000	-1.000000	74.551724	0.000000	-1.000000	-1.000000	1461015.000000	1772660810.706926
-26620.020000	-45064.395000	2433.960000	2044.800000	6056.685000	5061.690000	2939.580000	1957.230000	6.907802	1.077127	0.640721	12.446831	4.806245	0.305679	3.793278	7.711337	-1.037680	2.578940	-2.945180	0.916135	0.122863	0.360961	-1.000000	-1.000000	-1.000000	-1.000000	-1.000000	-1.000000	-1.000000	74.551724	0.000000	-1.000000	-1.000000	1461016.000000	1772660810.706935
-26609.850000	-45056.610000	2430.135000	2060.415000	6087.735000	5067.360000	2943.180000	1958.085000	11.579278	5.249022	6.262258	18.336828	17.084062	4.093614	-6.801795	10.005742	-1.037680	2.578940	-2.945180	0.916135	0.122863	0.360961	-1.000000	-1.000000	-1.000000	-1.000000	-1.000000	-1.000000	-1.000000	74.551724	0.000000	-1.000000	-1.000000	1461017.000000	1772660810.709373
-26628.390000	-45069.795000	2415.240000	2080.890000	6088.095000	5079.555000	2968.920000	1957.905000	8.343827	4.143276	5.056803	11.827293	20.260082	4.626611	-9.464471	7.591039	-1.037680	2.578940	-2.945180	0.916135	0.122863	0.360961	-1.000000	-1.000000	-1.000000	-1.000000	-1.000000	-1.000000	-1.000000	74.551724	0.000000	-1.000000	-1.000000	1461018.000000	1772660810.709380
-26642.880000	-45098.505000	2397.645000	2060.955000	6056.505000	5061.645000	2947.545000	1941.570000	-0.444548	-0.820397	-1.149695	-0.672835	12.034586	2.196534	-2.219322	2.461183	-1.037680	2.578940	-2.945180	0.916135	0.122863	0.360961	-1.000000	-1.000000	-1.000000	-1.000000	-1.000000	-1.000000	-1.000000	74.551724	0.000000	-1.000000	-1.000000	1461019.000000	1772660810.713772
-26666.325000	-45117.900000	2384.235000	2037.915000	6030.045000	5051.835000	2961.765000	1929.195000	-9.573521	-6.498226	-7.330018	-10.795938	-3.404545	-1.596241	7.489642	-3.096734	-1.037680	2.578940	-2.945180	0.916135	0.122863	0.360961	-1.000000	-1.000000	-1.000000	-1.000000	-1.000000	-1.000000	-1.000000	74.551724	0.000000	-1.000000	-1.000000	1461020.000000	1772660810.713779
-26668.620000	-45089.820000	2403.720000	2048.400000	6032.475000	5056.110000	2971.890000	1929.645000	-14.317956	-8.960981	-8.632789	-14.087388	-17.735955	-4.554802	11.606306	-7.179409	-4.013380	2.273740	-3.174080	0.914793	0.127319	0.361327	-1.000000	-1.000000	-1.000000	-1.000000	-1.000000	-1.000000	-1.000000	74.551724	0.000000	-1.000000	-1.000000	1461021.000000	1772660810.717390
-26611.740000	-45050.715000	2430.090000	2050.695000	6014.295000	5043.060000	2934.225000	1944.225000	-12.631103	-5.646266	-3.899793	-11.132178	-24.366429	-5.423796	7.837219	-8.709287	-4.013380	2.273740	-3.174080	0.914793	0.127319	0.361327	-1.000000	-1.000000	-1.000000	-1.000000	-1.000000	-1.000000	-1.000000	74.551724	0.000000	-1.000000	-1.000000	1461022.000000	1772660810.717397
-26595.270000	-45051.435000	2429.505000	2028.060000	5997.870000	5040.810000	2934.090000	1959.795000	-5.241369	1.610949	3.128148	-7.476810	-23.893789	-5.289757	0.463144	-7.228724	-4.013380	2.273740	-3.174080	0.914793	0.127319	0.361327	-1.000000	-1.000000	-1.000000	-1.000000	-1.000000	-1.000000	-1.000000	74.551724	0.000000	-1.000000	-1.000000	1461023.000000	1772660810.721412
-26609.985000	-45056.970000	2442.105000	2056.410000	6021.180000	5049.900000	2952.090000	1961.325000	5.131347	8.133247	7.849321	-6.770324	-19.417581	-4.929013	-3.777123	-2.364580	-4.013380	2.273740	-3.174080	0.914793	0.127319	0.361327	-1.000000	-1.000000	-1.000000	-1.000000	-1.000000	-1.000000	-1.000000	74.551724	0.000000	-1.000000	-1.000000	1461024.000000	1772660810.721420
-26634.330000	-45060.435000	2433.645000	2033.415000	6021.270000	5040.765000	2942.415000	1944.495000	13.406361	10.401943	8.706873	-5.867914	-10.713316	-3.251673	-2.887022	4.100531	-4.013380	2.273740	-3.174080	0.914793	0.127319	0.361327	-1.000000	-1.000000	-1.000000	-1.000000	-1.000000	-1.000000	-1.000000	74.551724	0.000000	-1.000000	-1.000000	1461025.000000	1772660810.725363
-26634.060000	-45087.525000	2401.875000	2045.070000	6010.380000	5037.345000	2942.910000	1940.895000	14.295912	7.154526	5.774055	-1.806462	1.403573	-0.230025	-0.542167	7.919336	-4.013380	2.273740	-3.174080	0.914793	0.127319	0.361327	-1.000000	-1.000000	-1.000000	-1.000000	-1.000000	-1.000000	-1.000000	74.551724	0.000000	-1.000000	-1.000000	1461026.000000	1772660810.725368
-26630.280000	-45113.490000	2379.330000	2043.540000	6019.380000	5043.105000	2954.835000	1944.090000	7.784144	-0.408192	-0.350792	3.956762	12.847508	2.662283	-0.095954	6.898149	-4.013380	2.273740	-3.174080	0.914793	0.127319	0.361327	-1.000000	-1.000000	-1.000000	-1.000000	-1.000000	-1.000000	-1.000000	74.551724	0.000000	-1.000000	-1.000000	1461027.000000	1772660810.731230
-26607.870000	-45063.405000	2428.695000	2071.575000	6036.120000	5046.885000	2969.685000	1962.765000	-0.209016	-7.348429	-6.151047	9.739898	21.088560	4.998704	-1.137020	3.353052	-4.013380	2.273740	-3.174080	0.914793	0.127319	0.361327	-1.000000	-1.000000	-1.000000	-1.000000	-1.000000	-1.000000	-1.000000	74.551724	0.000000	-1.000000	-1.000000	1461028.000000	1772660810.731238
-26604.360000	-45036.450000	2460.915000	2101.590000	6070.905000	5061.780000	2941.020000	1956.105000	-3.658991	-7.163159	-5.894704	15.488696	26.258564	7.384574	-2.238674	0.956859	-4.013380	2.273740	-3.174080	0.914793	0.127319	0.361327	-1.000000	-1.000000	-1.000000	-1.000000	-1.000000	-1.000000	-1.000000	74.551724	0.000000	-1.000000	-1.000000	1461029.000000	1772660810.733508
-26645.625000	-45083.295000	2409.705000	2037.060000	6048.315000	5063.265000	2941.740000	1927.305000	-2.815954	-0.214492	0.511569	18.708380	27.167708	9.341770	-3.735761	-0.076199	-4.013380	2.273740	-3.174080	0.914793	0.127319	0.361327	-1.000000	-1.000000	-1.000000	-1.000000	-1.000000	-1.000000	-1.000000	74.551724	0.000000	-1.000000	-1.000000	1461030.000000	1772660810.733515
-26622.720000	-45080.595000	2402.145000	2016.945000	6027.345000	5066.010000	2973.420000	1968.165000	-3.636772	4.404011	4.721505	13.122404	19.851718	8.938174	-4.203536	-2.157109	-4.364360	2.395820	-2.258480	0.916502	0.129272	0.361266	-1.000000	-1.000000	-1.000000	-1.000000	-1.000000	-1.000000	-1.000000	74.551724	0.000000	-1.000000	-1.000000	1461031.000000	1772660810.737425
-26639.685000	-45093.195000	2400.975000	2027.880000	6003.900000	5048.685000	2961.855000	1964.745000	-8.494108	0.939445	0.899235	-2.274735	2.814290	4.693791	-0.459174	-4.879978	-4.364360	2.395820	-2.258480	0.916502	0.129272	0.361266	-1.000000	-1.000000	-1.000000	-1.000000	-1.000000	-1.000000	-1.000000	74.551724	0.000000	-1.000000	-1.000000	1461032.000000	1772660810.737432
-26670.420000	-45098.415000	2413.935000	2067.210000	6020.325000	5049.450000	2963.655000	1952.235000	-12.773514	-6.341793	-6.787941	-17.717294	-18.003167	-2.665081	5.612696	-5.708980	-4.364360	2.395820	-2.258480	0.916502	0.129272	0.361266	-1.000000	-1.000000	-1.000000	-1.000000	-1.000000	-1.000000	-1.000000	74.551724	0.000000	-1.000000	-1.000000	1461033.000000	1772660810.741276
-26696.070000	-45118.890000	2394.630000	2046.375000	6011.370000	5036.355000	2949.930000	1927.305000	-12.126718	-10.453977	-10.629041	-22.356812	-32.334493	-10.078403	8.297543	-4.413119	-4.364360	2.395820	-2.258480	0.916502	0.129272	0.361266	-1.000000	-1.000000	-1.000000	-1.000000	-1.000000	-1.000000	-1.000000	74.551724	0.000000	-1.000000	-1.000000	1461034.000000	1772660810.741282
-26663.220000	-45108.720000	2382.795000	1980.180000	5959.305000	5016.915000	2963.340000	1913.715000	-6.069671	-7.954774	-7.221612	-15.896995	-33.776284	-14.250032	5.265281	-2.731965	-4.364360	2.395820	-2.258480	0.916502	0.129272	0.361266	-1.000000	-1.000000	-1.000000	-1.000000	-1.000000	-1.000000	-1.000000	74.551724	0.000000	-1.000000	-1.000000	1461035.000000	1772660810.745469
-26603.370000	-45060.120000	2423.385000	2010.420000	5976.495000	5044.860000	3004.650000	1955.205000	4.523095	1.106665	1.639747	-6.232122	-23.593510	-13.396470	-0.576787	-1.240446	-4.364360	2.395820	-2.258480	0.916502	0.129272	0.361266	-1.000000	-1.000000	-1.000000	-1.000000	-1.000000	-1.000000	-1.000000	74.551724	0.000000	-1.000000	-1.000000	1461036.000000	1772660810.745476
-26577.855000	-45024.840000	2470.455000	2089.620000	6042.375000	5063.850000	2923.605000	1980.180000	17.330396	13.170632	11.610246	2.403005	-6.243030	-6.917437	-5.381515	1.718253	-4.364360	2.395820	-2.258480	0.916502	0.129272	0.361266	-1.000000	-1.000000	-1.000000	-1.000000	-1.000000	-1.000000	-1.000000	74.551724	0.000000	-1.000000	-1.000000	1461037.000000	1772660810.749467
-26607.780000	-45062.235000	2427.570000	2042.685000	6016.545000	5043.690000	2926.980000	1955.880000	26.377530	21.036697	17.357270	10.800654	13.233450	3.015309	-8.669689	6.649159	-4.364360	2.395820	-2.258480	0.916502	0.129272	0.361266	-1.000000	-1.000000	-1.000000	-1.000000	-1.000000	-1.000000	-1.000000	74.551724	0.000000	-1.000000	-1.000000	1461038.000000	1772660810.749474
-26629.515000	-45094.905000	2383.605000	1999.800000	6003.585000	5048.820000	2969.685000	1950.885000	24.303867	17.901841	14.132090	16.544820	27.184153	10.845811	-9.794684	10.021351	-4.364360	2.395820	-2.258480	0.916502	0.129272	0.361266	-1.000000	-1.000000	-1.000000	-1.000000	-1.000000	-1.000000	-1.000000	74.551724	0.000000	-1.000000	-1.000000	1461039.000000	1772660810.753538
-26630.640000	-45099.045000	2375.595000	2017.845000	6020.955000	5051.970000	2979.180000	1951.605000	9.208720	3.727282	1.879646	15.234908	29.508550	12.582560	-5.715457	7.688001	-4.364360	2.395820	-2.258480	0.916502	0.129272	0.361266	-1.000000	-1.000000	-1.000000	-1.000000	-1.000000	-1.000000	-1.000000	74.551724	0.000000	-1.000000	-1.000000	1461040.000000	1772660810.753546
-26619.255000	-45075.870000	2412.450000	2056.500000	6035.040000	5043.465000	2949.795000	1949.670000	-11.036928	-12.911813	-12.315331	7.742244	21.315380	8.937151	2.689054	0.157034	-3.525060	2.289000	-1.938020	0.916868	0.126892	0.361693	-1.000000	-1.000000	-1.000000	-1.000000	-1.000000	-1.000000	-1.000000	74.551724	0.000000	-1.000000	-1.000000	1461041.000000	1772660810.758740
-26616.690000	-45080.190000	2410.515000	2042.910000	6014.610000	5050.575000	2958.120000	1947.465000	-23.779467	-21.258731	-18.987862	-0.956709	7.758153	3.028625	9.534378	-7.311223	-3.525060	2.289000	-1.938020	0.916868	0.126892	0.361693	-1.000000	-1.000000	-1.000000	-1.000000	-1.000000	-1.000000	-1.000000	74.551724	0.000000	-1.000000	-1.000000	1461042.000000	1772660810.758748
-26623.395000	-45075.105000	2425.230000	2052.495000	6030.720000	5072.040000	2950.020000	1951.290000	-22.475912	-17.082810	-13.931599	-6.640859	-5.952542	-1.609258	10.714995	-9.408190	-3.525060	2.289000	-1.938020	0.916868	0.126892	0.361693	-1.000000	-1.000000	-1.000000	-1.000000	-1.000000	-1.000000	-1.000000	74.551724	0.000000	-1.000000	-1.000000	1461043.000000	1772660810.768369
-26644.770000	-45069.390000	2438.370000	2054.880000	6036.255000	5055.390000	2923.785000	1943.235000	-12.009648	-4.810051	-0.639866	-6.935168	-14.276801	-2.828364	5.920953	-5.430708	-3.525060	2.289000	-1.938020	0.916868	0.126892	0.361693	-1.000000	-1.000000	-1.000000	-1.000000	-1.000000	-1.000000	-1.000000	74.551724	0.000000	-1.000000	-1.000000	1461044.000000	1772660810.768378
-26632.845000	-45071.415000	2415.600000	2028.105000	6024.645000	5033.295000	2930.445000	1943.730000	-2.727905	6.397815	11.564190	-3.815477	-15.015534	-2.588237	-2.674506	0.041729	-3.525060	2.289000	-1.938020	0.916868	0.126892	0.361693	-1.000000	-1.000000	-1.000000	-1.000000	-1.000000	-1.000000	-1.000000	74.551724	0.000000	-1.000000	-1.000000	1461045.000000	1772660810.768387
-26635.680000	-45087.480000	2395.980000	2039.805000	6045.030000	5049.045000	2936.475000	1932.930000	0.312184	9.219941	13.258674	-3.246755	-11.958484	-4.202263	-9.092864	2.058149	-3.525060	2.289000	-1.938020	0.916868	0.126892	0.361693	-1.000000	-1.000000	-1.000000	-1.000000	-1.000000	-1.000000	-1.000000	74.551724	0.000000	-1.000000	-1.000000	1461046.000000	1772660810.768391
-26612.415000	-45073.125000	2415.285000	2044.305000	6064.290000	5077.980000	2951.235000	1953.270000	0.733465	4.494832	4.563062	-5.973550	-8.192003	-6.322264	-7.691344	0.811577	-3.525060	2.289000	-1.938020	0.916868	0.126892	0.361693	-1.000000	-1.000000	-1.000000	-1.000000	-1.000000	-1.000000	-1.000000	74.551724	0.000000	-1.000000	-1.000000	1461047.000000	1772660810.769501
-26617.005000	-45072.495000	2422.935000	2049.570000	6044.085000	5068.395000	2958.165000	1957.680000	3.866541	-0.385477	-4.323473	-5.859325	-3.098792	-5.065628	-0.285138	0.089032	-3.525060	2.289000	-1.938020	0.916868	0.126892	0.361693	-1.000000	-1.000000	-1.000000	-1.000000	-1.000000	-1.000000	-1.000000	74.551724	0.000000	-1.000000	-1.000000	1461048.000000	1772660810.769507
-26642.340000	-45075.015000	2418.705000	2059.470000	6043.635000	5062.230000	2964.420000	1959.390000	9.201155	-0.586120	-5.703181	-0.474085	2.192356	-0.547552	6.657876	1.592623	-3.525060	2.289000	-1.938020	0.916868	0.126892	0.361693	-1.000000	-1.000000	-1.000000	-1.000000	-1.000000	-1.000000	-1.000000	74.551724	0.000000	-1.000000	-1.000000	1461049.000000	1772660810.773300
-26645.535000	-45075.915000	2416.815000	2044.755000	6035.400000	5053.185000	2966.580000	1956.285000	11.761596	2.086467	-1.807989	5.147206	4.501773	3.573504	9.338456	3.804024	-3.525060	2.289000	-1.938020	0.916868	0.126892	0.361693	-1.000000	-1.000000	-1.000000	-1.000000	-1.000000	-1.000000	-1.000000	74.551724	0.000000	-1.000000	-1.000000	1461050.000000	1772660810.773307
-26638.515000	-45075.600000	2414.160000	2042.595000	6030.270000	5053.410000	2980.260000	1946.430000	9.130384	3.827403	1.412029	5.910735	3.165030	4.508099	7.882488	4.658492	-1.388660	3.692920	-0.381500	0.918943	0.124878	0.361083	-1.000000	-1.000000	-1.000000	-1.000000	-1.000000	-1.000000	-1.000000	74.551724	0.000000	-1.000000	-1.000000	1461051.000000	1772660810.777377
-26636.715000	-45074.835000	2413.350000	2039.445000	6028.425000	5047.470000	2956.185000	1938.150000	3.673482	3.171687	1.458068	2.382133	0.506142	2.168950	3.699925	3.132005	-1.388660	3.692920	-0.381500	0.918943	0.124878	0.361083	-1.000000	-1.000000	-1.000000	-1.000000	-1.000000	-1.000000	-1.000000	74.551724	0.000000	-1.000000	-1.000000	1461052.000000	1772660810.777385
-26664.615000	-45096.570000	2396.385000	2026.845000	6012.990000	5034.735000	2943.270000	1921.050000	-1.724599	0.226050	-0.997031	-1.680102	-1.190430	-1.347991	-2.116038	-0.634682	-1.388660	3.692920	-0.381500	0.918943	0.124878	0.361083	-1.000000	-1.000000	-1.000000	-1.000000	-1.000000	-1.000000	-1.000000	74.551724	0.000000	-1.000000	-1.000000	1461053.000000	1772660810.782668
-26639.730000	-45097.875000	2392.965000	2035.485000	6001.785000	5035.140000	2952.000000	1943.280000	-6.129103	-4.411348	-4.258764	-3.877368	-1.815869	-3.560354	-7.767508	-5.032316	-1.388660	3.692920	-0.381500	0.918943	0.124878	0.361083	-1.000000	-1.000000	-1.000000	-1.000000	-1.000000	-1.000000	-1.000000	74.551724	0.000000	-1.000000	-1.000000	1461054.000000	1772660810.782675
-26625.690000	-45096.120000	2400.480000	2017.305000	5971.680000	5039.550000	2977.110000	1961.505000	-8.094043	-8.211101	-5.652983	-3.805823	-2.751497	-3.440082	-10.025413	-6.725894	-1.388660	3.692920	-0.381500	0.918943	0.124878	0.361083	-1.000000	-1.000000	-1.000000	-1.000000	-1.000000	-1.000000	-1.000000	74.551724	0.000000	-1.000000	-1.000000	1461055.000000	1772660810.790527
-26592.795000	-45051.300000	2441.970000	2015.010000	5970.150000	5053.860000	2972.610000	1982.610000	-5.555504	-7.263557	-2.566186	-1.948087	-4.274382	-1.546593	-7.410503	-3.457410	-1.388660	3.692920	-0.381500	0.918943	0.124878	0.361083	-1.000000	-1.000000	-1.000000	-1.000000	-1.000000	-1.000000	-1.000000	74.551724	0.000000	-1.000000	-1.000000	1461056.000000	1772660810.790535
-26604.990000	-45040.725000	2453.940000	2036.745000	5982.525000	5039.820000	2922.705000	1958.355000	0.849052	-0.125534	4.833429	0.894098	-4.050451	1.120860	-3.077051	2.461326	-1.388660	3.692920	-0.381500	0.918943	0.124878	0.361083	-1.000000	-1.000000	-1.000000	-1.000000	-1.000000	-1.000000	-1.000000	74.551724	0.000000	-1.000000	-1.000000	1461057.000000	1772660810.791864
-26599.230000	-45024.030000	2478.285000	2095.695000	6033.195000	5050.575000	2937.780000	1963.620000	7.366299	9.651742	12.590704	4.480445	0.890339	3.708673	-1.239490	6.097107	-1.388660	3.692920	-0.381500	0.918943	0.124878	0.361083	-1.000000	-1.000000	-1.000000	-1.000000	-1.000000	-1.000000	-1.000000	74.551724	0.000000	-1.000000	-1.000000	1461058.000000	1772660810.791871
-26617.320000	-45048.915000	2444.310000	2074.095000	6052.905000	5058.180000	2953.305000	1958.130000	9.771638	15.465194	15.213222	8.640799	10.527014	5.608803	-1.515027	5.143976	-1.388660	3.692920	-0.381500	0.918943	0.124878	0.361083	-1.000000	-1.000000	-1.000000	-1.000000	-1.000000	-1.000000	-1.000000	74.551724	0.000000	-1.000000	-1.000000	1461059.000000	1772660810.793589
-26617.455000	-45074.655000	2405.790000	2039.040000	6055.470000	5063.220000	2986.245000	1960.920000	6.026145	12.288497	8.995725	10.512145	20.045574	6.294297	0.048738	1.414176	-1.388660	3.692920	-0.381500	0.918943	0.124878	0.361083	-1.000000	-1.000000	-1.000000	-1.000000	-1.000000	-1.000000	-1.000000	74.551724	0.000000	-1.000000	-1.000000	1461060.000000	1772660810.793596
-26605.890000	-45069.660000	2409.435000	2050.920000	6070.005000	5075.505000	2993.985000	1968.660000	-1.724895	0.841051	-4.557381	6.514220	22.676345	5.443784	5.667481	-1.796777	-4.242280	2.655240	-1.342880	0.915098	0.127563	0.359862	-1.000000	-1.000000	-1.000000	-1.000000	-1.000000	-1.000000	-1.000000	74.551724	0.000000	-1.000000	-1.000000	1461061.000000	1772660810.798910
-26641.305000	-45087.075000	2397.150000	2018.745000	6044.805000	5059.890000	2948.085000	1938.915000	-8.758720	-12.106626	-17.810593	-2.327351	15.186231	3.283866	12.292796	-2.958059	-4.242280	2.655240	-1.342880	0.915098	0.127563	0.359862	-1.000000	-1.000000	-1.000000	-1.000000	-1.000000	-1.000000	-1.000000	74.551724	0.000000	-1.000000	-1.000000	1461062.000000	1772660810.798917
-26655.840000	-45087.840000	2394.630000	2017.080000	6035.220000	5055.705000	2960.820000	1929.780000	-12.668120	-19.015213	-22.575521	-11.380876	-0.044125	-0.186442	13.405921	-3.623451	-4.242280	2.655240	-1.342880	0.915098	0.127563	0.359862	-1.000000	-1.000000	-1.000000	-1.000000	-1.000000	-1.000000	-1.000000	74.551724	0.000000	-1.000000	-1.000000	1461063.000000	1772660810.801363
-26607.825000	-45049.545000	2433.330000	2040.615000	6038.460000	5048.775000	2919.960000	1948.410000	-13.109161	-16.510152	-16.283078	-15.507291	-16.191479	-5.059235	5.692478	-5.341807	-4.242280	2.655240	-1.342880	0.915098	0.127563	0.359862	-1.000000	-1.000000	-1.000000	-1.000000	-1.000000	-1.000000	-1.000000	74.551724	0.000000	-1.000000	-1.000000	1461064.000000	1772660810.801369
-26626.950000	-45077.265000	2409.660000	2037.240000	6028.470000	5041.575000	2933.820000	1944.450000	-9.074547	-6.824642	-3.056924	-11.541084	-25.589534	-9.992129	-7.013480	-6.589409	-4.242280	2.655240	-1.342880	0.915098	0.127563	0.359862	-1.000000	-1.000000	-1.000000	-1.000000	-1.000000	-1.000000	-1.000000	74.551724	0.000000	-1.000000	-1.000000	1461065.000000	1772660810.805310
-26622.450000	-45086.805000	2399.670000	2043.180000	6039.180000	5051.340000	2961.045000	1948.635000	-1.080575	3.302276	8.812794	-2.371682	-25.070692	-12.048646	-15.583960	-4.753246	-4.242280	2.655240	-1.342880	0.915098	0.127563	0.359862	-1.000000	-1.000000	-1.000000	-1.000000	-1.000000	-1.000000	-1.000000	74.551724	0.000000	-1.000000	-1.000000	1461066.000000	1772660810.805319
-26608.950000	-45066.240000	2419.380000	2052.270000	6043.905000	5052.060000	2939.220000	1956.060000	7.898112	8.523654	13.361029	5.157477	-17.148461	-9.021350	-13.647164	0.629767	-4.242280	2.655240	-1.342880	0.915098	0.127563	0.359862	-1.000000	-1.000000	-1.000000	-1.000000	-1.000000	-1.000000	-1.000000	74.551724	0.000000	-1.000000	-1.000000	1461067.000000	1772660810.810787
-26644.590000	-45074.340000	2417.580000	2049.480000	6035.085000	5049.135000	2946.960000	1944.630000	14.191218	9.481105	11.997344	7.891818	-6.543767	-2.125783	-4.549013	7.066098	-4.242280	2.655240	-1.342880	0.915098	0.127563	0.359862	-1.000000	-1.000000	-1.000000	-1.000000	-1.000000	-1.000000	-1.000000	74.551724	0.000000	-1.000000	-1.000000	1461068.000000	1772660810.810793
-26645.715000	-45074.880000	2422.125000	2055.870000	6041.655000	5061.150000	2969.145000	1951.335000	14.369942	9.151996	9.607371	7.822675	2.988507	4.929326	4.018446	10.810537	-4.242280	2.655240	-1.342880	0.915098	0.127563	0.359862	-1.000000	-1.000000	-1.000000	-1.000000	-1.000000	-1.000000	-1.000000	74.551724	0.000000	-1.000000	-1.000000	1461069.000000	1772660810.813409
-26624.835000	-45070.605000	2418.750000	2047.815000	6033.690000	5055.435000	2956.095000	1957.185000	8.434996	8.352837	8.031284	7.121624	9.631472	9.217129	8.440957	10.036004	-4.242280	2.655240	-1.342880	0.915098	0.127563	0.359862	-1.000000	-1.000000	-1.000000	-1.000000	-1.000000	-1.000000	-1.000000	74.551724	0.000000	-1.000000	-1.000000	1461070.000000	1772660810.813413
-26627.355000	-45078.165000	2409.525000	2036.655000	6026.850000	5050.620000	2936.520000	1950.930000	1.265239	6.458584	5.776010	5.672168	13.033804	9.802797	8.891933	6.064093	-5.005280	4.181240	-1.388660	0.915891	0.127136	0.360717	-1.000000	-1.000000	-1.000000	-1.000000	-1.000000	-1.000000	-1.000000	74.551724	0.000000	-1.000000	-1.000000	1461071.000000	1772660810.817362
-26636.805000	-45089.055000	2401.020000	2030.445000	6024.645000	5053.320000	2943.180000	1947.600000	-3.072868	2.717600	1.114278	2.585811	13.468305	7.198110	6.179011	0.985915	-5.005280	4.181240	-1.388660	0.915891	0.127136	0.360717	-1.000000	-1.000000	-1.000000	-1.000000	-1.000000	-1.000000	-1.000000	74.551724	0.000000	-1.000000	-1.000000	1461072.000000	1772660810.817368
-26643.915000	-45088.605000	2403.495000	2030.670000	6021.450000	5053.455000	2964.600000	1945.080000	-5.506020	-3.266099	-5.993479	-2.108047	11.289678	2.918030	2.256796	-4.262625	-5.005280	4.181240	-1.388660	0.915891	0.127136	0.360717	-1.000000	-1.000000	-1.000000	-1.000000	-1.000000	-1.000000	-1.000000	74.551724	0.000000	-1.000000	-1.000000	1461073.000000	1772660810.821353
-26656.650000	-45091.440000	2401.605000	2028.420000	6011.190000	5046.570000	2983.185000	1944.045000	-7.880748	-9.483499	-12.657463	-6.926496	6.837510	-1.213598	0.078604	-8.595115	-5.005280	4.181240	-1.388660	0.915891	0.127136	0.360717	-1.000000	-1.000000	-1.000000	-1.000000	-1.000000	-1.000000	-1.000000	74.551724	0.000000	-1.000000	-1.000000	1461074.000000	1772660810.821361
-26641.845000	-45073.035000	2420.190000	2044.485000	6024.195000	5048.505000	2946.105000	1949.445000	-9.038640	-11.845308	-14.462951	-9.712057	0.782542	-4.084102	-0.226351	-10.044650	-5.005280	4.181240	-1.388660	0.915891	0.127136	0.360717	-1.000000	-1.000000	-1.000000	-1.000000	-1.000000	-1.000000	-1.000000	74.551724	0.000000	-1.000000	-1.000000	1461075.000000	1772660810.825364
-26607.510000	-45062.820000	2426.040000	2040.345000	6026.355000	5046.975000	2926.260000	1955.295000	-6.318079	-8.209019	-9.586077	-8.857481	-5.057005	-5.371231	-1.848719	-7.499173	-5.005280	4.181240	-1.388660	0.915891	0.127136	0.360717	-1.000000	-1.000000	-1.000000	-1.000000	-1.000000	-1.000000	-1.000000	74.551724	0.000000	-1.000000	-1.000000	1461076.000000	1772660810.825372
-26601.165000	-45063.315000	2425.050000	2036.520000	6029.415000	5051.025000	2944.845000	1961.370000	1.392329	-0.346371	-0.428172	-4.322614	-8.126067	-5.009934	-6.170434	-1.821087	-5.005280	4.181240	-1.388660	0.915891	0.127136	0.360717	-1.000000	-1.000000	-1.000000	-1.000000	-1.000000	-1.000000	-1.000000	74.551724	0.000000	-1.000000	-1.000000	1461077.000000	1772660810.829380
-26609.490000	-45069.885000	2416.410000	2031.255000	6030.945000	5053.005000	2945.160000	1955.160000	10.628219	7.289100	8.067147	1.777771	-7.274793	-3.270173	-10.175043	4.279562	-5.005280	4.181240	-1.388660	0.915891	0.127136	0.360717	-1.000000	-1.000000	-1.000000	-1.000000	-1.000000	-1.000000	-1.000000	74.551724	0.000000	-1.000000	-1.000000	1461078.000000	1772660810.829388
-26611.515000	-45064.305000	2419.965000	2052.270000	6044.535000	5062.050000	2948.310000	1954.710000	14.641706	10.466700	11.660528	6.880225	-3.300527	-0.608202	-9.565771	7.596137	-5.005280	4.181240	-1.388660	0.915891	0.127136	0.360717	-1.000000	-1.000000	-1.000000	-1.000000	-1.000000	-1.000000	-1.000000	74.551724	0.000000	-1.000000	-1.000000	1461079.000000	1772660810.837806
-26619.750000	-45058.680000	2429.685000	2059.920000	6046.470000	5064.345000	2950.785000	1956.645000	10.054535	8.368910	9.829083	10.083392	2.125825	2.505354	-3.063608	6.946808	-5.005280	4.181240	-1.388660	0.915891	0.127136	0.360717	-1.000000	-1.000000	-1.000000	-1.000000	-1.000000	-1.000000	-1.000000	74.551724	0.000000	-1.000000	-1.000000	1461080.000000	1772660810.837813
-26638.155000	-45077.040000	2416.905000	2044.035000	6033.645000	5057.325000	2950.245000	1945.980000	-0.498136	3.017768	4.794223	10.719557	6.388721	4.829767	5.886169	3.454110	-3.174080	5.142620	-1.648080	0.914915	0.124572	0.359191	-1.000000	-1.000000	-1.000000	-1.000000	-1.000000	-1.000000	-1.000000	74.551724	0.000000	-1.000000	-1.000000	1461081.000000	1772660810.838048
-26650.845000	-45094.635000	2396.565000	2020.680000	6007.545000	5037.300000	2950.920000	1931.760000	-11.411454	-3.510429	-1.531139	7.026436	6.470697	4.564860	11.527198	-1.245694	-3.174080	5.142620	-1.648080	0.914915	0.124572	0.359191	-1.000000	-1.000000	-1.000000	-1.000000	-1.000000	-1.000000	-1.000000	74.551724	0.000000	-1.000000	-1.000000	1461082.000000	1772660810.838054
-26629.605000	-45073.215000	2416.860000	2040.930000	6025.005000	5048.370000	2961.135000	1949.220000	-16.907524	-8.909332	-7.326527	-0.965299	1.744356	1.404553	10.671496	-5.218365	-3.174080	5.142620	-1.648080	0.914915	0.124572	0.359191	-1.000000	-1.000000	-1.000000	-1.000000	-1.000000	-1.000000	-1.000000	74.551724	0.000000	-1.000000	-1.000000	1461083.000000	1772660810.841374
-26602.515000	-45048.420000	2443.095000	2070.045000	6055.335000	5067.315000	2949.345000	1964.430000	-13.761035	-10.159144	-9.711681	-8.929373	-4.288950	-2.226668	5.359979	-6.104562	-3.174080	5.142620	-1.648080	0.914915	0.124572	0.359191	-1.000000	-1.000000	-1.000000	-1.000000	-1.000000	-1.000000	-1.000000	74.551724	0.000000	-1.000000	-1.000000	1461084.000000	1772660810.841381
-26622.945000	-45067.815000	2426.580000	2056.095000	6044.580000	5060.430000	2939.355000	1947.915000	-4.156314	-6.260241	-7.023711	-11.507142	-6.969510	-3.409630	-0.285637	-3.291522	-3.174080	5.142620	-1.648080	0.914915	0.124572	0.359191	-1.000000	-1.000000	-1.000000	-1.000000	-1.000000	-1.000000	-1.000000	74.551724	0.000000	-1.000000	-1.000000	1461085.000000	1772660810.845472
-26630.865000	-45073.080000	2423.610000	2053.620000	6040.710000	5055.840000	2935.350000	1944.585000	5.469120	-0.030479	-1.274470	-7.783480	-5.297369	-2.098109	-4.600629	0.696798	-3.174080	5.142620	-1.648080	0.914915	0.124572	0.359191	-1.000000	-1.000000	-1.000000	-1.000000	-1.000000	-1.000000	-1.000000	74.551724	0.000000	-1.000000	-1.000000	1461086.000000	1772660810.845479
-26650.665000	-45098.010000	2403.135000	2033.325000	6025.725000	5053.140000	2946.285000	1948.320000	9.651694	4.303382	3.533305	-1.670647	-2.059088	-0.537306	-7.296285	2.991630	-3.174080	5.142620	-1.648080	0.914915	0.124572	0.359191	-1.000000	-1.000000	-1.000000	-1.000000	-1.000000	-1.000000	-1.000000	74.551724	0.000000	-1.000000	-1.000000	1461087.000000	1772660810.850749
-26664.750000	-45112.185000	2386.485000	2015.955000	6009.525000	5041.755000	2944.530000	1946.970000	7.451115	4.318212	4.540346	1.998163	-0.293311	-0.328780	-7.125275	3.153644	-3.174080	5.142620	-1.648080	0.914915	0.124572	0.359191	-1.000000	-1.000000	-1.000000	-1.000000	-1.000000	-1.000000	-1.000000	74.551724	0.000000	-1.000000	-1.000000	1461088.000000	1772660810.850757
-26647.245000	-45088.065000	2399.580000	2023.830000	6012.270000	5039.955000	2948.040000	1944.720000	2.209274	1.196062	1.837568	1.437300	-0.702680	-1.415461	-3.753120	2.162786	-3.174080	5.142620	-1.648080	0.914915	0.124572	0.359191	-1.000000	-1.000000	-1.000000	-1.000000	-1.000000	-1.000000	-1.000000	74.551724	0.000000	-1.000000	-1.000000	1461089.000000	1772660810.853353
-26619.210000	-45059.940000	2422.440000	2044.755000	6032.205000	5055.660000	2961.855000	1951.560000	-0.654397	-0.467173	-0.992692	-0.307071	-0.894495	-2.106691	1.042366	1.084967	-3.174080	5.142620	-1.648080	0.914915	0.124572	0.359191	-1.000000	-1.000000	-1.000000	-1.000000	-1.000000	-1.000000	-1.000000	74.551724	0.000000	-1.000000	-1.000000	1461090.000000	1772660810.853360
-26625.420000	-45070.830000	2409.705000	2031.660000	6019.245000	5051.025000	2970.090000	1953.270000	1.798663	2.530463	-0.246274	0.794764	1.777598	-0.389856	4.958450	0.820568	-0.274680	3.753960	-3.174080	0.910886	0.122375	0.359862	-1.000000	-1.000000	-1.000000	-1.000000	-1.000000	-1.000000	-1.000000	74.551724	0.000000	-1.000000	-1.000000	1461091.000000	1772660810.857402
-26607.645000	-45064.170000	2420.820000	2051.145000	6043.635000	5061.960000	2965.770000	1963.125000	6.434004	7.137384	2.970248	4.129304	5.970519	3.147416	6.430740	1.107324	-0.274680	3.753960	-3.174080	0.910886	0.122375	0.359862	-1.000000	-1.000000	-1.000000	-1.000000	-1.000000	-1.000000	-1.000000	74.551724	0.000000	-1.000000	-1.000000	1461092.000000	1772660810.857410
-26605.260000	-45051.750000	2439.720000	2073.645000	6067.080000	5074.200000	2955.195000	1966.770000	7.619550	7.859975	4.755641	6.296871	8.142412	5.707116	5.169862	0.824268	-0.274680	3.753960	-3.174080	0.910886	0.122375	0.359862	-1.000000	-1.000000	-1.000000	-1.000000	-1.000000	-1.000000	-1.000000	74.551724	0.000000	-1.000000	-1.000000	1461093.000000	1772660810.861341
-26629.380000	-45057.825000	2426.265000	2051.280000	6041.925000	5061.645000	2962.530000	1961.955000	3.365110	3.768715	3.854994	5.945691	6.854677	5.515546	2.055967	-0.200713	-0.274680	3.753960	-3.174080	0.910886	0.122375	0.359862	-1.000000	-1.000000	-1.000000	-1.000000	-1.000000	-1.000000	-1.000000	74.551724	0.000000	-1.000000	-1.000000	1461094.000000	1772660810.861348
-26639.730000	-45096.750000	2389.635000	2016.315000	6006.690000	5035.410000	2958.885000	1939.455000	-3.986675	-2.305480	1.021425	2.985407	2.172139	2.326388	-1.497962	-1.585614	-0.274680	3.753960	-3.174080	0.910886	0.122375	0.359862	-1.000000	-1.000000	-1.000000	-1.000000	-1.000000	-1.000000	-1.000000	74.551724	0.000000	-1.000000	-1.000000	1461095.000000	1772660810.865519
-26633.340000	-45088.245000	2396.880000	2022.570000	6014.700000	5047.335000	2977.065000	1948.545000	-10.061276	-7.594570	-2.880430	-2.126655	-4.659163	-2.798602	-3.976582	-3.263936	-0.274680	3.753960	-3.174080	0.910886	0.122375	0.359862	-1.000000	-1.000000	-1.000000	-1.000000	-1.000000	-1.000000	-1.000000	74.551724	0.000000	-1.000000	-1.000000	1461096.000000	1772660810.865528
-26663.265000	-45104.670000	2386.260000	2014.155000	6006.060000	5040.270000	2955.915000	1925.820000	-11.432844	-9.931257	-5.894213	-6.740926	-9.888911	-6.873811	-4.526906	-4.663652	-0.274680	3.753960	-3.174080	0.910886	0.122375	0.359862	-1.000000	-1.000000	-1.000000	-1.000000	-1.000000	-1.000000	-1.000000	74.551724	0.000000	-1.000000	-1.000000	1461097.000000	1772660810.869369
-26643.240000	-45085.140000	2408.805000	2038.545000	6030.045000	5058.450000	2972.430000	1945.485000	-8.419761	-8.643138	-6.164689	-7.819850	-9.930940	-7.050448	-3.666114	-4.685902	-0.274680	3.753960	-3.174080	0.910886	0.122375	0.359862	-1.000000	-1.000000	-1.000000	-1.000000	-1.000000	-1.000000	-1.000000	74.551724	0.000000	-1.000000	-1.000000	1461098.000000	1772660810.869376
-26591.310000	-45032.715000	2463.930000	2093.850000	6078.015000	5076.270000	2941.695000	1972.845000	-2.762522	-4.075336	-2.830090	-3.925148	-3.951065	-2.948702	-2.790751	-2.100642	-0.274680	3.753960	-3.174080	0.910886	0.122375	0.359862	-1.000000	-1.000000	-1.000000	-1.000000	-1.000000	-1.000000	-1.000000	74.551724	0.000000	-1.000000	-1.000000	1461099.000000	1772660810.878611
-26626.140000	-45066.510000	2426.670000	2055.240000	6039.360000	5042.295000	2896.020000	1939.230000	4.224867	2.938386	3.411478	3.556829	5.281968	2.822863	-3.642964	2.652433	-0.274680	3.753960	-3.174080	0.910886	0.122375	0.359862	-1.000000	-1.000000	-1.000000	-1.000000	-1.000000	-1.000000	-1.000000	74.551724	0.000000	-1.000000	-1.000000	1461100.000000	1772660810.878618
-26622.180000	-45075.150000	2408.805000	2034.225000	6020.145000	5037.930000	2928.510000	1953.810000	8.852999	8.374995	7.698473	8.431252	10.590204	5.526458	-5.916893	6.002414	-0.991900	3.235120	-2.929920	0.910093	0.126526	0.360229	-1.000000	-1.000000	-1.000000	-1.000000	-1.000000	-1.000000	-1.000000	74.551724	0.000000	-1.000000	-1.000000	1461101.000000	1772660810.878884
-26656.200000	-45082.215000	2416.185000	2049.390000	6040.935000	5059.395000	2943.810000	1937.970000	7.431352	7.716295	5.169339	5.339351	6.795432	3.080900	-5.313966	5.225459	-0.991900	3.235120	-2.929920	0.910093	0.126526	0.360229	-1.000000	-1.000000	-1.000000	-1.000000	-1.000000	-1.000000	-1.000000	74.551724	0.000000	-1.000000	-1.000000	1461102.000000	1772660810.878891
-26662.905000	-45061.245000	2440.485000	2073.465000	6061.680000	5074.560000	2943.180000	1923.390000	1.284843	2.410155	-1.429245	-2.030473	-1.513050	-0.669860	1.049926	1.429165	-0.991900	3.235120	-2.929920	0.910093	0.126526	0.360229	-1.000000	-1.000000	-1.000000	-1.000000	-1.000000	-1.000000	-1.000000	74.551724	0.000000	-1.000000	-1.000000	1461103.000000	1772660810.881491
-26665.335000	-45061.290000	2439.720000	2072.160000	6059.430000	5072.760000	2939.805000	1911.105000	-4.635866	-1.504338	-4.717227	-5.318434	-5.419920	-0.918678	9.618781	-2.679405	-0.991900	3.235120	-2.929920	0.910093	0.126526	0.360229	-1.000000	-1.000000	-1.000000	-1.000000	-1.000000	-1.000000	-1.000000	74.551724	0.000000	-1.000000	-1.000000	1461104.000000	1772660810.881495
-26626.725000	-45076.095000	2410.425000	2036.430000	6027.840000	5057.730000	2960.415000	1948.095000	-5.668526	-0.897852	-2.271261	-2.383479	-2.771877	1.977063	14.521878	-4.405723	-0.991900	3.235120	-2.929920	0.910093	0.126526	0.360229	-1.000000	-1.000000	-1.000000	-1.000000	-1.000000	-1.000000	-1.000000	74.551724	0.000000	-1.000000	-1.000000	1461105.000000	1772660810.885585
-26614.440000	-45074.160000	2411.145000	2037.330000	6027.030000	5053.995000	2958.345000	1960.605000	-0.173610	1.593260	1.415182	1.469784	1.137913	3.772380	13.413149	-1.697137	-0.991900	3.235120	-2.929920	0.910093	0.126526	0.360229	-1.000000	-1.000000	-1.000000	-1.000000	-1.000000	-1.000000	-1.000000	74.551724	0.000000	-1.000000	-1.000000	1461106.000000	1772660810.885605
-26599.545000	-45049.635000	2434.860000	2060.910000	6050.745000	5068.710000	2945.205000	1946.025000	8.059656	2.021879	1.699004	1.436890	1.497112	1.846934	7.361066	3.852220	-0.991900	3.235120	-2.929920	0.910093	0.126526	0.360229	-1.000000	-1.000000	-1.000000	-1.000000	-1.000000	-1.000000	-1.000000	74.551724	0.000000	-1.000000	-1.000000	1461107.000000	1772660810.893263
-26616.015000	-45062.100000	2428.425000	2057.940000	6050.385000	5065.380000	2930.895000	1942.965000	11.720863	-0.743223	-1.532566	-2.077972	-1.450373	-2.353075	-1.042866	6.907804	-0.991900	3.235120	-2.929920	0.910093	0.126526	0.360229	-1.000000	-1.000000	-1.000000	-1.000000	-1.000000	-1.000000	-1.000000	74.551724	0.000000	-1.000000	-1.000000	1461108.000000	1772660810.893272
-26662.230000	-45108.990000	2385.630000	2014.830000	6008.220000	5031.225000	2934.855000	1958.355000	6.494175	-5.315692	-5.494450	-5.803155	-4.707406	-5.732581	-7.956556	4.769643	-0.991900	3.235120	-2.929920	0.910093	0.126526	0.360229	-1.000000	-1.000000	-1.000000	-1.000000	-1.000000	-1.000000	-1.000000	74.551724	0.000000	-1.000000	-1.000000	1461109.000000	1772660810.893425
-26667.810000	-45107.145000	2384.820000	2009.790000	5999.310000	5023.395000	2937.870000	1940.175000	-5.205992	-9.363045	-7.666992	-7.377556	-6.435996	-7.079072	-10.628914	-0.191291	-0.991900	3.235120	-2.929920	0.910093	0.126526	0.360229	-1.000000	-1.000000	-1.000000	-1.000000	-1.000000	-1.000000	-1.000000	74.551724	0.000000	-1.000000	-1.000000	1461110.000000	1772660810.893432
-26657.055000	-45071.775000	2424.330000	2049.435000	6038.235000	5057.730000	2960.820000	1941.795000	-15.335834	-9.692567	-6.275528	-5.683057	-5.880482	-6.469307	-9.211780	-4.594180	-1.083460	6.577060	-2.060100	0.912107	0.129333	0.356139	-1.000000	-1.000000	-1.000000	-1.000000	-1.000000	-1.000000	-1.000000	74.551724	0.000000	-1.000000	-1.000000	1461111.000000	1772660810.897563
-26614.530000	-45022.500000	2478.420000	2104.335000	6096.060000	5115.465000	3010.455000	2010.735000	-15.539236	-3.326854	0.235846	0.565358	-1.172971	-2.392805	-4.362806	-5.171771	-1.083460	6.577060	-2.060100	0.912107	0.129333	0.356139	-1.000000	-1.000000	-1.000000	-1.000000	-1.000000	-1.000000	-1.000000	74.551724	0.000000	-1.000000	-1.000000	1461112.000000	1772660810.897569
-26512.740000	-44953.695000	2545.560000	2173.410000	6168.105000	5187.870000	3074.400000	2137.770000	-3.351864	9.512123	11.759466	11.733511	9.265222	7.056040	3.868072	1.699640	-1.083460	6.577060	-2.060100	0.912107	0.129333	0.356139	-1.000000	-1.000000	-1.000000	-1.000000	-1.000000	-1.000000	-1.000000	74.551724	0.000000	-1.000000	-1.000000	1461113.000000	1772660810.901495
-26489.385000	-44979.255000	2502.405000	2124.090000	6114.600000	5132.385000	3030.570000	2142.360000	15.580448	23.193742	23.553382	23.585673	21.725979	18.696414	12.392074	14.759538	-1.083460	6.577060	-2.060100	0.912107	0.129333	0.356139	-1.000000	-1.000000	-1.000000	-1.000000	-1.000000	-1.000000	-1.000000	74.551724	0.000000	-1.000000	-1.000000	1461114.000000	1772660810.901501
-26645.040000	-45107.730000	2375.055000	1996.020000	5984.865000	5007.240000	2923.245000	1935.855000	27.135794	26.093701	24.463561	24.814647	24.302332	21.309672	12.927707	21.213774	-1.083460	6.577060	-2.060100	0.912107	0.129333	0.356139	-1.000000	-1.000000	-1.000000	-1.000000	-1.000000	-1.000000	-1.000000	74.551724	0.000000	-1.000000	-1.000000	1461115.000000	1772660810.905347
-26702.145000	-45126.135000	2373.570000	1999.395000	5987.430000	5001.345000	2900.385000	1839.960000	16.490767	8.810013	5.769033	6.268606	6.964352	5.667274	-0.054319	5.267041	-1.083460	6.577060	-2.060100	0.912107	0.129333	0.356139	-1.000000	-1.000000	-1.000000	-1.000000	-1.000000	-1.000000	-1.000000	74.551724	0.000000	-1.000000	-1.000000	1461116.000000	1772660810.905354
-26626.770000	-45073.170000	2419.470000	2039.535000	6024.375000	5037.300000	2938.095000	1930.860000	-12.480357	-20.295853	-23.173245	-22.828812	-21.583280	-19.943879	-18.671269	-28.473673	-1.083460	6.577060	-2.060100	0.912107	0.129333	0.356139	-1.000000	-1.000000	-1.000000	-1.000000	-1.000000	-1.000000	-1.000000	74.551724	0.000000	-1.000000	-1.000000	1461117.000000	1772660810.909434
-26597.970000	-45081.045000	2399.805000	2013.705000	5999.265000	5024.790000	2946.780000	1981.260000	-34.915848	-38.298037	-39.808288	-39.965626	-38.938365	-34.873589	-27.211244	-51.939485	-1.083460	6.577060	-2.060100	0.912107	0.129333	0.356139	-1.000000	-1.000000	-1.000000	-1.000000	-1.000000	-1.000000	-1.000000	74.551724	0.000000	-1.000000	-1.000000	1461118.000000	1772660810.909442
-26574.570000	-45055.395000	2427.525000	2042.820000	6025.635000	5045.355000	2947.005000	1995.795000	-31.303185	-31.707324	-32.162464	-33.058634	-32.677734	-27.963853	-18.813312	-42.663565	-1.083460	6.577060	-2.060100	0.912107	0.129333	0.356139	-1.000000	-1.000000	-1.000000	-1.000000	-1.000000	-1.000000	-1.000000	74.551724	0.000000	-1.000000	-1.000000	1461119.000000	1772660810.913469
-26510.535000	-44996.355000	2487.870000	2105.145000	6090.120000	5106.330000	2977.965000	2042.685000	-5.254480	-7.043344	-7.357034	-8.663472	-8.801207	-5.338535	-0.193225	-5.406905	-1.083460	6.577060	-2.060100	0.912107	0.129333	0.356139	-1.000000	-1.000000	-1.000000	-1.000000	-1.000000	-1.000000	-1.000000	74.551724	0.000000	-1.000000	-1.000000	1461120.000000	1772660810.913477
-26576.595000	-45050.085000	2433.330000	2052.990000	6045.030000	5064.210000	2948.175000	1979.415000	23.136458	18.352859	17.873671	17.002438	16.871626	17.812540	16.159185	33.996287	-0.824040	12.925220	-2.121140	0.914487	0.132141	0.352111	-1.000000	-1.000000	-1.000000	-1.000000	-1.000000	-1.000000	-1.000000	74.551724	0.000000	-1.000000	-1.000000	1461121.000000	1772660810.919174
-26748.180000	-45182.565000	2315.160000	1947.510000	5951.745000	4984.335000	2897.235000	1830.060000	30.030221	26.641178	26.749493	27.221372	27.828831	26.311637	19.896538	46.518742	-0.824040	12.925220	-2.121140	0.914487	0.132141	0.352111	-1.000000	-1.000000	-1.000000	-1.000000	-1.000000	-1.000000	-1.000000	74.551724	0.000000	-1.000000	-1.000000	1461122.000000	1772660810.919186
-26713.620000	-45151.335000	2342.385000	1971.540000	5971.455000	5002.695000	2914.245000	1873.530000	7.159461	12.744159	14.933627	17.289776	19.178036	16.645530	10.893097	23.963552	-0.824040	12.925220	-2.121140	0.914487	0.132141	0.352111	-1.000000	-1.000000	-1.000000	-1.000000	-1.000000	-1.000000	-1.000000	74.551724	0.000000	-1.000000	-1.000000	1461123.000000	1772660810.921307
-26696.565000	-45101.520000	2400.705000	2031.345000	6025.770000	5048.055000	2945.070000	1900.080000	-23.540565	-6.748685	-1.975604	1.713591	4.417393	2.464586	1.401338	-8.046063	-0.824040	12.925220	-2.121140	0.914487	0.132141	0.352111	-1.000000	-1.000000	-1.000000	-1.000000	-1.000000	-1.000000	-1.000000	74.551724	0.000000	-1.000000	-1.000000	1461124.000000	1772660810.921314
-26693.730000	-45097.875000	2398.410000	2024.955000	6014.565000	5037.300000	2941.110000	1898.235000	-31.983513	-11.264980	-5.832998	-2.669877	-0.797480	-1.582500	2.185133	-17.698776	-0.824040	12.925220	-2.121140	0.914487	0.132141	0.352111	-1.000000	-1.000000	-1.000000	-1.000000	-1.000000	-1.000000	-1.000000	74.551724	0.000000	-1.000000	-1.000000	1461125.000000	1772660810.927127
-26639.460000	-45102.330000	2382.030000	2006.685000	5993.865000	5017.230000	2921.355000	1918.755000	-12.555939	0.463170	3.301466	3.993836	3.401032	3.388568	9.381587	-2.769526	-0.824040	12.925220	-2.121140	0.914487	0.132141	0.352111	-1.000000	-1.000000	-1.000000	-1.000000	-1.000000	-1.000000	-1.000000	74.551724	0.000000	-1.000000	-1.000000	1461126.000000	1772660810.927135
-26595.495000	-45076.455000	2408.085000	2034.405000	6024.375000	5046.930000	2944.215000	1964.925000	17.989198	14.843205	13.067534	10.799299	7.535614	7.413788	11.862996	16.303453	-0.824040	12.925220	-2.121140	0.914487	0.132141	0.352111	-1.000000	-1.000000	-1.000000	-1.000000	-1.000000	-1.000000	-1.000000	74.551724	0.000000	-1.000000	-1.000000	1461127.000000	1772660810.929417
-26679.645000	-45114.750000	2384.010000	2019.420000	6013.035000	5036.985000	2935.395000	1909.710000	38.710136	19.488149	13.960792	10.056814	5.682353	4.859895	5.246247	22.749556	-0.824040	12.925220	-2.121140	0.914487	0.132141	0.352111	-1.000000	-1.000000	-1.000000	-1.000000	-1.000000	-1.000000	-1.000000	74.551724	0.000000	-1.000000	-1.000000	1461128.000000	1772660810.929425
-26736.435000	-45105.705000	2402.460000	2052.810000	6047.865000	5068.755000	2959.695000	1916.595000	34.723786	9.916296	3.935793	0.718887	-2.512847	-3.700782	-6.441604	12.206329	-0.824040	12.925220	-2.121140	0.914487	0.132141	0.352111	-1.000000	-1.000000	-1.000000	-1.000000	-1.000000	-1.000000	-1.000000	74.551724	0.000000	-1.000000	-1.000000	1461129.000000	1772660810.934946
-26629.020000	-44957.610000	2546.595000	2202.165000	6212.295000	5207.715000	3056.220000	2026.260000	9.737220	-5.190854	-8.270425	-8.878849	-9.534638	-10.752815	-14.562094	-6.012487	-0.824040	12.925220	-2.121140	0.914487	0.132141	0.352111	-1.000000	-1.000000	-1.000000	-1.000000	-1.000000	-1.000000	-1.000000	74.551724	0.000000	-1.000000	-1.000000	1461130.000000	1772660810.934950
-26496.135000	-44841.060000	2644.785000	2279.295000	6325.650000	5276.655000	3104.910000	2068.695000	-11.091189	-7.033859	-6.487950	-4.646106	-2.224588	-4.799940	-10.369943	-13.760028	-5.234180	13.016780	-0.289940	0.918455	0.133667	0.349364	-1.000000	-1.000000	-1.000000	-1.000000	-1.000000	-1.000000	-1.000000	74.551724	0.000000	-1.000000	-1.000000	1461131.000000	1772660810.937518
-26456.580000	-44826.030000	2664.675000	2297.475000	6378.930000	5302.620000	3101.895000	2060.100000	-7.384526	10.676624	12.682513	14.447597	20.560835	14.374604	5.143553	-3.862835	-5.234180	13.016780	-0.289940	0.918455	0.133667	0.349364	-1.000000	-1.000000	-1.000000	-1.000000	-1.000000	-1.000000	-1.000000	74.551724	0.000000	-1.000000	-1.000000	1461132.000000	1772660810.937526
-26458.515000	-44914.680000	2549.250000	2189.835000	6268.095000	5221.620000	3052.170000	2081.880000	12.940025	28.503580	29.062179	28.334637	38.151605	29.097187	18.182218	11.562669	-5.234180	13.016780	-0.289940	0.918455	0.133667	0.349364	-1.000000	-1.000000	-1.000000	-1.000000	-1.000000	-1.000000	-1.000000	74.551724	0.000000	-1.000000	-1.000000	1461133.000000	1772660810.945217
-26591.940000	-45075.780000	2394.495000	2018.205000	5995.530000	5041.845000	2989.035000	2025.270000	23.405664	20.228269	17.878031	14.667434	23.969732	18.957872	14.552838	15.764919	-5.234180	13.016780	-0.289940	0.918455	0.133667	0.349364	-1.000000	-1.000000	-1.000000	-1.000000	-1.000000	-1.000000	-1.000000	74.551724	0.000000	-1.000000	-1.000000	1461134.000000	1772660810.945225
-26623.980000	-44980.965000	2546.820000	2172.780000	6166.080000	5169.195000	3046.995000	1983.780000	4.909555	-17.302306	-20.401612	-24.272939	-24.094597	-16.323037	-5.477907	0.940797	-5.234180	13.016780	-0.289940	0.918455	0.133667	0.349364	-1.000000	-1.000000	-1.000000	-1.000000	-1.000000	-1.000000	-1.000000	74.551724	0.000000	-1.000000	-1.000000	1461135.000000	1772660810.945671
-26656.380000	-44920.620000	2630.340000	2229.705000	6264.675000	5215.230000	3031.695000	1912.095000	-35.417434	-56.415074	-54.698792	-57.596686	-70.744374	-50.521600	-26.813365	-27.217886	-5.234180	13.016780	-0.289940	0.918455	0.133667	0.349364	-1.000000	-1.000000	-1.000000	-1.000000	-1.000000	-1.000000	-1.000000	74.551724	0.000000	-1.000000	-1.000000	1461136.000000	1772660810.945678
-26773.515000	-45062.505000	2463.165000	2064.285000	6062.085000	5059.755000	2889.495000	1753.065000	-69.755491	-67.395019	-57.880204	-59.625001	-79.731761	-58.571275	-36.637044	-53.636213	-5.234180	13.016780	-0.289940	0.918455	0.133667	0.349364	-1.000000	-1.000000	-1.000000	-1.000000	-1.000000	-1.000000	-1.000000	74.551724	0.000000	-1.000000	-1.000000	1461137.000000	1772660810.949344
-26703.540000	-45206.235000	2290.680000	1893.555000	5849.550000	4920.345000	2819.160000	1766.610000	-73.959477	-50.201095	-37.906115	-39.114324	-56.228423	-44.393700	-36.334147	-64.284805	-5.234180	13.016780	-0.289940	0.918455	0.133667	0.349364	-1.000000	-1.000000	-1.000000	-1.000000	-1.000000	-1.000000	-1.000000	74.551724	0.000000	-1.000000	-1.000000	1461138.000000	1772660810.949352
-26692.695000	-45220.950000	2252.565000	1855.485000	5797.440000	4877.685000	2847.735000	1848.060000	-43.513462	-25.946706	-20.529151	-20.946840	-30.494974	-27.637132	-31.172240	-50.370536	-5.234180	13.016780	-0.289940	0.918455	0.133667	0.349364	-1.000000	-1.000000	-1.000000	-1.000000	-1.000000	-1.000000	-1.000000	74.551724	0.000000	-1.000000	-1.000000	1461139.000000	1772660810.953372
-26657.235000	-45103.410000	2375.685000	2007.945000	6054.705000	5007.870000	2913.750000	1908.855000	5.577914	-5.975211	-12.995751	-10.782516	-12.382478	-13.914635	-18.079882	-10.585855	-5.234180	13.016780	-0.289940	0.918455	0.133667	0.349364	-1.000000	-1.000000	-1.000000	-1.000000	-1.000000	-1.000000	-1.000000	74.551724	0.000000	-1.000000	-1.000000	1461140.000000	1772660810.953377
-26496.900000	-44957.070000	2522.160000	2146.320000	6184.035000	5146.065000	3022.470000	2110.905000	50.772245	17.617094	1.475959	8.334639	16.002352	9.149081	9.234948	44.821196	0.656180	21.364000	-0.991900	0.922422	0.132873	0.354552	-1.000000	-1.000000	-1.000000	-1.000000	-1.000000	-1.000000	-1.000000	74.551724	0.000000	-1.000000	-1.000000	1461141.000000	1772660810.957364
-26441.145000	-44915.940000	2534.670000	2143.440000	6083.685000	5150.520000	3059.955000	2197.710000	79.899370	53.549225	37.321254	47.782335	64.415302	49.398861	47.786395	96.381855	0.656180	21.364000	-0.991900	0.922422	0.132873	0.354552	-1.000000	-1.000000	-1.000000	-1.000000	-1.000000	-1.000000	-1.000000	74.551724	0.000000	-1.000000	-1.000000	1461142.000000	1772660810.957372
-26494.560000	-44954.595000	2469.735000	2103.435000	6024.735000	5101.245000	3001.005000	2074.635000	88.023866	90.657028	81.451427	91.153604	110.310142	91.099970	79.512930	119.157516	0.656180	21.364000	-0.991900	0.922422	0.132873	0.354552	-1.000000	-1.000000	-1.000000	-1.000000	-1.000000	-1.000000	-1.000000	74.551724	0.000000	-1.000000	-1.000000	1461143.000000	1772660810.963861
-26681.715000	-45137.430000	2355.570000	1996.245000	5938.335000	4996.170000	2905.335000	1857.195000	67.089819	98.016573	97.115006	102.489894	115.477329	101.196904	79.557206	90.815321	0.656180	21.364000	-0.991900	0.922422	0.132873	0.354552	-1.000000	-1.000000	-1.000000	-1.000000	-1.000000	-1.000000	-1.000000	74.551724	0.000000	-1.000000	-1.000000	1461144.000000	1772660810.963869
-26765.505000	-45211.230000	2329.830000	1965.240000	5934.735000	4980.105000	2895.255000	1834.110000	15.013706	53.502062	60.131458	60.666838	63.478612	60.483342	39.568655	14.425043	0.656180	21.364000	-0.991900	0.922422	0.132873	0.354552	-1.000000	-1.000000	-1.000000	-1.000000	-1.000000	-1.000000	-1.000000	74.551724	0.000000	-1.000000	-1.000000	1461145.000000	1772660810.965362
-26684.055000	-45129.690000	2394.090000	2035.170000	6011.505000	5041.620000	2935.485000	1949.445000	-46.800045	-22.483904	-8.116520	-11.482283	-15.523491	-9.124816	-17.233630	-68.572551	0.656180	21.364000	-0.991900	0.922422	0.132873	0.354552	-1.000000	-1.000000	-1.000000	-1.000000	-1.000000	-1.000000	-1.000000	74.551724	0.000000	-1.000000	-1.000000	1461146.000000	1772660810.965369
-26541.495000	-44991.810000	2495.745000	2144.385000	6105.870000	5138.280000	3005.685000	2067.435000	-82.109736	-76.961431	-57.367051	-63.604383	-67.209503	-60.491414	-54.773610	-107.639150	0.656180	21.364000	-0.991900	0.922422	0.132873	0.354552	-1.000000	-1.000000	-1.000000	-1.000000	-1.000000	-1.000000	-1.000000	74.551724	0.000000	-1.000000	-1.000000	1461147.000000	1772660810.969498
-26752.545000	-45104.535000	2389.500000	2028.465000	6003.945000	5037.930000	2928.195000	1786.815000	-74.630924	-78.026433	-60.641013	-68.557811	-67.897606	-67.873958	-57.750958	-90.946337	0.656180	21.364000	-0.991900	0.922422	0.132873	0.354552	-1.000000	-1.000000	-1.000000	-1.000000	-1.000000	-1.000000	-1.000000	74.551724	0.000000	-1.000000	-1.000000	1461148.000000	1772660810.969504
-26786.565000	-45140.895000	2355.030000	1987.425000	5966.235000	4983.840000	2869.245000	1738.530000	-43.938258	-44.501061	-37.074867	-45.653612	-44.351968	-47.899450	-40.716115	-51.943673	0.656180	21.364000	-0.991900	0.922422	0.132873	0.354552	-1.000000	-1.000000	-1.000000	-1.000000	-1.000000	-1.000000	-1.000000	74.551724	0.000000	-1.000000	-1.000000	1461149.000000	1772660810.973521
-26578.215000	-45127.080000	2330.055000	1956.420000	5939.325000	4950.585000	2859.075000	1949.040000	-15.708004	-14.215753	-19.816458	-28.131930	-31.885960	-31.250258	-25.746700	-22.955830	0.656180	21.364000	-0.991900	0.922422	0.132873	0.354552	-1.000000	-1.000000	-1.000000	-1.000000	-1.000000	-1.000000	-1.000000	74.551724	0.000000	-1.000000	-1.000000	1461150.000000	1772660810.973531
-26623.845000	-45178.020000	2282.760000	1909.575000	5893.335000	4945.410000	2908.665000	1951.110000	6.908164	-2.213605	-18.070010	-24.338327	-31.878345	-26.088268	-18.058544	-2.338675	-14.802200	16.801260	1.815940	0.929014	0.152221	0.351928	-1.000000	-1.000000	-1.000000	-1.000000	-1.000000	-1.000000	-1.000000	74.551724	0.000000	-1.000000	-1.000000	1461151.000000	1772660810.977504
-26640.675000	-45112.680000	2365.830000	1995.930000	5972.085000	5017.140000	2954.970000	1953.180000	29.614098	1.493162	-17.543725	-19.754641	-23.737639	-18.126616	-6.550434	25.060722	-14.802200	16.801260	1.815940	0.929014	0.152221	0.351928	-1.000000	-1.000000	-1.000000	-1.000000	-1.000000	-1.000000	-1.000000	74.551724	0.000000	-1.000000	-1.000000	1461152.000000	1772660810.977511
-26653.410000	-45085.005000	2403.090000	2033.280000	6000.030000	5039.505000	2964.645000	1984.185000	50.248092	12.587762	-2.686690	-0.174257	2.540903	4.901962	16.719727	60.772785	-14.802200	16.801260	1.815940	0.929014	0.152221	0.351928	-1.000000	-1.000000	-1.000000	-1.000000	-1.000000	-1.000000	-1.000000	74.551724	0.000000	-1.000000	-1.000000	1461153.000000	1772660810.981483
-26746.065000	-45110.925000	2403.990000	2043.000000	6009.840000	5044.005000	2941.245000	1884.195000	60.275872	34.317725	26.109061	32.546899	37.013509	37.437314	43.437645	87.913380	-14.802200	16.801260	1.815940	0.929014	0.152221	0.351928	-1.000000	-1.000000	-1.000000	-1.000000	-1.000000	-1.000000	-1.000000	74.551724	0.000000	-1.000000	-1.000000	1461154.000000	1772660810.981490
-26873.190000	-45115.605000	2435.310000	2089.710000	6059.205000	5086.980000	2938.860000	1764.045000	46.076494	50.775318	51.429200	60.167988	60.170381	60.392287	55.219749	79.551895	-14.802200	16.801260	1.815940	0.929014	0.152221	0.351928	-1.000000	-1.000000	-1.000000	-1.000000	-1.000000	-1.000000	-1.000000	74.551724	0.000000	-1.000000	-1.000000	1461155.000000	1772660810.985505
-26809.875000	-45042.120000	2479.860000	2134.890000	6127.695000	5145.435000	2996.280000	1779.075000	3.624001	44.294241	55.447574	64.401755	59.210154	59.046829	41.740134	26.392381	-14.802200	16.801260	1.815940	0.929014	0.152221	0.351928	-1.000000	-1.000000	-1.000000	-1.000000	-1.000000	-1.000000	-1.000000	74.551724	0.000000	-1.000000	-1.000000	1461156.000000	1772660810.985516
-26569.305000	-44968.860000	2491.920000	2131.650000	6160.500000	5164.875000	3024.585000	1901.880000	-39.206888	18.251288	36.249988	42.974158	36.847482	35.797904	12.124173	-38.840165	-14.802200	16.801260	1.815940	0.929014	0.152221	0.351928	-1.000000	-1.000000	-1.000000	-1.000000	-1.000000	-1.000000	-1.000000	74.551724	0.000000	-1.000000	-1.000000	1461157.000000	1772660810.992272
-26431.380000	-44981.415000	2439.225000	2070.720000	6108.570000	5110.335000	2999.610000	2086.245000	-44.211377	-9.092075	4.714273	6.814123	4.459535	3.509127	-15.238209	-68.190926	-14.802200	16.801260	1.815940	0.929014	0.152221	0.351928	-1.000000	-1.000000	-1.000000	-1.000000	-1.000000	-1.000000	-1.000000	74.551724	0.000000	-1.000000	-1.000000	1461158.000000	1772660810.992277
-26491.590000	-45076.995000	2355.480000	1977.390000	5984.505000	5010.255000	2935.080000	2097.855000	-11.902728	-27.606178	-27.518973	-31.013488	-27.759063	-27.676664	-31.352381	-49.429504	-14.802200	16.801260	1.815940	0.929014	0.152221	0.351928	-1.000000	-1.000000	-1.000000	-1.000000	-1.000000	-1.000000	-1.000000	74.551724	0.000000	-1.000000	-1.000000	1461159.000000	1772660810.993629
-26585.190000	-45084.510000	2392.650000	2014.380000	5969.385000	5006.610000	2908.080000	2020.455000	20.447975	-38.264054	-50.268970	-57.993931	-51.786722	-51.484251	-38.721605	-10.613206	-14.802200	16.801260	1.815940	0.929014	0.152221	0.351928	-1.000000	-1.000000	-1.000000	-1.000000	-1.000000	-1.000000	-1.000000	74.551724	0.000000	-1.000000	-1.000000	1461160.000000	1772660810.993637
-26433.315000	-44881.245000	2612.205000	2226.870000	6169.995000	5190.300000	3031.920000	2190.465000	26.875762	-38.690388	-52.151352	-61.170779	-58.255146	-58.797407	-38.205892	18.452855	-36.013600	15.427860	-10.056340	0.910703	0.147522	0.359923	-1.000000	-1.000000	-1.000000	-1.000000	-1.000000	-1.000000	-1.000000	74.551724	0.000000	-1.000000	-1.000000	1461161.000000	1772660810.998057
-26488.125000	-44935.875000	2564.505000	2174.670000	6133.320000	5162.445000	3013.830000	2068.290000	13.940228	-22.412368	-27.974779	-35.200789	-39.981874	-41.007441	-24.675287	28.804882	-36.013600	15.427860	-10.056340	0.910703	0.147522	0.359923	-1.000000	-1.000000	-1.000000	-1.000000	-1.000000	-1.000000	-1.000000	74.551724	0.000000	-1.000000	-1.000000	1461162.000000	1772660810.998065
-26800.200000	-45274.185000	2220.435000	1841.895000	5798.790000	4870.620000	2831.085000	1723.950000	-5.466268	0.502587	4.221491	0.875056	-9.322558	-8.977408	-1.935329	17.833797	-36.013600	15.427860	-10.056340	0.910703	0.147522	0.359923	-1.000000	-1.000000	-1.000000	-1.000000	-1.000000	-1.000000	-1.000000	74.551724	0.000000	-1.000000	-1.000000	1461163.000000	1772660811.001651
-26721.540000	-45231.210000	2254.050000	1879.695000	5848.470000	4911.885000	2866.680000	1831.770000	-29.403906	5.047143	12.846457	13.953408	5.334581	9.243983	13.279467	-14.811653	-36.013600	15.427860	-10.056340	0.910703	0.147522	0.359923	-1.000000	-1.000000	-1.000000	-1.000000	-1.000000	-1.000000	-1.000000	74.551724	0.000000	-1.000000	-1.000000	1461164.000000	1772660811.001658
-26580.465000	-45109.125000	2365.830000	1990.125000	5965.020000	5009.355000	2941.920000	1997.235000	-48.531322	-11.413876	-5.298704	-0.457631	-1.997925	5.239947	13.499651	-46.496396	-36.013600	15.427860	-10.056340	0.910703	0.147522	0.359923	-1.000000	-1.000000	-1.000000	-1.000000	-1.000000	-1.000000	-1.000000	74.551724	0.000000	-1.000000	-1.000000	1461165.000000	1772660811.005477
-26611.605000	-45098.370000	2383.695000	2012.580000	5987.880000	5028.030000	2957.535000	1982.520000	-47.894194	-23.127924	-20.004375	-12.806956	-7.412008	-0.474268	9.140605	-47.620636	-36.013600	15.427860	-10.056340	0.910703	0.147522	0.359923	-1.000000	-1.000000	-1.000000	-1.000000	-1.000000	-1.000000	-1.000000	74.551724	0.000000	-1.000000	-1.000000	1461166.000000	1772660811.005486
-26708.535000	-45120.870000	2382.930000	2018.970000	5993.145000	5026.005000	2937.105000	1875.960000	-31.246102	-11.777271	-8.441792	-0.296510	7.854177	9.876300	10.657306	-22.591649	-36.013600	15.427860	-10.056340	0.910703	0.147522	0.359923	-1.000000	-1.000000	-1.000000	-1.000000	-1.000000	-1.000000	-1.000000	74.551724	0.000000	-1.000000	-1.000000	1461167.000000	1772660811.009476
-26736.480000	-45118.575000	2394.630000	2031.975000	6008.535000	5036.130000	2922.435000	1812.555000	-12.017610	17.513069	23.947879	31.616287	39.518536	33.340678	17.229232	0.711495	-36.013600	15.427860	-10.056340	0.910703	0.147522	0.359923	-1.000000	-1.000000	-1.000000	-1.000000	-1.000000	-1.000000	-1.000000	74.551724	0.000000	-1.000000	-1.000000	1461168.000000	1772660811.009484
-26717.670000	-45079.695000	2424.915000	2057.670000	6037.335000	5068.530000	2949.435000	1819.035000	7.540495	46.233477	53.212376	58.480677	66.543524	52.431245	21.297817	10.088110	-36.013600	15.427860	-10.056340	0.910703	0.147522	0.359923	-1.000000	-1.000000	-1.000000	-1.000000	-1.000000	-1.000000	-1.000000	74.551724	0.000000	-1.000000	-1.000000	1461169.000000	1772660811.017262
-26690.130000	-45054.405000	2440.935000	2069.460000	6050.205000	5079.195000	2961.180000	1846.980000	28.820130	55.067236	55.457199	56.279737	65.294652	48.775914	16.234405	12.774114	-36.013600	15.427860	-10.056340	0.910703	0.147522	0.359923	-1.000000	-1.000000	-1.000000	-1.000000	-1.000000	-1.000000	-1.000000	74.551724	0.000000	-1.000000	-1.000000	1461170.000000	1772660811.017272
-26640.945000	-45078.480000	2406.645000	2030.130000	6018.930000	5048.370000	2948.895000	1934.955000	49.467578	39.956318	28.741588	24.215578	32.041787	20.885032	3.412101	21.912835	-12.696320	7.675780	-4.776380	0.890501	0.128845	0.379821	-1.000000	-1.000000	-1.000000	-1.000000	-1.000000	-1.000000	-1.000000	74.551724	0.000000	-1.000000	-1.000000	1461171.000000	1772660811.017439
-26527.905000	-45124.245000	2338.560000	1954.620000	5941.935000	4969.845000	2907.630000	2079.405000	69.188502	15.985136	-4.749561	-13.888013	-11.307240	-12.902171	-8.026909	48.292491	-12.696320	7.675780	-4.776380	0.890501	0.128845	0.379821	-1.000000	-1.000000	-1.000000	-1.000000	-1.000000	-1.000000	-1.000000	74.551724	0.000000	-1.000000	-1.000000	1461172.000000	1772660811.017445
-26608.995000	-45117.405000	2369.880000	1996.380000	5981.580000	5015.655000	2941.470000	2020.635000	79.562428	-4.113635	-25.661789	-37.045543	-42.466299	-35.370063	-12.750691	80.226096	-12.696320	7.675780	-4.776380	0.890501	0.128845	0.379821	-1.000000	-1.000000	-1.000000	-1.000000	-1.000000	-1.000000	-1.000000	74.551724	0.000000	-1.000000	-1.000000	1461173.000000	1772660811.021504
-26649.090000	-45097.605000	2398.095000	2024.685000	5995.665000	5035.950000	2952.045000	1979.505000	58.203594	-21.753736	-32.869503	-42.521362	-55.834236	-42.985750	-13.810652	81.083698	-12.696320	7.675780	-4.776380	0.890501	0.128845	0.379821	-1.000000	-1.000000	-1.000000	-1.000000	-1.000000	-1.000000	-1.000000	74.551724	0.000000	-1.000000	-1.000000	1461174.000000	1772660811.021515
-26565.435000	-45029.025000	2451.420000	2070.045000	6040.980000	5078.160000	3007.755000	2061.180000	-0.071575	-36.797847	-30.586954	-34.694359	-52.682251	-37.379244	-13.365840	31.938358	-12.696320	7.675780	-4.776380	0.890501	0.128845	0.379821	-1.000000	-1.000000	-1.000000	-1.000000	-1.000000	-1.000000	-1.000000	74.551724	0.000000	-1.000000	-1.000000	1461175.000000	1772660811.025631
-26543.520000	-45020.070000	2457.270000	2078.280000	6058.170000	5097.015000	3013.200000	2063.565000	-62.648055	-39.474082	-19.224607	-16.756956	-33.173027	-19.730406	-8.440519	-39.718396	-12.696320	7.675780	-4.776380	0.890501	0.128845	0.379821	-1.000000	-1.000000	-1.000000	-1.000000	-1.000000	-1.000000	-1.000000	74.551724	0.000000	-1.000000	-1.000000	1461176.000000	1772660811.025638
-26573.445000	-45009.360000	2484.405000	2114.820000	6098.535000	5123.880000	2988.180000	2031.705000	-90.444149	-24.902413	-1.969055	5.179499	-2.428695	4.396935	1.228014	-88.874654	-12.696320	7.675780	-4.776380	0.890501	0.128845	0.379821	-1.000000	-1.000000	-1.000000	-1.000000	-1.000000	-1.000000	-1.000000	74.551724	0.000000	-1.000000	-1.000000	1461177.000000	1772660811.029449
-26567.370000	-45025.515000	2465.370000	2092.500000	6080.850000	5101.920000	2978.640000	2038.185000	-75.186575	-3.671940	10.968844	19.854450	24.962845	22.486381	8.212326	-94.510465	-12.696320	7.675780	-4.776380	0.890501	0.128845	0.379821	-1.000000	-1.000000	-1.000000	-1.000000	-1.000000	-1.000000	-1.000000	74.551724	0.000000	-1.000000	-1.000000	1461178.000000	1772660811.029458
-26677.305000	-45054.630000	2463.390000	2101.545000	6092.145000	5114.205000	2992.590000	1911.060000	-37.724409	9.037428	11.354903	19.402394	34.778139	24.344724	6.211080	-67.063847	-12.696320	7.675780	-4.776380	0.890501	0.128845	0.379821	-1.000000	-1.000000	-1.000000	-1.000000	-1.000000	-1.000000	-1.000000	74.551724	0.000000	-1.000000	-1.000000	1461179.000000	1772660811.033700
-26832.960000	-45096.975000	2447.685000	2093.265000	6078.330000	5098.635000	2958.345000	1806.840000	-5.404045	9.996771	3.966257	9.589657	27.618412	13.949514	-0.914272	-31.078532	-12.696320	7.675780	-4.776380	0.890501	0.128845	0.379821	-1.000000	-1.000000	-1.000000	-1.000000	-1.000000	-1.000000	-1.000000	74.551724	0.000000	-1.000000	-1.000000	1461180.000000	1772660811.033708
-26645.535000	-45082.665000	2417.220000	2042.280000	6018.165000	5049.495000	2936.880000	1963.530000	8.588090	6.774071	-0.322103	1.973405	14.195902	2.889833	-5.691578	-3.817063	4.654300	2.502640	-8.118320	0.900999	0.090637	0.390258	-1.000000	-1.000000	-1.000000	-1.000000	-1.000000	-1.000000	-1.000000	74.551724	0.000000	-1.000000	-1.000000	1461181.000000	1772660811.037638
-26526.960000	-45145.305000	2307.915000	1920.420000	5901.390000	4932.045000	2877.300000	1998.000000	15.098278	3.791041	-1.541341	-3.696678	-2.075240	-6.804939	-7.655420	16.305217	4.654300	2.502640	-8.118320	0.900999	0.090637	0.390258	-1.000000	-1.000000	-1.000000	-1.000000	-1.000000	-1.000000	-1.000000	74.551724	0.000000	-1.000000	-1.000000	1461182.000000	1772660811.037644
-26660.655000	-45183.645000	2290.005000	1905.255000	5902.785000	4929.660000	2868.120000	1885.230000	27.853839	-1.822026	-8.253372	-15.337235	-22.915639	-19.976048	-10.743835	34.738988	4.654300	2.502640	-8.118320	0.900999	0.090637	0.390258	-1.000000	-1.000000	-1.000000	-1.000000	-1.000000	-1.000000	-1.000000	74.551724	0.000000	-1.000000	-1.000000	1461183.000000	1772660811.043577
-26682.930000	-45183.420000	2291.445000	1904.445000	5911.470000	4937.895000	2885.580000	1889.820000	38.158744	-10.958827	-19.974685	-29.828462	-40.188604	-32.165070	-14.034499	44.052432	4.654300	2.502640	-8.118320	0.900999	0.090637	0.390258	-1.000000	-1.000000	-1.000000	-1.000000	-1.000000	-1.000000	-1.000000	74.551724	0.000000	-1.000000	-1.000000	1461184.000000	1772660811.043584
-26599.635000	-45062.955000	2431.620000	2060.595000	6059.205000	5078.880000	2971.845000	2001.600000	33.002002	-15.287427	-23.396808	-31.645303	-38.215556	-29.697165	-10.243553	39.314413	4.654300	2.502640	-8.118320	0.900999	0.090637	0.390258	-1.000000	-1.000000	-1.000000	-1.000000	-1.000000	-1.000000	-1.000000	74.551724	0.000000	-1.000000	-1.000000	1461185.000000	1772660811.047064
-26606.115000	-45036.135000	2463.930000	2088.405000	6048.225000	5096.880000	2996.460000	2004.660000	17.775888	-4.921571	-7.421732	-10.230408	-11.245130	-5.638243	5.770425	29.915262	4.654300	2.502640	-8.118320	0.900999	0.090637	0.390258	-1.000000	-1.000000	-1.000000	-1.000000	-1.000000	-1.000000	-1.000000	74.551724	0.000000	-1.000000	-1.000000	1461186.000000	1772660811.047071
-26747.910000	-45155.340000	2348.460000	1972.215000	5935.410000	4992.210000	2906.055000	1809.180000	2.281954	15.544676	20.281375	23.765555	24.800283	27.451425	26.232071	20.851736	4.654300	2.502640	-8.118320	0.900999	0.090637	0.390258	-1.000000	-1.000000	-1.000000	-1.000000	-1.000000	-1.000000	-1.000000	74.551724	0.000000	-1.000000	-1.000000	1461187.000000	1772660811.049593
-26716.905000	-45190.080000	2303.280000	1928.970000	5909.310000	4957.695000	2877.885000	1850.175000	-9.960054	28.888913	37.991069	45.244058	44.421213	45.795842	34.351462	7.509479	4.654300	2.502640	-8.118320	0.900999	0.090637	0.390258	-1.000000	-1.000000	-1.000000	-1.000000	-1.000000	-1.000000	-1.000000	74.551724	0.000000	-1.000000	-1.000000	1461188.000000	1772660811.049600
-26684.955000	-45150.570000	2344.815000	1969.695000	5949.360000	4991.130000	2901.510000	1885.680000	-14.302163	26.164607	34.244820	41.302358	38.777970	39.021338	23.567855	-7.813875	4.654300	2.502640	-8.118320	0.900999	0.090637	0.390258	-1.000000	-1.000000	-1.000000	-1.000000	-1.000000	-1.000000	-1.000000	74.551724	0.000000	-1.000000	-1.000000	1461189.000000	1772660811.056331
-26636.850000	-45115.020000	2374.695000	1994.220000	5968.395000	5007.870000	2926.620000	1939.905000	-10.565496	13.966267	17.901396	22.044799	20.820768	18.377052	4.241652	-18.222613	4.654300	2.502640	-8.118320	0.900999	0.090637	0.390258	-1.000000	-1.000000	-1.000000	-1.000000	-1.000000	-1.000000	-1.000000	74.551724	0.000000	-1.000000	-1.000000	1461190.000000	1772660811.056338
-26648.280000	-45083.565000	2420.055000	2045.205000	6020.460000	5053.410000	2961.855000	1975.140000	-6.776396	3.046141	4.382606	5.323807	7.263743	1.279113	-9.303430	-21.102319	7.340060	-2.945180	-6.088740	0.904295	0.102478	0.391417	-1.000000	-1.000000	-1.000000	-1.000000	-1.000000	-1.000000	-1.000000	74.551724	0.000000	-1.000000	-1.000000	1461191.000000	1772660811.057548
-26568.945000	-45021.825000	2474.235000	2096.505000	6074.190000	5106.870000	3010.140000	2082.060000	-5.051575	-0.770980	0.946912	-0.021687	4.173031	-3.962948	-10.801411	-13.872819	7.340060	-2.945180	-6.088740	0.904295	0.102478	0.391417	-1.000000	-1.000000	-1.000000	-1.000000	-1.000000	-1.000000	-1.000000	74.551724	0.000000	-1.000000	-1.000000	1461192.000000	1772660811.057557
-26476.605000	-44983.980000	2502.180000	2120.715000	6095.970000	5116.275000	3001.725000	2118.690000	1.159837	0.931783	3.038246	1.334847	5.372786	-1.987173	-4.735202	2.951320	7.340060	-2.945180	-6.088740	0.904295	0.102478	0.391417	-1.000000	-1.000000	-1.000000	-1.000000	-1.000000	-1.000000	-1.000000	74.551724	0.000000	-1.000000	-1.000000	1461193.000000	1772660811.063197
-26447.670000	-44941.680000	2549.610000	2167.830000	6145.920000	5165.235000	3056.670000	2191.500000	12.922230	0.865236	0.288717	-2.044263	0.288130	-3.812916	-0.766433	19.061933	7.340060	-2.945180	-6.088740	0.904295	0.102478	0.391417	-1.000000	-1.000000	-1.000000	-1.000000	-1.000000	-1.000000	-1.000000	74.551724	0.000000	-1.000000	-1.000000	1461194.000000	1772660811.063204
-26393.985000	-44826.435000	2664.900000	2280.465000	6254.955000	5261.220000	3093.435000	2192.985000	22.606996	-4.232001	-9.859537	-13.059344	-11.806079	-12.212742	-2.674763	23.593576	7.340060	-2.945180	-6.088740	0.904295	0.102478	0.391417	-1.000000	-1.000000	-1.000000	-1.000000	-1.000000	-1.000000	-1.000000	74.551724	0.000000	-1.000000	-1.000000	1461195.000000	1772660811.065506
-26766.540000	-45090.540000	2440.935000	2077.470000	6058.665000	5084.505000	2945.475000	1754.280000	20.104961	-10.614605	-19.575307	-22.846292	-21.343041	-19.263001	-7.074836	11.290222	7.340060	-2.945180	-6.088740	0.904295	0.102478	0.391417	-1.000000	-1.000000	-1.000000	-1.000000	-1.000000	-1.000000	-1.000000	74.551724	0.000000	-1.000000	-1.000000	1461196.000000	1772660811.065515
-26874.540000	-45256.725000	2267.775000	1905.750000	5892.795000	4933.485000	2848.095000	1678.005000	-4.674738	-20.636309	-27.641744	-29.130795	-27.506846	-23.428013	-13.502560	-22.019547	7.340060	-2.945180	-6.088740	0.904295	0.102478	0.391417	-1.000000	-1.000000	-1.000000	-1.000000	-1.000000	-1.000000	-1.000000	74.551724	0.000000	-1.000000	-1.000000	1461197.000000	1772660811.069499
-26696.745000	-45213.975000	2280.285000	1908.585000	5893.470000	4938.480000	2871.045000	1850.895000	-45.344935	-38.323209	-39.198223	-37.691747	-37.214770	-30.303073	-22.871977	-64.450394	7.340060	-2.945180	-6.088740	0.904295	0.102478	0.391417	-1.000000	-1.000000	-1.000000	-1.000000	-1.000000	-1.000000	-1.000000	74.551724	0.000000	-1.000000	-1.000000	1461198.000000	1772660811.069508
-26652.600000	-45146.565000	2334.465000	1951.110000	5923.485000	4971.195000	2907.810000	1893.285000	-70.571782	-50.832464	-46.445873	-42.909754	-44.573471	-35.027780	-27.997743	-81.780895	7.340060	-2.945180	-6.088740	0.904295	0.102478	0.391417	-1.000000	-1.000000	-1.000000	-1.000000	-1.000000	-1.000000	-1.000000	74.551724	0.000000	-1.000000	-1.000000	1461199.000000	1772660811.073466
-26679.420000	-45155.565000	2329.110000	1947.375000	5924.880000	4973.310000	2900.340000	1881.450000	-55.649031	-39.660533	-34.497408	-31.527262	-35.538252	-25.932244	-20.010699	-53.079383	7.340060	-2.945180	-6.088740	0.904295	0.102478	0.391417	-1.000000	-1.000000	-1.000000	-1.000000	-1.000000	-1.000000	-1.000000	74.551724	0.000000	-1.000000	-1.000000	1461200.000000	1772660811.073473
-26696.295000	-45120.195000	2377.485000	2004.165000	5987.295000	5033.025000	2944.665000	1899.990000	-10.176288	-5.321449	-2.843614	-2.317324	-7.730541	-1.670482	-0.261162	5.000206	-6.470240	-5.325740	-0.778260	0.898069	0.130432	0.401549	-1.000000	-1.000000	-1.000000	-1.000000	-1.000000	-1.000000	-1.000000	74.551724	0.000000	-1.000000	-1.000000	1461201.000000	1772660811.077626
-26702.865000	-45072.315000	2440.395000	2068.650000	6059.385000	5091.030000	2975.130000	1872.675000	34.566094	33.707775	33.788374	32.255142	27.698453	27.621381	21.802585	56.786993	-6.470240	-5.325740	-0.778260	0.898069	0.130432	0.401549	-1.000000	-1.000000	-1.000000	-1.000000	-1.000000	-1.000000	-1.000000	74.551724	0.000000	-1.000000	-1.000000	1461202.000000	1772660811.077634
-26621.055000	-45052.245000	2455.290000	2074.230000	6069.645000	5099.895000	2991.060000	1957.410000	55.558840	57.698787	57.796674	55.830563	54.731085	48.142710	35.935251	77.173161	-6.470240	-5.325740	-0.778260	0.898069	0.130432	0.401549	-1.000000	-1.000000	-1.000000	-1.000000	-1.000000	-1.000000	-1.000000	74.551724	0.000000	-1.000000	-1.000000	1461203.000000	1772660811.081500
-26547.210000	-45011.115000	2481.120000	2098.980000	6075.540000	5109.885000	2997.810000	2034.720000	55.168850	58.700810	59.631321	58.189789	61.396932	50.445385	36.758675	69.551030	-6.470240	-5.325740	-0.778260	0.898069	0.130432	0.401549	-1.000000	-1.000000	-1.000000	-1.000000	-1.000000	-1.000000	-1.000000	74.551724	0.000000	-1.000000	-1.000000	1461204.000000	1772660811.081507
-26586.045000	-45097.380000	2387.880000	2010.420000	5986.800000	5017.545000	2911.635000	1987.245000	51.735551	45.131830	44.699383	43.532791	48.625344	37.082710	27.425033	57.281831	-6.470240	-5.325740	-0.778260	0.898069	0.130432	0.401549	-1.000000	-1.000000	-1.000000	-1.000000	-1.000000	-1.000000	-1.000000	74.551724	0.000000	-1.000000	-1.000000	1461205.000000	1772660811.085663
-26657.055000	-45169.515000	2329.155000	1960.470000	5982.345000	4976.595000	2899.935000	1963.305000	49.943324	28.041052	24.301717	23.139567	26.749471	17.566595	13.842901	48.637239	-6.470240	-5.325740	-0.778260	0.898069	0.130432	0.401549	-1.000000	-1.000000	-1.000000	-1.000000	-1.000000	-1.000000	-1.000000	74.551724	0.000000	-1.000000	-1.000000	1461206.000000	1772660811.085670
-26613.630000	-45087.705000	2417.625000	2041.020000	6063.480000	5062.860000	2970.855000	2012.850000	32.102894	7.770916	3.169018	2.866321	4.673672	-1.411933	-0.755119	26.601991	-6.470240	-5.325740	-0.778260	0.898069	0.130432	0.401549	-1.000000	-1.000000	-1.000000	-1.000000	-1.000000	-1.000000	-1.000000	74.551724	0.000000	-1.000000	-1.000000	1461207.000000	1772660811.092598
-26616.915000	-45081.765000	2423.655000	2037.690000	5986.710000	5049.945000	2955.960000	1987.470000	-10.278389	-16.240578	-16.574507	-15.036286	-14.025450	-15.957354	-13.428538	-18.038990	-6.470240	-5.325740	-0.778260	0.898069	0.130432	0.401549	-1.000000	-1.000000	-1.000000	-1.000000	-1.000000	-1.000000	-1.000000	74.551724	0.000000	-1.000000	-1.000000	1461208.000000	1772660811.092605
-26709.570000	-45146.070000	2361.825000	1972.710000	5906.025000	4977.585000	2910.960000	1913.805000	-58.672038	-38.101478	-32.125114	-29.360039	-31.401017	-25.795527	-22.501773	-69.076808	-6.470240	-5.325740	-0.778260	0.898069	0.130432	0.401549	-1.000000	-1.000000	-1.000000	-1.000000	-1.000000	-1.000000	-1.000000	74.551724	0.000000	-1.000000	-1.000000	1461209.000000	1772660811.093703
-26709.795000	-45126.540000	2386.485000	2006.235000	5968.530000	5012.865000	2939.850000	1922.625000	-87.911477	-51.724014	-42.690209	-40.517834	-48.465113	-33.901423	-28.380984	-101.541832	-6.470240	-5.325740	-0.778260	0.898069	0.130432	0.401549	-1.000000	-1.000000	-1.000000	-1.000000	-1.000000	-1.000000	-1.000000	74.551724	0.000000	-1.000000	-1.000000	1461210.000000	1772660811.093710
-26601.615000	-45059.490000	2446.830000	2077.695000	6043.275000	5070.780000	2965.230000	1986.570000	-83.571901	-52.160101	-45.819387	-45.205017	-56.411848	-38.216612	-29.246498	-98.273391	-3.891300	-6.088740	-0.869820	0.902219	0.124633	0.389464	-1.000000	-1.000000	-1.000000	-1.000000	-1.000000	-1.000000	-1.000000	74.551724	0.000000	-1.000000	-1.000000	1461211.000000	1772660811.103792
-26390.340000	-44895.915000	2588.580000	2208.735000	6173.460000	5193.135000	3058.515000	2199.465000	-43.765298	-34.246718	-34.903729	-35.121507	-42.533626	-30.125276	-20.677474	-55.994166	-3.891300	-6.088740	-0.869820	0.902219	0.124633	0.389464	-1.000000	-1.000000	-1.000000	-1.000000	-1.000000	-1.000000	-1.000000	74.551724	0.000000	-1.000000	-1.000000	1461212.000000	1772660811.103801
-26459.775000	-44990.010000	2476.575000	2080.080000	6053.130000	5100.030000	3019.770000	2151.405000	18.331008	0.986274	-7.344440	-7.743598	-5.920505	-5.539142	-0.861417	12.439743	-3.891300	-6.088740	-0.869820	0.902219	0.124633	0.389464	-1.000000	-1.000000	-1.000000	-1.000000	-1.000000	-1.000000	-1.000000	74.551724	0.000000	-1.000000	-1.000000	1461213.000000	1772660811.103944
-26733.240000	-45168.255000	2340.945000	1969.650000	5956.875000	5009.805000	2933.505000	1849.455000	70.673778	37.410772	25.020126	23.891676	35.015984	25.010254	22.955728	73.986396	-3.891300	-6.088740	-0.869820	0.902219	0.124633	0.389464	-1.000000	-1.000000	-1.000000	-1.000000	-1.000000	-1.000000	-1.000000	74.551724	0.000000	-1.000000	-1.000000	1461214.000000	1772660811.103952
-26716.320000	-45160.380000	2347.560000	1973.655000	5961.870000	5006.070000	2918.295000	1855.845000	78.319701	51.438863	41.982474	40.111783	55.110548	42.362051	35.413346	88.597316	-3.891300	-6.088740	-0.869820	0.902219	0.124633	0.389464	-1.000000	-1.000000	-1.000000	-1.000000	-1.000000	-1.000000	-1.000000	74.551724	0.000000	-1.000000	-1.000000	1461215.000000	1772660811.107728
-26742.870000	-45159.975000	2348.145000	1974.060000	5959.800000	4994.820000	2889.810000	1814.940000	37.157735	34.268077	33.654162	32.466973	44.133472	35.333659	26.031139	47.640580	-3.891300	-6.088740	-0.869820	0.902219	0.124633	0.389464	-1.000000	-1.000000	-1.000000	-1.000000	-1.000000	-1.000000	-1.000000	74.551724	0.000000	-1.000000	-1.000000	1461216.000000	1772660811.107736
-26711.865000	-45117.360000	2396.070000	2025.045000	6004.170000	5041.485000	2926.080000	1845.945000	-19.858596	0.609631	9.074636	9.960472	14.790857	10.552483	1.092226	-14.384993	-3.891300	-6.088740	-0.869820	0.902219	0.124633	0.389464	-1.000000	-1.000000	-1.000000	-1.000000	-1.000000	-1.000000	-1.000000	74.551724	0.000000	-1.000000	-1.000000	1461217.000000	1772660811.109684
-26709.345000	-45128.880000	2388.330000	2017.395000	5994.540000	5038.110000	2950.605000	1882.080000	-52.769197	-25.096354	-12.566586	-9.656733	-10.541508	-13.301232	-20.545023	-52.422485	-3.891300	-6.088740	-0.869820	0.902219	0.124633	0.389464	-1.000000	-1.000000	-1.000000	-1.000000	-1.000000	-1.000000	-1.000000	74.551724	0.000000	-1.000000	-1.000000	1461218.000000	1772660811.109691
-26612.370000	-45100.980000	2392.245000	2008.035000	5981.040000	5023.710000	2943.630000	1960.110000	-44.373081	-29.457591	-19.718278	-16.735013	-21.524391	-23.649428	-25.363257	-45.208084	-3.891300	-6.088740	-0.869820	0.902219	0.124633	0.389464	-1.000000	-1.000000	-1.000000	-1.000000	-1.000000	-1.000000	-1.000000	74.551724	0.000000	-1.000000	-1.000000	1461219.000000	1772660811.113715
-26635.140000	-45142.110000	2346.705000	1962.585000	5930.415000	4987.170000	2917.620000	1971.045000	-9.330445	-18.729832	-16.945808	-16.680058	-24.764459	-23.615875	-16.458564	-6.508579	-3.891300	-6.088740	-0.869820	0.902219	0.124633	0.389464	-1.000000	-1.000000	-1.000000	-1.000000	-1.000000	-1.000000	-1.000000	74.551724	0.000000	-1.000000	-1.000000	1461220.000000	1772660811.113722
-26578.440000	-45020.520000	2485.035000	2105.325000	6066.900000	5104.665000	2985.255000	2017.035000	21.663074	-6.205177	-12.364882	-15.704597	-26.005634	-19.654990	-4.539116	30.496825	5.417300	3.906560	-1.571780	0.930540	0.118957	0.366698	-1.000000	-1.000000	-1.000000	-1.000000	-1.000000	-1.000000	-1.000000	74.551724	0.000000	-1.000000	-1.000000	1461221.000000	1772660811.117604
-26662.770000	-45077.895000	2434.590000	2056.095000	6049.485000	5069.790000	2942.820000	1899.135000	32.340376	6.151794	-2.547171	-7.303921	-16.978643	-8.247074	6.350620	44.125416	5.417300	3.906560	-1.571780	0.930540	0.118957	0.366698	-1.000000	-1.000000	-1.000000	-1.000000	-1.000000	-1.000000	-1.000000	74.551724	0.000000	-1.000000	-1.000000	1461222.000000	1772660811.117612
-26673.840000	-45157.770000	2342.160000	1956.825000	5970.420000	4994.820000	2902.320000	1878.210000	29.445910	21.909296	16.215486	12.827061	7.613984	12.890813	16.545393	36.524739	5.417300	3.906560	-1.571780	0.930540	0.118957	0.366698	-1.000000	-1.000000	-1.000000	-1.000000	-1.000000	-1.000000	-1.000000	74.551724	0.000000	-1.000000	-1.000000	1461223.000000	1772660811.121775
-26616.105000	-45122.625000	2362.095000	1976.445000	5988.105000	5015.295000	2923.560000	1937.610000	22.893195	33.451835	31.758251	30.706630	32.466168	31.395286	22.201392	19.465312	5.417300	3.906560	-1.571780	0.930540	0.118957	0.366698	-1.000000	-1.000000	-1.000000	-1.000000	-1.000000	-1.000000	-1.000000	74.551724	0.000000	-1.000000	-1.000000	1461224.000000	1772660811.121783
-26601.030000	-45042.345000	2457.720000	2076.660000	6056.280000	5075.685000	2960.370000	1949.760000	14.663887	30.536640	30.651890	31.636500	39.378991	33.962913	19.627888	2.026283	5.417300	3.906560	-1.571780	0.930540	0.118957	0.366698	-1.000000	-1.000000	-1.000000	-1.000000	-1.000000	-1.000000	-1.000000	74.551724	0.000000	-1.000000	-1.000000	1461225.000000	1772660811.125645
-26675.550000	-45102.240000	2411.145000	2031.165000	5991.075000	5023.845000	2928.105000	1893.735000	2.938935	14.188707	14.695529	17.257458	26.372595	20.438080	10.054328	-12.191561	5.417300	3.906560	-1.571780	0.930540	0.118957	0.366698	-1.000000	-1.000000	-1.000000	-1.000000	-1.000000	-1.000000	-1.000000	74.551724	0.000000	-1.000000	-1.000000	1461226.000000	1772660811.125652
-26646.390000	-45147.105000	2352.870000	1964.205000	5916.960000	4979.700000	2903.445000	1944.270000	-13.421747	-8.855038	-7.573411	-4.212980	0.587540	-2.202726	-4.046540	-23.884588	5.417300	3.906560	-1.571780	0.930540	0.118957	0.366698	-1.000000	-1.000000	-1.000000	-1.000000	-1.000000	-1.000000	-1.000000	74.551724	0.000000	-1.000000	-1.000000	1461227.000000	1772660811.129661
-26648.055000	-45140.040000	2361.510000	1974.600000	5932.485000	4992.255000	2893.680000	1925.595000	-30.963902	-31.343588	-28.694776	-25.746625	-28.022180	-24.981960	-18.906929	-32.663691	5.417300	3.906560	-1.571780	0.930540	0.118957	0.366698	-1.000000	-1.000000	-1.000000	-1.000000	-1.000000	-1.000000	-1.000000	74.551724	0.000000	-1.000000	-1.000000	1461228.000000	1772660811.129668
-26652.465000	-45127.170000	2378.385000	1994.850000	5966.730000	5024.205000	2932.515000	1942.110000	-42.597628	-44.402432	-40.507940	-38.837188	-45.669137	-37.363917	-27.642814	-36.147883	5.417300	3.906560	-1.571780	0.930540	0.118957	0.366698	-1.000000	-1.000000	-1.000000	-1.000000	-1.000000	-1.000000	-1.000000	74.551724	0.000000	-1.000000	-1.000000	1461229.000000	1772660811.133784
-26589.060000	-45078.390000	2421.180000	2036.295000	6007.905000	5067.945000	2995.785000	2052.495000	-40.576647	-40.785131	-36.714303	-36.357617	-42.049919	-32.721065	-23.740568	-29.475288	5.417300	3.906560	-1.571780	0.930540	0.118957	0.366698	-1.000000	-1.000000	-1.000000	-1.000000	-1.000000	-1.000000	-1.000000	74.551724	0.000000	-1.000000	-1.000000	1461230.000000	1772660811.133794
-26628.120000	-45105.660000	2397.735000	2015.505000	5987.925000	5045.580000	2974.770000	1984.320000	-19.019324	-18.242161	-15.994336	-16.612402	-17.582754	-11.967146	-5.946825	-6.282888	-1.007160	19.639620	-1.876980	0.955015	0.121338	0.335815	-1.000000	-1.000000	-1.000000	-1.000000	-1.000000	-1.000000	-1.000000	74.551724	0.000000	-1.000000	-1.000000	1461231.000000	1772660811.137602
-26673.930000	-45163.215000	2335.230000	1950.345000	5922.990000	4980.960000	2920.545000	1904.400000	15.043457	15.295003	14.339977	13.115629	15.687239	15.183800	16.932514	25.707628	-1.007160	19.639620	-1.876980	0.955015	0.121338	0.335815	-1.000000	-1.000000	-1.000000	-1.000000	-1.000000	-1.000000	-1.000000	74.551724	0.000000	-1.000000	-1.000000	1461232.000000	1772660811.137610
-26631.090000	-45115.065000	2381.805000	1995.480000	5965.560000	5017.545000	2946.825000	1956.735000	40.517366	40.674745	37.220942	35.806327	38.904587	32.651530	29.398267	43.620843	-1.007160	19.639620	-1.876980	0.955015	0.121338	0.335815	-1.000000	-1.000000	-1.000000	-1.000000	-1.000000	-1.000000	-1.000000	74.551724	0.000000	-1.000000	-1.000000	1461233.000000	1772660811.141478
-26580.870000	-45060.570000	2439.900000	2054.835000	6022.035000	5065.560000	2982.780000	2025.765000	44.159678	43.779732	39.628388	38.302488	41.016304	31.252184	24.061029	37.005588	-1.007160	19.639620	-1.876980	0.955015	0.121338	0.335815	-1.000000	-1.000000	-1.000000	-1.000000	-1.000000	-1.000000	-1.000000	74.551724	0.000000	-1.000000	-1.000000	1461234.000000	1772660811.141485
-26584.290000	-45067.095000	2433.825000	2050.470000	6021.720000	5063.310000	2974.545000	2025.765000	31.310938	28.507708	24.984984	23.900561	27.479583	16.946120	7.783172	16.999640	-1.007160	19.639620	-1.876980	0.955015	0.121338	0.335815	-1.000000	-1.000000	-1.000000	-1.000000	-1.000000	-1.000000	-1.000000	74.551724	0.000000	-1.000000	-1.000000	1461235.000000	1772660811.145671
-26612.325000	-45073.080000	2435.670000	2055.870000	6032.205000	5074.830000	2975.085000	1983.735000	11.688427	7.780079	5.921695	5.481734	10.658797	1.704177	-7.887494	-3.735065	-1.007160	19.639620	-1.876980	0.955015	0.121338	0.335815	-1.000000	-1.000000	-1.000000	-1.000000	-1.000000	-1.000000	-1.000000	74.551724	0.000000	-1.000000	-1.000000	1461236.000000	1772660811.145678
-26568.720000	-45016.785000	2496.510000	2118.735000	6095.070000	5135.670000	3026.745000	2033.460000	-9.189498	-8.995876	-8.049415	-7.345245	-2.014977	-7.366848	-15.525509	-20.366007	-1.007160	19.639620	-1.876980	0.955015	0.121338	0.335815	-1.000000	-1.000000	-1.000000	-1.000000	-1.000000	-1.000000	-1.000000	74.551724	0.000000	-1.000000	-1.000000	1461237.000000	1772660811.150570
-26690.535000	-45121.140000	2403.405000	2027.610000	6003.405000	5046.885000	2955.555000	1879.785000	-26.875888	-19.666078	-15.617473	-13.873141	-11.324790	-11.368003	-15.308731	-31.527857	-1.007160	19.639620	-1.876980	0.955015	0.121338	0.335815	-1.000000	-1.000000	-1.000000	-1.000000	-1.000000	-1.000000	-1.000000	74.551724	0.000000	-1.000000	-1.000000	1461238.000000	1772660811.150576
-26618.490000	-45060.480000	2459.205000	2078.820000	6050.745000	5090.220000	2992.365000	1961.775000	-36.717792	-25.961241	-20.228567	-18.389811	-21.040154	-15.305597	-12.933192	-36.387517	-1.007160	19.639620	-1.876980	0.955015	0.121338	0.335815	-1.000000	-1.000000	-1.000000	-1.000000	-1.000000	-1.000000	-1.000000	74.551724	0.000000	-1.000000	-1.000000	1461239.000000	1772660811.154749
-26580.690000	-45022.365000	2489.760000	2102.355000	6070.500000	5102.955000	2996.730000	1998.585000	-31.751249	-24.389022	-19.759769	-19.159493	-27.237726	-17.478148	-9.807488	-28.382257	-1.007160	19.639620	-1.876980	0.955015	0.121338	0.335815	-1.000000	-1.000000	-1.000000	-1.000000	-1.000000	-1.000000	-1.000000	74.551724	0.000000	-1.000000	-1.000000	1461240.000000	1772660811.154756
-26718.930000	-45152.055000	2362.635000	1978.740000	5951.835000	4988.880000	2889.180000	1827.045000	-11.239630	-11.906851	-10.891461	-12.288830	-23.239259	-12.967307	-3.866403	-4.631777	-22.874740	12.864180	2.319520	0.923704	0.136291	0.344604	-1.000000	-1.000000	-1.000000	-1.000000	-1.000000	-1.000000	-1.000000	74.551724	0.000000	-1.000000	-1.000000	1461241.000000	1772660811.157644
-26714.970000	-45201.105000	2308.860000	1928.610000	5908.410000	4954.320000	2869.380000	1867.950000	9.499792	0.290087	-2.840328	-5.571547	-14.582565	-6.928816	0.528831	19.207449	-22.874740	12.864180	2.319520	0.923704	0.136291	0.344604	-1.000000	-1.000000	-1.000000	-1.000000	-1.000000	-1.000000	-1.000000	74.551724	0.000000	-1.000000	-1.000000	1461242.000000	1772660811.157651
-26684.280000	-45151.785000	2359.620000	1978.020000	5960.790000	5011.335000	2936.295000	1931.895000	16.361794	0.360253	-5.545223	-7.971839	-10.298439	-6.330375	-0.542456	27.432036	-22.874740	12.864180	2.319520	0.923704	0.136291	0.344604	-1.000000	-1.000000	-1.000000	-1.000000	-1.000000	-1.000000	-1.000000	74.551724	0.000000	-1.000000	-1.000000	1461243.000000	1772660811.161677
-26661.285000	-45138.645000	2367.090000	1980.405000	5962.995000	5017.005000	2944.530000	1929.555000	12.657736	-5.431601	-11.878644	-12.800318	-7.085212	-6.356092	-1.144101	22.815848	-22.874740	12.864180	2.319520	0.923704	0.136291	0.344604	-1.000000	-1.000000	-1.000000	-1.000000	-1.000000	-1.000000	-1.000000	74.551724	0.000000	-1.000000	-1.000000	1461244.000000	1772660811.161684
-26647.065000	-45166.905000	2331.405000	1941.795000	5925.870000	4981.680000	2909.205000	1916.685000	8.641476	-4.699348	-9.595778	-9.081745	1.423195	-0.397928	4.117158	14.709070	-22.874740	12.864180	2.319520	0.923704	0.136291	0.344604	-1.000000	-1.000000	-1.000000	-1.000000	-1.000000	-1.000000	-1.000000	74.551724	0.000000	-1.000000	-1.000000	1461245.000000	1772660811.165656
-26646.615000	-45136.260000	2371.410000	1985.085000	5968.530000	5016.285000	2924.460000	1915.605000	8.733837	4.200192	1.985271	3.018293	12.681991	8.882420	11.028579	7.398905	-22.874740	12.864180	2.319520	0.923704	0.136291	0.344604	-1.000000	-1.000000	-1.000000	-1.000000	-1.000000	-1.000000	-1.000000	74.551724	0.000000	-1.000000	-1.000000	1461246.000000	1772660811.165666
-26619.615000	-45097.290000	2415.600000	2029.725000	6010.335000	5052.600000	2959.065000	1957.860000	11.872986	16.488413	17.233721	18.076062	22.366267	17.107861	14.332330	3.110836	-22.874740	12.864180	2.319520	0.923704	0.136291	0.344604	-1.000000	-1.000000	-1.000000	-1.000000	-1.000000	-1.000000	-1.000000	74.551724	0.000000	-1.000000	-1.000000	1461247.000000	1772660811.178659
-26623.980000	-45113.940000	2397.555000	2010.690000	5990.535000	5032.170000	2947.005000	1967.580000	14.341476	26.731062	30.276192	30.955438	28.584677	22.666273	13.865624	3.011931	-22.874740	12.864180	2.319520	0.923704	0.136291	0.344604	-1.000000	-1.000000	-1.000000	-1.000000	-1.000000	-1.000000	-1.000000	74.551724	0.000000	-1.000000	-1.000000	1461248.000000	1772660811.178666
-26644.275000	-45119.250000	2394.900000	2008.125000	5986.530000	5028.075000	2947.725000	1966.320000	11.495221	28.477604	34.110778	35.060809	28.043028	22.924346	10.831107	4.695846	-22.874740	12.864180	2.319520	0.923704	0.136291	0.344604	-1.000000	-1.000000	-1.000000	-1.000000	-1.000000	-1.000000	-1.000000	74.551724	0.000000	-1.000000	-1.000000	1461249.000000	1772660811.178832
-26649.180000	-45114.885000	2392.650000	2000.925000	5977.845000	5026.770000	2956.860000	1967.445000	3.137779	20.262917	26.479855	27.794228	19.874568	17.170384	7.108013	5.604679	-22.874740	12.864180	2.319520	0.923704	0.136291	0.344604	-1.000000	-1.000000	-1.000000	-1.000000	-1.000000	-1.000000	-1.000000	74.551724	0.000000	-1.000000	-1.000000	1461250.000000	1772660811.178840
-26529.975000	-45030.600000	2465.145000	2068.335000	6041.880000	5089.770000	3015.540000	2085.570000	-4.950307	8.058713	12.569666	13.529752	8.069426	8.505239	4.599219	4.945553	-18.922400	7.080640	-7.065380	0.891782	0.138549	0.363585	-1.000000	-1.000000	-1.000000	-1.000000	-1.000000	-1.000000	-1.000000	74.551724	0.000000	-1.000000	-1.000000	1461251.000000	1772660811.178848
-26436.915000	-44936.955000	2566.710000	2176.065000	6148.035000	5185.260000	3072.510000	2191.365000	-6.336464	-1.162687	-0.380455	-0.609832	-2.077141	0.627792	2.686807	3.057888	-18.922400	7.080640	-7.065380	0.891782	0.138549	0.363585	-1.000000	-1.000000	-1.000000	-1.000000	-1.000000	-1.000000	-1.000000	74.551724	0.000000	-1.000000	-1.000000	1461252.000000	1772660811.178852
-26669.880000	-45133.155000	2378.205000	1989.495000	5968.395000	5010.660000	2923.560000	1879.425000	-3.745539	-7.408792	-10.182837	-11.331233	-9.177751	-6.269519	-2.090136	-2.719526	-18.922400	7.080640	-7.065380	0.891782	0.138549	0.363585	-1.000000	-1.000000	-1.000000	-1.000000	-1.000000	-1.000000	-1.000000	74.551724	0.000000	-1.000000	-1.000000	1461253.000000	1772660811.181582
-26757.405000	-45234.495000	2281.005000	1898.595000	5883.705000	4932.810000	2862.405000	1804.995000	-11.003028	-19.578060	-23.366376	-24.161761	-19.732654	-18.049777	-14.337130	-20.917020	-18.922400	7.080640	-7.065380	0.891782	0.138549	0.363585	-1.000000	-1.000000	-1.000000	-1.000000	-1.000000	-1.000000	-1.000000	74.551724	0.000000	-1.000000	-1.000000	1461254.000000	1772660811.181592
-26673.255000	-45172.935000	2335.410000	1948.545000	5932.260000	4984.605000	2909.835000	1916.415000	-30.819228	-39.687460	-42.106405	-41.654642	-36.498241	-35.546267	-31.273640	-47.103967	-18.922400	7.080640	-7.065380	0.891782	0.138549	0.363585	-1.000000	-1.000000	-1.000000	-1.000000	-1.000000	-1.000000	-1.000000	74.551724	0.000000	-1.000000	-1.000000	1461255.000000	1772660811.185845
-26673.165000	-45159.840000	2350.170000	1963.530000	5945.805000	4995.270000	2917.800000	1917.000000	-43.734896	-52.054944	-52.879470	-51.556479	-47.226665	-45.611632	-39.588392	-56.991814	-18.922400	7.080640	-7.065380	0.891782	0.138549	0.363585	-1.000000	-1.000000	-1.000000	-1.000000	-1.000000	-1.000000	-1.000000	74.551724	0.000000	-1.000000	-1.000000	1461256.000000	1772660811.185853
-26673.210000	-45136.080000	2378.070000	1994.670000	5975.820000	5019.660000	2934.495000	1918.305000	-32.899797	-40.633182	-40.877721	-39.747764	-37.525878	-34.884124	-28.802174	-35.843014	-18.922400	7.080640	-7.065380	0.891782	0.138549	0.363585	-1.000000	-1.000000	-1.000000	-1.000000	-1.000000	-1.000000	-1.000000	74.551724	0.000000	-1.000000	-1.000000	1461257.000000	1772660811.190950
-26656.335000	-45117.315000	2395.575000	2013.930000	5996.925000	5036.400000	2945.295000	1928.385000	-1.485023	-6.440941	-6.642001	-6.333038	-6.670820	-4.329806	-1.695083	6.205401	-18.922400	7.080640	-7.065380	0.891782	0.138549	0.363585	-1.000000	-1.000000	-1.000000	-1.000000	-1.000000	-1.000000	-1.000000	74.551724	0.000000	-1.000000	-1.000000	1461258.000000	1772660811.190958
-26610.030000	-45083.205000	2426.445000	2042.370000	6019.155000	5055.390000	2960.460000	1958.310000	34.218339	34.075138	34.092097	33.667827	31.342555	31.395401	28.191788	46.789159	-18.922400	7.080640	-7.065380	0.891782	0.138549	0.363585	-1.000000	-1.000000	-1.000000	-1.000000	-1.000000	-1.000000	-1.000000	74.551724	0.000000	-1.000000	-1.000000	1461259.000000	1772660811.194682
-26607.465000	-45084.015000	2421.810000	2032.065000	5999.175000	5038.830000	2944.395000	1953.405000	54.407130	58.778591	59.255828	58.368136	55.069543	52.027067	44.022538	63.934522	-18.922400	7.080640	-7.065380	0.891782	0.138549	0.363585	-1.000000	-1.000000	-1.000000	-1.000000	-1.000000	-1.000000	-1.000000	74.551724	0.000000	-1.000000	-1.000000	1461260.000000	1772660811.194690
-26653.275000	-45122.490000	2389.770000	2004.660000	5976.585000	5014.935000	2914.695000	1919.025000	47.299036	53.874324	54.643660	53.359318	49.951870	45.207312	36.789566	49.259143	-7.111160	0.915600	-2.395820	0.882993	0.131042	0.368041	-1.000000	-1.000000	-1.000000	-1.000000	-1.000000	-1.000000	-1.000000	74.551724	0.000000	-1.000000	-1.000000	1461261.000000	1772660811.197663
-26637.615000	-45093.060000	2423.925000	2040.795000	6019.110000	5062.995000	2964.780000	1969.560000	21.364695	27.124493	27.748788	26.192658	23.487677	19.606621	15.171845	19.107195	-7.111160	0.915600	-2.395820	0.882993	0.131042	0.368041	-1.000000	-1.000000	-1.000000	-1.000000	-1.000000	-1.000000	-1.000000	74.551724	0.000000	-1.000000	-1.000000	1461262.000000	1772660811.197670
-26589.915000	-45051.840000	2459.025000	2072.610000	6049.305000	5091.885000	2995.290000	2022.210000	-2.045534	0.923864	1.064608	-0.388132	-1.607310	-2.814324	-2.093459	-0.663332	-7.111160	0.915600	-2.395820	0.882993	0.131042	0.368041	-1.000000	-1.000000	-1.000000	-1.000000	-1.000000	-1.000000	-1.000000	74.551724	0.000000	-1.000000	-1.000000	1461263.000000	1772660811.204178
-26558.820000	-45047.880000	2461.275000	2075.895000	6055.380000	5096.160000	3002.715000	2050.380000	-11.348623	-11.713583	-12.254948	-13.207642	-12.587370	-10.999567	-6.695621	-3.362381	-7.111160	0.915600	-2.395820	0.882993	0.131042	0.368041	-1.000000	-1.000000	-1.000000	-1.000000	-1.000000	-1.000000	-1.000000	74.551724	0.000000	-1.000000	-1.000000	1461264.000000	1772660811.204185
-26670.060000	-45131.310000	2393.865000	2013.930000	5997.510000	5040.270000	2946.825000	1914.570000	-12.487019	-16.067725	-17.038922	-17.121273	-14.845969	-11.593208	-5.908352	-3.401342	-7.111160	0.915600	-2.395820	0.882993	0.131042	0.368041	-1.000000	-1.000000	-1.000000	-1.000000	-1.000000	-1.000000	-1.000000	74.551724	0.000000	-1.000000	-1.000000	1461265.000000	1772660811.208941
-26635.320000	-45114.705000	2398.860000	2011.005000	5987.520000	5029.425000	2950.920000	1963.035000	-15.706476	-21.612103	-22.207393	-21.272752	-18.043365	-14.486206	-9.052290	-13.662313	-7.111160	0.915600	-2.395820	0.882993	0.131042	0.368041	-1.000000	-1.000000	-1.000000	-1.000000	-1.000000	-1.000000	-1.000000	74.551724	0.000000	-1.000000	-1.000000	1461266.000000	1772660811.208949
-26643.780000	-45129.060000	2377.890000	1985.985000	5961.555000	5008.320000	2942.100000	1942.740000	-21.885145	-28.489443	-28.355755	-26.968972	-24.053024	-21.180661	-16.602445	-30.103096	-7.111160	0.915600	-2.395820	0.882993	0.131042	0.368041	-1.000000	-1.000000	-1.000000	-1.000000	-1.000000	-1.000000	-1.000000	74.551724	0.000000	-1.000000	-1.000000	1461267.000000	1772660811.210501
-26652.240000	-45142.740000	2361.870000	1971.315000	5949.810000	4993.560000	2923.875000	1922.670000	-25.667381	-30.807381	-30.469475	-29.520120	-28.012544	-26.412255	-22.780976	-40.617487	-7.111160	0.915600	-2.395820	0.882993	0.131042	0.368041	-1.000000	-1.000000	-1.000000	-1.000000	-1.000000	-1.000000	-1.000000	74.551724	0.000000	-1.000000	-1.000000	1461268.000000	1772660811.210511
-26657.190000	-45139.230000	2373.615000	1988.505000	5970.105000	5009.220000	2931.570000	1927.575000	-23.813226	-25.053028	-24.947217	-24.618727	-24.474898	-24.521900	-22.474256	-38.689323	-7.111160	0.915600	-2.395820	0.882993	0.131042	0.368041	-1.000000	-1.000000	-1.000000	-1.000000	-1.000000	-1.000000	-1.000000	74.551724	0.000000	-1.000000	-1.000000	1461269.000000	1772660811.213477
-26674.695000	-45132.390000	2388.645000	2006.910000	5991.345000	5023.980000	2924.505000	1907.685000	-14.092409	-10.109642	-9.990976	-9.705000	-10.174340	-12.129746	-13.174039	-22.683919	-7.111160	0.915600	-2.395820	0.882993	0.131042	0.368041	-1.000000	-1.000000	-1.000000	-1.000000	-1.000000	-1.000000	-1.000000	74.551724	0.000000	-1.000000	-1.000000	1461270.000000	1772660811.213485
-26657.415000	-45100.890000	2420.370000	2034.225000	6005.430000	5040.180000	2917.125000	1900.170000	3.492413	12.001531	12.609537	13.261404	12.330174	8.614172	2.667771	3.454758	5.432560	-0.640920	1.022420	0.889402	0.125183	0.369445	-1.000000	-1.000000	-1.000000	-1.000000	-1.000000	-1.000000	-1.000000	74.551724	0.000000	-1.000000	-1.000000	1461271.000000	1772660811.219023
-26644.590000	-45114.480000	2398.365000	2008.170000	5979.375000	5033.880000	2950.650000	1930.140000	21.642756	32.114133	33.224943	33.910895	31.868060	27.715411	17.076553	27.308028	5.432560	-0.640920	1.022420	0.889402	0.125183	0.369445	-1.000000	-1.000000	-1.000000	-1.000000	-1.000000	-1.000000	-1.000000	74.551724	0.000000	-1.000000	-1.000000	1461272.000000	1772660811.219030
-26647.515000	-45114.570000	2400.255000	2009.655000	5977.215000	5031.090000	2963.295000	1946.970000	30.743691	39.161803	40.062611	40.061198	36.630408	34.536025	23.909226	38.143378	5.432560	-0.640920	1.022420	0.889402	0.125183	0.369445	-1.000000	-1.000000	-1.000000	-1.000000	-1.000000	-1.000000	-1.000000	74.551724	0.000000	-1.000000	-1.000000	1461273.000000	1772660811.221611
-26646.435000	-45112.905000	2408.670000	2017.935000	5981.580000	5029.560000	2947.455000	1946.610000	28.502443	30.928104	30.753388	29.683771	25.731289	27.323372	23.098430	36.425094	5.432560	-0.640920	1.022420	0.889402	0.125183	0.369445	-1.000000	-1.000000	-1.000000	-1.000000	-1.000000	-1.000000	-1.000000	74.551724	0.000000	-1.000000	-1.000000	1461274.000000	1772660811.221616
-26648.280000	-45094.005000	2424.555000	2030.580000	5995.620000	5039.415000	2952.945000	1941.480000	18.806633	14.233518	13.029638	11.303861	8.455551	12.631083	16.658113	27.127764	5.432560	-0.640920	1.022420	0.889402	0.125183	0.369445	-1.000000	-1.000000	-1.000000	-1.000000	-1.000000	-1.000000	-1.000000	74.551724	0.000000	-1.000000	-1.000000	1461275.000000	1772660811.225599
-26648.910000	-45107.505000	2406.105000	2016.045000	5990.490000	5035.500000	2953.125000	1943.145000	5.244324	-3.035041	-4.215875	-5.550016	-5.645297	-1.820279	6.514130	12.511622	5.432560	-0.640920	1.022420	0.889402	0.125183	0.369445	-1.000000	-1.000000	-1.000000	-1.000000	-1.000000	-1.000000	-1.000000	74.551724	0.000000	-1.000000	-1.000000	1461276.000000	1772660811.225606
-26594.280000	-45105.930000	2399.490000	2007.675000	5984.460000	5030.055000	2957.310000	1997.595000	-8.165904	-16.021754	-16.415587	-16.431870	-12.968969	-11.764359	-4.249073	-3.932038	5.432560	-0.640920	1.022420	0.889402	0.125183	0.369445	-1.000000	-1.000000	-1.000000	-1.000000	-1.000000	-1.000000	-1.000000	74.551724	0.000000	-1.000000	-1.000000	1461277.000000	1772660811.229548
-26621.505000	-45130.545000	2374.920000	1985.895000	5963.265000	5019.210000	2945.835000	1958.265000	-15.608723	-22.433878	-22.545040	-21.255800	-15.177586	-16.558627	-12.050081	-15.769116	5.432560	-0.640920	1.022420	0.889402	0.125183	0.369445	-1.000000	-1.000000	-1.000000	-1.000000	-1.000000	-1.000000	-1.000000	74.551724	0.000000	-1.000000	-1.000000	1461278.000000	1772660811.229554
-26651.295000	-45149.130000	2353.005000	1966.320000	5940.630000	5001.885000	2929.860000	1923.930000	-14.975089	-22.183131	-23.161289	-21.455370	-15.365010	-17.332859	-14.977371	-19.905389	5.432560	-0.640920	1.022420	0.889402	0.125183	0.369445	-1.000000	-1.000000	-1.000000	-1.000000	-1.000000	-1.000000	-1.000000	74.551724	0.000000	-1.000000	-1.000000	1461279.000000	1772660811.233601
-26628.705000	-45126.855000	2377.935000	1991.205000	5966.955000	5021.145000	2942.235000	1955.250000	-10.562967	-17.203443	-19.312162	-18.021772	-14.546881	-15.293583	-13.699304	-18.846060	5.432560	-0.640920	1.022420	0.889402	0.125183	0.369445	-1.000000	-1.000000	-1.000000	-1.000000	-1.000000	-1.000000	-1.000000	74.551724	0.000000	-1.000000	-1.000000	1461280.000000	1772660811.233609
-26609.220000	-45101.115000	2407.590000	2016.360000	5988.960000	5044.455000	2971.080000	1989.765000	-6.816296	-8.901046	-10.774169	-10.170144	-10.347202	-10.157344	-9.834367	-15.245212	10.041080	1.297100	1.480220	0.906492	0.121582	0.369872	-1.000000	-1.000000	-1.000000	-1.000000	-1.000000	-1.000000	-1.000000	74.551724	0.000000	-1.000000	-1.000000	1461281.000000	1772660811.237534
-26641.890000	-45103.590000	2415.330000	2026.260000	5998.545000	5052.330000	2979.450000	1961.235000	-3.946746	2.323904	2.619886	2.522046	-0.632523	-1.074131	-3.914296	-9.247309	10.041080	1.297100	1.480220	0.906492	0.121582	0.369872	-1.000000	-1.000000	-1.000000	-1.000000	-1.000000	-1.000000	-1.000000	74.551724	0.000000	-1.000000	-1.000000	1461282.000000	1772660811.237542
-26622.315000	-45088.560000	2428.785000	2040.345000	6012.810000	5058.630000	2969.370000	1960.245000	-0.972348	13.512705	16.698777	16.022799	11.582444	9.784419	3.352066	-1.866949	10.041080	1.297100	1.480220	0.906492	0.121582	0.369872	-1.000000	-1.000000	-1.000000	-1.000000	-1.000000	-1.000000	-1.000000	74.551724	0.000000	-1.000000	-1.000000	1461283.000000	1772660811.241632
-26539.245000	-45030.420000	2475.585000	2084.445000	6060.195000	5102.280000	2991.780000	2047.185000	3.067713	20.145280	24.996692	24.122512	20.267814	17.706090	9.344863	5.270996	10.041080	1.297100	1.480220	0.906492	0.121582	0.369872	-1.000000	-1.000000	-1.000000	-1.000000	-1.000000	-1.000000	-1.000000	74.551724	0.000000	-1.000000	-1.000000	1461284.000000	1772660811.241638
-26528.175000	-45005.130000	2504.025000	2112.030000	6090.615000	5135.445000	3022.695000	2095.245000	9.049673	20.870853	25.045402	24.300359	22.191035	20.003193	11.898076	12.612016	10.041080	1.297100	1.480220	0.906492	0.121582	0.369872	-1.000000	-1.000000	-1.000000	-1.000000	-1.000000	-1.000000	-1.000000	74.551724	0.000000	-1.000000	-1.000000	1461285.000000	1772660811.245975
-26746.020000	-45180.720000	2341.935000	1955.070000	5937.795000	4992.795000	2905.560000	1816.605000	11.085242	14.439359	16.339859	15.786591	15.550991	14.923715	9.592002	15.184450	10.041080	1.297100	1.480220	0.906492	0.121582	0.369872	-1.000000	-1.000000	-1.000000	-1.000000	-1.000000	-1.000000	-1.000000	74.551724	0.000000	-1.000000	-1.000000	1461286.000000	1772660811.245981
-26698.590000	-45198.990000	2312.595000	1922.940000	5904.990000	4965.120000	2903.355000	1868.220000	0.695577	-2.148870	-2.524530	-2.916402	-1.825510	-0.113111	0.734825	3.635370	10.041080	1.297100	1.480220	0.906492	0.121582	0.369872	-1.000000	-1.000000	-1.000000	-1.000000	-1.000000	-1.000000	-1.000000	74.551724	0.000000	-1.000000	-1.000000	1461287.000000	1772660811.251657
-26642.070000	-45130.095000	2381.760000	1992.015000	5972.805000	5024.970000	2939.760000	1933.020000	-15.365925	-22.888126	-24.964567	-25.284031	-23.640373	-19.994547	-10.867572	-15.493577	10.041080	1.297100	1.480220	0.906492	0.121582	0.369872	-1.000000	-1.000000	-1.000000	-1.000000	-1.000000	-1.000000	-1.000000	74.551724	0.000000	-1.000000	-1.000000	1461288.000000	1772660811.251665
-26636.265000	-45076.590000	2444.985000	2057.220000	6034.005000	5074.380000	2959.020000	1917.990000	-20.476348	-31.952066	-35.086562	-35.338663	-33.894516	-30.218148	-16.118419	-23.509898	10.041080	1.297100	1.480220	0.906492	0.121582	0.369872	-1.000000	-1.000000	-1.000000	-1.000000	-1.000000	-1.000000	-1.000000	74.551724	0.000000	-1.000000	-1.000000	1461289.000000	1772660811.253712
-26646.075000	-45075.420000	2452.590000	2068.695000	6041.880000	5079.465000	2965.635000	1909.260000	-9.880834	-20.954755	-24.037905	-23.891112	-23.256345	-21.915770	-11.096027	-14.628031	10.041080	1.297100	1.480220	0.906492	0.121582	0.369872	-1.000000	-1.000000	-1.000000	-1.000000	-1.000000	-1.000000	-1.000000	74.551724	0.000000	-1.000000	-1.000000	1461290.000000	1772660811.253720
-26658.585000	-45123.210000	2396.565000	2010.690000	5987.250000	5032.935000	2942.055000	1931.895000	7.556967	1.549874	-0.538820	0.342897	-0.009378	-1.773820	-0.331594	3.005628	2.197440	3.433500	0.564620	0.913267	0.120483	0.370299	-1.000000	-1.000000	-1.000000	-1.000000	-1.000000	-1.000000	-1.000000	74.551724	0.000000	-1.000000	-1.000000	1461291.000000	1772660811.257659
-26667.000000	-45148.230000	2357.055000	1963.620000	5940.540000	4990.635000	2919.690000	1932.975000	19.751573	18.340273	17.089454	18.394694	17.528577	14.548169	8.547705	19.228176	2.197440	3.433500	0.564620	0.913267	0.120483	0.370299	-1.000000	-1.000000	-1.000000	-1.000000	-1.000000	-1.000000	-1.000000	74.551724	0.000000	-1.000000	-1.000000	1461292.000000	1772660811.257667
-26619.795000	-45114.165000	2393.685000	2000.520000	5979.330000	5017.410000	2932.650000	1959.120000	19.244457	18.833323	17.752459	18.574895	17.883711	16.461325	10.365273	25.323946	2.197440	3.433500	0.564620	0.913267	0.120483	0.370299	-1.000000	-1.000000	-1.000000	-1.000000	-1.000000	-1.000000	-1.000000	74.551724	0.000000	-1.000000	-1.000000	1461293.000000	1772660811.262457
-26635.590000	-45123.795000	2390.625000	1999.755000	5979.600000	5005.890000	2909.430000	1927.800000	9.322493	7.859360	6.981732	6.675343	6.454714	7.261110	5.934304	18.896272	2.197440	3.433500	0.564620	0.913267	0.120483	0.370299	-1.000000	-1.000000	-1.000000	-1.000000	-1.000000	-1.000000	-1.000000	74.551724	0.000000	-1.000000	-1.000000	1461294.000000	1772660811.262464
-26652.825000	-45143.685000	2368.395000	1977.255000	5958.540000	4996.350000	2911.185000	1912.905000	1.235081	-0.569589	-0.579638	-1.850083	-1.735679	-0.524501	1.347906	8.264324	2.197440	3.433500	0.564620	0.913267	0.120483	0.370299	-1.000000	-1.000000	-1.000000	-1.000000	-1.000000	-1.000000	-1.000000	74.551724	0.000000	-1.000000	-1.000000	1461295.000000	1772660811.267265
-26643.330000	-45138.015000	2374.695000	1983.105000	5955.345000	5015.610000	2939.085000	1944.855000	0.688265	1.081124	2.388869	0.869573	1.003540	1.172258	1.809935	2.433397	2.197440	3.433500	0.564620	0.913267	0.120483	0.370299	-1.000000	-1.000000	-1.000000	-1.000000	-1.000000	-1.000000	-1.000000	74.551724	0.000000	-1.000000	-1.000000	1461296.000000	1772660811.267272
-26603.100000	-45098.595000	2418.120000	2029.680000	6004.395000	5066.865000	2985.480000	2015.865000	2.433361	7.026645	9.547260	8.590302	8.477713	8.663121	6.310140	0.871934	2.197440	3.433500	0.564620	0.913267	0.120483	0.370299	-1.000000	-1.000000	-1.000000	-1.000000	-1.000000	-1.000000	-1.000000	74.551724	0.000000	-1.000000	-1.000000	1461297.000000	1772660811.269866
-26624.520000	-45129.960000	2381.400000	1990.215000	5968.215000	5027.670000	2950.920000	1960.020000	0.348413	7.493428	10.369452	10.468323	10.289351	12.427221	9.171810	-1.174378	2.197440	3.433500	0.564620	0.913267	0.120483	0.370299	-1.000000	-1.000000	-1.000000	-1.000000	-1.000000	-1.000000	-1.000000	74.551724	0.000000	-1.000000	-1.000000	1461298.000000	1772660811.269873
-26599.320000	-45108.765000	2400.930000	2007.990000	5983.965000	5037.525000	2960.325000	2016.585000	-5.039079	0.090274	1.789119	2.726026	3.106516	7.096680	5.705300	-5.677015	2.197440	3.433500	0.564620	0.913267	0.120483	0.370299	-1.000000	-1.000000	-1.000000	-1.000000	-1.000000	-1.000000	-1.000000	74.551724	0.000000	-1.000000	-1.000000	1461299.000000	1772660811.274917
-26613.540000	-45081.270000	2439.405000	2046.735000	6015.510000	5056.470000	2960.730000	1981.305000	-9.411550	-8.245363	-8.506978	-7.429058	-6.322818	-3.175455	-2.649576	-11.169656	2.197440	3.433500	0.564620	0.913267	0.120483	0.370299	-1.000000	-1.000000	-1.000000	-1.000000	-1.000000	-1.000000	-1.000000	74.551724	0.000000	-1.000000	-1.000000	1461300.000000	1772660811.274926
-26689.050000	-45146.295000	2375.325000	1981.935000	5951.295000	4994.505000	2910.645000	1850.670000	-11.777972	-10.734754	-11.667146	-10.856104	-9.843502	-10.588613	-10.589043	-17.595167	-1.861720	8.820280	-2.060100	0.926572	0.120483	0.363769	-1.000000	-1.000000	-1.000000	-1.000000	-1.000000	-1.000000	-1.000000	74.551724	0.000000	-1.000000	-1.000000	1461301.000000	1772660811.277592
-26645.265000	-45139.590000	2373.705000	1983.105000	5958.045000	5005.980000	2930.940000	1926.045000	-14.656293	-9.296969	-9.063751	-8.445220	-8.440284	-13.406902	-15.082478	-25.728777	-1.861720	8.820280	-2.060100	0.926572	0.120483	0.363769	-1.000000	-1.000000	-1.000000	-1.000000	-1.000000	-1.000000	-1.000000	74.551724	0.000000	-1.000000	-1.000000	1461302.000000	1772660811.277609
-26622.405000	-45108.540000	2404.710000	2016.990000	5996.115000	5047.470000	2962.260000	1966.275000	-14.639924	-6.740818	-5.486982	-4.934325	-5.868234	-12.067061	-13.722641	-26.609410	-1.861720	8.820280	-2.060100	0.926572	0.120483	0.363769	-1.000000	-1.000000	-1.000000	-1.000000	-1.000000	-1.000000	-1.000000	74.551724	0.000000	-1.000000	-1.000000	1461303.000000	1772660811.281653
-26622.630000	-45112.005000	2399.805000	2008.035000	5985.270000	5036.760000	2949.120000	1962.405000	-4.975891	-0.599651	-0.052145	0.330362	-0.610751	-4.668635	-4.833144	-9.674351	-1.861720	8.820280	-2.060100	0.926572	0.120483	0.363769	-1.000000	-1.000000	-1.000000	-1.000000	-1.000000	-1.000000	-1.000000	74.551724	0.000000	-1.000000	-1.000000	1461304.000000	1772660811.281661
-26697.600000	-45174.690000	2342.835000	1954.665000	5938.605000	4996.575000	2918.385000	1878.210000	9.740796	7.070686	5.871569	5.818762	5.866317	4.945158	5.830523	15.888867	-1.861720	8.820280	-2.060100	0.926572	0.120483	0.363769	-1.000000	-1.000000	-1.000000	-1.000000	-1.000000	-1.000000	-1.000000	74.551724	0.000000	-1.000000	-1.000000	1461305.000000	1772660811.285706
-26677.980000	-45157.860000	2362.770000	1977.795000	5961.285000	5013.315000	2922.210000	1906.020000	16.480451	8.022024	5.629453	5.065349	6.504409	7.719580	8.978456	29.025358	-1.861720	8.820280	-2.060100	0.926572	0.120483	0.363769	-1.000000	-1.000000	-1.000000	-1.000000	-1.000000	-1.000000	-1.000000	74.551724	0.000000	-1.000000	-1.000000	1461306.000000	1772660811.285713
-26606.205000	-45091.890000	2425.680000	2036.655000	6014.250000	5062.635000	2969.235000	1980.585000	12.214579	1.686380	-0.537915	-1.340488	0.813772	2.840851	4.175794	24.046780	-1.861720	8.820280	-2.060100	0.926572	0.120483	0.363769	-1.000000	-1.000000	-1.000000	-1.000000	-1.000000	-1.000000	-1.000000	74.551724	0.000000	-1.000000	-1.000000	1461307.000000	1772660811.291325
-26661.600000	-45118.575000	2402.100000	2012.895000	5986.620000	5031.135000	2940.885000	1888.875000	5.302289	-3.346810	-4.368482	-5.106597	-3.751266	-1.759135	-0.758870	11.337116	-1.861720	8.820280	-2.060100	0.926572	0.120483	0.363769	-1.000000	-1.000000	-1.000000	-1.000000	-1.000000	-1.000000	-1.000000	74.551724	0.000000	-1.000000	-1.000000	1461308.000000	1772660811.291333
-26641.755000	-45085.995000	2440.710000	2052.585000	6024.780000	5061.330000	2960.280000	1938.510000	1.523045	-2.213743	-1.763605	-2.274413	-2.872544	-1.260081	-0.785438	0.106582	-1.861720	8.820280	-2.060100	0.926572	0.120483	0.363769	-1.000000	-1.000000	-1.000000	-1.000000	-1.000000	-1.000000	-1.000000	74.551724	0.000000	-1.000000	-1.000000	1461309.000000	1772660811.293924
-26636.040000	-45096.570000	2429.685000	2042.730000	6019.695000	5061.690000	2962.395000	1948.455000	1.168257	3.200226	4.868963	4.720242	2.302031	3.444144	3.385510	-4.151255	-1.861720	8.820280	-2.060100	0.926572	0.120483	0.363769	-1.000000	-1.000000	-1.000000	-1.000000	-1.000000	-1.000000	-1.000000	74.551724	0.000000	-1.000000	-1.000000	1461310.000000	1772660811.293932
-26614.170000	-45110.835000	2405.610000	2014.425000	5990.580000	5033.385000	2955.285000	1975.950000	2.737095	8.273944	10.435211	10.574820	7.496845	8.251419	7.932354	-0.360078	-4.135460	11.704420	-0.457800	0.925962	0.119873	0.367248	-1.000000	-1.000000	-1.000000	-1.000000	-1.000000	-1.000000	-1.000000	74.551724	0.000000	-1.000000	-1.000000	1461311.000000	1772660811.297673
-26603.730000	-45106.020000	2405.070000	2012.310000	5989.230000	5029.830000	2948.895000	1970.280000	3.804406	8.300801	9.678094	9.657459	7.201996	7.648694	8.139974	5.209504	-4.135460	11.704420	-0.457800	0.925962	0.119873	0.367248	-1.000000	-1.000000	-1.000000	-1.000000	-1.000000	-1.000000	-1.000000	74.551724	0.000000	-1.000000	-1.000000	1461312.000000	1772660811.297680
-26640.270000	-45116.730000	2403.765000	2016.720000	6001.470000	5044.320000	2950.830000	1935.675000	2.500234	2.726142	2.317359	1.850022	0.952007	0.826965	2.712720	5.491509	-4.135460	11.704420	-0.457800	0.925962	0.119873	0.367248	-1.000000	-1.000000	-1.000000	-1.000000	-1.000000	-1.000000	-1.000000	74.551724	0.000000	-1.000000	-1.000000	1461313.000000	1772660811.301750
-26659.620000	-45113.715000	2410.920000	2024.370000	6008.355000	5051.880000	2956.230000	1921.635000	-1.687601	-4.370590	-6.228518	-6.784772	-5.692665	-6.665575	-4.688813	-1.102433	-4.135460	11.704420	-0.457800	0.925962	0.119873	0.367248	-1.000000	-1.000000	-1.000000	-1.000000	-1.000000	-1.000000	-1.000000	74.551724	0.000000	-1.000000	-1.000000	1461314.000000	1772660811.301755
-26694.225000	-45145.845000	2379.555000	1993.095000	5974.605000	5017.095000	2926.395000	1868.040000	-8.391906	-9.563118	-11.488390	-11.568579	-8.944480	-10.353180	-9.970846	-11.787073	-4.135460	11.704420	-0.457800	0.925962	0.119873	0.367248	-1.000000	-1.000000	-1.000000	-1.000000	-1.000000	-1.000000	-1.000000	74.551724	0.000000	-1.000000	-1.000000	1461315.000000	1772660811.305775
-26632.305000	-45077.670000	2450.565000	2062.485000	6038.010000	5081.580000	2991.420000	1946.205000	-15.310893	-12.046694	-12.762458	-12.156951	-9.285290	-10.083716	-11.394436	-21.400162	-4.135460	11.704420	-0.457800	0.925962	0.119873	0.367248	-1.000000	-1.000000	-1.000000	-1.000000	-1.000000	-1.000000	-1.000000	74.551724	0.000000	-1.000000	-1.000000	1461316.000000	1772660811.305783
-26581.455000	-45055.665000	2461.995000	2067.300000	6032.295000	5082.930000	3004.380000	1985.220000	-15.684808	-9.846228	-9.139217	-8.147529	-6.462166	-5.634206	-7.304423	-21.198256	-4.135460	11.704420	-0.457800	0.925962	0.119873	0.367248	-1.000000	-1.000000	-1.000000	-1.000000	-1.000000	-1.000000	-1.000000	74.551724	0.000000	-1.000000	-1.000000	1461317.000000	1772660811.309936
-26648.595000	-45178.605000	2324.520000	1926.675000	5897.295000	4951.980000	2896.605000	1932.795000	-5.324060	-3.236402	-2.400473	-1.767460	-2.134718	0.694654	0.577043	-6.957682	-4.135460	11.704420	-0.457800	0.925962	0.119873	0.367248	-1.000000	-1.000000	-1.000000	-1.000000	-1.000000	-1.000000	-1.000000	74.551724	0.000000	-1.000000	-1.000000	1461318.000000	1772660811.309943
-26664.705000	-45179.820000	2332.710000	1939.365000	5915.070000	4964.805000	2884.635000	1912.410000	7.833816	1.140452	0.500707	0.177730	-1.914097	2.007261	4.349126	10.953238	-4.135460	11.704420	-0.457800	0.925962	0.119873	0.367248	-1.000000	-1.000000	-1.000000	-1.000000	-1.000000	-1.000000	-1.000000	74.551724	0.000000	-1.000000	-1.000000	1461319.000000	1772660811.313814
-26612.325000	-45108.315000	2408.760000	2014.605000	5987.880000	5035.365000	2948.625000	1991.385000	13.185182	0.901889	-0.888715	-1.883198	-4.308480	-1.512477	1.116285	19.342520	-4.135460	11.704420	-0.457800	0.925962	0.119873	0.367248	-1.000000	-1.000000	-1.000000	-1.000000	-1.000000	-1.000000	-1.000000	74.551724	0.000000	-1.000000	-1.000000	1461320.000000	1772660811.313818
-26653.140000	-45122.355000	2397.285000	2003.490000	5977.260000	5037.660000	2973.870000	1963.845000	10.040838	2.168848	1.435253	0.696450	-0.717775	-0.978731	-1.450105	17.177823	1.419180	9.629060	-3.418240	0.916624	0.119507	0.379027	-1.000000	-1.000000	-1.000000	-1.000000	-1.000000	-1.000000	-1.000000	74.551724	0.000000	-1.000000	-1.000000	1461321.000000	1772660811.324766
-26660.655000	-45156.645000	2360.970000	1966.095000	5937.840000	4999.410000	2941.065000	1910.655000	3.785529	7.357073	9.114998	9.204282	9.161561	5.923401	2.278677	9.870790	1.419180	9.629060	-3.418240	0.916624	0.119507	0.379027	-1.000000	-1.000000	-1.000000	-1.000000	-1.000000	-1.000000	-1.000000	74.551724	0.000000	-1.000000	-1.000000	1461322.000000	1772660811.324776
-26659.350000	-45160.560000	2359.845000	1964.160000	5935.410000	4990.095000	2922.120000	1913.940000	-0.840713	11.340815	14.677780	15.343386	16.133442	11.649502	7.966339	0.848702	1.419180	9.629060	-3.418240	0.916624	0.119507	0.379027	-1.000000	-1.000000	-1.000000	-1.000000	-1.000000	-1.000000	-1.000000	74.551724	0.000000	-1.000000	-1.000000	1461323.000000	1772660811.324787
-26674.065000	-45164.745000	2356.920000	1963.935000	5938.560000	4993.425000	2914.155000	1908.855000	-2.275864	9.537332	12.380878	13.064940	14.124587	10.195502	8.631541	-7.179952	1.419180	9.629060	-3.418240	0.916624	0.119507	0.379027	-1.000000	-1.000000	-1.000000	-1.000000	-1.000000	-1.000000	-1.000000	74.551724	0.000000	-1.000000	-1.000000	1461324.000000	1772660811.324791
-26666.595000	-45168.525000	2348.955000	1957.005000	5932.710000	4989.105000	2912.895000	1902.825000	-2.943840	1.768153	2.682253	3.234022	4.649587	2.352047	2.270512	-12.344162	1.419180	9.629060	-3.418240	0.916624	0.119507	0.379027	-1.000000	-1.000000	-1.000000	-1.000000	-1.000000	-1.000000	-1.000000	74.551724	0.000000	-1.000000	-1.000000	1461325.000000	1772660811.325902
-26636.175000	-45137.340000	2379.780000	1989.405000	5963.445000	5013.855000	2926.620000	1928.655000	-4.473146	-7.343330	-8.427239	-7.688260	-5.573124	-6.024429	-6.519276	-13.786585	1.419180	9.629060	-3.418240	0.916624	0.119507	0.379027	-1.000000	-1.000000	-1.000000	-1.000000	-1.000000	-1.000000	-1.000000	74.551724	0.000000	-1.000000	-1.000000	1461326.000000	1772660811.325909
-26625.555000	-45111.060000	2410.605000	2020.455000	5992.470000	5042.970000	2953.305000	1944.720000	-3.603490	-8.983030	-10.868712	-9.712843	-7.358567	-6.598664	-8.849562	-9.176357	1.419180	9.629060	-3.418240	0.916624	0.119507	0.379027	-1.000000	-1.000000	-1.000000	-1.000000	-1.000000	-1.000000	-1.000000	74.551724	0.000000	-1.000000	-1.000000	1461327.000000	1772660811.329699
-26606.565000	-45096.390000	2430.630000	2040.570000	6009.030000	5056.155000	2961.045000	1989.810000	2.155597	0.525410	-0.618630	0.582761	1.710787	2.805184	-0.731007	1.980923	1.419180	9.629060	-3.418240	0.916624	0.119507	0.379027	-1.000000	-1.000000	-1.000000	-1.000000	-1.000000	-1.000000	-1.000000	74.551724	0.000000	-1.000000	-1.000000	1461328.000000	1772660811.329706
-26555.355000	-45045.405000	2483.505000	2092.545000	6058.080000	5097.735000	2986.200000	2041.920000	9.498353	13.087080	13.361002	13.824788	12.482348	13.328950	10.530776	14.517960	1.419180	9.629060	-3.418240	0.916624	0.119507	0.379027	-1.000000	-1.000000	-1.000000	-1.000000	-1.000000	-1.000000	-1.000000	74.551724	0.000000	-1.000000	-1.000000	1461329.000000	1772660811.333789
-26707.365000	-45170.055000	2363.985000	1972.260000	5943.870000	4993.155000	2897.550000	1832.580000	12.091423	16.927289	18.117896	17.300446	13.746890	13.996595	13.517920	19.476897	1.419180	9.629060	-3.418240	0.916624	0.119507	0.379027	-1.000000	-1.000000	-1.000000	-1.000000	-1.000000	-1.000000	-1.000000	74.551724	0.000000	-1.000000	-1.000000	1461330.000000	1772660811.333797
-26691.030000	-45155.925000	2375.550000	1978.560000	5952.195000	5007.060000	2922.660000	1876.905000	4.997700	6.905934	7.916493	5.849835	1.904555	1.829796	4.309734	10.365475	0.961380	7.599480	-1.968540	0.910459	0.126587	0.380187	-1.000000	-1.000000	-1.000000	-1.000000	-1.000000	-1.000000	-1.000000	74.551724	0.000000	-1.000000	-1.000000	1461331.000000	1772660811.337775
-26662.545000	-45126.630000	2406.420000	2009.205000	5981.445000	5038.740000	2957.535000	1929.330000	-8.496350	-10.552278	-10.708035	-13.486716	-15.682071	-14.908932	-9.030160	-6.658877	0.961380	7.599480	-1.968540	0.910459	0.126587	0.380187	-1.000000	-1.000000	-1.000000	-1.000000	-1.000000	-1.000000	-1.000000	74.551724	0.000000	-1.000000	-1.000000	1461332.000000	1772660811.337781
-26666.415000	-45149.040000	2381.805000	1984.365000	5955.795000	5013.180000	2936.835000	1912.230000	-17.607809	-22.847254	-24.497901	-27.111134	-26.613860	-24.058556	-15.254476	-16.987234	0.961380	7.599480	-1.968540	0.910459	0.126587	0.380187	-1.000000	-1.000000	-1.000000	-1.000000	-1.000000	-1.000000	-1.000000	74.551724	0.000000	-1.000000	-1.000000	1461333.000000	1772660811.341693
-26665.245000	-45164.295000	2358.945000	1966.320000	5944.410000	4999.005000	2921.490000	1907.910000	-16.377907	-23.846821	-26.488002	-27.928188	-25.296146	-21.538471	-12.196026	-14.922138	0.961380	7.599480	-1.968540	0.910459	0.126587	0.380187	-1.000000	-1.000000	-1.000000	-1.000000	-1.000000	-1.000000	-1.000000	74.551724	0.000000	-1.000000	-1.000000	1461334.000000	1772660811.341700
-26672.985000	-45142.740000	2385.405000	2002.635000	5979.690000	5023.170000	2928.240000	1929.510000	-7.874882	-15.633917	-18.211889	-17.602597	-14.092759	-11.077110	-5.003176	-5.660665	0.961380	7.599480	-1.968540	0.910459	0.126587	0.380187	-1.000000	-1.000000	-1.000000	-1.000000	-1.000000	-1.000000	-1.000000	74.551724	0.000000	-1.000000	-1.000000	1461335.000000	1772660811.346151
-26600.850000	-45082.170000	2449.845000	2069.145000	6043.770000	5082.795000	2975.985000	2019.105000	2.839146	-1.798352	-3.190582	-0.241064	2.745135	2.980509	2.418606	5.096229	0.961380	7.599480	-1.968540	0.910459	0.126587	0.380187	-1.000000	-1.000000	-1.000000	-1.000000	-1.000000	-1.000000	-1.000000	74.551724	0.000000	-1.000000	-1.000000	1461336.000000	1772660811.346159
-26568.990000	-45091.215000	2426.310000	2036.205000	6014.115000	5064.255000	2974.005000	2002.545000	12.676688	12.900234	13.074580	17.394003	18.735666	15.763533	8.309488	13.367712	0.961380	7.599480	-1.968540	0.910459	0.126587	0.380187	-1.000000	-1.000000	-1.000000	-1.000000	-1.000000	-1.000000	-1.000000	74.551724	0.000000	-1.000000	-1.000000	1461337.000000	1772660811.349626
-26650.215000	-45167.625000	2350.620000	1958.220000	5939.235000	4994.730000	2922.930000	1910.790000	18.100513	20.652436	21.513116	25.001885	24.477743	20.219818	10.017701	14.144264	0.961380	7.599480	-1.968540	0.910459	0.126587	0.380187	-1.000000	-1.000000	-1.000000	-1.000000	-1.000000	-1.000000	-1.000000	74.551724	0.000000	-1.000000	-1.000000	1461338.000000	1772660811.349633
-26655.345000	-45157.005000	2364.480000	1972.530000	5951.160000	5003.955000	2927.070000	1910.835000	16.192820	17.377540	17.773226	18.457860	16.639275	13.671525	6.348441	6.957922	0.961380	7.599480	-1.968540	0.910459	0.126587	0.380187	-1.000000	-1.000000	-1.000000	-1.000000	-1.000000	-1.000000	-1.000000	74.551724	0.000000	-1.000000	-1.000000	1461339.000000	1772660811.353812
-26664.480000	-45152.370000	2369.835000	1979.370000	5956.155000	5005.125000	2916.135000	1886.445000	8.106093	7.740257	7.613619	5.338164	2.902767	2.175634	0.102857	-2.391875	0.961380	7.599480	-1.968540	0.910459	0.126587	0.380187	-1.000000	-1.000000	-1.000000	-1.000000	-1.000000	-1.000000	-1.000000	74.551724	0.000000	-1.000000	-1.000000	1461340.000000	1772660811.353817
-26657.190000	-45156.690000	2363.130000	1972.710000	5951.835000	5003.955000	2928.645000	1912.230000	-2.790211	-1.681171	-1.479066	-5.091865	-7.525695	-6.797308	-5.297629	-9.891507	-3.860780	4.639040	-0.701960	0.908018	0.136535	0.380187	-1.000000	-1.000000	-1.000000	-1.000000	-1.000000	-1.000000	-1.000000	74.551724	0.000000	-1.000000	-1.000000	1461341.000000	1772660811.357709
-26630.955000	-45132.435000	2391.390000	2001.645000	5977.080000	5024.790000	2949.210000	1958.445000	-12.137630	-7.198143	-5.900798	-8.860120	-10.649900	-9.626025	-7.192210	-12.859196	-3.860780	4.639040	-0.701960	0.908018	0.136535	0.380187	-1.000000	-1.000000	-1.000000	-1.000000	-1.000000	-1.000000	-1.000000	74.551724	0.000000	-1.000000	-1.000000	1461342.000000	1772660811.357717
-26592.030000	-45091.575000	2433.375000	2043.045000	6016.230000	5058.360000	2970.225000	2009.700000	-14.748486	-6.487708	-3.837108	-5.102715	-5.939105	-5.283985	-3.436029	-7.558757	-3.860780	4.639040	-0.701960	0.908018	0.136535	0.380187	-1.000000	-1.000000	-1.000000	-1.000000	-1.000000	-1.000000	-1.000000	74.551724	0.000000	-1.000000	-1.000000	1461343.000000	1772660811.362310
-26667.720000	-45150.750000	2373.480000	1983.015000	5958.945000	5005.350000	2921.670000	1898.820000	-10.042331	-1.371912	2.074485	2.203948	2.179488	2.531343	3.506722	2.584152	-3.860780	4.639040	-0.701960	0.908018	0.136535	0.380187	-1.000000	-1.000000	-1.000000	-1.000000	-1.000000	-1.000000	-1.000000	74.551724	0.000000	-1.000000	-1.000000	1461344.000000	1772660811.362318
-26688.645000	-45174.240000	2351.700000	1963.890000	5946.390000	4998.195000	2919.555000	1894.995000	-5.622193	0.296759	3.131287	3.764108	4.513567	5.239239	6.129175	5.342493	-3.860780	4.639040	-0.701960	0.908018	0.136535	0.380187	-1.000000	-1.000000	-1.000000	-1.000000	-1.000000	-1.000000	-1.000000	74.551724	0.000000	-1.000000	-1.000000	1461345.000000	1772660811.365638
-26631.540000	-45134.325000	2397.285000	2013.345000	5995.080000	5044.590000	2958.435000	1986.165000	-6.752515	-5.018626	-3.922570	-3.082726	-1.388201	0.109458	1.564860	-2.518274	-3.860780	4.639040	-0.701960	0.908018	0.136535	0.380187	-1.000000	-1.000000	-1.000000	-1.000000	-1.000000	-1.000000	-1.000000	74.551724	0.000000	-1.000000	-1.000000	1461346.000000	1772660811.365646
-26533.170000	-45059.625000	2456.685000	2065.095000	6042.825000	5090.220000	3002.355000	2077.425000	-4.919983	-8.003767	-8.824579	-7.463011	-5.174665	-3.659852	-2.653683	-5.373818	-3.860780	4.639040	-0.701960	0.908018	0.136535	0.380187	-1.000000	-1.000000	-1.000000	-1.000000	-1.000000	-1.000000	-1.000000	74.551724	0.000000	-1.000000	-1.000000	1461347.000000	1772660811.369554
-26659.710000	-45135.945000	2388.375000	1998.945000	5978.745000	5021.010000	2919.240000	1874.970000	7.991975	-0.187805	-2.780872	-1.008701	0.856901	1.056824	-0.159445	6.513788	-3.860780	4.639040	-0.701960	0.908018	0.136535	0.380187	-1.000000	-1.000000	-1.000000	-1.000000	-1.000000	-1.000000	-1.000000	74.551724	0.000000	-1.000000	-1.000000	1461348.000000	1772660811.369558
-26688.690000	-45156.555000	2375.865000	1991.205000	5973.435000	5016.195000	2913.165000	1868.400000	21.251800	10.727981	7.038120	8.554348	9.244874	7.578701	3.797589	17.597324	-3.860780	4.639040	-0.701960	0.908018	0.136535	0.380187	-1.000000	-1.000000	-1.000000	-1.000000	-1.000000	-1.000000	-1.000000	74.551724	0.000000	-1.000000	-1.000000	1461349.000000	1772660811.373785
-26577.090000	-45068.490000	2452.050000	2059.695000	6034.635000	5076.270000	2985.975000	2029.860000	20.946828	13.330367	10.043391	10.727065	10.245848	7.448868	2.819693	13.224160	-3.860780	4.639040	-0.701960	0.908018	0.136535	0.380187	-1.000000	-1.000000	-1.000000	-1.000000	-1.000000	-1.000000	-1.000000	74.551724	0.000000	-1.000000	-1.000000	1461350.000000	1772660811.373794
-26668.980000	-45147.195000	2377.260000	1986.255000	5963.670000	5010.210000	2938.410000	1922.715000	8.601070	7.112220	5.378700	4.896675	3.628277	1.282748	-1.129847	-0.279776	-3.998120	0.854560	0.595140	0.907651	0.134704	0.379455	-1.000000	-1.000000	-1.000000	-1.000000	-1.000000	-1.000000	-1.000000	74.551724	0.000000	-1.000000	-1.000000	1461351.000000	1772660811.377782
-26700.705000	-45176.985000	2349.360000	1958.355000	5937.390000	4986.585000	2914.155000	1870.830000	-8.168765	-4.280051	-4.327196	-5.964387	-7.436512	-7.684592	-4.986669	-13.858413	-3.998120	0.854560	0.595140	0.907651	0.134704	0.379455	-1.000000	-1.000000	-1.000000	-1.000000	-1.000000	-1.000000	-1.000000	74.551724	0.000000	-1.000000	-1.000000	1461352.000000	1772660811.377788
-26618.265000	-45116.640000	2401.920000	2007.045000	5984.010000	5030.460000	2951.910000	1953.990000	-21.174255	-15.597402	-14.497625	-16.775951	-17.831370	-15.435658	-7.482483	-22.446896	-3.998120	0.854560	0.595140	0.907651	0.134704	0.379455	-1.000000	-1.000000	-1.000000	-1.000000	-1.000000	-1.000000	-1.000000	74.551724	0.000000	-1.000000	-1.000000	1461353.000000	1772660811.381714
-26582.355000	-45081.720000	2443.995000	2053.800000	6030.315000	5068.305000	2970.315000	1989.135000	-20.594596	-17.536989	-16.148164	-18.245529	-18.722860	-15.127592	-5.944851	-18.728768	-3.998120	0.854560	0.595140	0.907651	0.134704	0.379455	-1.000000	-1.000000	-1.000000	-1.000000	-1.000000	-1.000000	-1.000000	74.551724	0.000000	-1.000000	-1.000000	1461354.000000	1772660811.381718
-26661.330000	-45151.065000	2377.620000	1989.270000	5967.990000	5006.790000	2912.535000	1899.810000	-7.153796	-7.837292	-6.642546	-7.642269	-7.788785	-5.575856	-0.962506	-4.255544	-3.998120	0.854560	0.595140	0.907651	0.134704	0.379455	-1.000000	-1.000000	-1.000000	-1.000000	-1.000000	-1.000000	-1.000000	74.551724	0.000000	-1.000000	-1.000000	1461355.000000	1772660811.385832
-26674.290000	-45164.745000	2360.385000	1969.380000	5949.630000	4996.395000	2915.190000	1909.395000	5.573168	3.451191	4.665449	5.424907	5.556041	4.983824	2.276579	8.473241	-3.998120	0.854560	0.595140	0.907651	0.134704	0.379455	-1.000000	-1.000000	-1.000000	-1.000000	-1.000000	-1.000000	-1.000000	74.551724	0.000000	-1.000000	-1.000000	1461356.000000	1772660811.385839
-26639.910000	-45139.050000	2382.975000	1992.195000	5971.905000	5018.625000	2938.230000	1955.205000	9.916330	8.294741	9.549740	11.837071	12.430951	10.089562	2.739528	14.894622	-3.998120	0.854560	0.595140	0.907651	0.134704	0.379455	-1.000000	-1.000000	-1.000000	-1.000000	-1.000000	-1.000000	-1.000000	74.551724	0.000000	-1.000000	-1.000000	1461357.000000	1772660811.389740
-26604.090000	-45117.945000	2401.830000	2010.960000	5987.745000	5031.000000	2948.490000	2009.970000	10.614819	8.808611	9.362949	11.995981	12.975439	10.955979	4.157836	19.972938	-3.998120	0.854560	0.595140	0.907651	0.134704	0.379455	-1.000000	-1.000000	-1.000000	-1.000000	-1.000000	-1.000000	-1.000000	74.551724	0.000000	-1.000000	-1.000000	1461358.000000	1772660811.389747
-26680.995000	-45162.630000	2369.295000	1986.390000	5964.525000	5010.435000	2925.495000	1904.850000	9.971079	7.616702	7.059387	8.909947	9.893837	9.370444	6.077345	20.662620	-3.998120	0.854560	0.595140	0.907651	0.134704	0.379455	-1.000000	-1.000000	-1.000000	-1.000000	-1.000000	-1.000000	-1.000000	74.551724	0.000000	-1.000000	-1.000000	1461359.000000	1772660811.393934
-26650.665000	-45135.270000	2395.395000	2010.105000	5985.720000	5030.325000	2943.810000	1939.320000	5.075758	4.375610	3.508222	4.300627	4.939741	5.720691	5.287782	9.870684	-3.998120	0.854560	0.595140	0.907651	0.134704	0.379455	-1.000000	-1.000000	-1.000000	-1.000000	-1.000000	-1.000000	-1.000000	74.551724	0.000000	-1.000000	-1.000000	1461360.000000	1772660811.393940
-26629.830000	-45120.960000	2405.430000	2015.955000	5991.660000	5035.050000	2948.085000	1960.380000	-1.481711	1.461408	1.241226	1.112085	1.163766	2.305103	2.753243	-6.551042	0.289940	-1.007160	0.701960	0.908201	0.126098	0.378844	-1.000000	-1.000000	-1.000000	-1.000000	-1.000000	-1.000000	-1.000000	74.551724	0.000000	-1.000000	-1.000000	1461361.000000	1772660811.397888
-26592.165000	-45108.765000	2412.360000	2019.870000	5994.045000	5036.310000	2951.685000	2011.230000	-4.643908	0.854419	1.197169	0.116437	-0.504174	0.067657	0.544055	-16.521278	0.289940	-1.007160	0.701960	0.908201	0.126098	0.378844	-1.000000	-1.000000	-1.000000	-1.000000	-1.000000	-1.000000	-1.000000	74.551724	0.000000	-1.000000	-1.000000	1461362.000000	1772660811.397895
-26477.730000	-45007.920000	2511.540000	2118.060000	6090.570000	5127.390000	3029.625000	2154.555000	-2.762121	1.828540	1.799539	-0.267064	-1.380135	-1.717004	-0.693311	-14.286549	0.289940	-1.007160	0.701960	0.908201	0.126098	0.378844	-1.000000	-1.000000	-1.000000	-1.000000	-1.000000	-1.000000	-1.000000	74.551724	0.000000	-1.000000	-1.000000	1461363.000000	1772660811.404565
-26610.615000	-45094.275000	2437.785000	2048.220000	6026.040000	5065.965000	2967.660000	1972.755000	3.232231	4.263860	3.271381	0.665793	-0.505809	-1.526145	0.287826	-2.160551	0.289940	-1.007160	0.701960	0.908201	0.126098	0.378844	-1.000000	-1.000000	-1.000000	-1.000000	-1.000000	-1.000000	-1.000000	74.551724	0.000000	-1.000000	-1.000000	1461364.000000	1772660811.404575
-26654.850000	-45148.005000	2379.645000	1988.100000	5966.280000	5009.580000	2923.830000	1929.285000	6.483693	4.750177	3.478481	1.398499	0.771621	-0.425001	1.453565	7.376433	0.289940	-1.007160	0.701960	0.908201	0.126098	0.378844	-1.000000	-1.000000	-1.000000	-1.000000	-1.000000	-1.000000	-1.000000	74.551724	0.000000	-1.000000	-1.000000	1461365.000000	1772660811.405607
-26692.245000	-45180.405000	2348.010000	1955.790000	5933.205000	4979.655000	2905.425000	1873.575000	-0.870398	-2.604812	-2.974450	-3.557390	-3.215951	-3.893903	-2.307283	1.647459	0.289940	-1.007160	0.701960	0.908201	0.126098	0.378844	-1.000000	-1.000000	-1.000000	-1.000000	-1.000000	-1.000000	-1.000000	74.551724	0.000000	-1.000000	-1.000000	1461366.000000	1772660811.405613
-26690.490000	-45178.245000	2351.970000	1961.415000	5936.715000	4982.805000	2916.990000	1885.230000	-16.257542	-16.253360	-15.349907	-14.334931	-13.147681	-12.699172	-10.781251	-16.823535	0.289940	-1.007160	0.701960	0.908201	0.126098	0.378844	-1.000000	-1.000000	-1.000000	-1.000000	-1.000000	-1.000000	-1.000000	74.551724	0.000000	-1.000000	-1.000000	1461367.000000	1772660811.411030
-26677.485000	-45155.610000	2380.455000	1994.580000	5970.060000	5013.180000	2937.285000	1908.900000	-26.962373	-25.558444	-23.960981	-22.009613	-20.578658	-19.070241	-16.561828	-30.981984	0.289940	-1.007160	0.701960	0.908201	0.126098	0.378844	-1.000000	-1.000000	-1.000000	-1.000000	-1.000000	-1.000000	-1.000000	74.551724	0.000000	-1.000000	-1.000000	1461368.000000	1772660811.411038
-26694.135000	-45122.085000	2430.765000	2054.880000	6035.040000	5070.285000	2951.955000	1901.520000	-22.238234	-20.542136	-18.921808	-16.700451	-15.650857	-14.069773	-12.668371	-25.202231	0.289940	-1.007160	0.701960	0.908201	0.126098	0.378844	-1.000000	-1.000000	-1.000000	-1.000000	-1.000000	-1.000000	-1.000000	74.551724	0.000000	-1.000000	-1.000000	1461369.000000	1772660811.413660
-26587.215000	-45015.120000	2535.390000	2158.875000	6142.410000	5173.560000	3033.495000	2058.210000	-3.502226	-0.974682	0.707855	3.040880	3.544367	3.891815	0.883294	0.037605	0.289940	-1.007160	0.701960	0.908201	0.126098	0.378844	-1.000000	-1.000000	-1.000000	-1.000000	-1.000000	-1.000000	-1.000000	74.551724	0.000000	-1.000000	-1.000000	1461370.000000	1772660811.413667
-26613.090000	-45098.190000	2438.910000	2054.205000	6041.250000	5082.660000	2971.845000	1990.890000	18.033984	21.984457	23.712886	25.920228	26.178886	24.920434	16.395866	29.292291	0.000000	-1.770160	0.167860	0.909788	0.120971	0.378844	-1.000000	-1.000000	-1.000000	-1.000000	-1.000000	-1.000000	-1.000000	74.551724	0.000000	-1.000000	-1.000000	1461371.000000	1772660811.419062
-26709.795000	-45244.710000	2276.190000	1883.610000	5874.345000	4931.235000	2862.720000	1835.415000	28.420432	29.966094	30.316512	31.291861	31.629241	30.169562	21.080162	41.129524	0.000000	-1.770160	0.167860	0.909788	0.120971	0.378844	-1.000000	-1.000000	-1.000000	-1.000000	-1.000000	-1.000000	-1.000000	74.551724	0.000000	-1.000000	-1.000000	1461372.000000	1772660811.419066
-26674.785000	-45198.270000	2321.190000	1924.920000	5908.860000	4955.445000	2877.885000	1886.445000	22.201335	14.738553	11.677542	10.076252	10.322138	10.605235	8.930582	26.844495	0.000000	-1.770160	0.167860	0.909788	0.120971	0.378844	-1.000000	-1.000000	-1.000000	-1.000000	-1.000000	-1.000000	-1.000000	74.551724	0.000000	-1.000000	-1.000000	1461373.000000	1772660811.421675
-26653.905000	-45165.915000	2354.490000	1959.075000	5941.125000	4982.400000	2899.845000	1908.810000	9.507748	-8.023004	-14.580201	-18.826030	-19.417103	-17.363406	-8.861017	2.891447	0.000000	-1.770160	0.167860	0.909788	0.120971	0.378844	-1.000000	-1.000000	-1.000000	-1.000000	-1.000000	-1.000000	-1.000000	74.551724	0.000000	-1.000000	-1.000000	1461374.000000	1772660811.421682
-26657.505000	-45162.000000	2360.925000	1966.185000	5947.245000	4987.305000	2903.535000	1906.110000	2.317366	-16.931712	-24.105575	-29.243581	-31.194157	-29.437227	-16.253306	-10.131917	0.000000	-1.770160	0.167860	0.909788	0.120971	0.378844	-1.000000	-1.000000	-1.000000	-1.000000	-1.000000	-1.000000	-1.000000	74.551724	0.000000	-1.000000	-1.000000	1461375.000000	1772660811.425696
-26662.500000	-45158.535000	2373.570000	1984.005000	5967.045000	5008.455000	2919.600000	1917.855000	1.284381	-8.202973	-12.051800	-15.579695	-18.355596	-18.730050	-9.471874	-8.849934	0.000000	-1.770160	0.167860	0.909788	0.120971	0.378844	-1.000000	-1.000000	-1.000000	-1.000000	-1.000000	-1.000000	-1.000000	74.551724	0.000000	-1.000000	-1.000000	1461376.000000	1772660811.425703
-26666.865000	-45150.840000	2388.195000	1998.585000	5980.545000	5020.020000	2925.270000	1917.810000	0.844969	6.742010	8.471475	8.137822	5.826385	3.407355	3.780259	-1.551205	0.000000	-1.770160	0.167860	0.909788	0.120971	0.378844	-1.000000	-1.000000	-1.000000	-1.000000	-1.000000	-1.000000	-1.000000	74.551724	0.000000	-1.000000	-1.000000	1461377.000000	1772660811.429861
-26589.690000	-45094.725000	2437.830000	2043.315000	6022.035000	5057.730000	2961.045000	2018.340000	-2.077384	15.270761	21.676560	24.222039	23.307773	20.483113	13.656125	3.677137	0.000000	-1.770160	0.167860	0.909788	0.120971	0.378844	-1.000000	-1.000000	-1.000000	-1.000000	-1.000000	-1.000000	-1.000000	74.551724	0.000000	-1.000000	-1.000000	1461378.000000	1772660811.429868
-26427.240000	-44972.640000	2555.955000	2160.630000	6136.515000	5167.035000	3056.130000	2254.455000	-4.791006	13.801452	21.525694	25.204070	25.580768	23.981301	15.711415	5.969836	0.000000	-1.770160	0.167860	0.909788	0.120971	0.378844	-1.000000	-1.000000	-1.000000	-1.000000	-1.000000	-1.000000	-1.000000	74.551724	0.000000	-1.000000	-1.000000	1461379.000000	1772660811.433941
-26616.915000	-45103.950000	2433.060000	2040.390000	6021.405000	5058.360000	2949.255000	1966.905000	-4.295853	7.744907	13.593456	16.808817	17.752308	17.759013	12.110369	7.600643	0.000000	-1.770160	0.167860	0.909788	0.120971	0.378844	-1.000000	-1.000000	-1.000000	-1.000000	-1.000000	-1.000000	-1.000000	74.551724	0.000000	-1.000000	-1.000000	1461380.000000	1772660811.433950
-26783.325000	-45239.310000	2289.510000	1900.080000	5890.005000	4942.215000	2864.655000	1748.970000	-6.536227	-0.014775	2.877447	5.238515	6.398393	7.483246	4.661140	1.158751	-0.839300	1.709120	-1.617560	0.915342	0.122558	0.372008	-1.000000	-1.000000	-1.000000	-1.000000	-1.000000	-1.000000	-1.000000	74.551724	0.000000	-1.000000	-1.000000	1461381.000000	1772660811.439104
-26701.740000	-45186.795000	2337.885000	1949.805000	5937.795000	4985.460000	2899.125000	1856.205000	-17.490952	-11.538131	-11.299905	-9.415769	-7.685303	-5.795184	-6.553306	-19.907542	-0.839300	1.709120	-1.617560	0.915342	0.122558	0.372008	-1.000000	-1.000000	-1.000000	-1.000000	-1.000000	-1.000000	-1.000000	74.551724	0.000000	-1.000000	-1.000000	1461382.000000	1772660811.439112
-26675.415000	-45164.655000	2364.480000	1972.845000	5957.505000	5002.695000	2915.685000	1889.685000	-27.852192	-22.814039	-24.804842	-23.331196	-20.814535	-18.212683	-16.968859	-40.776351	-0.839300	1.709120	-1.617560	0.915342	0.122558	0.372008	-1.000000	-1.000000	-1.000000	-1.000000	-1.000000	-1.000000	-1.000000	74.551724	0.000000	-1.000000	-1.000000	1461383.000000	1772660811.441684
-26664.615000	-45154.080000	2374.245000	1980.135000	5963.445000	5010.255000	2935.395000	1923.255000	-23.261036	-24.517182	-28.133190	-27.772577	-25.195394	-22.603163	-19.643172	-39.544556	-0.839300	1.709120	-1.617560	0.915342	0.122558	0.372008	-1.000000	-1.000000	-1.000000	-1.000000	-1.000000	-1.000000	-1.000000	74.551724	0.000000	-1.000000	-1.000000	1461384.000000	1772660811.441693
-26639.640000	-45116.415000	2417.670000	2023.380000	6002.145000	5039.460000	2947.185000	1933.920000	-2.413074	-13.282643	-17.613052	-19.256961	-17.933161	-16.575640	-12.738735	-13.101195	-0.839300	1.709120	-1.617560	0.915342	0.122558	0.372008	-1.000000	-1.000000	-1.000000	-1.000000	-1.000000	-1.000000	-1.000000	74.551724	0.000000	-1.000000	-1.000000	1461385.000000	1772660811.445732
-26630.280000	-45092.340000	2442.735000	2049.480000	6027.255000	5060.970000	2961.540000	1950.705000	22.812802	5.058885	1.017730	-2.653044	-3.498635	-4.322073	-0.838829	21.861173	-0.839300	1.709120	-1.617560	0.915342	0.122558	0.372008	-1.000000	-1.000000	-1.000000	-1.000000	-1.000000	-1.000000	-1.000000	74.551724	0.000000	-1.000000	-1.000000	1461386.000000	1772660811.445739
-26552.790000	-44988.255000	2545.695000	2154.510000	6132.240000	5162.265000	3047.535000	2089.080000	36.714215	20.102606	17.421336	13.088381	10.317245	7.417819	9.263095	43.525912	-0.839300	1.709120	-1.617560	0.915342	0.122558	0.372008	-1.000000	-1.000000	-1.000000	-1.000000	-1.000000	-1.000000	-1.000000	74.551724	0.000000	-1.000000	-1.000000	1461387.000000	1772660811.449797
-26675.415000	-45056.115000	2501.505000	2119.815000	6101.055000	5125.185000	2984.985000	1903.860000	29.518096	23.871062	23.747219	20.934935	17.620004	13.826367	12.995542	38.985890	-0.839300	1.709120	-1.617560	0.915342	0.122558	0.372008	-1.000000	-1.000000	-1.000000	-1.000000	-1.000000	-1.000000	-1.000000	74.551724	0.000000	-1.000000	-1.000000	1461388.000000	1772660811.449803
-26752.005000	-45211.005000	2327.850000	1939.905000	5928.750000	4970.700000	2866.770000	1781.460000	6.316673	15.467952	18.570584	18.839370	16.623669	13.383504	9.434639	13.607635	-0.839300	1.709120	-1.617560	0.915342	0.122558	0.372008	-1.000000	-1.000000	-1.000000	-1.000000	-1.000000	-1.000000	-1.000000	74.551724	0.000000	-1.000000	-1.000000	1461389.000000	1772660811.453912
-26641.665000	-45223.920000	2289.645000	1894.230000	5885.010000	4940.640000	2876.445000	1938.240000	-13.664770	0.209508	5.020563	7.889937	7.710229	6.393817	1.202844	-9.991022	-0.839300	1.709120	-1.617560	0.915342	0.122558	0.372008	-1.000000	-1.000000	-1.000000	-1.000000	-1.000000	-1.000000	-1.000000	74.551724	0.000000	-1.000000	-1.000000	1461390.000000	1772660811.453920
-26613.135000	-45162.315000	2361.735000	1971.765000	5960.880000	5007.195000	2918.880000	1975.950000	-15.036161	-13.648195	-10.568253	-7.309212	-5.582769	-3.951071	-6.248696	-12.690984	-4.593260	3.708180	-0.274680	0.920408	0.122009	0.364013	-1.000000	-1.000000	-1.000000	-1.000000	-1.000000	-1.000000	-1.000000	74.551724	0.000000	-1.000000	-1.000000	1461391.000000	1772660811.457884
-26659.485000	-45151.200000	2380.005000	1990.620000	5976.045000	5014.350000	2910.645000	1915.155000	-2.419900	-18.558111	-19.275363	-17.498701	-14.866310	-10.816419	-8.276550	0.437039	-4.593260	3.708180	-0.274680	0.920408	0.122009	0.364013	-1.000000	-1.000000	-1.000000	-1.000000	-1.000000	-1.000000	-1.000000	74.551724	0.000000	-1.000000	-1.000000	1461392.000000	1772660811.457890
-26685.855000	-45180.495000	2347.245000	1953.855000	5936.580000	4981.275000	2902.095000	1892.700000	7.366491	-13.105450	-16.567820	-16.627728	-14.459169	-10.225244	-5.240256	9.046922	-4.593260	3.708180	-0.274680	0.920408	0.122009	0.364013	-1.000000	-1.000000	-1.000000	-1.000000	-1.000000	-1.000000	-1.000000	74.551724	0.000000	-1.000000	-1.000000	1461393.000000	1772660811.461913
-26667.630000	-45175.320000	2351.430000	1956.555000	5935.455000	4981.410000	2912.445000	1921.320000	4.582595	-3.570405	-7.401218	-8.747104	-8.099278	-5.623825	-0.972574	2.492292	-4.593260	3.708180	-0.274680	0.920408	0.122009	0.364013	-1.000000	-1.000000	-1.000000	-1.000000	-1.000000	-1.000000	-1.000000	74.551724	0.000000	-1.000000	-1.000000	1461394.000000	1772660811.461917
-26645.445000	-45154.440000	2373.255000	1980.360000	5961.780000	5009.805000	2933.595000	1936.260000	-7.123442	2.413174	-0.008673	-1.862027	-2.908162	-2.417612	1.512539	-13.423193	-4.593260	3.708180	-0.274680	0.920408	0.122009	0.364013	-1.000000	-1.000000	-1.000000	-1.000000	-1.000000	-1.000000	-1.000000	74.551724	0.000000	-1.000000	-1.000000	1461395.000000	1772660811.465804
-26638.470000	-45144.990000	2388.060000	1997.595000	5979.420000	5024.160000	2940.075000	1946.295000	-18.478951	1.903230	1.689668	0.165470	-1.803795	-2.433878	1.023213	-28.070153	-4.593260	3.708180	-0.274680	0.920408	0.122009	0.364013	-1.000000	-1.000000	-1.000000	-1.000000	-1.000000	-1.000000	-1.000000	74.551724	0.000000	-1.000000	-1.000000	1461396.000000	1772660811.465811
-26636.040000	-45137.565000	2392.965000	1999.755000	5979.780000	5022.495000	2929.185000	1947.825000	-19.495143	0.268561	2.019828	1.384504	-0.480135	-1.621621	0.311765	-29.099795	-4.593260	3.708180	-0.274680	0.920408	0.122009	0.364013	-1.000000	-1.000000	-1.000000	-1.000000	-1.000000	-1.000000	-1.000000	74.551724	0.000000	-1.000000	-1.000000	1461397.000000	1772660811.473801
-26645.490000	-45143.325000	2386.035000	1992.150000	5971.320000	5012.010000	2917.215000	1932.795000	-4.433462	7.645119	10.547549	10.869096	9.536924	7.435163	5.164667	-7.441540	-4.593260	3.708180	-0.274680	0.920408	0.122009	0.364013	-1.000000	-1.000000	-1.000000	-1.000000	-1.000000	-1.000000	-1.000000	74.551724	0.000000	-1.000000	-1.000000	1461398.000000	1772660811.473810
-26642.025000	-45144.090000	2388.060000	1999.620000	5984.865000	5031.180000	2940.930000	1951.560000	17.165191	23.210398	26.863730	28.025274	27.201722	23.429933	14.664446	24.483746	-4.593260	3.708180	-0.274680	0.920408	0.122009	0.364013	-1.000000	-1.000000	-1.000000	-1.000000	-1.000000	-1.000000	-1.000000	74.551724	0.000000	-1.000000	-1.000000	1461399.000000	1772660811.473971
-26626.320000	-45126.270000	2403.585000	2012.805000	5997.420000	5046.840000	2963.970000	1986.705000	27.333317	31.656615	35.584332	37.366352	37.343022	32.816512	19.682665	41.175559	-4.593260	3.708180	-0.274680	0.920408	0.122009	0.364013	-1.000000	-1.000000	-1.000000	-1.000000	-1.000000	-1.000000	-1.000000	74.551724	0.000000	-1.000000	-1.000000	1461400.000000	1772660811.473981
-26536.230000	-45046.350000	2474.595000	2075.625000	6049.800000	5084.865000	2982.645000	2076.930000	21.680125	22.984860	25.513628	27.207588	28.344297	25.440197	14.412914	34.769309	-3.906560	4.776380	-1.541260	0.913450	0.121399	0.366027	-1.000000	-1.000000	-1.000000	-1.000000	-1.000000	-1.000000	-1.000000	74.551724	0.000000	-1.000000	-1.000000	1461401.000000	1772660811.477887
-26606.205000	-45097.290000	2436.570000	2041.470000	6019.245000	5052.465000	2943.900000	1963.215000	9.556667	3.093174	2.413738	3.045287	5.003139	5.068524	1.186216	15.615963	-3.906560	4.776380	-1.541260	0.913450	0.121399	0.366027	-1.000000	-1.000000	-1.000000	-1.000000	-1.000000	-1.000000	-1.000000	74.551724	0.000000	-1.000000	-1.000000	1461402.000000	1772660811.477894
-26687.790000	-45165.105000	2373.885000	1980.495000	5963.895000	5003.865000	2910.555000	1860.120000	-4.338353	-18.749077	-22.375927	-23.086955	-21.000540	-18.568478	-15.003132	-9.461123	-3.906560	4.776380	-1.541260	0.913450	0.121399	0.366027	-1.000000	-1.000000	-1.000000	-1.000000	-1.000000	-1.000000	-1.000000	74.551724	0.000000	-1.000000	-1.000000	1461403.000000	1772660811.481776
-26651.340000	-45147.915000	2390.760000	1999.485000	5987.025000	5032.350000	2940.705000	1931.850000	-21.145862	-37.726945	-42.005803	-43.380952	-41.519348	-37.858531	-28.974518	-37.127860	-3.906560	4.776380	-1.541260	0.913450	0.121399	0.366027	-1.000000	-1.000000	-1.000000	-1.000000	-1.000000	-1.000000	-1.000000	74.551724	0.000000	-1.000000	-1.000000	1461404.000000	1772660811.481783
-26643.195000	-45148.680000	2388.960000	1999.170000	5988.780000	5038.290000	2954.700000	1962.720000	-34.129110	-46.953578	-49.820167	-50.959579	-49.476090	-45.292554	-33.364463	-53.276607	-3.906560	4.776380	-1.541260	0.913450	0.121399	0.366027	-1.000000	-1.000000	-1.000000	-1.000000	-1.000000	-1.000000	-1.000000	74.551724	0.000000	-1.000000	-1.000000	1461405.000000	1772660811.485902
-26653.680000	-45147.195000	2387.610000	1996.380000	5979.645000	5022.000000	2935.035000	1941.345000	-31.202836	-37.695254	-38.636065	-39.018962	-38.315702	-34.385765	-22.222834	-41.558908	-3.906560	4.776380	-1.541260	0.913450	0.121399	0.366027	-1.000000	-1.000000	-1.000000	-1.000000	-1.000000	-1.000000	-1.000000	74.620690	0.000000	-1.000000	-1.000000	1461406.000000	1772660811.485910
-26727.165000	-45181.215000	2358.405000	1967.085000	5949.225000	4992.885000	2911.320000	1830.420000	-12.201370	-10.774025	-10.119452	-9.725540	-10.486858	-8.230783	0.276850	-7.451996	-3.906560	4.776380	-1.541260	0.913450	0.121399	0.366027	-1.000000	-1.000000	-1.000000	-1.000000	-1.000000	-1.000000	-1.000000	74.620690	0.000000	-1.000000	-1.000000	1461407.000000	1772660811.489955
-26657.460000	-45142.920000	2389.365000	1992.105000	5969.700000	5008.230000	2929.635000	1920.735000	9.506924	19.896425	21.588840	22.223445	19.586337	18.847070	20.461973	24.227626	-3.906560	4.776380	-1.541260	0.913450	0.121399	0.366027	-1.000000	-1.000000	-1.000000	-1.000000	-1.000000	-1.000000	-1.000000	74.620690	0.000000	-1.000000	-1.000000	1461408.000000	1772660811.489962
-26571.465000	-45076.995000	2457.045000	2064.465000	6039.405000	5069.340000	2970.585000	2029.905000	23.958778	39.248113	41.025299	41.180816	37.214217	33.461621	27.844502	38.229492	-3.906560	4.776380	-1.541260	0.913450	0.121399	0.366027	-1.000000	-1.000000	-1.000000	-1.000000	-1.000000	-1.000000	-1.000000	74.620690	0.000000	-1.000000	-1.000000	1461409.000000	1772660811.493919
-26571.510000	-45064.890000	2479.860000	2098.035000	6076.350000	5097.105000	2967.300000	2016.855000	30.192099	41.557844	42.636682	42.412587	38.764873	33.465742	22.781551	37.586455	-3.906560	4.776380	-1.541260	0.913450	0.121399	0.366027	-1.000000	-1.000000	-1.000000	-1.000000	-1.000000	-1.000000	-1.000000	74.620690	0.000000	-1.000000	-1.000000	1461410.000000	1772660811.493927
-26604.045000	-45098.685000	2442.600000	2056.905000	6039.000000	5071.680000	2969.325000	2013.480000	28.551831	29.690757	30.006863	30.324923	28.916960	24.337694	11.975591	29.502006	-2.426340	3.265640	-1.983800	0.906065	0.120544	0.372802	-1.000000	-1.000000	-1.000000	-1.000000	-1.000000	-1.000000	-1.000000	74.620690	0.000000	-1.000000	-1.000000	1461411.000000	1772660811.497868
-26705.250000	-45181.665000	2352.420000	1957.680000	5940.900000	4992.930000	2926.080000	1881.855000	17.818917	9.507758	9.032339	10.085178	11.686358	10.122484	0.932905	16.376895	-2.426340	3.265640	-1.983800	0.906065	0.120544	0.372802	-1.000000	-1.000000	-1.000000	-1.000000	-1.000000	-1.000000	-1.000000	74.620690	0.000000	-1.000000	-1.000000	1461412.000000	1772660811.497876
-26723.115000	-45221.535000	2306.070000	1906.560000	5889.375000	4945.860000	2882.115000	1829.610000	-2.451579	-13.963113	-15.610681	-15.077579	-11.492241	-8.682190	-9.598868	-4.954668	-2.426340	3.265640	-1.983800	0.906065	0.120544	0.372802	-1.000000	-1.000000	-1.000000	-1.000000	-1.000000	-1.000000	-1.000000	74.620690	0.000000	-1.000000	-1.000000	1461413.000000	1772660811.509044
-26702.460000	-45192.780000	2346.660000	1955.160000	5940.045000	4990.995000	2916.945000	1886.445000	-25.205136	-33.151924	-35.795336	-37.017548	-33.418658	-27.093675	-18.634534	-31.133773	-2.426340	3.265640	-1.983800	0.906065	0.120544	0.372802	-1.000000	-1.000000	-1.000000	-1.000000	-1.000000	-1.000000	-1.000000	74.620690	0.000000	-1.000000	-1.000000	1461414.000000	1772660811.509051
-26694.765000	-45170.370000	2370.015000	1978.020000	5962.185000	5007.060000	2924.100000	1885.140000	-35.784166	-36.817912	-38.931478	-41.453006	-39.318475	-32.703607	-19.996200	-44.724706	-2.426340	3.265640	-1.983800	0.906065	0.120544	0.372802	-1.000000	-1.000000	-1.000000	-1.000000	-1.000000	-1.000000	-1.000000	74.620690	0.000000	-1.000000	-1.000000	1461415.000000	1772660811.509179
-26663.805000	-45158.625000	2374.470000	1980.270000	5963.130000	5005.530000	2923.650000	1907.235000	-25.655157	-20.652465	-20.515356	-22.608140	-22.287103	-19.075704	-10.044345	-32.740582	-2.426340	3.265640	-1.983800	0.906065	0.120544	0.372802	-1.000000	-1.000000	-1.000000	-1.000000	-1.000000	-1.000000	-1.000000	74.620690	0.000000	-1.000000	-1.000000	1461416.000000	1772660811.509184
-26669.880000	-45140.400000	2400.255000	2010.150000	5987.205000	5029.020000	2942.010000	1932.705000	-2.408508	5.198306	7.773233	7.495516	6.424217	4.580627	4.992563	-3.693147	-2.426340	3.265640	-1.983800	0.906065	0.120544	0.372802	-1.000000	-1.000000	-1.000000	-1.000000	-1.000000	-1.000000	-1.000000	74.620690	0.000000	-1.000000	-1.000000	1461417.000000	1772660811.509905
-26711.505000	-45150.165000	2397.105000	2011.095000	5985.585000	5031.045000	2944.395000	1901.970000	15.776833	23.529567	27.380263	29.152287	27.354146	22.019741	15.017611	20.467288	-2.426340	3.265640	-1.983800	0.906065	0.120544	0.372802	-1.000000	-1.000000	-1.000000	-1.000000	-1.000000	-1.000000	-1.000000	74.620690	0.000000	-1.000000	-1.000000	1461418.000000	1772660811.509915
-26641.305000	-45109.665000	2428.830000	2040.705000	6015.105000	5060.160000	2977.740000	1951.515000	18.124614	25.120867	28.551072	31.425867	29.496084	24.228309	15.690773	26.177010	-2.426340	3.265640	-1.983800	0.906065	0.120544	0.372802	-1.000000	-1.000000	-1.000000	-1.000000	-1.000000	-1.000000	-1.000000	74.620690	0.000000	-1.000000	-1.000000	1461419.000000	1772660811.514494
-26574.210000	-45084.645000	2444.760000	2053.575000	6029.730000	5074.650000	2989.080000	1997.145000	12.898532	16.180405	17.310212	19.704206	18.043873	15.418254	10.594695	19.880095	-2.426340	3.265640	-1.983800	0.906065	0.120544	0.372802	-1.000000	-1.000000	-1.000000	-1.000000	-1.000000	-1.000000	-1.000000	74.620690	0.000000	-1.000000	-1.000000	1461420.000000	1772660811.514501
-26674.245000	-45190.305000	2337.525000	1948.095000	5929.380000	4977.630000	2889.945000	1891.170000	12.501828	7.382322	5.254473	6.111071	5.067931	4.862023	4.148618	14.254646	-2.792580	5.096840	-3.372460	0.906431	0.124328	0.370727	-1.000000	-1.000000	-1.000000	-1.000000	-1.000000	-1.000000	-1.000000	74.620690	0.000000	-1.000000	-1.000000	1461421.000000	1772660811.518031
-26662.590000	-45191.340000	2333.745000	1941.570000	5921.505000	4971.105000	2895.345000	1921.950000	14.579750	0.480754	-3.946815	-4.570350	-4.624876	-4.164148	-3.503338	10.722110	-2.792580	5.096840	-3.372460	0.906431	0.124328	0.370727	-1.000000	-1.000000	-1.000000	-1.000000	-1.000000	-1.000000	-1.000000	74.620690	0.000000	-1.000000	-1.000000	1461422.000000	1772660811.518040
-26646.750000	-45154.215000	2380.185000	1987.335000	5962.860000	5005.890000	2919.105000	1935.720000	10.285034	-6.707131	-11.170912	-12.702966	-11.751839	-11.677465	-11.227846	4.443067	-2.792580	5.096840	-3.372460	0.906431	0.124328	0.370727	-1.000000	-1.000000	-1.000000	-1.000000	-1.000000	-1.000000	-1.000000	74.620690	0.000000	-1.000000	-1.000000	1461423.000000	1772660811.531030
-26604.360000	-45103.320000	2434.455000	2042.010000	6012.945000	5048.955000	2952.720000	1981.665000	-0.415544	-11.411077	-13.592326	-15.485256	-14.155069	-14.348204	-13.857326	-3.980252	-2.792580	5.096840	-3.372460	0.906431	0.124328	0.370727	-1.000000	-1.000000	-1.000000	-1.000000	-1.000000	-1.000000	-1.000000	74.620690	0.000000	-1.000000	-1.000000	1461424.000000	1772660811.531040
-26599.275000	-45087.840000	2456.010000	2063.565000	6031.935000	5065.020000	2963.655000	1980.270000	-11.109316	-9.880236	-8.402799	-10.040684	-9.162147	-9.159037	-8.350776	-10.484652	-2.792580	5.096840	-3.372460	0.906431	0.124328	0.370727	-1.000000	-1.000000	-1.000000	-1.000000	-1.000000	-1.000000	-1.000000	74.620690	0.000000	-1.000000	-1.000000	1461425.000000	1772660811.531050
-26668.440000	-45147.915000	2397.960000	2008.755000	5979.780000	5015.880000	2921.760000	1890.540000	-18.301758	-4.936672	-0.229678	-1.036094	-0.834161	-0.259250	0.896549	-15.563990	-2.792580	5.096840	-3.372460	0.906431	0.124328	0.370727	-1.000000	-1.000000	-1.000000	-1.000000	-1.000000	-1.000000	-1.000000	74.620690	0.000000	-1.000000	-1.000000	1461426.000000	1772660811.531054
-26675.145000	-45163.260000	2373.435000	1989.630000	5969.430000	5010.075000	2918.070000	1898.910000	-22.637570	-3.844599	1.644772	1.880482	2.086428	3.596352	5.683872	-22.046427	-2.792580	5.096840	-3.372460	0.906431	0.124328	0.370727	-1.000000	-1.000000	-1.000000	-1.000000	-1.000000	-1.000000	-1.000000	74.620690	0.000000	-1.000000	-1.000000	1461427.000000	1772660811.531058
-26592.840000	-45103.545000	2424.645000	2038.635000	6018.750000	5063.400000	2974.635000	2018.700000	-22.878257	-7.852752	-4.773239	-3.645611	-2.563563	0.012175	3.492067	-25.156397	-2.792580	5.096840	-3.372460	0.906431	0.124328	0.370727	-1.000000	-1.000000	-1.000000	-1.000000	-1.000000	-1.000000	-1.000000	74.620690	0.000000	-1.000000	-1.000000	1461428.000000	1772660811.531062
-26549.730000	-45074.205000	2453.490000	2062.170000	6036.930000	5078.430000	2989.080000	2064.645000	-13.994182	-8.723918	-9.733484	-8.156759	-6.327404	-3.352347	0.536025	-14.402460	-2.792580	5.096840	-3.372460	0.906431	0.124328	0.370727	-1.000000	-1.000000	-1.000000	-1.000000	-1.000000	-1.000000	-1.000000	74.620690	0.000000	-1.000000	-1.000000	1461429.000000	1772660811.536828
-26707.140000	-45202.635000	2332.845000	1946.925000	5926.545000	4973.985000	2893.860000	1849.905000	3.757219	-0.494785	-4.498532	-3.127535	-1.845777	0.127705	2.501569	8.925503	-2.792580	5.096840	-3.372460	0.906431	0.124328	0.370727	-1.000000	-1.000000	-1.000000	-1.000000	-1.000000	-1.000000	-1.000000	74.620690	0.000000	-1.000000	-1.000000	1461430.000000	1772660811.536836
-26694.990000	-45187.650000	2350.125000	1964.115000	5941.395000	4983.210000	2892.195000	1860.885000	18.521224	10.124138	5.992914	6.708558	6.298646	6.224191	5.819543	25.615357	-3.937080	5.417300	-0.396760	0.909605	0.128235	0.366698	-1.000000	-1.000000	-1.000000	-1.000000	-1.000000	-1.000000	-1.000000	74.620690	0.000000	-1.000000	-1.000000	1461431.000000	1772660811.538084
-26671.230000	-45160.605000	2378.205000	1989.495000	5961.555000	5001.255000	2912.535000	1894.365000	19.796727	12.947804	10.989513	10.992816	8.941863	7.000201	4.028541	21.674314	-3.937080	5.417300	-0.396760	0.909605	0.128235	0.366698	-1.000000	-1.000000	-1.000000	-1.000000	-1.000000	-1.000000	-1.000000	74.620690	0.000000	-1.000000	-1.000000	1461432.000000	1772660811.538091
-26638.020000	-45123.030000	2417.985000	2027.835000	5994.360000	5027.265000	2933.145000	1927.755000	10.591309	7.225170	7.777810	7.139799	4.372855	1.699600	-2.257901	4.946541	-3.937080	5.417300	-0.396760	0.909605	0.128235	0.366698	-1.000000	-1.000000	-1.000000	-1.000000	-1.000000	-1.000000	-1.000000	74.620690	0.000000	-1.000000	-1.000000	1461433.000000	1772660811.542650
-26640.495000	-45111.645000	2433.735000	2046.645000	6015.420000	5045.040000	2945.520000	1926.990000	0.801007	-0.255639	1.662656	0.530735	-1.848332	-4.105073	-7.192840	-8.403781	-3.937080	5.417300	-0.396760	0.909605	0.128235	0.366698	-1.000000	-1.000000	-1.000000	-1.000000	-1.000000	-1.000000	-1.000000	74.620690	0.000000	-1.000000	-1.000000	1461434.000000	1772660811.542654
-26679.105000	-45150.120000	2395.080000	2011.095000	5988.780000	5030.955000	2934.810000	1893.960000	-2.867823	-3.455606	-1.604423	-2.895276	-3.927051	-5.116885	-6.470247	-9.721092	-3.937080	5.417300	-0.396760	0.909605	0.128235	0.366698	-1.000000	-1.000000	-1.000000	-1.000000	-1.000000	-1.000000	-1.000000	74.620690	0.000000	-1.000000	-1.000000	1461435.000000	1772660811.545936
-26674.650000	-45159.660000	2381.985000	1994.670000	5973.660000	5021.280000	2931.570000	1912.095000	-1.276831	-2.482521	-1.504917	-2.590583	-1.800997	-1.554485	-1.311857	-2.005259	-3.937080	5.417300	-0.396760	0.909605	0.128235	0.366698	-1.000000	-1.000000	-1.000000	-1.000000	-1.000000	-1.000000	-1.000000	74.620690	0.000000	-1.000000	-1.000000	1461436.000000	1772660811.545943
-26645.040000	-45134.640000	2406.240000	2019.690000	5997.420000	5039.010000	2939.850000	1924.470000	-0.318717	-1.763325	-1.549988	-2.164889	0.038170	1.625690	2.781435	4.479117	-3.937080	5.417300	-0.396760	0.909605	0.128235	0.366698	-1.000000	-1.000000	-1.000000	-1.000000	-1.000000	-1.000000	-1.000000	74.620690	0.000000	-1.000000	-1.000000	1461437.000000	1772660811.549822
-26647.335000	-45161.595000	2374.335000	1988.145000	5968.935000	5016.465000	2925.180000	1935.630000	-1.683063	-2.381213	-2.488332	-2.379673	0.141710	2.115095	3.157048	4.950132	-3.937080	5.417300	-0.396760	0.909605	0.128235	0.366698	-1.000000	-1.000000	-1.000000	-1.000000	-1.000000	-1.000000	-1.000000	74.620690	0.000000	-1.000000	-1.000000	1461438.000000	1772660811.549829
-26620.020000	-45144.990000	2386.260000	1997.685000	5977.215000	5025.375000	2940.435000	1984.320000	0.231299	-0.280850	-0.802529	0.048737	1.774412	2.967953	3.274162	6.421427	-3.937080	5.417300	-0.396760	0.909605	0.128235	0.366698	-1.000000	-1.000000	-1.000000	-1.000000	-1.000000	-1.000000	-1.000000	74.620690	0.000000	-1.000000	-1.000000	1461439.000000	1772660811.553837
-26543.520000	-45063.945000	2467.035000	2074.905000	6047.190000	5085.315000	2987.685000	2070.405000	8.986342	6.857704	5.356546	6.439865	6.698099	6.601352	6.510104	15.274897	-3.937080	5.417300	-0.396760	0.909605	0.128235	0.366698	-1.000000	-1.000000	-1.000000	-1.000000	-1.000000	-1.000000	-1.000000	74.620690	0.000000	-1.000000	-1.000000	1461440.000000	1772660811.553842
-26654.130000	-45144.945000	2392.830000	2004.075000	5979.150000	5021.100000	2930.265000	1917.810000	17.176441	13.614438	11.165165	11.856815	10.701930	9.574483	9.774555	22.940199	-2.044840	4.578000	-0.091560	0.908872	0.124633	0.367736	-1.000000	-1.000000	-1.000000	-1.000000	-1.000000	-1.000000	-1.000000	74.620690	0.000000	-1.000000	-1.000000	1461441.000000	1772660811.558015
-26709.210000	-45201.420000	2334.240000	1945.935000	5927.445000	4979.340000	2909.205000	1867.050000	11.385050	9.528397	7.218385	7.415711	5.826900	4.707232	5.945215	12.672830	-2.044840	4.578000	-0.091560	0.908872	0.124633	0.367736	-1.000000	-1.000000	-1.000000	-1.000000	-1.000000	-1.000000	-1.000000	74.620690	0.000000	-1.000000	-1.000000	1461442.000000	1772660811.558022
-26665.605000	-45160.740000	2377.620000	1989.900000	5972.715000	5020.155000	2936.925000	1926.495000	-9.642975	-7.221869	-8.170774	-8.199222	-8.922696	-8.783051	-5.880086	-15.885994	-2.044840	4.578000	-0.091560	0.908872	0.124633	0.367736	-1.000000	-1.000000	-1.000000	-1.000000	-1.000000	-1.000000	-1.000000	74.620690	0.000000	-1.000000	-1.000000	1461443.000000	1772660811.566720
-26604.495000	-45117.675000	2411.055000	2016.810000	5996.520000	5043.510000	2968.560000	2002.905000	-28.071643	-22.378604	-21.589315	-21.811342	-21.386914	-20.060329	-16.284953	-39.577255	-2.044840	4.578000	-0.091560	0.908872	0.124633	0.367736	-1.000000	-1.000000	-1.000000	-1.000000	-1.000000	-1.000000	-1.000000	74.620690	0.000000	-1.000000	-1.000000	1461444.000000	1772660811.566732
-26655.615000	-45143.055000	2393.460000	1999.305000	5980.680000	5030.235000	2950.695000	1912.365000	-28.073795	-21.858845	-19.727123	-20.360721	-19.790388	-18.843472	-16.492621	-39.485224	-2.044840	4.578000	-0.091560	0.908872	0.124633	0.367736	-1.000000	-1.000000	-1.000000	-1.000000	-1.000000	-1.000000	-1.000000	74.620690	0.000000	-1.000000	-1.000000	1461445.000000	1772660811.566771
-26681.355000	-45172.530000	2368.890000	1975.320000	5954.580000	5001.255000	2917.170000	1871.370000	-13.854567	-8.252066	-5.244404	-6.191765	-6.508543	-7.215155	-8.221412	-21.826411	-2.044840	4.578000	-0.091560	0.908872	0.124633	0.367736	-1.000000	-1.000000	-1.000000	-1.000000	-1.000000	-1.000000	-1.000000	74.620690	0.000000	-1.000000	-1.000000	1461446.000000	1772660811.566775
-26643.105000	-45139.320000	2406.105000	2015.820000	5996.925000	5037.570000	2931.570000	1919.160000	2.138452	7.347535	10.927365	10.261918	8.930594	6.550556	1.596531	-1.807442	-2.044840	4.578000	-0.091560	0.908872	0.124633	0.367736	-1.000000	-1.000000	-1.000000	-1.000000	-1.000000	-1.000000	-1.000000	74.620690	0.000000	-1.000000	-1.000000	1461447.000000	1772660811.569892
-26594.730000	-45097.065000	2438.370000	2047.905000	6029.055000	5066.910000	2948.220000	1972.080000	14.186421	18.157514	21.578367	21.854162	20.237730	17.026702	8.721490	14.266513	-2.044840	4.578000	-0.091560	0.908872	0.124633	0.367736	-1.000000	-1.000000	-1.000000	-1.000000	-1.000000	-1.000000	-1.000000	74.620690	0.000000	-1.000000	-1.000000	1461448.000000	1772660811.569900
-26602.965000	-45104.940000	2430.945000	2039.310000	6019.650000	5055.345000	2948.355000	1959.570000	20.537022	20.894175	22.645356	24.037747	23.261936	20.624127	11.387803	24.678305	-2.044840	4.578000	-0.091560	0.908872	0.124633	0.367736	-1.000000	-1.000000	-1.000000	-1.000000	-1.000000	-1.000000	-1.000000	74.620690	0.000000	-1.000000	-1.000000	1461449.000000	1772660811.573808
-26686.890000	-45174.015000	2371.680000	1984.860000	5965.515000	5004.900000	2911.320000	1885.185000	19.380848	14.199786	13.027275	15.014486	15.772484	15.116827	9.248734	27.422374	-2.044840	4.578000	-0.091560	0.908872	0.124633	0.367736	-1.000000	-1.000000	-1.000000	-1.000000	-1.000000	-1.000000	-1.000000	74.620690	0.000000	-1.000000	-1.000000	1461450.000000	1772660811.573813
-26675.280000	-45161.415000	2387.880000	2002.995000	5981.850000	5020.920000	2928.105000	1918.305000	10.963344	1.176835	-2.475897	-0.754594	1.099588	2.874792	3.970910	22.227499	0.808780	5.386780	-0.595140	0.913084	0.120117	0.364013	-1.000000	-1.000000	-1.000000	-1.000000	-1.000000	-1.000000	-1.000000	74.620690	0.000000	-1.000000	-1.000000	1461451.000000	1772660811.578198
-26644.635000	-45140.850000	2404.035000	2014.155000	5989.680000	5027.895000	2940.705000	1949.985000	-0.863635	-11.380984	-15.599406	-14.871255	-13.246324	-9.864521	-1.636224	11.274325	0.808780	5.386780	-0.595140	0.913084	0.120117	0.364013	-1.000000	-1.000000	-1.000000	-1.000000	-1.000000	-1.000000	-1.000000	74.620690	0.000000	-1.000000	-1.000000	1461452.000000	1772660811.578207
-26608.140000	-45128.880000	2402.685000	2004.210000	5977.125000	5018.805000	2942.055000	1962.090000	-10.028127	-17.252270	-20.329462	-21.037552	-20.843991	-17.361788	-5.257868	-1.470914	0.808780	5.386780	-0.595140	0.913084	0.120117	0.364013	-1.000000	-1.000000	-1.000000	-1.000000	-1.000000	-1.000000	-1.000000	74.620690	0.000000	-1.000000	-1.000000	1461453.000000	1772660811.584980
-26574.930000	-45107.595000	2422.260000	2023.155000	5996.160000	5036.130000	2956.635000	2006.010000	-11.248176	-13.922916	-15.575921	-17.748473	-19.166139	-16.868060	-5.546578	-10.097499	0.808780	5.386780	-0.595140	0.913084	0.120117	0.364013	-1.000000	-1.000000	-1.000000	-1.000000	-1.000000	-1.000000	-1.000000	74.620690	0.000000	-1.000000	-1.000000	1461454.000000	1772660811.584987
-26582.445000	-45091.890000	2446.560000	2054.385000	6030.360000	5068.215000	2973.285000	2005.425000	-3.752745	-2.828253	-3.680967	-6.622359	-8.688536	-8.098086	-1.590384	-9.479517	0.808780	5.386780	-0.595140	0.913084	0.120117	0.364013	-1.000000	-1.000000	-1.000000	-1.000000	-1.000000	-1.000000	-1.000000	74.620690	0.000000	-1.000000	-1.000000	1461455.000000	1772660811.585899
-26668.935000	-45158.895000	2382.795000	1992.825000	5971.860000	5014.170000	2927.205000	1902.285000	4.546873	9.022357	8.894270	6.576624	5.311614	4.530408	4.381482	-4.219149	0.808780	5.386780	-0.595140	0.913084	0.120117	0.364013	-1.000000	-1.000000	-1.000000	-1.000000	-1.000000	-1.000000	-1.000000	74.620690	0.000000	-1.000000	-1.000000	1461456.000000	1772660811.585903
-26649.180000	-45136.440000	2406.510000	2021.310000	6006.150000	5050.080000	2955.555000	1930.995000	2.468830	11.373072	12.706502	12.359679	13.000270	11.912393	6.373859	-6.187540	0.808780	5.386780	-0.595140	0.913084	0.120117	0.364013	-1.000000	-1.000000	-1.000000	-1.000000	-1.000000	-1.000000	-1.000000	74.620690	0.000000	-1.000000	-1.000000	1461457.000000	1772660811.594573
-26572.005000	-45052.245000	2488.725000	2101.050000	6079.995000	5117.580000	3008.340000	2023.335000	-7.861338	4.033345	7.091635	9.057115	11.695110	11.278426	3.156178	-14.414870	0.808780	5.386780	-0.595140	0.913084	0.120117	0.364013	-1.000000	-1.000000	-1.000000	-1.000000	-1.000000	-1.000000	-1.000000	74.620690	0.000000	-1.000000	-1.000000	1461458.000000	1772660811.594580
-26687.835000	-45171.090000	2378.385000	1993.365000	5972.310000	5013.315000	2929.095000	1884.915000	-12.412375	-2.237419	1.430776	4.634318	8.017254	8.170574	-0.340237	-15.409533	0.808780	5.386780	-0.595140	0.913084	0.120117	0.364013	-1.000000	-1.000000	-1.000000	-1.000000	-1.000000	-1.000000	-1.000000	74.620690	0.000000	-1.000000	-1.000000	1461459.000000	1772660811.594749
-26662.320000	-45171.495000	2372.535000	1983.195000	5957.820000	4996.215000	2915.100000	1919.430000	-6.902164	-3.721158	-1.176227	1.414927	3.608089	3.460222	-3.276878	-7.045580	0.808780	5.386780	-0.595140	0.913084	0.120117	0.364013	-1.000000	-1.000000	-1.000000	-1.000000	-1.000000	-1.000000	-1.000000	74.620690	0.000000	-1.000000	-1.000000	1461460.000000	1772660811.594756
-26671.680000	-45168.705000	2372.085000	1979.640000	5956.785000	4996.305000	2908.530000	1893.780000	0.481706	-5.297316	-4.866636	-4.217750	-4.425538	-5.463451	-8.275729	0.797706	-1.373400	7.172200	-0.503580	0.915769	0.123291	0.362914	-1.000000	-1.000000	-1.000000	-1.000000	-1.000000	-1.000000	-1.000000	74.620690	0.000000	-1.000000	-1.000000	1461461.000000	1772660811.597830
-26652.240000	-45158.895000	2378.025000	1983.105000	5960.385000	5003.685000	2918.475000	1903.275000	3.508468	-7.779580	-9.152809	-10.438251	-12.710287	-14.467397	-13.139768	3.052006	-1.373400	7.172200	-0.503580	0.915769	0.123291	0.362914	-1.000000	-1.000000	-1.000000	-1.000000	-1.000000	-1.000000	-1.000000	74.620690	0.000000	-1.000000	-1.000000	1461462.000000	1772660811.597836
-26633.295000	-45154.260000	2382.030000	1987.920000	5967.180000	5011.020000	2927.520000	1938.330000	3.048850	-7.597492	-9.747666	-11.949149	-14.836047	-16.470113	-12.579514	2.765428	-1.373400	7.172200	-0.503580	0.915769	0.123291	0.362914	-1.000000	-1.000000	-1.000000	-1.000000	-1.000000	-1.000000	-1.000000	74.620690	0.000000	-1.000000	-1.000000	1461463.000000	1772660811.603007
-26610.210000	-45135.180000	2402.415000	2008.800000	5988.555000	5028.480000	2939.895000	1971.360000	3.830973	-2.479488	-4.631724	-6.688237	-8.772150	-9.384559	-4.509243	5.742571	-1.373400	7.172200	-0.503580	0.915769	0.123291	0.362914	-1.000000	-1.000000	-1.000000	-1.000000	-1.000000	-1.000000	-1.000000	74.620690	0.000000	-1.000000	-1.000000	1461464.000000	1772660811.603014
-26660.835000	-45164.115000	2380.050000	1988.730000	5968.935000	5008.770000	2918.655000	1896.840000	8.015592	6.077309	4.365531	3.032487	2.321102	2.891407	7.575537	13.086425	-1.373400	7.172200	-0.503580	0.915769	0.123291	0.362914	-1.000000	-1.000000	-1.000000	-1.000000	-1.000000	-1.000000	-1.000000	74.620690	0.000000	-1.000000	-1.000000	1461465.000000	1772660811.606776
-26642.655000	-45147.780000	2396.655000	2004.480000	5981.535000	5022.855000	2938.230000	1936.350000	11.045753	12.418398	11.689370	11.267437	11.609411	12.826981	16.372125	17.623054	-1.373400	7.172200	-0.503580	0.915769	0.123291	0.362914	-1.000000	-1.000000	-1.000000	-1.000000	-1.000000	-1.000000	-1.000000	74.620690	0.000000	-1.000000	-1.000000	1461466.000000	1772660811.606783
-26585.280000	-45100.080000	2440.935000	2047.905000	6024.195000	5061.960000	2970.585000	2011.725000	9.080361	12.646481	13.152017	13.545490	14.255518	15.509967	17.308142	14.533562	-1.373400	7.172200	-0.503580	0.915769	0.123291	0.362914	-1.000000	-1.000000	-1.000000	-1.000000	-1.000000	-1.000000	-1.000000	74.620690	0.000000	-1.000000	-1.000000	1461467.000000	1772660811.609751
-26590.770000	-45091.935000	2453.220000	2064.645000	6041.880000	5074.695000	2966.670000	1968.255000	6.041727	10.442204	11.593430	12.519326	13.152103	13.906813	13.052376	8.772549	-1.373400	7.172200	-0.503580	0.915769	0.123291	0.362914	-1.000000	-1.000000	-1.000000	-1.000000	-1.000000	-1.000000	-1.000000	74.620690	0.000000	-1.000000	-1.000000	1461468.000000	1772660811.609763
-26648.415000	-45136.665000	2412.405000	2025.990000	6004.260000	5036.715000	2925.045000	1901.205000	4.331710	9.246265	10.328091	11.652257	12.225955	12.039057	7.445318	2.956225	-1.373400	7.172200	-0.503580	0.915769	0.123291	0.362914	-1.000000	-1.000000	-1.000000	-1.000000	-1.000000	-1.000000	-1.000000	74.620690	0.000000	-1.000000	-1.000000	1461469.000000	1772660811.613919
-26721.945000	-45187.965000	2369.655000	1986.030000	5967.720000	5007.960000	2907.945000	1858.770000	-1.915640	4.522109	5.731729	7.603020	8.361610	7.341796	-0.141994	-7.521493	-1.373400	7.172200	-0.503580	0.915769	0.123291	0.362914	-1.000000	-1.000000	-1.000000	-1.000000	-1.000000	-1.000000	-1.000000	74.620690	0.000000	-1.000000	-1.000000	1461470.000000	1772660811.613929
-26677.620000	-45163.665000	2387.475000	2000.160000	5980.500000	5024.745000	2937.510000	1906.965000	-15.435466	-7.357806	-5.393176	-3.058490	-2.052472	-3.042588	-9.636159	-21.683527	-4.379620	7.065380	-1.678600	0.914915	0.123230	0.363097	-1.000000	-1.000000	-1.000000	-1.000000	-1.000000	-1.000000	-1.000000	74.620690	0.000000	-1.000000	-1.000000	1461471.000000	1772660811.617813
-26618.445000	-45142.965000	2391.705000	1995.930000	5972.265000	5013.855000	2925.855000	1937.295000	-26.736078	-20.085725	-17.952004	-16.119879	-15.271798	-15.248685	-16.576629	-29.597946	-4.379620	7.065380	-1.678600	0.914915	0.123230	0.363097	-1.000000	-1.000000	-1.000000	-1.000000	-1.000000	-1.000000	-1.000000	74.620690	0.000000	-1.000000	-1.000000	1461472.000000	1772660811.617821
-26635.410000	-45137.835000	2401.380000	2006.595000	5981.715000	5022.180000	2931.795000	1916.055000	-23.698879	-23.604526	-23.313392	-23.478909	-23.509500	-22.254036	-16.807808	-23.426446	-4.379620	7.065380	-1.678600	0.914915	0.123230	0.363097	-1.000000	-1.000000	-1.000000	-1.000000	-1.000000	-1.000000	-1.000000	74.620690	0.000000	-1.000000	-1.000000	1461473.000000	1772660811.621912
-26663.490000	-45152.595000	2392.965000	2003.085000	5980.365000	5024.655000	2942.820000	1904.310000	-6.355855	-14.984222	-17.766674	-20.482081	-21.723232	-19.905462	-10.168042	-5.576498	-4.379620	7.065380	-1.678600	0.914915	0.123230	0.363097	-1.000000	-1.000000	-1.000000	-1.000000	-1.000000	-1.000000	-1.000000	74.620690	0.000000	-1.000000	-1.000000	1461474.000000	1772660811.621920
-26638.155000	-45162.180000	2378.160000	1988.280000	5968.080000	5013.900000	2940.525000	1935.135000	13.095353	-1.009170	-5.716719	-9.733226	-11.544764	-10.041599	-0.460110	13.217856	-4.379620	7.065380	-1.678600	0.914915	0.123230	0.363097	-1.000000	-1.000000	-1.000000	-1.000000	-1.000000	-1.000000	-1.000000	74.620690	0.000000	-1.000000	-1.000000	1461475.000000	1772660811.631493
-26627.850000	-45152.820000	2386.035000	1992.105000	5968.800000	5012.100000	2940.030000	1960.245000	23.208877	9.145478	4.913891	1.646447	0.458862	1.131717	6.925173	23.301116	-4.379620	7.065380	-1.678600	0.914915	0.123230	0.363097	-1.000000	-1.000000	-1.000000	-1.000000	-1.000000	-1.000000	-1.000000	74.620690	0.000000	-1.000000	-1.000000	1461476.000000	1772660811.631503
-26621.595000	-45131.445000	2411.460000	2019.060000	5993.055000	5027.175000	2936.880000	1953.315000	21.891570	12.647924	10.712926	9.448363	9.522114	9.147178	9.520205	23.441518	-4.379620	7.065380	-1.678600	0.914915	0.123230	0.363097	-1.000000	-1.000000	-1.000000	-1.000000	-1.000000	-1.000000	-1.000000	74.620690	0.000000	-1.000000	-1.000000	1461477.000000	1772660811.631515
-26620.740000	-45131.040000	2412.855000	2020.905000	5995.125000	5033.385000	2946.645000	1957.680000	14.375274	12.926178	13.848600	14.611092	15.547490	14.011286	9.086706	18.166702	-4.379620	7.065380	-1.678600	0.914915	0.123230	0.363097	-1.000000	-1.000000	-1.000000	-1.000000	-1.000000	-1.000000	-1.000000	74.620690	0.000000	-1.000000	-1.000000	1461478.000000	1772660811.631519
-26609.940000	-45110.970000	2430.630000	2037.960000	6011.415000	5048.640000	2955.420000	1970.010000	6.821397	13.213748	16.327592	18.426427	19.339629	16.806749	8.045379	11.289344	-4.379620	7.065380	-1.678600	0.914915	0.123230	0.363097	-1.000000	-1.000000	-1.000000	-1.000000	-1.000000	-1.000000	-1.000000	74.620690	0.000000	-1.000000	-1.000000	1461479.000000	1772660811.633873
-26617.185000	-45111.780000	2434.095000	2043.225000	6021.270000	5062.095000	2957.175000	1945.080000	0.437751	12.421009	16.424121	19.021549	19.388871	16.559027	6.258320	2.474466	-4.379620	7.065380	-1.678600	0.914915	0.123230	0.363097	-1.000000	-1.000000	-1.000000	-1.000000	-1.000000	-1.000000	-1.000000	74.620690	0.000000	-1.000000	-1.000000	1461480.000000	1772660811.633880
-26638.695000	-45151.650000	2392.515000	1996.965000	5976.135000	5023.755000	2945.025000	1925.460000	-7.803642	6.618463	10.492890	12.924820	13.005339	11.149248	2.325104	-10.077949	-0.289940	4.700080	-1.648080	0.910825	0.121093	0.368407	-1.000000	-1.000000	-1.000000	-1.000000	-1.000000	-1.000000	-1.000000	74.620690	0.000000	-1.000000	-1.000000	1461481.000000	1772660811.637841
-26591.580000	-45115.605000	2428.245000	2031.570000	6010.020000	5052.735000	2973.645000	2006.820000	-16.572735	-4.622481	-1.664330	-0.028993	0.342245	0.661941	-3.047665	-21.544811	-0.289940	4.700080	-1.648080	0.910825	0.121093	0.368407	-1.000000	-1.000000	-1.000000	-1.000000	-1.000000	-1.000000	-1.000000	74.620690	0.000000	-1.000000	-1.000000	1461482.000000	1772660811.637849
-26639.685000	-45152.820000	2387.160000	1995.795000	5979.105000	5024.115000	2946.555000	1939.320000	-19.368126	-15.433178	-14.429812	-14.179039	-13.359338	-10.900553	-7.476724	-23.286868	-0.289940	4.700080	-1.648080	0.910825	0.121093	0.368407	-1.000000	-1.000000	-1.000000	-1.000000	-1.000000	-1.000000	-1.000000	74.620690	0.000000	-1.000000	-1.000000	1461483.000000	1772660811.641856
-26689.950000	-45197.505000	2339.595000	1950.255000	5931.675000	4976.055000	2905.695000	1875.870000	-15.412405	-20.581877	-22.215659	-23.272202	-22.341266	-19.122171	-10.350389	-16.849950	-0.289940	4.700080	-1.648080	0.910825	0.121093	0.368407	-1.000000	-1.000000	-1.000000	-1.000000	-1.000000	-1.000000	-1.000000	74.620690	0.000000	-1.000000	-1.000000	1461484.000000	1772660811.641865
-26655.795000	-45157.095000	2386.845000	1996.650000	5975.325000	5017.095000	2939.220000	1921.050000	-9.870801	-19.400579	-23.070141	-24.563256	-24.033159	-21.581449	-11.711087	-10.557015	-0.289940	4.700080	-1.648080	0.910825	0.121093	0.368407	-1.000000	-1.000000	-1.000000	-1.000000	-1.000000	-1.000000	-1.000000	74.620690	0.000000	-1.000000	-1.000000	1461485.000000	1772660811.646072
-26624.115000	-45135.855000	2404.440000	2013.435000	5991.750000	5034.195000	2954.745000	1947.150000	-3.418102	-11.666592	-15.682898	-16.761180	-17.033622	-16.068074	-8.947356	-4.495187	-0.289940	4.700080	-1.648080	0.910825	0.121093	0.368407	-1.000000	-1.000000	-1.000000	-1.000000	-1.000000	-1.000000	-1.000000	74.620690	0.000000	-1.000000	-1.000000	1461486.000000	1772660811.646078
-26622.495000	-45128.295000	2414.610000	2024.730000	6003.720000	5042.970000	2948.175000	1943.910000	6.545695	1.872076	-0.854327	-1.287790	-2.400888	-2.895520	-0.675163	5.781345	-0.289940	4.700080	-1.648080	0.910825	0.121093	0.368407	-1.000000	-1.000000	-1.000000	-1.000000	-1.000000	-1.000000	-1.000000	74.620690	0.000000	-1.000000	-1.000000	1461487.000000	1772660811.649893
-26628.975000	-45147.465000	2396.565000	2007.540000	5987.520000	5024.160000	2927.700000	1948.905000	17.241818	15.405804	14.784185	14.795040	13.225379	11.513522	8.447716	17.660776	-0.289940	4.700080	-1.648080	0.910825	0.121093	0.368407	-1.000000	-1.000000	-1.000000	-1.000000	-1.000000	-1.000000	-1.000000	74.620690	0.000000	-1.000000	-1.000000	1461488.000000	1772660811.649898
-26615.925000	-45130.455000	2414.880000	2025.180000	6002.010000	5036.490000	2947.995000	1977.300000	21.805216	21.436343	22.896250	23.123344	21.628545	19.025401	12.357664	24.318448	-0.289940	4.700080	-1.648080	0.910825	0.121093	0.368407	-1.000000	-1.000000	-1.000000	-1.000000	-1.000000	-1.000000	-1.000000	74.620690	0.000000	-1.000000	-1.000000	1461489.000000	1772660811.657780
-26634.870000	-45120.645000	2428.785000	2038.095000	6011.910000	5044.185000	2949.975000	1938.150000	17.081202	18.210677	21.058569	21.378367	20.264063	17.357682	10.214291	22.096838	-0.289940	4.700080	-1.648080	0.910825	0.121093	0.368407	-1.000000	-1.000000	-1.000000	-1.000000	-1.000000	-1.000000	-1.000000	74.620690	0.000000	-1.000000	-1.000000	1461490.000000	1772660811.657787
-26570.520000	-45073.890000	2469.015000	2076.210000	6050.070000	5082.480000	2990.700000	2019.060000	6.475016	10.185120	13.219601	13.452058	12.749365	10.432749	5.450576	11.877553	1.251320	3.219860	-2.639980	0.910520	0.120239	0.369933	-1.000000	-1.000000	-1.000000	-1.000000	-1.000000	-1.000000	-1.000000	74.620690	0.000000	-1.000000	-1.000000	1461491.000000	1772660811.657796
-26619.930000	-45110.970000	2436.435000	2049.570000	6027.570000	5062.905000	2970.180000	1956.330000	-3.149996	2.700746	4.667176	4.525227	4.271207	3.495464	1.801211	-0.731561	1.251320	3.219860	-2.639980	0.910520	0.120239	0.369933	-1.000000	-1.000000	-1.000000	-1.000000	-1.000000	-1.000000	-1.000000	74.620690	0.000000	-1.000000	-1.000000	1461492.000000	1772660811.657799
-26692.785000	-45188.235000	2355.255000	1967.085000	5945.895000	4984.020000	2899.260000	1859.535000	-8.792019	-3.380199	-3.110823	-3.670765	-3.203592	-1.855960	-0.365903	-11.029086	1.251320	3.219860	-2.639980	0.910520	0.120239	0.369933	-1.000000	-1.000000	-1.000000	-1.000000	-1.000000	-1.000000	-1.000000	74.620690	0.000000	-1.000000	-1.000000	1461493.000000	1772660811.663518
-26656.290000	-45168.795000	2371.770000	1981.035000	5958.945000	4999.095000	2918.385000	1896.210000	-13.124236	-11.171473	-12.550025	-13.222684	-11.737925	-8.363458	-4.267416	-19.563046	1.251320	3.219860	-2.639980	0.910520	0.120239	0.369933	-1.000000	-1.000000	-1.000000	-1.000000	-1.000000	-1.000000	-1.000000	74.620690	0.000000	-1.000000	-1.000000	1461494.000000	1772660811.663525
-26666.280000	-45168.930000	2376.810000	1987.920000	5968.035000	5009.625000	2924.010000	1891.845000	-16.579911	-19.730604	-22.249455	-22.713079	-20.393484	-15.917748	-10.021995	-24.736353	1.251320	3.219860	-2.639980	0.910520	0.120239	0.369933	-1.000000	-1.000000	-1.000000	-1.000000	-1.000000	-1.000000	-1.000000	74.620690	0.000000	-1.000000	-1.000000	1461495.000000	1772660811.670033
-26646.615000	-45152.190000	2395.080000	2007.810000	5988.060000	5027.040000	2926.935000	1913.625000	-15.379453	-22.391569	-24.975005	-25.031533	-22.650769	-18.663798	-12.630826	-21.271604	1.251320	3.219860	-2.639980	0.910520	0.120239	0.369933	-1.000000	-1.000000	-1.000000	-1.000000	-1.000000	-1.000000	-1.000000	74.620690	0.000000	-1.000000	-1.000000	1461496.000000	1772660811.670040
-26646.480000	-45145.890000	2404.260000	2017.890000	5996.430000	5034.555000	2933.280000	1918.980000	-7.636235	-14.721863	-16.111649	-15.666644	-14.192505	-12.263145	-8.556547	-8.229769	1.251320	3.219860	-2.639980	0.910520	0.120239	0.369933	-1.000000	-1.000000	-1.000000	-1.000000	-1.000000	-1.000000	-1.000000	74.620690	0.000000	-1.000000	-1.000000	1461497.000000	1772660811.670205
-26636.715000	-45134.370000	2412.360000	2021.805000	5997.240000	5035.050000	2940.975000	1928.385000	3.937817	0.538120	0.893465	1.723575	1.646763	0.799351	0.384532	8.780706	1.251320	3.219860	-2.639980	0.910520	0.120239	0.369933	-1.000000	-1.000000	-1.000000	-1.000000	-1.000000	-1.000000	-1.000000	74.620690	0.000000	-1.000000	-1.000000	1461498.000000	1772660811.670212
-26623.620000	-45130.005000	2409.930000	2018.070000	5992.515000	5027.760000	2927.160000	1923.975000	14.004755	15.268393	16.723713	17.539109	15.951950	12.817567	8.556082	21.535480	1.251320	3.219860	-2.639980	0.910520	0.120239	0.369933	-1.000000	-1.000000	-1.000000	-1.000000	-1.000000	-1.000000	-1.000000	74.620690	0.000000	-1.000000	-1.000000	1461499.000000	1772660811.675825
-26636.265000	-45149.760000	2390.535000	2000.250000	5976.540000	5018.130000	2935.620000	1934.685000	17.679178	21.446973	22.698126	23.016529	20.608963	16.596542	10.816611	23.981198	1.251320	3.219860	-2.639980	0.910520	0.120239	0.369933	-1.000000	-1.000000	-1.000000	-1.000000	-1.000000	-1.000000	-1.000000	74.620690	0.000000	-1.000000	-1.000000	1461500.000000	1772660811.675835
-26577.405000	-45103.455000	2433.060000	2039.625000	6014.520000	5059.170000	2991.240000	2028.690000	15.163745	18.214188	18.419003	17.965005	15.659636	12.443805	8.412526	18.765593	0.549360	2.884140	-2.075360	0.911619	0.123718	0.370849	-1.000000	-1.000000	-1.000000	-1.000000	-1.000000	-1.000000	-1.000000	74.620690	0.000000	-1.000000	-1.000000	1461501.000000	1772660811.677996
-26575.740000	-45093.915000	2445.255000	2051.505000	6023.340000	5058.810000	2970.360000	2006.685000	11.869180	12.278663	11.564974	10.431562	8.924726	7.542074	7.352806	14.829206	0.549360	2.884140	-2.075360	0.911619	0.123718	0.370849	-1.000000	-1.000000	-1.000000	-1.000000	-1.000000	-1.000000	-1.000000	74.620690	0.000000	-1.000000	-1.000000	1461502.000000	1772660811.678003
-26654.760000	-45158.130000	2387.520000	1995.705000	5968.440000	5007.555000	2924.460000	1909.620000	8.351983	7.112024	6.387213	5.133056	4.694286	4.924856	7.666678	11.712447	0.549360	2.884140	-2.075360	0.911619	0.123718	0.370849	-1.000000	-1.000000	-1.000000	-1.000000	-1.000000	-1.000000	-1.000000	74.620690	0.000000	-1.000000	-1.000000	1461503.000000	1772660811.682059
-26496.270000	-45021.105000	2515.095000	2117.925000	6085.080000	5118.255000	3023.055000	2120.895000	0.969625	0.764503	0.914614	0.239486	0.699226	1.553070	4.493455	2.659038	0.549360	2.884140	-2.075360	0.911619	0.123718	0.370849	-1.000000	-1.000000	-1.000000	-1.000000	-1.000000	-1.000000	-1.000000	74.620690	0.000000	-1.000000	-1.000000	1461504.000000	1772660811.682066
-26623.035000	-45100.485000	2446.200000	2054.520000	6029.235000	5068.485000	2968.020000	1928.565000	-8.115680	-5.690063	-4.674796	-4.509065	-3.564152	-2.815395	-1.632313	-10.295142	0.549360	2.884140	-2.075360	0.911619	0.123718	0.370849	-1.000000	-1.000000	-1.000000	-1.000000	-1.000000	-1.000000	-1.000000	74.620690	0.000000	-1.000000	-1.000000	1461505.000000	1772660811.689564
-26764.065000	-45253.935000	2298.960000	1912.230000	5894.010000	4942.260000	2862.045000	1764.630000	-17.985715	-12.876976	-11.486945	-10.535938	-9.187852	-8.402213	-9.111145	-25.707879	0.549360	2.884140	-2.075360	0.911619	0.123718	0.370849	-1.000000	-1.000000	-1.000000	-1.000000	-1.000000	-1.000000	-1.000000	74.620690	0.000000	-1.000000	-1.000000	1461506.000000	1772660811.689573
-26698.140000	-45206.640000	2341.305000	1955.250000	5932.935000	4978.035000	2896.785000	1858.905000	-30.151348	-24.251222	-22.731871	-20.985127	-18.929506	-17.433071	-18.691042	-43.460456	0.549360	2.884140	-2.075360	0.911619	0.123718	0.370849	-1.000000	-1.000000	-1.000000	-1.000000	-1.000000	-1.000000	-1.000000	74.620690	0.000000	-1.000000	-1.000000	1461507.000000	1772660811.690140
-26674.335000	-45169.605000	2376.630000	1994.580000	5971.230000	5012.100000	2924.685000	1885.545000	-35.966192	-32.892830	-31.526961	-29.164941	-26.632964	-24.400844	-24.863582	-49.926443	0.549360	2.884140	-2.075360	0.911619	0.123718	0.370849	-1.000000	-1.000000	-1.000000	-1.000000	-1.000000	-1.000000	-1.000000	74.620690	0.000000	-1.000000	-1.000000	1461508.000000	1772660811.690146
-26652.780000	-45131.940000	2414.205000	2031.255000	6003.000000	5036.355000	2936.295000	1892.205000	-24.137778	-25.622568	-24.954908	-22.697305	-20.881593	-19.195852	-19.315349	-31.746273	0.549360	2.884140	-2.075360	0.911619	0.123718	0.370849	-1.000000	-1.000000	-1.000000	-1.000000	-1.000000	-1.000000	-1.000000	74.620690	0.000000	-1.000000	-1.000000	1461509.000000	1772660811.694069
-26633.925000	-45123.615000	2418.435000	2031.570000	6001.245000	5035.050000	2930.805000	1913.130000	3.058408	-1.137158	-1.630968	-0.526509	-0.711381	-1.175198	-2.851430	4.498981	0.549360	2.884140	-2.075360	0.911619	0.123718	0.370849	-1.000000	-1.000000	-1.000000	-1.000000	-1.000000	-1.000000	-1.000000	74.620690	0.000000	-1.000000	-1.000000	1461510.000000	1772660811.694076
-26612.100000	-45114.480000	2431.260000	2048.310000	6020.685000	5053.230000	2941.110000	1964.970000	31.855013	27.306820	25.577796	24.816728	22.454481	19.640234	15.675932	40.836675	-2.929920	3.143560	-1.144500	0.912107	0.127075	0.369750	-1.000000	-1.000000	-1.000000	-1.000000	-1.000000	-1.000000	-1.000000	74.620690	0.000000	-1.000000	-1.000000	1461511.000000	1772660811.698270
-26532.540000	-45048.780000	2497.455000	2114.010000	6087.465000	5123.385000	3010.410000	2081.385000	49.134692	44.528826	42.043350	39.647257	36.349937	32.775685	28.314543	63.624830	-2.929920	3.143560	-1.144500	0.912107	0.127075	0.369750	-1.000000	-1.000000	-1.000000	-1.000000	-1.000000	-1.000000	-1.000000	74.620690	0.000000	-1.000000	-1.000000	1461512.000000	1772660811.698277
-26585.145000	-45102.780000	2442.105000	2056.500000	6030.945000	5072.400000	2965.815000	1995.255000	47.570578	42.165064	39.848277	36.848422	34.391748	32.271882	30.436322	64.465739	-2.929920	3.143560	-1.144500	0.912107	0.127075	0.369750	-1.000000	-1.000000	-1.000000	-1.000000	-1.000000	-1.000000	-1.000000	74.620690	0.000000	-1.000000	-1.000000	1461513.000000	1772660811.701976
-26712.720000	-45215.370000	2329.470000	1942.785000	5920.650000	4971.060000	2899.980000	1850.175000	26.292634	20.376384	18.947781	16.349002	15.776951	16.546578	20.030866	39.861055	-2.929920	3.143560	-1.144500	0.912107	0.127075	0.369750	-1.000000	-1.000000	-1.000000	-1.000000	-1.000000	-1.000000	-1.000000	74.620690	0.000000	-1.000000	-1.000000	1461514.000000	1772660811.701983
-26699.805000	-45191.610000	2348.055000	1958.850000	5933.970000	4981.995000	2907.720000	1852.470000	-5.713261	-9.845819	-10.404624	-12.178960	-11.107708	-7.719696	1.428571	-1.113627	-2.929920	3.143560	-1.144500	0.912107	0.127075	0.369750	-1.000000	-1.000000	-1.000000	-1.000000	-1.000000	-1.000000	-1.000000	74.620690	0.000000	-1.000000	-1.000000	1461515.000000	1772660811.706071
-26646.885000	-45154.665000	2379.330000	1986.885000	5957.280000	5000.355000	2920.320000	1899.900000	-32.528639	-31.713497	-31.810594	-32.788901	-31.161100	-27.031343	-15.614711	-39.160343	-2.929920	3.143560	-1.144500	0.912107	0.127075	0.369750	-1.000000	-1.000000	-1.000000	-1.000000	-1.000000	-1.000000	-1.000000	74.620690	0.000000	-1.000000	-1.000000	1461516.000000	1772660811.706078
-26624.970000	-45149.490000	2382.210000	1989.045000	5960.520000	5004.585000	2931.030000	1937.295000	-41.773188	-35.587617	-35.431516	-35.777599	-34.660936	-32.001560	-23.790111	-57.255593	-2.929920	3.143560	-1.144500	0.912107	0.127075	0.369750	-1.000000	-1.000000	-1.000000	-1.000000	-1.000000	-1.000000	-1.000000	74.620690	0.000000	-1.000000	-1.000000	1461517.000000	1772660811.712727
-26654.265000	-45157.230000	2384.370000	1994.580000	5968.215000	5011.065000	2928.330000	1904.400000	-32.350860	-24.298507	-23.639042	-23.332503	-23.044431	-22.964579	-21.784930	-49.981607	-2.929920	3.143560	-1.144500	0.912107	0.127075	0.369750	-1.000000	-1.000000	-1.000000	-1.000000	-1.000000	-1.000000	-1.000000	74.620690	0.000000	-1.000000	-1.000000	1461518.000000	1772660811.712734
-26598.960000	-45102.510000	2437.740000	2045.430000	6015.510000	5055.480000	2960.460000	1963.980000	-13.032420	-6.691658	-4.956087	-3.694474	-3.785911	-5.899138	-12.029805	-25.199786	-2.929920	3.143560	-1.144500	0.912107	0.127075	0.369750	-1.000000	-1.000000	-1.000000	-1.000000	-1.000000	-1.000000	-1.000000	74.620690	0.000000	-1.000000	-1.000000	1461519.000000	1772660811.714107
-26610.570000	-45115.425000	2429.955000	2038.410000	6007.680000	5048.595000	2951.100000	1946.925000	5.749268	9.547387	12.473463	14.735149	14.696396	11.606298	0.859559	2.675749	-2.929920	3.143560	-1.144500	0.912107	0.127075	0.369750	-1.000000	-1.000000	-1.000000	-1.000000	-1.000000	-1.000000	-1.000000	74.620690	0.000000	-1.000000	-1.000000	1461520.000000	1772660811.714114
-26650.530000	-45161.730000	2385.900000	1995.660000	5965.695000	5009.130000	2924.010000	1919.430000	15.413447	17.382486	20.704244	23.400689	23.386793	20.597436	9.651966	19.486610	-1.190280	4.867940	-0.793520	0.913572	0.127380	0.371276	-1.000000	-1.000000	-1.000000	-1.000000	-1.000000	-1.000000	-1.000000	74.620690	0.000000	-1.000000	-1.000000	1461521.000000	1772660811.717931
-26601.975000	-45112.545000	2427.345000	2038.365000	6008.085000	5051.295000	2961.270000	1994.130000	14.131890	14.501991	16.924737	19.296035	19.106401	17.423270	10.472160	21.920502	-1.190280	4.867940	-0.793520	0.913572	0.127380	0.371276	-1.000000	-1.000000	-1.000000	-1.000000	-1.000000	-1.000000	-1.000000	74.620690	0.000000	-1.000000	-1.000000	1461522.000000	1772660811.717939
-26541.945000	-45060.795000	2469.195000	2081.340000	6049.485000	5092.020000	3000.555000	2061.990000	12.509722	10.379212	10.525474	12.030025	11.521919	10.937842	9.240379	23.330160	-1.190280	4.867940	-0.793520	0.913572	0.127380	0.371276	-1.000000	-1.000000	-1.000000	-1.000000	-1.000000	-1.000000	-1.000000	74.620690	0.000000	-1.000000	-1.000000	1461523.000000	1772660811.721964
-26619.255000	-45120.195000	2419.830000	2037.195000	6008.535000	5050.710000	2952.945000	1936.800000	17.586296	12.525316	9.874875	10.377074	9.675136	9.741133	11.360549	30.615193	-1.190280	4.867940	-0.793520	0.913572	0.127380	0.371276	-1.000000	-1.000000	-1.000000	-1.000000	-1.000000	-1.000000	-1.000000	74.620690	0.000000	-1.000000	-1.000000	1461524.000000	1772660811.721972
-26656.740000	-45149.670000	2393.820000	2011.005000	5984.505000	5029.560000	2937.060000	1892.295000	18.245224	12.528175	8.576646	8.368963	8.077341	8.697142	11.366671	28.131280	-1.190280	4.867940	-0.793520	0.913572	0.127380	0.371276	-1.000000	-1.000000	-1.000000	-1.000000	-1.000000	-1.000000	-1.000000	74.620690	0.000000	-1.000000	-1.000000	1461525.000000	1772660811.726005
-26616.870000	-45122.490000	2414.835000	2027.205000	5997.060000	5041.260000	2951.910000	1946.970000	4.083941	1.336283	-1.414870	-2.080554	-1.401454	0.038005	3.091836	4.397784	-1.190280	4.867940	-0.793520	0.913572	0.127380	0.371276	-1.000000	-1.000000	-1.000000	-1.000000	-1.000000	-1.000000	-1.000000	74.620690	0.000000	-1.000000	-1.000000	1461526.000000	1772660811.726012
-26688.240000	-45176.265000	2368.395000	1983.510000	5954.040000	4998.240000	2904.255000	1858.230000	-17.730832	-16.295067	-16.655524	-17.898960	-16.479456	-14.251032	-10.351228	-27.949253	-1.190280	4.867940	-0.793520	0.913572	0.127380	0.371276	-1.000000	-1.000000	-1.000000	-1.000000	-1.000000	-1.000000	-1.000000	74.620690	0.000000	-1.000000	-1.000000	1461527.000000	1772660811.730083
-26671.680000	-45164.205000	2383.110000	1999.755000	5974.335000	5021.415000	2919.960000	1878.885000	-33.815554	-29.953588	-28.490332	-30.329476	-28.927780	-26.457946	-21.460457	-49.482490	-1.190280	4.867940	-0.793520	0.913572	0.127380	0.371276	-1.000000	-1.000000	-1.000000	-1.000000	-1.000000	-1.000000	-1.000000	74.620690	0.000000	-1.000000	-1.000000	1461528.000000	1772660811.730090
-26643.420000	-45147.105000	2396.070000	2010.060000	5982.660000	5028.210000	2925.585000	1904.220000	-35.499305	-31.838505	-29.896956	-31.895289	-31.067985	-29.149497	-24.032046	-49.639716	-1.190280	4.867940	-0.793520	0.913572	0.127380	0.371276	-1.000000	-1.000000	-1.000000	-1.000000	-1.000000	-1.000000	-1.000000	74.620690	0.000000	-1.000000	-1.000000	1461529.000000	1772660811.733908
-26637.840000	-45142.065000	2399.085000	2011.680000	5983.110000	5027.670000	2931.030000	1916.325000	-20.162168	-18.810608	-17.758125	-19.402772	-19.406922	-18.831210	-15.496239	-27.620744	-1.190280	4.867940	-0.793520	0.913572	0.127380	0.371276	-1.000000	-1.000000	-1.000000	-1.000000	-1.000000	-1.000000	-1.000000	74.620690	0.000000	-1.000000	-1.000000	1461530.000000	1772660811.733916
-26637.390000	-45134.280000	2407.545000	2019.285000	5988.375000	5036.535000	2947.815000	1940.895000	5.768241	4.116752	3.713328	2.661007	1.698674	0.518264	0.740260	7.018082	-0.701960	4.654300	0.350980	0.911497	0.128235	0.370910	-1.000000	-1.000000	-1.000000	-1.000000	-1.000000	-1.000000	-1.000000	74.620690	0.000000	-1.000000	-1.000000	1461531.000000	1772660811.738636
-26654.490000	-45138.195000	2411.685000	2026.260000	5993.415000	5039.280000	2947.860000	1930.230000	28.450714	25.081075	24.007314	23.603113	21.805422	19.286741	16.680481	37.902508	-0.701960	4.654300	0.350980	0.911497	0.128235	0.370910	-1.000000	-1.000000	-1.000000	-1.000000	-1.000000	-1.000000	-1.000000	74.620690	0.000000	-1.000000	-1.000000	1461532.000000	1772660811.738644
-26638.605000	-45133.740000	2414.430000	2030.805000	5995.170000	5038.380000	2942.280000	1923.210000	36.935444	34.027286	33.623482	33.920543	31.750813	28.967714	25.022840	51.951040	-0.701960	4.654300	0.350980	0.911497	0.128235	0.370910	-1.000000	-1.000000	-1.000000	-1.000000	-1.000000	-1.000000	-1.000000	74.620690	0.000000	-1.000000	-1.000000	1461533.000000	1772660811.742057
-26648.910000	-45122.490000	2430.585000	2049.885000	6014.745000	5054.625000	2951.055000	1921.275000	30.225213	29.157607	29.964362	31.040155	29.153029	27.068945	23.149184	45.668419	-0.701960	4.654300	0.350980	0.911497	0.128235	0.370910	-1.000000	-1.000000	-1.000000	-1.000000	-1.000000	-1.000000	-1.000000	74.620690	0.000000	-1.000000	-1.000000	1461534.000000	1772660811.742065
-26666.820000	-45142.020000	2407.680000	2024.775000	5995.395000	5044.320000	2951.010000	1918.350000	13.701101	14.869321	16.342246	18.150885	17.307477	16.455495	13.263342	23.587252	-0.701960	4.654300	0.350980	0.911497	0.128235	0.370910	-1.000000	-1.000000	-1.000000	-1.000000	-1.000000	-1.000000	-1.000000	74.620690	0.000000	-1.000000	-1.000000	1461535.000000	1772660811.745881
-26602.245000	-45125.865000	2405.205000	2015.820000	5983.425000	5032.665000	2947.095000	1946.475000	-4.368222	-2.231496	-1.472806	0.520568	1.321058	2.035280	0.541891	-3.617409	-0.701960	4.654300	0.350980	0.911497	0.128235	0.370910	-1.000000	-1.000000	-1.000000	-1.000000	-1.000000	-1.000000	-1.000000	74.620690	0.000000	-1.000000	-1.000000	1461536.000000	1772660811.745888
-26573.895000	-45103.095000	2428.245000	2037.195000	6003.720000	5052.195000	2966.130000	1996.155000	-14.845212	-15.105787	-16.719826	-15.617189	-13.405135	-11.236964	-9.733665	-23.143599	-0.701960	4.654300	0.350980	0.911497	0.128235	0.370910	-1.000000	-1.000000	-1.000000	-1.000000	-1.000000	-1.000000	-1.000000	74.620690	0.000000	-1.000000	-1.000000	1461537.000000	1772660811.750003
-26577.000000	-45104.805000	2431.845000	2041.155000	6006.780000	5051.880000	2963.340000	2004.885000	-14.842167	-19.436734	-23.591945	-24.097504	-21.593762	-18.933697	-14.576056	-28.401913	-0.701960	4.654300	0.350980	0.911497	0.128235	0.370910	-1.000000	-1.000000	-1.000000	-1.000000	-1.000000	-1.000000	-1.000000	74.620690	0.000000	-1.000000	-1.000000	1461538.000000	1772660811.750010
-26619.615000	-45139.005000	2402.775000	2016.270000	5984.145000	5029.110000	2940.345000	1940.445000	-9.988875	-16.399717	-20.744574	-22.395153	-20.711576	-18.941460	-14.188253	-23.021785	-0.701960	4.654300	0.350980	0.911497	0.128235	0.370910	-1.000000	-1.000000	-1.000000	-1.000000	-1.000000	-1.000000	-1.000000	74.620690	0.000000	-1.000000	-1.000000	1461539.000000	1772660811.753933
-26667.855000	-45169.470000	2374.425000	1989.720000	5960.745000	5012.730000	2932.110000	1888.155000	-7.895012	-11.233732	-12.621387	-14.100861	-13.556533	-13.481310	-11.393292	-16.752500	-0.701960	4.654300	0.350980	0.911497	0.128235	0.370910	-1.000000	-1.000000	-1.000000	-1.000000	-1.000000	-1.000000	-1.000000	74.620690	0.000000	-1.000000	-1.000000	1461540.000000	1772660811.753940
-26647.605000	-45145.845000	2392.065000	2000.340000	5961.600000	5009.445000	2934.495000	1914.570000	-10.586399	-7.529890	-4.780263	-5.143299	-5.408734	-6.648258	-8.223556	-14.582377	-0.778260	5.753020	-0.366240	0.908384	0.129394	0.372924	-1.000000	-1.000000	-1.000000	-1.000000	-1.000000	-1.000000	-1.000000	74.620690	0.000000	-1.000000	-1.000000	1461541.000000	1772660811.757920
-26631.135000	-45128.430000	2409.660000	2016.855000	5973.030000	5016.105000	2937.420000	1928.880000	-12.579592	-3.658882	1.506890	1.982755	1.101634	-0.425183	-3.975378	-11.339147	-0.778260	5.753020	-0.366240	0.908384	0.129394	0.372924	-1.000000	-1.000000	-1.000000	-1.000000	-1.000000	-1.000000	-1.000000	74.620690	0.000000	-1.000000	-1.000000	1461542.000000	1772660811.757927
-26621.280000	-45113.175000	2430.585000	2042.280000	6000.570000	5040.990000	2951.910000	1957.095000	-7.814060	2.885341	7.541361	7.975540	6.384161	5.208527	1.955338	-1.258138	-0.778260	5.753020	-0.366240	0.908384	0.129394	0.372924	-1.000000	-1.000000	-1.000000	-1.000000	-1.000000	-1.000000	-1.000000	74.620690	0.000000	-1.000000	-1.000000	1461543.000000	1772660811.762036
-26608.185000	-45112.815000	2427.705000	2041.560000	6005.160000	5044.635000	2945.880000	1957.770000	3.286585	10.807781	13.144135	13.292514	11.296929	10.412976	8.136510	13.335104	-0.778260	5.753020	-0.366240	0.908384	0.129394	0.372924	-1.000000	-1.000000	-1.000000	-1.000000	-1.000000	-1.000000	-1.000000	74.620690	0.000000	-1.000000	-1.000000	1461544.000000	1772660811.762043
-26634.015000	-45140.715000	2396.655000	2014.425000	5985.810000	5030.055000	2933.055000	1906.605000	13.603234	15.434125	15.474106	15.938358	14.596374	13.795940	11.778796	23.473441	-0.778260	5.753020	-0.366240	0.908384	0.129394	0.372924	-1.000000	-1.000000	-1.000000	-1.000000	-1.000000	-1.000000	-1.000000	74.620690	0.000000	-1.000000	-1.000000	1461545.000000	1772660811.766193
-26643.915000	-45149.130000	2393.325000	2014.560000	5987.250000	5035.410000	2938.545000	1914.615000	14.969489	12.147409	10.917255	12.342828	12.845747	12.457209	10.403391	20.465009	-0.778260	5.753020	-0.366240	0.908384	0.129394	0.372924	-1.000000	-1.000000	-1.000000	-1.000000	-1.000000	-1.000000	-1.000000	74.620690	0.000000	-1.000000	-1.000000	1461546.000000	1772660811.766201
-26644.095000	-45151.560000	2390.940000	2006.955000	5978.070000	5029.650000	2943.135000	1918.935000	6.845016	1.966414	0.428352	2.611565	5.138657	5.922013	4.847872	5.893066	-0.778260	5.753020	-0.366240	0.908384	0.129394	0.372924	-1.000000	-1.000000	-1.000000	-1.000000	-1.000000	-1.000000	-1.000000	74.620690	0.000000	-1.000000	-1.000000	1461547.000000	1772660811.770059
-26608.995000	-45114.750000	2426.400000	2041.515000	6009.615000	5055.435000	2954.565000	1943.460000	-1.959429	-7.204505	-8.691160	-7.035750	-3.834586	-1.704540	-0.644305	-7.584558	-0.778260	5.753020	-0.366240	0.908384	0.129394	0.372924	-1.000000	-1.000000	-1.000000	-1.000000	-1.000000	-1.000000	-1.000000	74.620690	0.000000	-1.000000	-1.000000	1461548.000000	1772660811.770066
-26569.125000	-45060.390000	2471.985000	2094.345000	6058.620000	5093.145000	2971.620000	1979.280000	-2.103235	-7.250226	-8.904485	-9.090724	-7.240298	-4.984495	-2.479655	-8.658693	-0.778260	5.753020	-0.366240	0.908384	0.129394	0.372924	-1.000000	-1.000000	-1.000000	-1.000000	-1.000000	-1.000000	-1.000000	74.620690	0.000000	-1.000000	-1.000000	1461549.000000	1772660811.773944
-26638.065000	-45125.010000	2394.945000	2024.235000	5990.085000	5028.615000	2930.805000	1905.480000	5.534244	1.089589	-1.173837	-3.046972	-3.628815	-3.004931	-1.134526	1.007999	-0.778260	5.753020	-0.366240	0.908384	0.129394	0.372924	-1.000000	-1.000000	-1.000000	-1.000000	-1.000000	-1.000000	-1.000000	74.620690	0.000000	-1.000000	-1.000000	1461550.000000	1772660811.773951
-26643.375000	-45151.470000	2356.965000	1991.880000	5964.660000	5009.760000	2929.905000	1920.420000	9.977788	7.110460	3.938125	1.959731	-0.295885	-1.611191	-0.613511	8.767420	-1.754900	4.120200	-0.167860	0.908994	0.128967	0.372375	-1.000000	-1.000000	-1.000000	-1.000000	-1.000000	-1.000000	-1.000000	74.620690	0.000000	-1.000000	-1.000000	1461551.000000	1772660811.779186
-26606.205000	-45130.725000	2386.395000	2015.955000	5990.895000	5035.680000	2957.310000	1976.265000	4.458315	2.880034	-0.811320	-1.575475	-3.710398	-5.437088	-2.962845	6.638582	-1.754900	4.120200	-0.167860	0.908994	0.128967	0.372375	-1.000000	-1.000000	-1.000000	-1.000000	-1.000000	-1.000000	-1.000000	74.620690	0.000000	-1.000000	-1.000000	1461552.000000	1772660811.779192
-26545.005000	-45061.830000	2452.635000	2071.530000	6038.505000	5075.505000	2982.510000	2040.930000	-5.085276	-6.150848	-8.694767	-8.573649	-9.545271	-10.192848	-4.855488	0.213137	-1.754900	4.120200	-0.167860	0.908994	0.128967	0.372375	-1.000000	-1.000000	-1.000000	-1.000000	-1.000000	-1.000000	-1.000000	74.620690	0.000000	-1.000000	-1.000000	1461553.000000	1772660811.784693
-26637.210000	-45127.440000	2392.920000	2017.485000	5991.660000	5041.755000	2954.610000	1913.490000	-10.285755	-9.697625	-8.938544	-9.403401	-9.658381	-9.135224	-3.025540	-3.203103	-1.754900	4.120200	-0.167860	0.908994	0.128967	0.372375	-1.000000	-1.000000	-1.000000	-1.000000	-1.000000	-1.000000	-1.000000	74.620690	0.000000	-1.000000	-1.000000	1461554.000000	1772660811.784703
-26630.505000	-45139.815000	2403.765000	2024.775000	5996.610000	5050.125000	2965.905000	1937.340000	-10.819935	-6.416537	-1.363844	-3.232634	-3.615980	-2.539416	0.629639	-5.761648	-1.754900	4.120200	-0.167860	0.908994	0.128967	0.372375	-1.000000	-1.000000	-1.000000	-1.000000	-1.000000	-1.000000	-1.000000	74.620690	0.000000	-1.000000	-1.000000	1461555.000000	1772660811.785994
-26533.305000	-45057.780000	2499.705000	2112.120000	6079.365000	5125.095000	3025.485000	2057.670000	-8.318279	-0.789430	7.866208	5.186747	4.465796	5.532111	3.423004	-8.733285	-1.754900	4.120200	-0.167860	0.908994	0.128967	0.372375	-1.000000	-1.000000	-1.000000	-1.000000	-1.000000	-1.000000	-1.000000	74.620690	0.000000	-1.000000	-1.000000	1461556.000000	1772660811.786001
-26566.065000	-45073.845000	2487.780000	2089.125000	6050.745000	5086.485000	2981.475000	1998.810000	-1.570320	4.941852	15.034006	12.561635	11.742335	12.094231	4.983131	-6.761265	-1.754900	4.120200	-0.167860	0.908994	0.128967	0.372375	-1.000000	-1.000000	-1.000000	-1.000000	-1.000000	-1.000000	-1.000000	74.620690	0.000000	-1.000000	-1.000000	1461557.000000	1772660811.790060
-26674.920000	-45158.220000	2398.545000	2004.300000	5968.665000	5009.760000	2920.140000	1861.920000	5.103587	7.159691	15.408759	13.700151	13.171310	12.319361	3.221059	-2.003603	-1.754900	4.120200	-0.167860	0.908994	0.128967	0.372375	-1.000000	-1.000000	-1.000000	-1.000000	-1.000000	-1.000000	-1.000000	74.620690	0.000000	-1.000000	-1.000000	1461558.000000	1772660811.790068
-26703.540000	-45183.825000	2371.950000	1983.060000	5950.170000	4998.060000	2924.010000	1853.145000	3.611027	1.694685	4.971585	4.439734	4.716487	3.182096	-3.528300	-3.483551	-1.754900	4.120200	-0.167860	0.908994	0.128967	0.372375	-1.000000	-1.000000	-1.000000	-1.000000	-1.000000	-1.000000	-1.000000	74.620690	0.000000	-1.000000	-1.000000	1461559.000000	1772660811.794113
-26689.905000	-45193.500000	2352.015000	1961.820000	5924.835000	4972.680000	2911.770000	1871.595000	-5.197030	-8.174591	-11.384994	-10.179640	-8.931221	-9.979991	-11.246059	-10.880604	-1.754900	4.120200	-0.167860	0.908994	0.128967	0.372375	-1.000000	-1.000000	-1.000000	-1.000000	-1.000000	-1.000000	-1.000000	74.620690	0.000000	-1.000000	-1.000000	1461560.000000	1772660811.794120
-26652.915000	-45157.725000	2390.130000	2004.345000	5967.135000	5010.390000	2934.630000	1913.580000	-12.242091	-14.255682	-23.309930	-20.054723	-18.440230	-18.346550	-14.100984	-15.097801	-2.563680	3.540320	-1.648080	0.907468	0.127319	0.373290	-1.000000	-1.000000	-1.000000	-1.000000	-1.000000	-1.000000	-1.000000	74.620690	0.000000	-1.000000	-1.000000	1461561.000000	1772660811.798781
-26642.655000	-45133.245000	2418.795000	2036.430000	5999.490000	5034.735000	2930.580000	1914.660000	-10.379154	-11.288399	-23.349854	-18.307821	-17.160848	-16.370259	-9.731333	-9.377655	-2.563680	3.540320	-1.648080	0.907468	0.127319	0.373290	-1.000000	-1.000000	-1.000000	-1.000000	-1.000000	-1.000000	-1.000000	74.620690	0.000000	-1.000000	-1.000000	1461562.000000	1772660811.798790
-26629.605000	-45134.955000	2413.170000	2032.515000	5999.580000	5038.425000	2932.830000	1920.645000	1.518552	0.761099	-10.288867	-4.550681	-4.203337	-3.951220	0.199393	6.440469	-2.563680	3.540320	-1.648080	0.907468	0.127319	0.373290	-1.000000	-1.000000	-1.000000	-1.000000	-1.000000	-1.000000	-1.000000	74.620690	0.000000	-1.000000	-1.000000	1461563.000000	1772660811.806738
-26646.030000	-45159.480000	2386.170000	2008.305000	5978.160000	5027.805000	2943.180000	1921.140000	17.256933	15.570966	8.345287	13.033913	12.916684	11.918245	10.719994	24.407142	-2.563680	3.540320	-1.648080	0.907468	0.127319	0.373290	-1.000000	-1.000000	-1.000000	-1.000000	-1.000000	-1.000000	-1.000000	74.620690	0.000000	-1.000000	-1.000000	1461564.000000	1772660811.806746
-26643.780000	-45148.545000	2397.825000	2017.170000	5983.875000	5032.980000	2951.865000	1934.415000	24.967933	22.325823	19.405602	21.648444	21.779154	20.538473	16.134183	31.696631	-2.563680	3.540320	-1.648080	0.907468	0.127319	0.373290	-1.000000	-1.000000	-1.000000	-1.000000	-1.000000	-1.000000	-1.000000	74.620690	0.000000	-1.000000	-1.000000	1461565.000000	1772660811.806755
-26625.285000	-45127.845000	2419.920000	2038.860000	6002.190000	5045.040000	2962.305000	1965.465000	19.046256	16.430495	17.230706	16.627784	17.390345	17.695072	15.038719	24.219659	-2.563680	3.540320	-1.648080	0.907468	0.127319	0.373290	-1.000000	-1.000000	-1.000000	-1.000000	-1.000000	-1.000000	-1.000000	74.620690	0.000000	-1.000000	-1.000000	1461566.000000	1772660811.806759
-26621.955000	-45108.090000	2448.090000	2069.685000	6029.685000	5064.300000	2968.425000	1969.470000	7.476933	5.685291	9.953536	6.837919	7.749489	9.876346	11.317407	11.979471	-2.563680	3.540320	-1.648080	0.907468	0.127319	0.373290	-1.000000	-1.000000	-1.000000	-1.000000	-1.000000	-1.000000	-1.000000	74.620690	0.000000	-1.000000	-1.000000	1461567.000000	1772660811.809894
-26650.845000	-45097.920000	2459.835000	2081.070000	6039.495000	5071.995000	2962.035000	1906.875000	-0.069939	0.201661	7.871779	2.988672	3.017890	5.101466	7.947283	3.346657	-2.563680	3.540320	-1.648080	0.907468	0.127319	0.373290	-1.000000	-1.000000	-1.000000	-1.000000	-1.000000	-1.000000	-1.000000	74.620690	0.000000	-1.000000	-1.000000	1461568.000000	1772660811.809901
-26606.790000	-45089.460000	2450.520000	2060.370000	6017.175000	5054.175000	2950.020000	1908.675000	-3.585424	0.781480	10.528533	4.897539	3.434718	3.476758	3.292966	-5.476720	-2.563680	3.540320	-1.648080	0.907468	0.127319	0.373290	-1.000000	-1.000000	-1.000000	-1.000000	-1.000000	-1.000000	-1.000000	74.620690	0.000000	-1.000000	-1.000000	1461569.000000	1772660811.814727
-26602.245000	-45138.780000	2390.220000	1994.985000	5955.480000	5003.325000	2926.755000	1939.050000	-7.371449	-0.120581	8.240611	2.875913	0.436232	-1.356001	-5.018075	-18.428253	-2.563680	3.540320	-1.648080	0.907468	0.127319	0.373290	-1.000000	-1.000000	-1.000000	-1.000000	-1.000000	-1.000000	-1.000000	74.620690	0.000000	-1.000000	-1.000000	1461570.000000	1772660811.814735
-26620.380000	-45161.955000	2368.710000	1980.360000	5947.200000	5001.750000	2937.690000	1958.400000	-12.276027	-8.590417	-5.474880	-9.603700	-11.635892	-12.966449	-15.093308	-28.763708	-3.036740	4.867940	-1.770160	0.910825	0.127014	0.369994	-1.000000	-1.000000	-1.000000	-1.000000	-1.000000	-1.000000	-1.000000	74.620690	0.000000	-1.000000	-1.000000	1461571.000000	1772660811.817944
-26632.080000	-45160.245000	2371.905000	1988.910000	5959.215000	5012.820000	2940.795000	1941.660000	-16.061047	-20.928539	-24.245994	-25.946892	-26.292491	-25.313400	-21.019219	-27.542504	-3.036740	4.867940	-1.770160	0.910825	0.127014	0.369994	-1.000000	-1.000000	-1.000000	-1.000000	-1.000000	-1.000000	-1.000000	74.620690	0.000000	-1.000000	-1.000000	1461572.000000	1772660811.817951
-26614.170000	-45138.780000	2398.815000	2016.810000	5984.100000	5035.230000	2954.295000	1968.390000	-16.305212	-26.786797	-34.079283	-32.310614	-30.697488	-28.002744	-18.653936	-15.360770	-3.036740	4.867940	-1.770160	0.910825	0.127014	0.369994	-1.000000	-1.000000	-1.000000	-1.000000	-1.000000	-1.000000	-1.000000	74.620690	0.000000	-1.000000	-1.000000	1461573.000000	1772660811.821980
-26640.945000	-45140.040000	2412.225000	2036.385000	6001.785000	5046.030000	2956.005000	1941.075000	-12.095242	-20.171870	-26.979436	-21.752732	-19.059797	-16.930009	-9.150215	-0.302577	-3.036740	4.867940	-1.770160	0.910825	0.127014	0.369994	-1.000000	-1.000000	-1.000000	-1.000000	-1.000000	-1.000000	-1.000000	74.620690	0.000000	-1.000000	-1.000000	1461574.000000	1772660811.821991
-26645.445000	-45131.355000	2425.500000	2050.515000	6013.710000	5052.465000	2954.835000	1922.490000	-4.616039	-4.178046	-6.588253	0.623805	3.015779	2.772279	3.095997	10.274442	-3.036740	4.867940	-1.770160	0.910825	0.127014	0.369994	-1.000000	-1.000000	-1.000000	-1.000000	-1.000000	-1.000000	-1.000000	74.620690	0.000000	-1.000000	-1.000000	1461575.000000	1772660811.828980
-26631.405000	-45134.865000	2402.685000	2015.685000	5978.385000	5022.225000	2935.935000	1912.770000	4.275885	13.005057	15.816095	22.257424	23.270630	20.621109	12.812838	13.875456	-3.036740	4.867940	-1.770160	0.910825	0.127014	0.369994	-1.000000	-1.000000	-1.000000	-1.000000	-1.000000	-1.000000	-1.000000	74.620690	0.000000	-1.000000	-1.000000	1461576.000000	1772660811.828988
-26599.770000	-45118.980000	2411.100000	2019.330000	5982.660000	5033.025000	2957.490000	1967.445000	13.011685	23.621770	28.693721	31.366707	30.716707	27.325366	16.217200	13.359155	-3.036740	4.867940	-1.770160	0.910825	0.127014	0.369994	-1.000000	-1.000000	-1.000000	-1.000000	-1.000000	-1.000000	-1.000000	74.620690	0.000000	-1.000000	-1.000000	1461577.000000	1772660811.829954
-26470.665000	-45003.915000	2528.910000	2137.635000	6096.330000	5136.840000	3040.335000	2139.075000	20.096459	25.618471	29.084230	26.830390	25.002032	22.808745	14.692171	14.801026	-3.036740	4.867940	-1.770160	0.910825	0.127014	0.369994	-1.000000	-1.000000	-1.000000	-1.000000	-1.000000	-1.000000	-1.000000	74.620690	0.000000	-1.000000	-1.000000	1461578.000000	1772660811.829962
-26567.370000	-45072.765000	2472.120000	2085.930000	6054.075000	5098.230000	2997.180000	1995.885000	23.186601	22.459575	23.039049	17.616790	15.434098	14.961450	12.424940	19.157029	-3.036740	4.867940	-1.770160	0.910825	0.127014	0.369994	-1.000000	-1.000000	-1.000000	-1.000000	-1.000000	-1.000000	-1.000000	74.620690	0.000000	-1.000000	-1.000000	1461579.000000	1772660811.834164
-26726.040000	-45217.710000	2329.920000	1944.810000	5920.065000	4973.400000	2891.835000	1804.680000	15.784781	13.463097	12.581141	7.190415	5.545767	6.055409	7.604733	14.298367	-3.036740	4.867940	-1.770160	0.910825	0.127014	0.369994	-1.000000	-1.000000	-1.000000	-1.000000	-1.000000	-1.000000	-1.000000	74.620690	0.000000	-1.000000	-1.000000	1461580.000000	1772660811.834171
-26655.930000	-45169.695000	2374.245000	1986.570000	5957.010000	5004.810000	2921.760000	1908.135000	-5.633886	-5.148288	-5.844518	-8.905136	-9.339008	-8.497613	-4.807245	-9.064923	-0.259420	6.638100	-1.373400	0.912717	0.123352	0.366759	-1.000000	-1.000000	-1.000000	-1.000000	-1.000000	-1.000000	-1.000000	74.620690	0.000000	-1.000000	-1.000000	1461581.000000	1772660811.839886
-26625.285000	-45128.520000	2417.805000	2030.715000	5998.095000	5040.945000	2948.445000	1941.165000	-28.633831	-26.043536	-26.457839	-26.771520	-26.038667	-25.106135	-20.168115	-35.930787	-0.259420	6.638100	-1.373400	0.912717	0.123352	0.366759	-1.000000	-1.000000	-1.000000	-1.000000	-1.000000	-1.000000	-1.000000	74.620690	0.000000	-1.000000	-1.000000	1461582.000000	1772660811.839893
-26657.415000	-45150.210000	2395.530000	2009.025000	5977.305000	5020.920000	2925.585000	1884.915000	-35.000835	-34.478918	-35.682204	-34.191379	-32.953718	-31.985898	-26.737272	-42.802601	-0.259420	6.638100	-1.373400	0.912717	0.123352	0.366759	-1.000000	-1.000000	-1.000000	-1.000000	-1.000000	-1.000000	-1.000000	74.620690	0.000000	-1.000000	-1.000000	1461583.000000	1772660811.842032
-26649.405000	-45152.145000	2389.185000	1998.765000	5968.035000	5014.170000	2924.820000	1896.615000	-20.978425	-25.469416	-28.178332	-26.207613	-25.081741	-23.888912	-19.607462	-24.857050	-0.259420	6.638100	-1.373400	0.912717	0.123352	0.366759	-1.000000	-1.000000	-1.000000	-1.000000	-1.000000	-1.000000	-1.000000	74.620690	0.000000	-1.000000	-1.000000	1461584.000000	1772660811.842040
-26641.305000	-45138.960000	2407.230000	2016.855000	5986.395000	5029.605000	2932.290000	1909.620000	2.565605	-6.150505	-9.485045	-7.886870	-7.131868	-5.678730	-3.518594	5.186641	-0.259420	6.638100	-1.373400	0.912717	0.123352	0.366759	-1.000000	-1.000000	-1.000000	-1.000000	-1.000000	-1.000000	-1.000000	74.620690	0.000000	-1.000000	-1.000000	1461585.000000	1772660811.846245
-26652.690000	-45132.750000	2418.705000	2029.635000	6003.630000	5047.425000	2943.810000	1906.695000	20.587163	12.244036	10.610734	11.851189	12.269415	13.394395	12.582780	29.385671	-0.259420	6.638100	-1.373400	0.912717	0.123352	0.366759	-1.000000	-1.000000	-1.000000	-1.000000	-1.000000	-1.000000	-1.000000	74.620690	0.000000	-1.000000	-1.000000	1461586.000000	1772660811.846253
-26636.850000	-45101.790000	2456.235000	2068.965000	6044.760000	5087.880000	2978.055000	1940.940000	22.819241	20.928921	22.856638	24.153946	24.439510	24.550081	20.875803	34.278221	-0.259420	6.638100	-1.373400	0.912717	0.123352	0.366759	-1.000000	-1.000000	-1.000000	-1.000000	-1.000000	-1.000000	-1.000000	74.620690	0.000000	-1.000000	-1.000000	1461587.000000	1772660811.850096
-26492.670000	-45005.580000	2545.830000	2155.410000	6124.140000	5157.855000	3031.965000	2094.480000	15.050493	21.507521	26.329543	27.594267	27.600008	26.408105	21.138120	25.206721	-0.259420	6.638100	-1.373400	0.912717	0.123352	0.366759	-1.000000	-1.000000	-1.000000	-1.000000	-1.000000	-1.000000	-1.000000	74.620690	0.000000	-1.000000	-1.000000	1461588.000000	1772660811.850104
-26587.080000	-45109.980000	2427.075000	2035.395000	6006.465000	5047.470000	2950.515000	1971.135000	13.083014	22.154852	26.631513	27.079506	26.075174	23.606504	18.438327	19.785174	-0.259420	6.638100	-1.373400	0.912717	0.123352	0.366759	-1.000000	-1.000000	-1.000000	-1.000000	-1.000000	-1.000000	-1.000000	74.620690	0.000000	-1.000000	-1.000000	1461589.000000	1772660811.854057
-26669.565000	-45154.980000	2370.690000	1981.080000	5955.705000	5005.890000	2931.750000	1927.980000	15.799886	19.933333	20.438158	19.469330	17.275597	14.479316	11.944873	17.436314	-0.259420	6.638100	-1.373400	0.912717	0.123352	0.366759	-1.000000	-1.000000	-1.000000	-1.000000	-1.000000	-1.000000	-1.000000	74.620690	0.000000	-1.000000	-1.000000	1461590.000000	1772660811.854064
-26643.240000	-45123.885000	2393.145000	2005.065000	5976.270000	5022.405000	2932.425000	1914.525000	7.839889	5.448296	0.509087	-1.517865	-3.734835	-4.865272	-1.999608	3.303565	-1.449700	8.133580	-1.770160	0.912717	0.123840	0.360839	-1.000000	-1.000000	-1.000000	-1.000000	-1.000000	-1.000000	-1.000000	74.620690	0.000000	-1.000000	-1.000000	1461591.000000	1772660811.858277
-26621.280000	-45151.650000	2381.760000	1993.230000	5962.410000	5009.310000	2923.245000	1919.700000	-11.065509	-16.959620	-25.324983	-27.374485	-28.224895	-26.433079	-18.392125	-21.024105	-1.449700	8.133580	-1.770160	0.912717	0.123840	0.360839	-1.000000	-1.000000	-1.000000	-1.000000	-1.000000	-1.000000	-1.000000	74.620690	0.000000	-1.000000	-1.000000	1461592.000000	1772660811.858284
-26661.015000	-45188.820000	2383.830000	1993.680000	5965.065000	5012.550000	2921.985000	1913.085000	-26.500688	-33.494513	-39.874001	-40.971268	-40.103203	-36.230529	-27.181390	-38.778656	-1.449700	8.133580	-1.770160	0.912717	0.123840	0.360839	-1.000000	-1.000000	-1.000000	-1.000000	-1.000000	-1.000000	-1.000000	74.620690	0.000000	-1.000000	-1.000000	1461593.000000	1772660811.861946
-26651.430000	-45164.565000	2381.490000	1994.310000	5966.415000	5014.710000	2927.970000	1929.690000	-29.742110	-36.024352	-34.856345	-34.535994	-32.571201	-28.797697	-23.688917	-39.127593	-1.449700	8.133580	-1.770160	0.912717	0.123840	0.360839	-1.000000	-1.000000	-1.000000	-1.000000	-1.000000	-1.000000	-1.000000	74.620690	0.000000	-1.000000	-1.000000	1461594.000000	1772660811.861966
-26652.330000	-45144.225000	2381.580000	2003.310000	5979.240000	5027.895000	2935.530000	1918.620000	-22.043004	-24.536897	-15.820214	-14.169904	-12.056374	-10.276320	-11.353041	-24.582254	-1.449700	8.133580	-1.770160	0.912717	0.123840	0.360839	-1.000000	-1.000000	-1.000000	-1.000000	-1.000000	-1.000000	-1.000000	74.620690	0.000000	-1.000000	-1.000000	1461595.000000	1772660811.867305
-26647.875000	-45133.470000	2402.010000	2023.020000	5998.365000	5043.420000	2940.525000	1897.380000	-9.035478	-4.850038	5.125076	7.573578	9.058556	8.229091	2.217502	-5.915889	-1.449700	8.133580	-1.770160	0.912717	0.123840	0.360839	-1.000000	-1.000000	-1.000000	-1.000000	-1.000000	-1.000000	-1.000000	74.620690	0.000000	-1.000000	-1.000000	1461596.000000	1772660811.867318
-26631.045000	-45149.625000	2404.035000	2012.445000	5984.280000	5029.020000	2929.995000	1903.455000	3.718903	14.428240	19.574432	21.713693	22.156675	19.337991	11.409496	7.711858	-1.449700	8.133580	-1.770160	0.912717	0.123840	0.360839	-1.000000	-1.000000	-1.000000	-1.000000	-1.000000	-1.000000	-1.000000	74.620690	0.000000	-1.000000	-1.000000	1461597.000000	1772660811.869972
-26607.645000	-45131.805000	2430.900000	2026.485000	5992.560000	5033.610000	2936.385000	1949.850000	14.790582	27.486486	27.242321	27.430975	26.679775	23.016180	15.766303	16.380370	-1.449700	8.133580	-1.770160	0.912717	0.123840	0.360839	-1.000000	-1.000000	-1.000000	-1.000000	-1.000000	-1.000000	-1.000000	74.620690	0.000000	-1.000000	-1.000000	1461598.000000	1772660811.869980
-26607.420000	-45116.820000	2429.775000	2028.510000	5997.060000	5041.080000	2946.285000	1963.080000	24.870987	32.645292	30.361412	27.485953	25.682838	22.250680	17.064667	24.859536	-1.449700	8.133580	-1.770160	0.912717	0.123840	0.360839	-1.000000	-1.000000	-1.000000	-1.000000	-1.000000	-1.000000	-1.000000	74.620690	0.000000	-1.000000	-1.000000	1461599.000000	1772660811.873958
-26624.385000	-45132.390000	2413.395000	2015.550000	5984.460000	5028.750000	2940.480000	1939.185000	29.958133	28.685891	26.829762	21.736546	19.642458	17.462538	15.393442	31.822200	-1.449700	8.133580	-1.770160	0.912717	0.123840	0.360839	-1.000000	-1.000000	-1.000000	-1.000000	-1.000000	-1.000000	-1.000000	74.620690	0.000000	-1.000000	-1.000000	1461600.000000	1772660811.873971
-26606.295000	-45129.690000	2414.925000	2018.475000	5986.305000	5030.010000	2947.230000	1965.285000	23.979709	15.755976	13.829021	9.259206	8.032894	7.917708	10.022423	30.374438	-3.296160	9.476460	-1.999060	0.913267	0.126220	0.360412	-1.000000	-1.000000	-1.000000	-1.000000	-1.000000	-1.000000	-1.000000	74.620690	0.000000	-1.000000	-1.000000	1461601.000000	1772660811.878483
-26487.045000	-45025.020000	2514.510000	2115.855000	6082.830000	5124.285000	3034.665000	2126.835000	9.672037	0.077531	-3.859720	-5.178553	-4.904063	-3.007818	3.002167	19.688791	-3.296160	9.476460	-1.999060	0.913267	0.126220	0.360412	-1.000000	-1.000000	-1.000000	-1.000000	-1.000000	-1.000000	-1.000000	74.620690	0.000000	-1.000000	-1.000000	1461602.000000	1772660811.878495
-26607.375000	-45112.545000	2436.750000	2042.145000	6012.135000	5057.460000	2967.390000	1950.030000	-4.162916	-10.952399	-17.063428	-14.379025	-12.949649	-10.034492	-2.484993	5.005140	-3.296160	9.476460	-1.999060	0.913267	0.126220	0.360412	-1.000000	-1.000000	-1.000000	-1.000000	-1.000000	-1.000000	-1.000000	74.620690	0.000000	-1.000000	-1.000000	1461603.000000	1772660811.887892
-26701.965000	-45201.870000	2353.635000	1960.470000	5931.180000	4979.295000	2898.720000	1837.620000	-16.903131	-19.264338	-24.351032	-19.214923	-17.513528	-14.699871	-8.535614	-14.754319	-3.296160	9.476460	-1.999060	0.913267	0.126220	0.360412	-1.000000	-1.000000	-1.000000	-1.000000	-1.000000	-1.000000	-1.000000	74.620690	0.000000	-1.000000	-1.000000	1461604.000000	1772660811.887898
-26637.795000	-45155.115000	2399.175000	2006.055000	5974.740000	5019.930000	2934.000000	1921.365000	-31.142446	-29.180254	-29.625146	-24.546953	-23.354333	-21.271738	-17.963733	-39.139080	-3.296160	9.476460	-1.999060	0.913267	0.126220	0.360412	-1.000000	-1.000000	-1.000000	-1.000000	-1.000000	-1.000000	-1.000000	74.620690	0.000000	-1.000000	-1.000000	1461605.000000	1772660811.887905
-26650.665000	-45164.430000	2384.640000	1999.260000	5967.945000	5013.045000	2927.430000	1912.410000	-39.074533	-34.055101	-29.816175	-26.391034	-25.997891	-24.928255	-24.705074	-53.097069	-3.296160	9.476460	-1.999060	0.913267	0.126220	0.360412	-1.000000	-1.000000	-1.000000	-1.000000	-1.000000	-1.000000	-1.000000	74.620690	0.000000	-1.000000	-1.000000	1461606.000000	1772660811.887909
-26630.595000	-45130.815000	2418.660000	2037.105000	6005.025000	5047.785000	2952.585000	1946.610000	-30.783928	-24.511781	-18.874539	-17.010142	-17.184253	-17.317786	-20.326990	-42.900424	-3.296160	9.476460	-1.999060	0.913267	0.126220	0.360412	-1.000000	-1.000000	-1.000000	-1.000000	-1.000000	-1.000000	-1.000000	74.620690	0.000000	-1.000000	-1.000000	1461607.000000	1772660811.890056
-26548.245000	-45061.380000	2477.520000	2084.355000	6046.830000	5091.030000	3004.470000	2054.295000	-6.604878	-1.511579	2.273037	3.069082	2.657421	1.347312	-4.506565	-11.077861	-3.296160	9.476460	-1.999060	0.913267	0.126220	0.360412	-1.000000	-1.000000	-1.000000	-1.000000	-1.000000	-1.000000	-1.000000	74.620690	0.000000	-1.000000	-1.000000	1461608.000000	1772660811.890062
-26644.770000	-45140.895000	2394.585000	1999.305000	5968.530000	5016.285000	2935.305000	1911.555000	22.489120	24.183012	24.812407	23.959486	23.433303	21.453532	14.702350	26.833235	-3.296160	9.476460	-1.999060	0.913267	0.126220	0.360412	-1.000000	-1.000000	-1.000000	-1.000000	-1.000000	-1.000000	-1.000000	74.620690	0.000000	-1.000000	-1.000000	1461609.000000	1772660811.894132
-26665.695000	-45164.115000	2373.885000	1979.820000	5950.260000	4996.350000	2912.490000	1885.185000	38.652580	37.218951	35.024179	31.689379	31.263943	29.510258	24.675201	47.257849	-3.296160	9.476460	-1.999060	0.913267	0.126220	0.360412	-1.000000	-1.000000	-1.000000	-1.000000	-1.000000	-1.000000	-1.000000	74.620690	0.000000	-1.000000	-1.000000	1461610.000000	1772660811.894140
-26634.915000	-45131.445000	2408.760000	2017.080000	5986.260000	5026.815000	2933.595000	1915.020000	31.055127	28.728186	25.284629	20.076487	20.069021	19.161263	17.998455	36.180820	-3.570840	6.760180	-2.319520	0.907896	0.125244	0.365600	-1.000000	-1.000000	-1.000000	-1.000000	-1.000000	-1.000000	-1.000000	74.620690	0.000000	-1.000000	-1.000000	1461611.000000	1772660811.899341
-26643.645000	-45132.525000	2414.970000	2025.900000	5998.635000	5036.760000	2930.220000	1903.635000	9.553452	7.352052	4.978404	-0.125330	0.228096	-0.052308	1.937734	7.681960	-3.570840	6.760180	-2.319520	0.907896	0.125244	0.365600	-1.000000	-1.000000	-1.000000	-1.000000	-1.000000	-1.000000	-1.000000	74.620690	0.000000	-1.000000	-1.000000	1461612.000000	1772660811.899348
-26628.975000	-45131.670000	2414.295000	2023.830000	5997.510000	5037.930000	2935.485000	1923.345000	-6.374666	-9.307722	-9.023664	-12.083780	-11.740485	-12.018547	-9.038079	-11.445082	-3.570840	6.760180	-2.319520	0.907896	0.125244	0.365600	-1.000000	-1.000000	-1.000000	-1.000000	-1.000000	-1.000000	-1.000000	74.620690	0.000000	-1.000000	-1.000000	1461613.000000	1772660811.903330
-26630.145000	-45143.325000	2399.850000	2007.045000	5980.230000	5029.110000	2946.960000	1942.020000	-9.005909	-13.185781	-10.590464	-10.787536	-10.674470	-10.946776	-8.471132	-10.950109	-3.570840	6.760180	-2.319520	0.907896	0.125244	0.365600	-1.000000	-1.000000	-1.000000	-1.000000	-1.000000	-1.000000	-1.000000	74.620690	0.000000	-1.000000	-1.000000	1461614.000000	1772660811.903337
-26632.890000	-45140.580000	2404.845000	2015.685000	5991.885000	5038.110000	2944.080000	1938.060000	-4.367099	-8.780901	-5.638078	-3.459572	-3.504678	-3.013362	-0.722163	-0.211432	-3.570840	6.760180	-2.319520	0.907896	0.125244	0.365600	-1.000000	-1.000000	-1.000000	-1.000000	-1.000000	-1.000000	-1.000000	74.620690	0.000000	-1.000000	-1.000000	1461615.000000	1772660811.906056
-26645.310000	-45133.740000	2417.355000	2032.245000	6010.830000	5053.185000	2943.900000	1916.010000	-1.086324	-3.926445	-1.694823	1.696070	1.756013	3.392029	5.837518	6.571563	-3.570840	6.760180	-2.319520	0.907896	0.125244	0.365600	-1.000000	-1.000000	-1.000000	-1.000000	-1.000000	-1.000000	-1.000000	74.620690	0.000000	-1.000000	-1.000000	1461616.000000	1772660811.906065
-26637.030000	-45128.970000	2418.120000	2026.980000	5999.085000	5038.785000	2940.165000	1921.725000	-3.209934	-2.812912	-1.661077	1.876308	2.181666	4.175582	5.728926	2.279069	-3.570840	6.760180	-2.319520	0.907896	0.125244	0.365600	-1.000000	-1.000000	-1.000000	-1.000000	-1.000000	-1.000000	-1.000000	74.620690	0.000000	-1.000000	-1.000000	1461617.000000	1772660811.914201
-26618.985000	-45137.655000	2403.180000	2008.980000	5980.365000	5025.285000	2945.205000	1950.120000	-7.059645	-3.396534	-3.047493	-0.258190	-0.129400	0.951214	0.770715	-6.940523	-3.570840	6.760180	-2.319520	0.907896	0.125244	0.365600	-1.000000	-1.000000	-1.000000	-1.000000	-1.000000	-1.000000	-1.000000	74.620690	0.000000	-1.000000	-1.000000	1461618.000000	1772660811.914209
-26619.030000	-45120.060000	2415.915000	2032.920000	6004.755000	5041.845000	2944.305000	1951.020000	-6.420454	-1.794917	-2.605872	-1.257897	-1.988976	-2.387611	-3.466153	-10.103759	-3.570840	6.760180	-2.319520	0.907896	0.125244	0.365600	-1.000000	-1.000000	-1.000000	-1.000000	-1.000000	-1.000000	-1.000000	74.620690	0.000000	-1.000000	-1.000000	1461619.000000	1772660811.914384
-26603.370000	-45088.965000	2431.935000	2054.520000	6029.010000	5064.930000	2958.795000	1972.575000	-1.066613	2.203991	-0.508315	-0.557621	-2.195583	-3.691215	-4.451818	-4.941949	-3.570840	6.760180	-2.319520	0.907896	0.125244	0.365600	-1.000000	-1.000000	-1.000000	-1.000000	-1.000000	-1.000000	-1.000000	74.620690	0.000000	-1.000000	-1.000000	1461620.000000	1772660811.914392
-26566.695000	-45064.395000	2440.845000	2063.205000	6042.645000	5087.745000	2995.515000	2037.240000	5.778407	7.168327	2.114959	1.349723	-0.380930	-2.028058	-2.083231	4.792212	0.122080	3.708180	-2.990960	0.904417	0.124328	0.371093	-1.000000	-1.000000	-1.000000	-1.000000	-1.000000	-1.000000	-1.000000	74.620690	0.000000	-1.000000	-1.000000	1461621.000000	1772660811.924227
-26595.270000	-45081.000000	2442.600000	2054.160000	6028.965000	5071.770000	2978.505000	2010.960000	10.880180	11.161823	4.631210	3.573833	2.758835	2.000263	2.582284	14.029410	0.122080	3.708180	-2.990960	0.904417	0.124328	0.371093	-1.000000	-1.000000	-1.000000	-1.000000	-1.000000	-1.000000	-1.000000	74.620690	0.000000	-1.000000	-1.000000	1461622.000000	1772660811.924235
-26648.550000	-45139.680000	2411.910000	2014.515000	5984.955000	5029.425000	2943.585000	1913.085000	9.412169	9.967509	5.333561	3.650967	4.073922	4.549690	5.258922	14.084775	0.122080	3.708180	-2.990960	0.904417	0.124328	0.371093	-1.000000	-1.000000	-1.000000	-1.000000	-1.000000	-1.000000	-1.000000	74.620690	0.000000	-1.000000	-1.000000	1461623.000000	1772660811.925723
-26583.750000	-45135.225000	2427.120000	2023.335000	5988.960000	5032.620000	2945.835000	1947.105000	0.242118	0.739297	2.445539	-0.522978	0.464809	1.630045	1.886551	0.124496	0.122080	3.708180	-2.990960	0.904417	0.124328	0.371093	-1.000000	-1.000000	-1.000000	-1.000000	-1.000000	-1.000000	-1.000000	74.620690	0.000000	-1.000000	-1.000000	1461624.000000	1772660811.925730
-26617.770000	-45144.855000	2416.230000	2011.725000	5976.945000	5018.355000	2930.535000	1923.120000	-10.081324	-12.870513	-3.449693	-7.615581	-7.040002	-5.921996	-5.992549	-19.476207	0.122080	3.708180	-2.990960	0.904417	0.124328	0.371093	-1.000000	-1.000000	-1.000000	-1.000000	-1.000000	-1.000000	-1.000000	74.620690	0.000000	-1.000000	-1.000000	1461625.000000	1772660811.926193
-26656.245000	-45171.720000	2380.545000	1987.560000	5959.530000	5003.280000	2918.790000	1898.235000	-15.287368	-22.522270	-9.232251	-12.895047	-12.917852	-12.329397	-12.624477	-30.716816	0.122080	3.708180	-2.990960	0.904417	0.124328	0.371093	-1.000000	-1.000000	-1.000000	-1.000000	-1.000000	-1.000000	-1.000000	74.620690	0.000000	-1.000000	-1.000000	1461626.000000	1772660811.926200
-26648.865000	-45148.545000	2410.110000	2021.760000	5992.875000	5034.915000	2941.245000	1913.850000	-14.760774	-21.704067	-11.178662	-11.722365	-11.559058	-11.676005	-12.887823	-26.871989	0.122080	3.708180	-2.990960	0.904417	0.124328	0.371093	-1.000000	-1.000000	-1.000000	-1.000000	-1.000000	-1.000000	-1.000000	74.620690	0.000000	-1.000000	-1.000000	1461627.000000	1772660811.937559
-26595.315000	-45102.690000	2452.455000	2061.990000	6029.370000	5067.810000	2972.835000	1977.930000	-9.188170	-9.864107	-6.948366	-3.229565	-2.227798	-2.874210	-5.388744	-10.017767	0.122080	3.708180	-2.990960	0.904417	0.124328	0.371093	-1.000000	-1.000000	-1.000000	-1.000000	-1.000000	-1.000000	-1.000000	74.620690	0.000000	-1.000000	-1.000000	1461628.000000	1772660811.937569
-26532.045000	-45053.460000	2489.535000	2092.455000	6060.465000	5104.170000	3010.005000	2058.840000	1.936761	8.126947	2.906123	9.006481	10.437625	9.681670	6.928097	13.742693	0.122080	3.708180	-2.990960	0.904417	0.124328	0.371093	-1.000000	-1.000000	-1.000000	-1.000000	-1.000000	-1.000000	-1.000000	74.620690	0.000000	-1.000000	-1.000000	1461629.000000	1772660811.937579
-26629.155000	-45132.930000	2413.800000	2018.610000	5991.705000	5039.550000	2944.935000	1928.295000	14.787415	23.299609	12.957315	18.003264	18.908843	18.444770	16.997646	33.306704	0.122080	3.708180	-2.990960	0.904417	0.124328	0.371093	-1.000000	-1.000000	-1.000000	-1.000000	-1.000000	-1.000000	-1.000000	74.620690	0.000000	-1.000000	-1.000000	1461630.000000	1772660811.937584
-26680.680000	-45175.545000	2378.250000	1986.030000	5959.620000	5005.755000	2913.255000	1869.300000	19.369655	25.861416	14.659601	16.630271	16.688309	16.676113	16.951197	34.484035	2.014320	3.677660	-1.907500	0.909727	0.125183	0.371154	-1.000000	-1.000000	-1.000000	-1.000000	-1.000000	-1.000000	-1.000000	74.620690	0.000000	-1.000000	-1.000000	1461631.000000	1772660811.938006
-26592.345000	-45103.095000	2448.405000	2053.260000	6020.325000	5060.655000	2957.040000	1980.360000	11.902389	15.111614	6.303034	5.721471	5.389837	5.578462	6.728756	16.728944	2.014320	3.677660	-1.907500	0.909727	0.125183	0.371154	-1.000000	-1.000000	-1.000000	-1.000000	-1.000000	-1.000000	-1.000000	74.620690	0.000000	-1.000000	-1.000000	1461632.000000	1772660811.938012
-26580.465000	-45081.180000	2470.410000	2076.705000	6040.980000	5077.260000	2966.715000	1983.645000	0.913005	1.761621	-3.326267	-4.778805	-5.120805	-5.282531	-4.452375	-3.057988	2.014320	3.677660	-1.907500	0.909727	0.125183	0.371154	-1.000000	-1.000000	-1.000000	-1.000000	-1.000000	-1.000000	-1.000000	74.620690	0.000000	-1.000000	-1.000000	1461633.000000	1772660811.945798
-26663.445000	-45162.630000	2380.005000	1990.800000	5962.320000	5008.185000	2921.535000	1885.770000	-5.485934	-5.815429	-7.045292	-8.144252	-8.495266	-9.204496	-9.066661	-12.523391	2.014320	3.677660	-1.907500	0.909727	0.125183	0.371154	-1.000000	-1.000000	-1.000000	-1.000000	-1.000000	-1.000000	-1.000000	74.620690	0.000000	-1.000000	-1.000000	1461634.000000	1772660811.945805
-26653.365000	-45136.395000	2407.095000	2022.390000	5994.090000	5036.760000	2938.770000	1891.395000	-7.369406	-8.715489	-6.378033	-6.892663	-7.246844	-7.945485	-7.628709	-14.140165	2.014320	3.677660	-1.907500	0.909727	0.125183	0.371154	-1.000000	-1.000000	-1.000000	-1.000000	-1.000000	-1.000000	-1.000000	74.620690	0.000000	-1.000000	-1.000000	1461635.000000	1772660811.946350
-26640.540000	-45114.390000	2436.525000	2051.100000	6020.910000	5062.140000	2950.830000	1903.410000	-7.188590	-9.816462	-4.565701	-5.058637	-5.338424	-5.304673	-4.007480	-13.549424	2.014320	3.677660	-1.907500	0.909727	0.125183	0.371154	-1.000000	-1.000000	-1.000000	-1.000000	-1.000000	-1.000000	-1.000000	74.620690	0.000000	-1.000000	-1.000000	1461636.000000	1772660811.946357
-26606.430000	-45117.135000	2428.560000	2040.390000	6012.000000	5057.280000	2955.645000	1977.255000	-5.960208	-9.943613	-2.797296	-3.978963	-4.169902	-3.181657	-1.200705	-11.713778	2.014320	3.677660	-1.907500	0.909727	0.125183	0.371154	-1.000000	-1.000000	-1.000000	-1.000000	-1.000000	-1.000000	-1.000000	74.620690	0.000000	-1.000000	-1.000000	1461637.000000	1772660811.950047
-26639.550000	-45157.365000	2384.865000	1993.410000	5965.155000	5012.460000	2923.650000	1931.535000	-4.330209	-10.027204	-2.418822	-4.461042	-4.619548	-3.053739	-0.929758	-7.519180	2.014320	3.677660	-1.907500	0.909727	0.125183	0.371154	-1.000000	-1.000000	-1.000000	-1.000000	-1.000000	-1.000000	-1.000000	74.620690	0.000000	-1.000000	-1.000000	1461638.000000	1772660811.950055
-26641.980000	-45152.775000	2393.910000	2002.635000	5972.535000	5015.655000	2921.310000	1915.155000	-1.635994	-8.982133	-2.871338	-5.228075	-5.517617	-4.236974	-2.184662	-0.482974	2.014320	3.677660	-1.907500	0.909727	0.125183	0.371154	-1.000000	-1.000000	-1.000000	-1.000000	-1.000000	-1.000000	-1.000000	74.620690	0.000000	-1.000000	-1.000000	1461639.000000	1772660811.961318
-26622.810000	-45144.990000	2397.825000	2007.270000	5980.545000	5024.430000	2926.170000	1931.220000	3.855568	-3.351402	-0.831028	-2.561649	-3.050161	-2.895185	-1.496808	8.708708	2.014320	3.677660	-1.907500	0.909727	0.125183	0.371154	-1.000000	-1.000000	-1.000000	-1.000000	-1.000000	-1.000000	-1.000000	74.620690	0.000000	-1.000000	-1.000000	1461640.000000	1772660811.961326
-26639.055000	-45157.140000	2385.495000	1997.955000	5976.270000	5027.085000	2938.410000	1931.130000	9.428840	5.564928	3.379047	3.155327	2.939686	2.038012	2.096399	15.518781	-0.793520	3.570840	-1.083460	0.916135	0.125976	0.368041	-1.000000	-1.000000	-1.000000	-1.000000	-1.000000	-1.000000	-1.000000	74.620690	0.000000	-1.000000	-1.000000	1461641.000000	1772660811.961334
-26609.940000	-45128.835000	2416.545000	2027.205000	5997.195000	5038.695000	2947.095000	1957.185000	9.762542	11.804061	5.941382	7.510420	8.196279	7.180530	6.049684	14.925404	-0.793520	3.570840	-1.083460	0.916135	0.125976	0.368041	-1.000000	-1.000000	-1.000000	-1.000000	-1.000000	-1.000000	-1.000000	74.620690	0.000000	-1.000000	-1.000000	1461642.000000	1772660811.961338
-26618.985000	-45118.170000	2435.310000	2044.620000	6011.280000	5049.180000	2953.035000	1955.745000	6.211287	13.970789	7.619749	10.180527	11.370104	10.703323	8.668976	9.627885	-0.793520	3.570840	-1.083460	0.916135	0.125976	0.368041	-1.000000	-1.000000	-1.000000	-1.000000	-1.000000	-1.000000	-1.000000	74.620690	0.000000	-1.000000	-1.000000	1461643.000000	1772660811.964932
-26622.900000	-45109.170000	2440.620000	2047.680000	6015.510000	5054.445000	2951.190000	1951.290000	3.262825	13.923565	10.487568	12.426653	12.815555	12.075642	9.049592	4.911624	-0.793520	3.570840	-1.083460	0.916135	0.125976	0.368041	-1.000000	-1.000000	-1.000000	-1.000000	-1.000000	-1.000000	-1.000000	74.620690	0.000000	-1.000000	-1.000000	1461644.000000	1772660811.964939
-26606.520000	-45124.830000	2408.850000	2010.510000	5979.600000	5023.890000	2931.210000	1936.080000	0.345886	9.911181	10.309637	10.344079	9.305881	8.385684	5.112389	-0.507152	-0.793520	3.570840	-1.083460	0.916135	0.125976	0.368041	-1.000000	-1.000000	-1.000000	-1.000000	-1.000000	-1.000000	-1.000000	74.620690	0.000000	-1.000000	-1.000000	1461645.000000	1772660811.966176
-26628.480000	-45143.820000	2396.970000	2003.310000	5975.505000	5022.630000	2928.555000	1919.340000	-4.858992	0.138821	2.552001	0.779664	-0.962488	-1.421496	-3.354175	-10.256663	-0.793520	3.570840	-1.083460	0.916135	0.125976	0.368041	-1.000000	-1.000000	-1.000000	-1.000000	-1.000000	-1.000000	-1.000000	74.620690	0.000000	-1.000000	-1.000000	1461646.000000	1772660811.966183
-26613.180000	-45129.870000	2413.440000	2021.400000	5995.035000	5039.370000	2942.955000	1953.720000	-10.470338	-11.053172	-8.729304	-10.771364	-11.944312	-11.442343	-11.375311	-20.414695	-0.793520	3.570840	-1.083460	0.916135	0.125976	0.368041	-1.000000	-1.000000	-1.000000	-1.000000	-1.000000	-1.000000	-1.000000	74.620690	0.000000	-1.000000	-1.000000	1461647.000000	1772660811.970568
-26567.550000	-45088.470000	2452.545000	2056.905000	6026.220000	5063.490000	2960.685000	2003.670000	-10.774158	-15.480050	-14.196311	-14.774681	-14.608814	-13.454089	-12.241067	-20.098283	-0.793520	3.570840	-1.083460	0.916135	0.125976	0.368041	-1.000000	-1.000000	-1.000000	-1.000000	-1.000000	-1.000000	-1.000000	74.620690	0.000000	-1.000000	-1.000000	1461648.000000	1772660811.970576
-26626.905000	-45133.515000	2412.900000	2020.320000	5993.145000	5033.925000	2937.060000	1924.065000	-4.269642	-10.365165	-10.253568	-8.865125	-7.583127	-6.621537	-5.383676	-6.763410	-0.793520	3.570840	-1.083460	0.916135	0.125976	0.368041	-1.000000	-1.000000	-1.000000	-1.000000	-1.000000	-1.000000	-1.000000	74.620690	0.000000	-1.000000	-1.000000	1461649.000000	1772660811.974990
-26655.390000	-45163.800000	2381.445000	1988.010000	5963.040000	5011.875000	2937.330000	1911.780000	1.828487	-2.548791	-3.160209	-0.652968	0.969653	1.284240	2.481225	7.237497	-0.793520	3.570840	-1.083460	0.916135	0.125976	0.368041	-1.000000	-1.000000	-1.000000	-1.000000	-1.000000	-1.000000	-1.000000	74.620690	0.000000	-1.000000	-1.000000	1461650.000000	1772660811.974998
-26648.820000	-45160.740000	2384.550000	1991.655000	5967.990000	5012.865000	2932.920000	1924.470000	1.444357	0.307310	-0.346585	1.919649	3.346817	3.469183	5.472896	11.050385	-1.541260	5.234180	-0.778260	0.917722	0.124939	0.368041	-1.000000	-1.000000	-1.000000	-1.000000	-1.000000	-1.000000	-1.000000	74.620690	0.000000	-1.000000	-1.000000	1461651.000000	1772660811.978172
-26634.420000	-45146.565000	2397.780000	2003.850000	5980.455000	5022.765000	2933.505000	1930.950000	-2.217228	-1.607729	-2.001600	-1.047715	0.036641	0.577956	3.529813	6.906044	-1.541260	5.234180	-0.778260	0.917722	0.124939	0.368041	-1.000000	-1.000000	-1.000000	-1.000000	-1.000000	-1.000000	-1.000000	74.620690	0.000000	-1.000000	-1.000000	1461652.000000	1772660811.978180
-26628.390000	-45138.465000	2392.560000	2004.615000	5984.685000	5030.910000	2943.135000	1938.825000	-2.988486	-3.347774	-3.683245	-4.247788	-3.590313	-2.720017	-0.083155	2.160039	-1.541260	5.234180	-0.778260	0.917722	0.124939	0.368041	-1.000000	-1.000000	-1.000000	-1.000000	-1.000000	-1.000000	-1.000000	74.620690	0.000000	-1.000000	-1.000000	1461653.000000	1772660811.982077
-26629.065000	-45134.055000	2386.080000	2006.055000	5989.860000	5035.545000	2941.650000	1933.515000	0.336944	-1.436625	-2.117462	-3.309136	-3.195238	-2.644952	-2.001977	0.370532	-1.541260	5.234180	-0.778260	0.917722	0.124939	0.368041	-1.000000	-1.000000	-1.000000	-1.000000	-1.000000	-1.000000	-1.000000	74.620690	0.000000	-1.000000	-1.000000	1461654.000000	1772660811.982085
-26637.705000	-45130.095000	2406.915000	2026.215000	6005.250000	5045.130000	2932.695000	1916.460000	4.849934	4.222491	3.156254	2.610706	2.043032	1.554642	-1.023567	0.736358	-1.541260	5.234180	-0.778260	0.917722	0.124939	0.368041	-1.000000	-1.000000	-1.000000	-1.000000	-1.000000	-1.000000	-1.000000	74.620690	0.000000	-1.000000	-1.000000	1461655.000000	1772660811.986005
-26651.115000	-45127.575000	2446.245000	2056.095000	6027.660000	5061.870000	2935.710000	1893.420000	7.271950	10.397733	10.182575	10.565362	9.073226	7.232194	1.230931	0.559618	-1.541260	5.234180	-0.778260	0.917722	0.124939	0.368041	-1.000000	-1.000000	-1.000000	-1.000000	-1.000000	-1.000000	-1.000000	74.620690	0.000000	-1.000000	-1.000000	1461656.000000	1772660811.986012
-26634.150000	-45132.390000	2437.200000	2036.655000	6004.755000	5048.235000	2947.500000	1916.370000	5.820209	12.373883	15.112145	15.258374	12.713343	10.169208	2.663121	-1.630593	-1.541260	5.234180	-0.778260	0.917722	0.124939	0.368041	-1.000000	-1.000000	-1.000000	-1.000000	-1.000000	-1.000000	-1.000000	74.620690	0.000000	-1.000000	-1.000000	1461657.000000	1772660811.989957
-26588.205000	-45114.165000	2430.945000	2028.600000	5990.130000	5033.070000	2953.395000	1967.130000	2.966506	8.810442	14.402063	12.813143	9.551220	7.744313	2.947117	-2.473429	-1.541260	5.234180	-0.778260	0.917722	0.124939	0.368041	-1.000000	-1.000000	-1.000000	-1.000000	-1.000000	-1.000000	-1.000000	74.620690	0.000000	-1.000000	-1.000000	1461658.000000	1772660811.989964
-26590.590000	-45091.845000	2458.170000	2064.285000	6027.255000	5067.270000	2978.505000	1962.495000	3.575384	3.592674	8.313260	4.866925	1.729829	1.648545	3.099865	2.556261	-1.541260	5.234180	-0.778260	0.917722	0.124939	0.368041	-1.000000	-1.000000	-1.000000	-1.000000	-1.000000	-1.000000	-1.000000	74.620690	0.000000	-1.000000	-1.000000	1461659.000000	1772660811.994102
-26598.600000	-45116.865000	2431.800000	2036.925000	5996.880000	5038.785000	2958.390000	1966.860000	6.989206	0.026458	-0.030972	-3.546758	-5.411756	-3.936103	3.399553	10.564070	-1.541260	5.234180	-0.778260	0.917722	0.124939	0.368041	-1.000000	-1.000000	-1.000000	-1.000000	-1.000000	-1.000000	-1.000000	74.620690	0.000000	-1.000000	-1.000000	1461660.000000	1772660811.994109
-26612.910000	-45153.945000	2391.210000	1995.345000	5959.260000	5004.945000	2929.770000	1963.800000	6.923605	-3.854039	-9.151928	-10.538727	-10.183929	-7.889008	1.932792	13.498518	-2.060100	4.593260	0.061040	0.913694	0.124695	0.373046	-1.000000	-1.000000	-1.000000	-1.000000	-1.000000	-1.000000	-1.000000	74.551724	0.000000	-1.000000	-1.000000	1461661.000000	1772660811.997995
-26616.105000	-45138.015000	2414.070000	2023.290000	5991.255000	5037.210000	2943.495000	1954.890000	-0.187209	-10.310457	-17.675320	-16.134388	-13.377246	-11.048564	-2.790033	7.384163	-2.060100	4.593260	0.061040	0.913694	0.124695	0.373046	-1.000000	-1.000000	-1.000000	-1.000000	-1.000000	-1.000000	-1.000000	74.551724	0.000000	-1.000000	-1.000000	1461662.000000	1772660811.998000
-26630.955000	-45135.945000	2416.590000	2027.880000	5999.445000	5048.145000	2946.870000	1939.320000	-11.010884	-15.848041	-20.778367	-17.194002	-12.752354	-11.132422	-8.005178	-4.733977	-2.060100	4.593260	0.061040	0.913694	0.124695	0.373046	-1.000000	-1.000000	-1.000000	-1.000000	-1.000000	-1.000000	-1.000000	74.551724	0.000000	-1.000000	-1.000000	1461663.000000	1772660812.004561
-26635.680000	-45140.940000	2402.460000	2012.580000	5987.925000	5037.030000	2932.065000	1931.670000	-18.577620	-15.127693	-15.529400	-11.558959	-6.642704	-6.054357	-9.385392	-15.772822	-2.060100	4.593260	0.061040	0.913694	0.124695	0.373046	-1.000000	-1.000000	-1.000000	-1.000000	-1.000000	-1.000000	-1.000000	74.551724	0.000000	-1.000000	-1.000000	1461664.000000	1772660812.004572
-26633.070000	-45110.160000	2441.835000	2055.195000	6029.190000	5073.570000	2958.030000	1924.425000	-18.122968	-7.345350	-5.299078	-2.205027	2.055187	1.822151	-5.973967	-19.781430	-2.060100	4.593260	0.061040	0.913694	0.124695	0.373046	-1.000000	-1.000000	-1.000000	-1.000000	-1.000000	-1.000000	-1.000000	74.551724	0.000000	-1.000000	-1.000000	1461665.000000	1772660812.009870
-26649.765000	-45107.730000	2449.260000	2062.890000	6032.610000	5074.920000	2967.570000	1918.305000	-10.502269	4.141837	5.550346	7.485912	10.143249	9.174581	0.262201	-15.936350	-2.060100	4.593260	0.061040	0.913694	0.124695	0.373046	-1.000000	-1.000000	-1.000000	-1.000000	-1.000000	-1.000000	-1.000000	74.551724	0.000000	-1.000000	-1.000000	1461666.000000	1772660812.009879
-26582.940000	-45110.700000	2430.540000	2035.620000	6001.065000	5044.365000	2953.620000	1966.815000	0.131563	14.015312	14.257204	15.059180	15.275823	13.372338	6.102697	-7.134548	-2.060100	4.593260	0.061040	0.913694	0.124695	0.373046	-1.000000	-1.000000	-1.000000	-1.000000	-1.000000	-1.000000	-1.000000	74.551724	0.000000	-1.000000	-1.000000	1461667.000000	1772660812.010606
-26582.490000	-45128.745000	2411.010000	2014.110000	5980.860000	5030.010000	2951.010000	1974.915000	10.777183	16.893123	17.096492	16.217787	13.685482	11.221012	8.009395	3.786477	-2.060100	4.593260	0.061040	0.913694	0.124695	0.373046	-1.000000	-1.000000	-1.000000	-1.000000	-1.000000	-1.000000	-1.000000	74.551724	0.000000	-1.000000	-1.000000	1461668.000000	1772660812.010614
-26583.165000	-45143.010000	2399.310000	2003.850000	5973.930000	5023.935000	2946.915000	1992.195000	18.753855	11.319858	12.145944	9.099545	4.611763	2.782008	5.323371	13.897454	-2.060100	4.593260	0.061040	0.913694	0.124695	0.373046	-1.000000	-1.000000	-1.000000	-1.000000	-1.000000	-1.000000	-1.000000	74.551724	0.000000	-1.000000	-1.000000	1461669.000000	1772660812.014068
-26594.910000	-45129.645000	2419.920000	2026.935000	5997.375000	5043.105000	2951.325000	1978.020000	20.183237	1.596835	3.279009	-1.153963	-5.918505	-6.214734	1.164050	19.126494	-2.060100	4.593260	0.061040	0.913694	0.124695	0.373046	-1.000000	-1.000000	-1.000000	-1.000000	-1.000000	-1.000000	-1.000000	74.551724	0.000000	-1.000000	-1.000000	1461670.000000	1772660812.014076
-26600.355000	-45124.785000	2425.995000	2033.055000	6001.785000	5046.885000	2942.730000	1947.510000	13.371516	-6.044245	-3.338141	-7.381948	-10.926403	-10.007686	-1.585904	16.315166	0.885080	5.859840	0.427280	0.912412	0.124817	0.375976	-1.000000	-1.000000	-1.000000	-1.000000	-1.000000	-1.000000	-1.000000	74.551724	0.000000	-1.000000	-1.000000	1461671.000000	1772660812.018072
-26627.040000	-45143.550000	2409.075000	2016.900000	5987.205000	5032.260000	2924.280000	1913.310000	1.194437	-8.613821	-5.342819	-7.483851	-9.221186	-8.113170	-2.802164	5.861062	0.885080	5.859840	0.427280	0.912412	0.124817	0.375976	-1.000000	-1.000000	-1.000000	-1.000000	-1.000000	-1.000000	-1.000000	74.551724	0.000000	-1.000000	-1.000000	1461672.000000	1772660812.018082
-26630.325000	-45136.800000	2415.330000	2022.030000	5992.110000	5037.885000	2932.875000	1911.915000	-10.899991	-7.303441	-4.829500	-4.491200	-4.512897	-3.848752	-3.346696	-7.432024	0.885080	5.859840	0.427280	0.912412	0.124817	0.375976	-1.000000	-1.000000	-1.000000	-1.000000	-1.000000	-1.000000	-1.000000	74.551724	0.000000	-1.000000	-1.000000	1461673.000000	1772660812.023482
-26618.670000	-45137.205000	2411.235000	2017.890000	5989.860000	5040.990000	2950.560000	1940.445000	-17.688596	-4.675999	-4.622813	-2.184818	-0.762301	-0.334114	-3.200792	-16.169840	0.885080	5.859840	0.427280	0.912412	0.124817	0.375976	-1.000000	-1.000000	-1.000000	-1.000000	-1.000000	-1.000000	-1.000000	74.551724	0.000000	-1.000000	-1.000000	1461674.000000	1772660812.023488
-26593.155000	-45123.255000	2422.080000	2028.105000	5997.465000	5045.445000	2959.470000	1978.920000	-16.266555	-2.030089	-5.020070	-1.544130	1.009325	1.759881	-1.728043	-14.945834	0.885080	5.859840	0.427280	0.912412	0.124817	0.375976	-1.000000	-1.000000	-1.000000	-1.000000	-1.000000	-1.000000	-1.000000	74.551724	0.000000	-1.000000	-1.000000	1461675.000000	1772660812.026972
-26575.965000	-45098.820000	2444.490000	2049.255000	6017.805000	5064.255000	2972.070000	1998.855000	-8.146387	1.145049	-3.587107	-0.291977	2.823521	3.931312	1.295114	-4.919558	0.885080	5.859840	0.427280	0.912412	0.124817	0.375976	-1.000000	-1.000000	-1.000000	-1.000000	-1.000000	-1.000000	-1.000000	74.551724	0.000000	-1.000000	-1.000000	1461676.000000	1772660812.026980
-26586.495000	-45058.365000	2492.820000	2097.360000	6063.975000	5103.945000	2987.280000	1970.685000	1.620332	6.076898	2.164165	4.341877	7.044155	7.714845	5.131143	6.437980	0.885080	5.859840	0.427280	0.912412	0.124817	0.375976	-1.000000	-1.000000	-1.000000	-1.000000	-1.000000	-1.000000	-1.000000	74.551724	0.000000	-1.000000	-1.000000	1461677.000000	1772660812.030257
-26650.710000	-45091.035000	2477.295000	2089.530000	6062.445000	5106.285000	2982.780000	1903.860000	7.514268	11.802835	10.970998	11.636979	12.935917	12.276351	8.078519	10.354047	0.885080	5.859840	0.427280	0.912412	0.124817	0.375976	-1.000000	-1.000000	-1.000000	-1.000000	-1.000000	-1.000000	-1.000000	74.551724	0.000000	-1.000000	-1.000000	1461678.000000	1772660812.030265
-26643.645000	-45172.935000	2375.235000	1983.060000	5958.180000	5009.760000	2918.205000	1895.985000	6.487155	12.297030	15.019650	14.356166	13.979333	12.197837	7.073701	3.715885	0.885080	5.859840	0.427280	0.912412	0.124817	0.375976	-1.000000	-1.000000	-1.000000	-1.000000	-1.000000	-1.000000	-1.000000	74.551724	0.000000	-1.000000	-1.000000	1461679.000000	1772660812.034511
-26609.040000	-45153.720000	2362.185000	1960.875000	5930.685000	4982.535000	2908.710000	1929.735000	1.712624	2.409561	6.102399	4.376518	2.855782	1.388238	-0.153888	-6.343911	0.885080	5.859840	0.427280	0.912412	0.124817	0.375976	-1.000000	-1.000000	-1.000000	-1.000000	-1.000000	-1.000000	-1.000000	74.551724	0.000000	-1.000000	-1.000000	1461680.000000	1772660812.034518
-26613.180000	-45116.640000	2398.680000	2002.320000	5969.430000	5014.080000	2926.755000	1926.315000	0.191347	-11.931389	-11.625680	-14.241839	-16.261204	-16.230043	-9.970784	-8.773790	1.007160	5.966660	1.312360	0.914487	0.125427	0.372924	-1.000000	-1.000000	-1.000000	-1.000000	-1.000000	-1.000000	-1.000000	74.551724	0.000000	-1.000000	-1.000000	1461681.000000	1772660812.043848
-26618.985000	-45125.640000	2404.305000	2019.690000	5991.570000	5037.120000	2942.415000	1926.090000	3.844548	-18.814802	-23.641390	-26.301426	-28.330395	-27.079156	-14.697301	-1.080231	1.007160	5.966660	1.312360	0.914487	0.125427	0.372924	-1.000000	-1.000000	-1.000000	-1.000000	-1.000000	-1.000000	-1.000000	74.551724	0.000000	-1.000000	-1.000000	1461682.000000	1772660812.043856
-26618.940000	-45147.330000	2415.600000	2024.145000	5994.045000	5041.125000	2948.670000	1940.355000	7.719675	-14.447463	-20.758820	-21.936886	-23.356874	-22.099386	-10.883450	8.977261	1.007160	5.966660	1.312360	0.914487	0.125427	0.372924	-1.000000	-1.000000	-1.000000	-1.000000	-1.000000	-1.000000	-1.000000	74.551724	0.000000	-1.000000	-1.000000	1461683.000000	1772660812.043864
-26627.175000	-45131.490000	2443.635000	2042.910000	6006.150000	5048.730000	2954.340000	1935.810000	6.352330	-4.435226	-5.601712	-4.671659	-4.972234	-4.622174	-1.661612	12.454042	1.007160	5.966660	1.312360	0.914487	0.125427	0.372924	-1.000000	-1.000000	-1.000000	-1.000000	-1.000000	-1.000000	-1.000000	74.551724	0.000000	-1.000000	-1.000000	1461684.000000	1772660812.043868
-26626.005000	-45110.835000	2444.940000	2048.445000	6014.250000	5056.560000	2952.135000	1922.670000	-0.946687	4.695401	12.162501	14.178183	14.906821	14.252807	7.193375	6.576938	1.007160	5.966660	1.312360	0.914487	0.125427	0.372924	-1.000000	-1.000000	-1.000000	-1.000000	-1.000000	-1.000000	-1.000000	74.551724	0.000000	-1.000000	-1.000000	1461685.000000	1772660812.046252
-26546.670000	-45081.540000	2463.345000	2066.445000	6034.680000	5084.505000	2991.375000	2031.435000	-7.865392	10.315410	22.535047	24.149322	25.398931	24.391722	11.725500	-2.222890	1.007160	5.966660	1.312360	0.914487	0.125427	0.372924	-1.000000	-1.000000	-1.000000	-1.000000	-1.000000	-1.000000	-1.000000	74.551724	0.000000	-1.000000	-1.000000	1461686.000000	1772660812.046259
-26554.815000	-45100.845000	2442.420000	2045.430000	6014.970000	5064.840000	2977.380000	2019.825000	-5.877917	13.090692	21.616530	21.991806	23.226824	22.823016	12.013292	-3.146809	1.007160	5.966660	1.312360	0.914487	0.125427	0.372924	-1.000000	-1.000000	-1.000000	-1.000000	-1.000000	-1.000000	-1.000000	74.551724	0.000000	-1.000000	-1.000000	1461687.000000	1772660812.050121
-26662.095000	-45158.355000	2397.825000	2005.785000	5979.870000	5028.030000	2933.190000	1886.760000	2.967559	13.221183	12.698892	11.974456	12.837694	13.371890	9.567588	3.536342	1.007160	5.966660	1.312360	0.914487	0.125427	0.372924	-1.000000	-1.000000	-1.000000	-1.000000	-1.000000	-1.000000	-1.000000	74.551724	0.000000	-1.000000	-1.000000	1461688.000000	1772660812.050130
-26652.555000	-45131.040000	2430.630000	2038.185000	6010.245000	5053.545000	2952.720000	1916.955000	6.152997	8.688790	1.303745	0.536940	1.071698	1.900388	4.667939	5.037938	1.007160	5.966660	1.312360	0.914487	0.125427	0.372924	-1.000000	-1.000000	-1.000000	-1.000000	-1.000000	-1.000000	-1.000000	74.551724	0.000000	-1.000000	-1.000000	1461689.000000	1772660812.054198
-26667.765000	-45146.565000	2414.970000	2021.985000	5993.685000	5037.345000	2939.985000	1921.770000	-1.457859	-0.697068	-8.528732	-8.392858	-7.956972	-7.649797	-2.148890	-3.686583	1.007160	5.966660	1.312360	0.914487	0.125427	0.372924	-1.000000	-1.000000	-1.000000	-1.000000	-1.000000	-1.000000	-1.000000	74.551724	0.000000	-1.000000	-1.000000	1461690.000000	1772660812.054206
-26631.765000	-45151.920000	2397.600000	1999.395000	5967.630000	5011.110000	2922.345000	1933.155000	-11.512381	-10.732311	-15.035052	-14.307855	-14.087097	-14.525788	-9.427091	-13.931030	-1.968540	6.378680	0.061040	0.914243	0.125000	0.371276	-1.000000	-1.000000	-1.000000	-1.000000	-1.000000	-1.000000	-1.000000	74.551724	0.000000	-1.000000	-1.000000	1461691.000000	1772660812.061373
-26600.895000	-45138.105000	2409.345000	2012.400000	5981.850000	5025.195000	2938.185000	1942.830000	-13.533296	-15.693860	-17.593014	-17.281278	-17.613618	-18.456719	-14.901096	-16.957299	-1.968540	6.378680	0.061040	0.914243	0.125000	0.371276	-1.000000	-1.000000	-1.000000	-1.000000	-1.000000	-1.000000	-1.000000	74.551724	0.000000	-1.000000	-1.000000	1461692.000000	1772660812.061380
-26618.085000	-45144.810000	2405.295000	2006.055000	5977.170000	5020.605000	2936.385000	1943.865000	-5.069815	-13.046724	-15.541575	-15.947136	-16.732531	-17.378532	-15.333815	-11.231154	-1.968540	6.378680	0.061040	0.914243	0.125000	0.371276	-1.000000	-1.000000	-1.000000	-1.000000	-1.000000	-1.000000	-1.000000	74.551724	0.000000	-1.000000	-1.000000	1461693.000000	1772660812.062169
-26610.525000	-45136.620000	2412.270000	2009.385000	5981.310000	5024.385000	2935.170000	1947.285000	6.966428	-5.752584	-9.278683	-9.970466	-10.660973	-10.630482	-9.618498	-0.801160	-1.968540	6.378680	0.061040	0.914243	0.125000	0.371276	-1.000000	-1.000000	-1.000000	-1.000000	-1.000000	-1.000000	-1.000000	74.551724	0.000000	-1.000000	-1.000000	1461694.000000	1772660812.062176
-26552.475000	-45080.685000	2467.935000	2065.095000	6034.320000	5069.655000	2960.100000	2004.705000	14.146072	2.115984	0.037430	-0.654227	-0.986442	-0.471799	-0.517339	8.428626	-1.968540	6.378680	0.061040	0.914243	0.125000	0.371276	-1.000000	-1.000000	-1.000000	-1.000000	-1.000000	-1.000000	-1.000000	74.551724	0.000000	-1.000000	-1.000000	1461695.000000	1772660812.066125
-26558.370000	-45064.935000	2493.180000	2092.095000	6057.945000	5086.305000	2965.770000	1983.105000	14.972590	10.383288	12.211941	11.569515	11.208393	11.253232	8.935126	14.023520	-1.968540	6.378680	0.061040	0.914243	0.125000	0.371276	-1.000000	-1.000000	-1.000000	-1.000000	-1.000000	-1.000000	-1.000000	74.551724	0.000000	-1.000000	-1.000000	1461696.000000	1772660812.066133
-26570.070000	-45087.975000	2466.585000	2067.210000	6038.010000	5077.845000	2975.445000	1986.615000	12.831060	18.547765	24.511741	24.132645	23.272839	22.232911	17.017378	17.293748	-1.968540	6.378680	0.061040	0.914243	0.125000	0.371276	-1.000000	-1.000000	-1.000000	-1.000000	-1.000000	-1.000000	-1.000000	74.551724	0.000000	-1.000000	-1.000000	1461697.000000	1772660812.070096
-26640.450000	-45157.680000	2391.930000	1996.425000	5972.625000	5020.875000	2933.910000	1912.230000	8.053818	19.876778	27.616055	27.881822	26.852469	25.737281	20.141150	16.588507	-1.968540	6.378680	0.061040	0.914243	0.125000	0.371276	-1.000000	-1.000000	-1.000000	-1.000000	-1.000000	-1.000000	-1.000000	74.551724	0.000000	-1.000000	-1.000000	1461698.000000	1772660812.070104
-26660.970000	-45176.085000	2372.535000	1977.165000	5951.655000	5000.400000	2924.460000	1905.795000	-2.302255	8.046101	13.926715	15.037181	14.851759	15.560310	14.015059	7.074877	-1.968540	6.378680	0.061040	0.914243	0.125000	0.371276	-1.000000	-1.000000	-1.000000	-1.000000	-1.000000	-1.000000	-1.000000	74.551724	0.000000	-1.000000	-1.000000	1461699.000000	1772660812.074142
-26599.365000	-45119.475000	2425.905000	2028.330000	5997.735000	5039.145000	2953.755000	1968.435000	-16.150866	-11.240305	-9.797297	-8.095800	-6.921888	-3.896669	0.551554	-9.022446	-1.968540	6.378680	0.061040	0.914243	0.125000	0.371276	-1.000000	-1.000000	-1.000000	-1.000000	-1.000000	-1.000000	-1.000000	74.551724	0.000000	-1.000000	-1.000000	1461700.000000	1772660812.074148
-26640.090000	-45142.470000	2407.905000	2013.480000	5984.595000	5029.830000	2939.400000	1913.760000	-25.002265	-24.071949	-27.150029	-25.439968	-23.511871	-19.823625	-12.162723	-21.366679	-4.593260	5.951400	-0.793520	0.908994	0.126709	0.372680	-1.000000	-1.000000	-1.000000	-1.000000	-1.000000	-1.000000	-1.000000	74.551724	0.000000	-1.000000	-1.000000	1461701.000000	1772660812.078075
-26629.065000	-45139.770000	2412.045000	2016.990000	5989.455000	5032.890000	2929.860000	1929.375000	-22.967414	-23.172898	-28.558232	-27.378989	-25.796644	-23.655154	-17.977159	-23.152249	-4.593260	5.951400	-0.793520	0.908994	0.126709	0.372680	-1.000000	-1.000000	-1.000000	-1.000000	-1.000000	-1.000000	-1.000000	74.551724	0.000000	-1.000000	-1.000000	1461702.000000	1772660812.078082
-26616.870000	-45121.500000	2434.275000	2041.200000	6013.080000	5053.905000	2938.815000	1929.195000	-11.671243	-12.124544	-16.652076	-16.288835	-15.796396	-16.339617	-16.302484	-15.772534	-4.593260	5.951400	-0.793520	0.908994	0.126709	0.372680	-1.000000	-1.000000	-1.000000	-1.000000	-1.000000	-1.000000	-1.000000	74.551724	0.000000	-1.000000	-1.000000	1461703.000000	1772660812.082338
-26630.595000	-45144.315000	2410.560000	2017.710000	5993.595000	5042.970000	2947.230000	1929.375000	2.325439	0.955244	-0.514526	-1.011169	-1.613572	-4.334013	-9.493765	-4.562864	-4.593260	5.951400	-0.793520	0.908994	0.126709	0.372680	-1.000000	-1.000000	-1.000000	-1.000000	-1.000000	-1.000000	-1.000000	74.551724	0.000000	-1.000000	-1.000000	1461704.000000	1772660812.082345
-26613.810000	-45134.820000	2418.840000	2024.820000	5996.610000	5041.170000	2950.470000	1965.105000	13.043830	9.658088	11.187902	9.918527	8.806517	5.667118	-0.409657	6.695325	-4.593260	5.951400	-0.793520	0.908994	0.126709	0.372680	-1.000000	-1.000000	-1.000000	-1.000000	-1.000000	-1.000000	-1.000000	74.551724	0.000000	-1.000000	-1.000000	1461705.000000	1772660812.086151
-26641.575000	-45151.830000	2402.235000	2006.910000	5975.370000	5017.725000	2926.395000	1925.685000	18.809707	12.800950	15.523808	13.618153	12.464773	10.325275	7.685069	16.682351	-4.593260	5.951400	-0.793520	0.908994	0.126709	0.372680	-1.000000	-1.000000	-1.000000	-1.000000	-1.000000	-1.000000	-1.000000	74.551724	0.000000	-1.000000	-1.000000	1461706.000000	1772660812.086158
-26650.845000	-45156.510000	2392.515000	1994.310000	5959.575000	5004.360000	2918.655000	1906.785000	20.097615	12.901882	14.899932	12.572044	11.294390	10.159334	11.682943	22.327955	-4.593260	5.951400	-0.793520	0.908994	0.126709	0.372680	-1.000000	-1.000000	-1.000000	-1.000000	-1.000000	-1.000000	-1.000000	74.551724	0.000000	-1.000000	-1.000000	1461707.000000	1772660812.090262
-26638.245000	-45134.955000	2414.430000	2017.845000	5981.265000	5026.860000	2946.465000	1928.430000	16.700081	11.846009	12.158903	9.869320	8.360239	7.696408	10.987685	19.767206	-4.593260	5.951400	-0.793520	0.908994	0.126709	0.372680	-1.000000	-1.000000	-1.000000	-1.000000	-1.000000	-1.000000	-1.000000	74.551724	0.000000	-1.000000	-1.000000	1461708.000000	1772660812.090270
-26615.745000	-45137.790000	2406.600000	2010.150000	5973.390000	5018.985000	2943.990000	1954.755000	8.522192	8.908508	7.616019	6.175580	4.915664	4.735961	7.341080	9.471258	-4.593260	5.951400	-0.793520	0.908994	0.126709	0.372680	-1.000000	-1.000000	-1.000000	-1.000000	-1.000000	-1.000000	-1.000000	74.551724	0.000000	-1.000000	-1.000000	1461709.000000	1772660812.094373
-26580.780000	-45105.345000	2440.350000	2045.430000	6008.445000	5052.465000	2965.995000	1999.530000	-1.246061	3.465884	1.263935	1.419746	1.181301	1.806612	2.900834	-2.136544	-4.593260	5.951400	-0.793520	0.908994	0.126709	0.372680	-1.000000	-1.000000	-1.000000	-1.000000	-1.000000	-1.000000	-1.000000	74.551724	0.000000	-1.000000	-1.000000	1461710.000000	1772660812.094379
-26584.560000	-45089.685000	2462.220000	2069.820000	6032.700000	5074.200000	2975.985000	2000.565000	-7.534421	-2.208628	-4.298134	-2.442824	-1.359853	-0.016469	-0.231693	-8.031906	-2.548420	4.516960	-0.732480	0.905637	0.125366	0.376769	-1.000000	-1.000000	-1.000000	-1.000000	-1.000000	-1.000000	-1.000000	74.551724	0.000000	-1.000000	-1.000000	1461711.000000	1772660812.098218
-26553.240000	-45076.815000	2461.545000	2073.870000	6038.415000	5081.175000	2983.905000	2022.795000	-9.130768	-5.711286	-6.739802	-3.772607	-1.771023	-0.255106	-1.436081	-7.778121	-2.548420	4.516960	-0.732480	0.905637	0.125366	0.376769	-1.000000	-1.000000	-1.000000	-1.000000	-1.000000	-1.000000	-1.000000	74.551724	0.000000	-1.000000	-1.000000	1461712.000000	1772660812.098228
-26576.910000	-45074.430000	2454.795000	2075.760000	6045.615000	5086.395000	2972.970000	1981.530000	-8.214336	-6.771799	-6.768872	-3.541741	-1.299187	-0.206439	-2.266639	-6.109898	-2.548420	4.516960	-0.732480	0.905637	0.125366	0.376769	-1.000000	-1.000000	-1.000000	-1.000000	-1.000000	-1.000000	-1.000000	74.551724	0.000000	-1.000000	-1.000000	1461713.000000	1772660812.102236
-26630.190000	-45117.495000	2422.620000	2042.955000	6015.060000	5060.970000	2963.205000	1926.000000	-7.506135	-6.563830	-6.310273	-3.560447	-1.524838	-1.116591	-4.162765	-7.670706	-2.548420	4.516960	-0.732480	0.905637	0.125366	0.376769	-1.000000	-1.000000	-1.000000	-1.000000	-1.000000	-1.000000	-1.000000	74.551724	0.000000	-1.000000	-1.000000	1461714.000000	1772660812.102244
-26594.550000	-45123.930000	2429.910000	2034.630000	6002.460000	5050.575000	2966.130000	1967.400000	-8.012239	-6.690395	-6.079327	-4.662490	-3.074479	-3.087333	-6.247054	-12.094969	-2.548420	4.516960	-0.732480	0.905637	0.125366	0.376769	-1.000000	-1.000000	-1.000000	-1.000000	-1.000000	-1.000000	-1.000000	74.551724	0.000000	-1.000000	-1.000000	1461715.000000	1772660812.107025
-26688.645000	-45194.850000	2367.270000	1964.385000	5926.050000	4969.710000	2889.270000	1864.440000	-8.058586	-7.942242	-5.654053	-6.751569	-6.048743	-6.094982	-7.328802	-14.152509	-2.548420	4.516960	-0.732480	0.905637	0.125366	0.376769	-1.000000	-1.000000	-1.000000	-1.000000	-1.000000	-1.000000	-1.000000	74.551724	0.000000	-1.000000	-1.000000	1461716.000000	1772660812.107032
-26662.365000	-45142.515000	2413.080000	2015.325000	5973.255000	5011.695000	2919.195000	1899.045000	-7.665678	-9.859291	-5.237495	-9.296518	-10.048972	-10.215533	-8.458841	-12.157853	-2.548420	4.516960	-0.732480	0.905637	0.125366	0.376769	-1.000000	-1.000000	-1.000000	-1.000000	-1.000000	-1.000000	-1.000000	74.551724	0.000000	-1.000000	-1.000000	1461717.000000	1772660812.110198
-26650.215000	-45116.640000	2438.865000	2046.195000	6006.105000	5046.345000	2947.680000	1899.135000	-7.281214	-9.164358	-3.766089	-9.254592	-11.536902	-12.207557	-8.761109	-7.846378	-2.548420	4.516960	-0.732480	0.905637	0.125366	0.376769	-1.000000	-1.000000	-1.000000	-1.000000	-1.000000	-1.000000	-1.000000	74.551724	0.000000	-1.000000	-1.000000	1461718.000000	1772660812.110206
-26645.805000	-45119.565000	2437.875000	2048.760000	6010.875000	5048.595000	2940.930000	1912.230000	-4.362925	-2.647201	0.627627	-3.421534	-6.414204	-7.584505	-4.704490	-1.176390	-2.548420	4.516960	-0.732480	0.905637	0.125366	0.376769	-1.000000	-1.000000	-1.000000	-1.000000	-1.000000	-1.000000	-1.000000	74.551724	0.000000	-1.000000	-1.000000	1461719.000000	1772660812.114415
-26611.065000	-45138.780000	2407.230000	2014.470000	5981.175000	5021.505000	2924.055000	1961.865000	2.482501	6.489032	5.498269	4.952951	2.640028	1.554327	2.924327	7.804737	-2.548420	4.516960	-0.732480	0.905637	0.125366	0.376769	-1.000000	-1.000000	-1.000000	-1.000000	-1.000000	-1.000000	-1.000000	74.551724	0.000000	-1.000000	-1.000000	1461720.000000	1772660812.114423
-26614.665000	-45135.000000	2404.845000	2009.610000	5977.215000	5022.945000	2932.650000	1964.385000	11.136520	11.792052	6.477622	9.146371	8.600453	8.372723	9.173495	17.471133	2.533160	4.867940	-1.220800	0.905271	0.121277	0.378417	-1.000000	-1.000000	-1.000000	-1.000000	-1.000000	-1.000000	-1.000000	74.551724	0.000000	-1.000000	-1.000000	1461721.000000	1772660812.118353
-26608.140000	-45119.295000	2417.355000	2023.110000	5989.455000	5033.070000	2936.790000	1950.390000	18.102910	11.570152	4.001164	7.681244	8.890276	9.923096	11.438313	24.613365	2.533160	4.867940	-1.220800	0.905271	0.121277	0.378417	-1.000000	-1.000000	-1.000000	-1.000000	-1.000000	-1.000000	-1.000000	74.551724	0.000000	-1.000000	-1.000000	1461722.000000	1772660812.118360
-26599.185000	-45131.985000	2405.205000	2014.020000	5982.210000	5030.145000	2942.955000	1954.845000	20.831969	9.221178	2.293375	4.916481	6.868435	8.761019	10.722487	25.400661	2.533160	4.867940	-1.220800	0.905271	0.121277	0.378417	-1.000000	-1.000000	-1.000000	-1.000000	-1.000000	-1.000000	-1.000000	74.551724	0.000000	-1.000000	-1.000000	1461723.000000	1772660812.122480
-26629.470000	-45147.060000	2392.785000	2003.805000	5971.275000	5024.070000	2947.770000	1947.150000	18.019949	7.632843	3.429640	4.737233	6.399545	8.226951	8.998908	18.384442	2.533160	4.867940	-1.220800	0.905271	0.121277	0.378417	-1.000000	-1.000000	-1.000000	-1.000000	-1.000000	-1.000000	-1.000000	74.551724	0.000000	-1.000000	-1.000000	1461724.000000	1772660812.122484
-26634.645000	-45122.895000	2420.595000	2032.335000	5993.820000	5037.705000	2953.845000	1944.045000	9.500398	6.668480	6.004643	7.117191	8.080625	9.106965	7.554940	5.968569	2.533160	4.867940	-1.220800	0.905271	0.121277	0.378417	-1.000000	-1.000000	-1.000000	-1.000000	-1.000000	-1.000000	-1.000000	74.551724	0.000000	-1.000000	-1.000000	1461725.000000	1772660812.126210
-26618.445000	-45102.690000	2445.795000	2057.130000	6018.030000	5062.635000	2975.175000	1958.445000	-2.628407	4.591160	7.487302	9.037090	9.269004	9.149441	5.636354	-7.557597	2.533160	4.867940	-1.220800	0.905271	0.121277	0.378417	-1.000000	-1.000000	-1.000000	-1.000000	-1.000000	-1.000000	-1.000000	74.551724	0.000000	-1.000000	-1.000000	1461726.000000	1772660812.126220
-26592.435000	-45114.075000	2427.930000	2037.015000	5996.970000	5041.800000	2955.330000	1971.360000	-13.982091	-0.329039	5.349729	6.528147	6.026286	4.797441	0.926639	-18.302283	2.533160	4.867940	-1.220800	0.905271	0.121277	0.378417	-1.000000	-1.000000	-1.000000	-1.000000	-1.000000	-1.000000	-1.000000	74.551724	0.000000	-1.000000	-1.000000	1461727.000000	1772660812.130514
-26603.190000	-45130.680000	2410.920000	2021.490000	5983.695000	5029.785000	2941.335000	1975.365000	-20.172696	-7.886625	-1.377079	-1.899435	-3.054895	-4.855991	-7.104054	-23.529234	2.533160	4.867940	-1.220800	0.905271	0.121277	0.378417	-1.000000	-1.000000	-1.000000	-1.000000	-1.000000	-1.000000	-1.000000	74.551724	0.000000	-1.000000	-1.000000	1461728.000000	1772660812.130522
-26600.220000	-45119.160000	2425.635000	2037.195000	6001.740000	5050.170000	2955.195000	1978.110000	-20.033466	-14.700944	-9.570848	-12.131498	-13.605229	-15.189858	-15.007060	-22.751718	2.533160	4.867940	-1.220800	0.905271	0.121277	0.378417	-1.000000	-1.000000	-1.000000	-1.000000	-1.000000	-1.000000	-1.000000	74.551724	0.000000	-1.000000	-1.000000	1461729.000000	1772660812.134383
-26620.020000	-45135.585000	2405.160000	2014.785000	5978.250000	5027.400000	2939.310000	1945.485000	-15.246501	-16.545101	-13.806247	-17.374581	-18.632713	-19.471710	-17.874149	-17.302946	2.533160	4.867940	-1.220800	0.905271	0.121277	0.378417	-1.000000	-1.000000	-1.000000	-1.000000	-1.000000	-1.000000	-1.000000	74.551724	0.000000	-1.000000	-1.000000	1461730.000000	1772660812.134390
-26626.230000	-45135.180000	2404.935000	2014.200000	5974.560000	5020.065000	2932.740000	1929.060000	-7.801040	-12.228043	-11.836969	-14.935601	-15.577251	-15.667480	-14.137318	-8.857990	-1.220800	5.585160	-0.427280	0.907468	0.125976	0.373534	-1.000000	-1.000000	-1.000000	-1.000000	-1.000000	-1.000000	-1.000000	74.551724	0.000000	-1.000000	-1.000000	1461731.000000	1772660812.138425
-26613.000000	-45119.835000	2421.270000	2029.635000	5987.250000	5031.945000	2940.570000	1941.705000	0.695343	-3.347448	-5.077795	-6.679661	-6.701152	-6.550564	-6.060582	0.810483	-1.220800	5.585160	-0.427280	0.907468	0.125976	0.373534	-1.000000	-1.000000	-1.000000	-1.000000	-1.000000	-1.000000	-1.000000	74.551724	0.000000	-1.000000	-1.000000	1461732.000000	1772660812.138433
-26617.590000	-45124.020000	2420.235000	2031.435000	5989.770000	5034.825000	2943.270000	1941.345000	9.224019	7.415000	3.950724	4.212428	4.623376	4.454738	3.319417	10.171627	-1.220800	5.585160	-0.427280	0.907468	0.125976	0.373534	-1.000000	-1.000000	-1.000000	-1.000000	-1.000000	-1.000000	-1.000000	74.551724	0.000000	-1.000000	-1.000000	1461733.000000	1772660812.142214
-26612.550000	-45126.990000	2416.230000	2026.935000	5983.425000	5026.995000	2943.450000	1955.295000	15.989314	15.117793	10.799069	12.662503	13.511080	13.126617	10.870116	17.357364	-1.220800	5.585160	-0.427280	0.907468	0.125976	0.373534	-1.000000	-1.000000	-1.000000	-1.000000	-1.000000	-1.000000	-1.000000	74.551724	0.000000	-1.000000	-1.000000	1461734.000000	1772660812.142221
-26617.320000	-45126.810000	2413.665000	2024.325000	5983.200000	5028.165000	2941.560000	1950.435000	17.285809	14.641272	10.668357	13.294984	14.664380	14.747479	13.339952	19.396491	-1.220800	5.585160	-0.427280	0.907468	0.125976	0.373534	-1.000000	-1.000000	-1.000000	-1.000000	-1.000000	-1.000000	-1.000000	74.551724	0.000000	-1.000000	-1.000000	1461735.000000	1772660812.146245
-26627.580000	-45127.620000	2420.280000	2035.620000	6001.155000	5047.650000	2948.985000	1943.820000	10.802742	6.528333	4.060558	6.426177	8.175904	9.192625	10.269045	14.250680	-1.220800	5.585160	-0.427280	0.907468	0.125976	0.373534	-1.000000	-1.000000	-1.000000	-1.000000	-1.000000	-1.000000	-1.000000	74.551724	0.000000	-1.000000	-1.000000	1461736.000000	1772660812.146252
-26608.905000	-45118.620000	2428.650000	2038.635000	6000.255000	5043.555000	2949.120000	1955.475000	-0.549480	-2.931101	-3.011839	-1.625642	0.059769	1.763080	4.912777	3.581318	-1.220800	5.585160	-0.427280	0.907468	0.125976	0.373534	-1.000000	-1.000000	-1.000000	-1.000000	-1.000000	-1.000000	-1.000000	74.551724	0.000000	-1.000000	-1.000000	1461737.000000	1772660812.150256
-26621.235000	-45128.070000	2420.955000	2030.805000	5991.885000	5036.580000	2938.950000	1936.665000	-10.055024	-7.959351	-5.535131	-5.464399	-4.611377	-3.101020	0.314759	-7.359268	-1.220800	5.585160	-0.427280	0.907468	0.125976	0.373534	-1.000000	-1.000000	-1.000000	-1.000000	-1.000000	-1.000000	-1.000000	74.551724	0.000000	-1.000000	-1.000000	1461738.000000	1772660812.150263
-26625.690000	-45135.405000	2412.810000	2022.390000	5983.605000	5032.800000	2946.825000	1940.760000	-12.624165	-7.443899	-3.487046	-4.646283	-5.263113	-4.723441	-2.614339	-12.756959	-1.220800	5.585160	-0.427280	0.907468	0.125976	0.373534	-1.000000	-1.000000	-1.000000	-1.000000	-1.000000	-1.000000	-1.000000	74.551724	0.000000	-1.000000	-1.000000	1461739.000000	1772660812.158181
-26617.455000	-45131.355000	2416.005000	2027.430000	5988.510000	5034.735000	2950.065000	1949.895000	-8.144906	-3.647019	0.137899	-1.606770	-3.489856	-3.905225	-3.550729	-10.021196	-1.220800	5.585160	-0.427280	0.907468	0.125976	0.373534	-1.000000	-1.000000	-1.000000	-1.000000	-1.000000	-1.000000	-1.000000	74.551724	0.000000	-1.000000	-1.000000	1461740.000000	1772660812.158188
-26577.855000	-45099.990000	2439.135000	2053.800000	6016.185000	5058.720000	2970.405000	2005.425000	0.270582	1.085536	2.892739	1.541122	-0.593036	-1.505155	-2.478375	-1.064299	-5.630940	5.066320	-1.327620	0.904966	0.127746	0.373595	-1.000000	-1.000000	-1.000000	-1.000000	-1.000000	-1.000000	-1.000000	74.551724	0.000000	-1.000000	-1.000000	1461741.000000	1772660812.158337
-26543.160000	-45065.655000	2469.060000	2081.520000	6039.180000	5078.160000	2988.990000	2052.540000	9.442609	5.829454	4.454247	4.186349	2.861770	1.741415	-0.026136	9.963656	-5.630940	5.066320	-1.327620	0.904966	0.127746	0.373595	-1.000000	-1.000000	-1.000000	-1.000000	-1.000000	-1.000000	-1.000000	74.551724	0.000000	-1.000000	-1.000000	1461742.000000	1772660812.158344
-26621.505000	-45116.055000	2427.255000	2041.560000	6000.705000	5043.870000	2956.095000	1948.545000	14.804658	8.791471	4.600375	5.337190	5.208672	4.106528	1.975407	16.467668	-5.630940	5.066320	-1.327620	0.904966	0.127746	0.373595	-1.000000	-1.000000	-1.000000	-1.000000	-1.000000	-1.000000	-1.000000	74.551724	0.000000	-1.000000	-1.000000	1461743.000000	1772660812.165144
-26658.090000	-45136.170000	2409.885000	2023.560000	5981.445000	5022.495000	2937.195000	1902.645000	10.083197	6.169769	1.463531	2.528856	3.186399	2.477639	0.678568	10.247074	-5.630940	5.066320	-1.327620	0.904966	0.127746	0.373595	-1.000000	-1.000000	-1.000000	-1.000000	-1.000000	-1.000000	-1.000000	74.551724	0.000000	-1.000000	-1.000000	1461744.000000	1772660812.165159
-26591.850000	-45090.945000	2454.345000	2066.400000	6023.250000	5061.420000	2964.285000	1975.545000	-3.933787	-1.997628	-4.476181	-3.847399	-3.235660	-3.321987	-3.943007	-7.608187	-5.630940	5.066320	-1.327620	0.904966	0.127746	0.373595	-1.000000	-1.000000	-1.000000	-1.000000	-1.000000	-1.000000	-1.000000	74.551724	0.000000	-1.000000	-1.000000	1461745.000000	1772660812.166241
-26590.680000	-45102.015000	2444.895000	2057.985000	6018.930000	5058.855000	2956.410000	1970.685000	-16.171581	-9.314164	-8.399275	-8.588545	-8.592026	-8.201055	-7.633268	-22.997964	-5.630940	5.066320	-1.327620	0.904966	0.127746	0.373595	-1.000000	-1.000000	-1.000000	-1.000000	-1.000000	-1.000000	-1.000000	74.551724	0.000000	-1.000000	-1.000000	1461746.000000	1772660812.166249
-26621.955000	-45124.920000	2427.660000	2045.160000	6010.560000	5054.220000	2953.710000	1959.525000	-17.526320	-10.705759	-7.141009	-7.829414	-8.164394	-7.551575	-6.868148	-23.771464	-5.630940	5.066320	-1.327620	0.904966	0.127746	0.373595	-1.000000	-1.000000	-1.000000	-1.000000	-1.000000	-1.000000	-1.000000	74.551724	0.000000	-1.000000	-1.000000	1461747.000000	1772660812.170348
-26591.220000	-45085.815000	2466.585000	2081.610000	6041.700000	5081.220000	2983.500000	1986.075000	-9.021771	-6.508607	-1.993444	-2.461069	-2.364279	-1.705970	-1.940555	-10.530479	-5.630940	5.066320	-1.327620	0.904966	0.127746	0.373595	-1.000000	-1.000000	-1.000000	-1.000000	-1.000000	-1.000000	-1.000000	74.551724	0.000000	-1.000000	-1.000000	1461748.000000	1772660812.170355
-26700.795000	-45171.045000	2381.085000	1993.905000	5952.825000	4998.330000	2915.955000	1833.030000	1.417797	-0.442306	3.241492	3.317933	4.082574	4.681414	3.687342	5.328598	-5.630940	5.066320	-1.327620	0.904966	0.127746	0.373595	-1.000000	-1.000000	-1.000000	-1.000000	-1.000000	-1.000000	-1.000000	74.551724	0.000000	-1.000000	-1.000000	1461749.000000	1772660812.177233
-26651.610000	-45147.240000	2396.610000	2007.495000	5964.300000	5007.600000	2926.305000	1899.720000	5.166430	1.931342	3.474654	3.696351	4.609398	5.258710	4.976385	10.319951	-5.630940	5.066320	-1.327620	0.904966	0.127746	0.373595	-1.000000	-1.000000	-1.000000	-1.000000	-1.000000	-1.000000	-1.000000	74.551724	0.000000	-1.000000	-1.000000	1461750.000000	1772660812.177243
-26626.770000	-45143.460000	2399.625000	2013.210000	5971.230000	5016.285000	2934.855000	1947.330000	2.063248	-0.886847	-2.008514	-2.182540	-1.701696	-0.818301	0.932300	4.169294	-2.945180	3.784480	-1.434440	0.903074	0.124389	0.376220	-1.000000	-1.000000	-1.000000	-1.000000	-1.000000	-1.000000	-1.000000	74.551724	0.000000	-1.000000	-1.000000	1461751.000000	1772660812.178259
-26615.610000	-45143.820000	2398.230000	2012.085000	5972.715000	5020.470000	2937.645000	1948.095000	1.101445	-3.257307	-6.697426	-7.277204	-7.325821	-6.359394	-3.005477	0.700928	-2.945180	3.784480	-1.434440	0.903074	0.124389	0.376220	-1.000000	-1.000000	-1.000000	-1.000000	-1.000000	-1.000000	-1.000000	74.551724	0.000000	-1.000000	-1.000000	1461752.000000	1772660812.178267
-26597.160000	-45093.375000	2456.010000	2071.035000	6027.210000	5061.105000	2945.295000	1942.335000	7.593469	0.381705	-4.119188	-4.636751	-4.992438	-4.545027	-1.806344	7.769593	-2.945180	3.784480	-1.434440	0.903074	0.124389	0.376220	-1.000000	-1.000000	-1.000000	-1.000000	-1.000000	-1.000000	-1.000000	74.551724	0.000000	-1.000000	-1.000000	1461753.000000	1772660812.182236
-26615.745000	-45074.655000	2486.520000	2105.730000	6060.510000	5083.155000	2938.725000	1905.435000	15.575136	9.150595	5.667297	5.746385	5.180776	4.179064	3.350637	16.886314	-2.945180	3.784480	-1.434440	0.903074	0.124389	0.376220	-1.000000	-1.000000	-1.000000	-1.000000	-1.000000	-1.000000	-1.000000	74.551724	0.000000	-1.000000	-1.000000	1461754.000000	1772660812.182243
-26656.020000	-45162.270000	2387.070000	2001.285000	5967.090000	5018.445000	2929.680000	1920.960000	15.239268	15.958155	15.310196	16.179902	15.448329	12.736916	7.484693	16.259241	-2.945180	3.784480	-1.434440	0.903074	0.124389	0.376220	-1.000000	-1.000000	-1.000000	-1.000000	-1.000000	-1.000000	-1.000000	74.551724	0.000000	-1.000000	-1.000000	1461755.000000	1772660812.186351
-26632.575000	-45165.960000	2371.140000	1978.020000	5941.305000	5000.310000	2936.160000	1953.675000	4.691595	13.094022	14.992090	16.059007	15.535396	12.846998	7.259594	5.900471	-2.945180	3.784480	-1.434440	0.903074	0.124389	0.376220	-1.000000	-1.000000	-1.000000	-1.000000	-1.000000	-1.000000	-1.000000	74.551724	0.000000	-1.000000	-1.000000	1461756.000000	1772660812.186358
-26616.780000	-45135.810000	2401.245000	2007.765000	5969.925000	5024.385000	2950.290000	1951.200000	-7.957429	1.168463	3.280746	3.473319	3.624260	3.478792	3.407784	-4.734126	-2.945180	3.784480	-1.434440	0.903074	0.124389	0.376220	-1.000000	-1.000000	-1.000000	-1.000000	-1.000000	-1.000000	-1.000000	74.551724	0.000000	-1.000000	-1.000000	1461757.000000	1772660812.191698
-26603.460000	-45123.885000	2413.485000	2020.230000	5980.815000	5029.560000	2953.935000	1970.775000	-12.905355	-9.776535	-9.304528	-10.391905	-9.555227	-6.739877	-0.312641	-7.799948	-2.945180	3.784480	-1.434440	0.903074	0.124389	0.376220	-1.000000	-1.000000	-1.000000	-1.000000	-1.000000	-1.000000	-1.000000	74.551724	0.000000	-1.000000	-1.000000	1461758.000000	1772660812.191705
-26600.985000	-45123.435000	2413.800000	2022.030000	5984.415000	5031.585000	2961.495000	1984.860000	-8.452122	-11.803175	-12.644169	-14.270453	-13.190314	-9.587603	-1.297158	-4.053035	-2.945180	3.784480	-1.434440	0.903074	0.124389	0.376220	-1.000000	-1.000000	-1.000000	-1.000000	-1.000000	-1.000000	-1.000000	74.551724	0.000000	-1.000000	-1.000000	1461759.000000	1772660812.195630
-26642.025000	-45142.650000	2397.375000	2008.890000	5974.110000	5020.920000	2947.140000	1932.075000	-1.891372	-6.739624	-7.232465	-8.189928	-7.361049	-5.624861	-0.904272	-1.428062	-2.945180	3.784480	-1.434440	0.903074	0.124389	0.376220	-1.000000	-1.000000	-1.000000	-1.000000	-1.000000	-1.000000	-1.000000	74.551724	0.000000	-1.000000	-1.000000	1461760.000000	1772660812.195637
-26636.130000	-45135.495000	2408.850000	2018.745000	5981.130000	5024.520000	2944.485000	1943.775000	-0.251456	-0.939069	0.145100	0.587185	0.841660	-0.447749	-1.691054	-5.060575	1.922760	4.028640	-1.464960	0.902708	0.120422	0.377074	-1.000000	-1.000000	-1.000000	-1.000000	-1.000000	-1.000000	-1.000000	74.551724	0.000000	-1.000000	-1.000000	1461761.000000	1772660812.198224
-26584.515000	-45106.200000	2436.165000	2043.630000	6004.665000	5043.375000	2956.230000	1998.450000	-3.006500	1.381799	3.825053	5.397362	4.957157	1.589699	-3.986897	-10.731817	1.922760	4.028640	-1.464960	0.902708	0.120422	0.377074	-1.000000	-1.000000	-1.000000	-1.000000	-1.000000	-1.000000	-1.000000	74.551724	0.000000	-1.000000	-1.000000	1461762.000000	1772660812.198231
-26585.460000	-45097.785000	2446.110000	2052.495000	6014.880000	5052.330000	2957.085000	1985.355000	-4.127153	0.767605	3.109066	4.759182	3.715875	0.354968	-5.738465	-10.595054	1.922760	4.028640	-1.464960	0.902708	0.120422	0.377074	-1.000000	-1.000000	-1.000000	-1.000000	-1.000000	-1.000000	-1.000000	74.551724	0.000000	-1.000000	-1.000000	1461763.000000	1772660812.204507
-26596.035000	-45089.910000	2456.055000	2062.980000	6029.415000	5066.910000	2965.050000	1978.020000	0.076277	1.598273	2.587659	3.396955	1.993001	-0.127257	-4.812962	-3.600073	1.922760	4.028640	-1.464960	0.902708	0.120422	0.377074	-1.000000	-1.000000	-1.000000	-1.000000	-1.000000	-1.000000	-1.000000	74.551724	0.000000	-1.000000	-1.000000	1461764.000000	1772660812.204514
-26614.260000	-45112.185000	2435.805000	2045.250000	6015.150000	5056.110000	2958.165000	1952.595000	5.997513	5.379032	5.201677	5.180807	3.919379	2.845722	-1.635077	3.377582	1.922760	4.028640	-1.464960	0.902708	0.120422	0.377074	-1.000000	-1.000000	-1.000000	-1.000000	-1.000000	-1.000000	-1.000000	74.551724	0.000000	-1.000000	-1.000000	1461765.000000	1772660812.209054
-26639.010000	-45131.265000	2423.745000	2033.100000	5997.780000	5033.160000	2936.160000	1905.570000	7.144432	7.163964	6.918570	6.780190	6.365269	6.053265	1.031890	4.267269	1.922760	4.028640	-1.464960	0.902708	0.120422	0.377074	-1.000000	-1.000000	-1.000000	-1.000000	-1.000000	-1.000000	-1.000000	74.551724	0.000000	-1.000000	-1.000000	1461766.000000	1772660812.209064
-26618.535000	-45113.220000	2434.635000	2037.105000	5999.805000	5032.755000	2940.345000	1933.200000	1.844489	2.756841	3.102476	3.252436	3.908658	4.635187	1.112027	-0.645409	1.922760	4.028640	-1.464960	0.902708	0.120422	0.377074	-1.000000	-1.000000	-1.000000	-1.000000	-1.000000	-1.000000	-1.000000	74.551724	0.000000	-1.000000	-1.000000	1461767.000000	1772660812.211040
-26622.675000	-45136.215000	2401.560000	2001.915000	5972.085000	5018.490000	2947.950000	1945.575000	-5.311147	-5.311199	-4.983202	-5.016941	-3.783237	-1.639689	-0.559293	-5.889191	1.922760	4.028640	-1.464960	0.902708	0.120422	0.377074	-1.000000	-1.000000	-1.000000	-1.000000	-1.000000	-1.000000	-1.000000	74.551724	0.000000	-1.000000	-1.000000	1461768.000000	1772660812.211049
-26623.215000	-45124.965000	2417.985000	2024.145000	5997.330000	5040.810000	2959.785000	1956.510000	-8.121044	-11.088428	-12.176497	-13.073341	-11.824330	-8.200338	-1.035544	-4.880731	1.922760	4.028640	-1.464960	0.902708	0.120422	0.377074	-1.000000	-1.000000	-1.000000	-1.000000	-1.000000	-1.000000	-1.000000	74.551724	0.000000	-1.000000	-1.000000	1461769.000000	1772660812.214074
-26649.990000	-45142.290000	2404.080000	2010.465000	5983.560000	5027.220000	2939.490000	1909.665000	-5.230308	-11.329808	-14.386666	-15.962677	-14.897552	-10.431595	1.061693	2.683257	1.922760	4.028640	-1.464960	0.902708	0.120422	0.377074	-1.000000	-1.000000	-1.000000	-1.000000	-1.000000	-1.000000	-1.000000	74.551724	0.000000	-1.000000	-1.000000	1461770.000000	1772660812.214079
-26635.905000	-45159.615000	2379.780000	1981.305000	5952.870000	5000.715000	2923.335000	1931.130000	-1.131571	-7.973784	-11.982195	-13.303420	-12.499161	-8.432340	3.255476	9.271037	-0.030520	4.883200	-1.999060	0.904905	0.122192	0.374022	-1.000000	-1.000000	-1.000000	-1.000000	-1.000000	-1.000000	-1.000000	74.551724	0.000000	-1.000000	-1.000000	1461771.000000	1772660812.219479
-26611.515000	-45138.915000	2401.155000	2005.200000	5976.945000	5022.315000	2939.805000	1964.655000	1.405689	-3.744201	-7.065333	-7.427342	-7.215263	-4.896904	2.887656	10.163639	-0.030520	4.883200	-1.999060	0.904905	0.122192	0.374022	-1.000000	-1.000000	-1.000000	-1.000000	-1.000000	-1.000000	-1.000000	74.551724	0.000000	-1.000000	-1.000000	1461772.000000	1772660812.219485
-26549.100000	-45071.955000	2473.965000	2079.810000	6050.565000	5089.770000	2991.960000	2048.265000	5.089454	2.620939	1.359579	2.073666	1.211976	0.551302	1.509213	9.228586	-0.030520	4.883200	-1.999060	0.904905	0.122192	0.374022	-1.000000	-1.000000	-1.000000	-1.000000	-1.000000	-1.000000	-1.000000	74.551724	0.000000	-1.000000	-1.000000	1461773.000000	1772660812.224169
-26552.880000	-45073.485000	2472.705000	2077.290000	6048.045000	5087.790000	2996.460000	2040.120000	11.958016	12.613482	14.092648	15.560581	13.587959	9.494538	2.679351	11.509226	-0.030520	4.883200	-1.999060	0.904905	0.122192	0.374022	-1.000000	-1.000000	-1.000000	-1.000000	-1.000000	-1.000000	-1.000000	74.551724	0.000000	-1.000000	-1.000000	1461774.000000	1772660812.224174
-26652.330000	-45156.420000	2388.420000	1992.510000	5961.870000	4999.365000	2917.710000	1894.230000	16.739835	20.796088	24.479226	26.059834	23.753252	17.502277	5.439433	13.280009	-0.030520	4.883200	-1.999060	0.904905	0.122192	0.374022	-1.000000	-1.000000	-1.000000	-1.000000	-1.000000	-1.000000	-1.000000	74.551724	0.000000	-1.000000	-1.000000	1461775.000000	1772660812.226566
-26647.200000	-45146.160000	2399.625000	2004.255000	5971.860000	5004.225000	2913.750000	1892.655000	10.598040	17.960038	22.349181	23.460265	21.927008	16.033028	3.879904	4.052750	-0.030520	4.883200	-1.999060	0.904905	0.122192	0.374022	-1.000000	-1.000000	-1.000000	-1.000000	-1.000000	-1.000000	-1.000000	74.551724	0.000000	-1.000000	-1.000000	1461776.000000	1772660812.226574
-26624.385000	-45129.960000	2415.870000	2018.925000	5988.780000	5027.985000	2947.320000	1938.285000	-5.565922	3.959702	7.627312	8.014546	7.767841	4.274751	-3.535763	-15.903048	-0.030520	4.883200	-1.999060	0.904905	0.122192	0.374022	-1.000000	-1.000000	-1.000000	-1.000000	-1.000000	-1.000000	-1.000000	74.551724	0.000000	-1.000000	-1.000000	1461777.000000	1772660812.230167
-26638.740000	-45143.100000	2402.505000	2004.705000	5976.270000	5018.985000	2940.075000	1929.555000	-19.565593	-11.031705	-9.062424	-9.531135	-8.760370	-8.985614	-10.367844	-31.002261	-0.030520	4.883200	-1.999060	0.904905	0.122192	0.374022	-1.000000	-1.000000	-1.000000	-1.000000	-1.000000	-1.000000	-1.000000	74.551724	0.000000	-1.000000	-1.000000	1461778.000000	1772660812.230175
-26640.810000	-45118.485000	2435.760000	2041.200000	6016.095000	5051.880000	2950.245000	1914.480000	-22.151637	-18.066043	-18.252667	-19.519394	-18.148281	-15.260106	-10.477157	-29.153432	-0.030520	4.883200	-1.999060	0.904905	0.122192	0.374022	-1.000000	-1.000000	-1.000000	-1.000000	-1.000000	-1.000000	-1.000000	74.551724	0.000000	-1.000000	-1.000000	1461779.000000	1772660812.234276
-26620.965000	-45083.610000	2478.510000	2087.640000	6063.795000	5096.880000	2989.755000	1943.820000	-13.870406	-14.326220	-16.030133	-17.445321	-15.690000	-11.113062	-3.276067	-12.835961	-0.030520	4.883200	-1.999060	0.904905	0.122192	0.374022	-1.000000	-1.000000	-1.000000	-1.000000	-1.000000	-1.000000	-1.000000	74.551724	0.000000	-1.000000	-1.000000	1461780.000000	1772660812.234282
-26665.740000	-45127.305000	2435.085000	2044.170000	6022.620000	5060.295000	2970.000000	1939.950000	-1.580352	-3.573674	-5.296418	-5.930610	-4.049806	0.046675	6.686269	6.833089	-5.905620	4.928980	-2.807840	0.906126	0.127502	0.373107	-1.000000	-1.000000	-1.000000	-1.000000	-1.000000	-1.000000	-1.000000	74.551724	0.000000	-1.000000	-1.000000	1461781.000000	1772660812.238258
-26600.130000	-45110.565000	2433.105000	2033.280000	6007.095000	5043.915000	2955.645000	1984.140000	7.062758	4.839545	3.745628	4.097386	5.583121	7.835756	11.434035	19.210449	-5.905620	4.928980	-2.807840	0.906126	0.127502	0.373107	-1.000000	-1.000000	-1.000000	-1.000000	-1.000000	-1.000000	-1.000000	74.551724	0.000000	-1.000000	-1.000000	1461782.000000	1772660812.238266
-26574.165000	-45096.750000	2443.770000	2042.505000	6013.845000	5047.110000	2949.660000	1979.055000	11.241738	5.957435	4.419112	4.924621	5.371473	5.762876	6.990887	21.967746	-5.905620	4.928980	-2.807840	0.906126	0.127502	0.373107	-1.000000	-1.000000	-1.000000	-1.000000	-1.000000	-1.000000	-1.000000	74.551724	0.000000	-1.000000	-1.000000	1461783.000000	1772660812.245270
-26665.695000	-45165.555000	2385.135000	1988.235000	5959.350000	4995.090000	2907.540000	1885.995000	14.474835	3.397829	0.420216	0.235860	-0.658959	-1.422367	-1.801136	19.268480	-5.905620	4.928980	-2.807840	0.906126	0.127502	0.373107	-1.000000	-1.000000	-1.000000	-1.000000	-1.000000	-1.000000	-1.000000	74.551724	0.000000	-1.000000	-1.000000	1461784.000000	1772660812.245279
-26594.685000	-45141.345000	2398.770000	1997.685000	5965.515000	5004.810000	2932.605000	1964.205000	15.328401	0.621155	-2.886935	-3.669886	-5.585736	-6.629833	-8.020112	13.047086	-5.905620	4.928980	-2.807840	0.906126	0.127502	0.373107	-1.000000	-1.000000	-1.000000	-1.000000	-1.000000	-1.000000	-1.000000	74.551724	0.000000	-1.000000	-1.000000	1461785.000000	1772660812.246201
-26597.880000	-45130.680000	2410.560000	2010.600000	5980.860000	5021.685000	2948.535000	1974.420000	11.252029	-1.478084	-3.697503	-4.418705	-6.672879	-7.420314	-8.721661	4.225403	-5.905620	4.928980	-2.807840	0.906126	0.127502	0.373107	-1.000000	-1.000000	-1.000000	-1.000000	-1.000000	-1.000000	-1.000000	74.551724	0.000000	-1.000000	-1.000000	1461786.000000	1772660812.246208
-26632.305000	-45141.570000	2409.165000	2012.580000	5985.495000	5027.985000	2949.885000	1954.665000	3.471653	-1.789438	-1.641563	-1.756240	-3.570266	-3.955354	-4.302787	-4.139044	-5.905620	4.928980	-2.807840	0.906126	0.127502	0.373107	-1.000000	-1.000000	-1.000000	-1.000000	-1.000000	-1.000000	-1.000000	74.551724	0.000000	-1.000000	-1.000000	1461787.000000	1772660812.250275
-26654.805000	-45144.540000	2410.335000	2016.360000	5991.525000	5038.155000	2956.950000	1946.880000	-6.436673	-0.875324	1.702437	2.434784	1.772532	1.688461	2.300395	-10.215831	-5.905620	4.928980	-2.807840	0.906126	0.127502	0.373107	-1.000000	-1.000000	-1.000000	-1.000000	-1.000000	-1.000000	-1.000000	74.551724	0.000000	-1.000000	-1.000000	1461788.000000	1772660812.250280
-26633.880000	-45133.380000	2411.865000	2014.560000	5985.135000	5028.795000	2942.505000	1930.545000	-15.825571	-0.452641	3.531155	4.880026	5.570230	5.789412	6.566870	-14.351957	-5.905620	4.928980	-2.807840	0.906126	0.127502	0.373107	-1.000000	-1.000000	-1.000000	-1.000000	-1.000000	-1.000000	-1.000000	74.551724	0.000000	-1.000000	-1.000000	1461789.000000	1772660812.254067
-26605.080000	-45122.220000	2421.495000	2025.405000	5991.930000	5033.610000	2943.810000	1947.285000	-19.392297	-0.222456	3.285431	4.579141	6.002111	6.207383	5.710588	-16.867699	-5.905620	4.928980	-2.807840	0.906126	0.127502	0.373107	-1.000000	-1.000000	-1.000000	-1.000000	-1.000000	-1.000000	-1.000000	74.551724	0.000000	-1.000000	-1.000000	1461790.000000	1772660812.254083
-26599.320000	-45119.700000	2422.260000	2027.070000	5991.930000	5034.330000	2950.425000	1965.645000	-14.446080	0.982354	2.680447	3.436737	4.636140	4.260180	1.490515	-16.172318	-4.593260	5.890360	-3.097780	0.905820	0.125488	0.375243	-1.000000	-1.000000	-1.000000	-1.000000	-1.000000	-1.000000	-1.000000	74.551724	0.000000	-1.000000	-1.000000	1461791.000000	1772660812.259595
-26538.840000	-45054.900000	2489.985000	2094.390000	6053.625000	5090.220000	2996.775000	2053.710000	-2.922435	4.047451	4.072760	4.343395	4.792643	3.642634	-0.724133	-7.736452	-4.593260	5.890360	-3.097780	0.905820	0.125488	0.375243	-1.000000	-1.000000	-1.000000	-1.000000	-1.000000	-1.000000	-1.000000	74.551724	0.000000	-1.000000	-1.000000	1461792.000000	1772660812.259602
-26531.550000	-45040.365000	2509.875000	2114.595000	6072.795000	5108.895000	3011.265000	2059.380000	12.050952	10.084406	9.392770	9.332716	9.084367	7.439146	3.077101	10.779666	-4.593260	5.890360	-3.097780	0.905820	0.125488	0.375243	-1.000000	-1.000000	-1.000000	-1.000000	-1.000000	-1.000000	-1.000000	74.551724	0.000000	-1.000000	-1.000000	1461793.000000	1772660812.262345
-26609.580000	-45108.495000	2445.435000	2051.010000	6011.640000	5052.285000	2960.190000	1953.135000	22.754622	15.255097	14.858624	14.484662	13.965546	12.291023	9.063744	28.367000	-4.593260	5.890360	-3.097780	0.905820	0.125488	0.375243	-1.000000	-1.000000	-1.000000	-1.000000	-1.000000	-1.000000	-1.000000	74.551724	0.000000	-1.000000	-1.000000	1461794.000000	1772660812.262349
-26663.490000	-45170.865000	2382.435000	1986.435000	5949.270000	4992.480000	2908.260000	1882.755000	18.327940	10.165047	10.583070	9.912640	9.708460	8.630787	7.471440	26.222277	-4.593260	5.890360	-3.097780	0.905820	0.125488	0.375243	-1.000000	-1.000000	-1.000000	-1.000000	-1.000000	-1.000000	-1.000000	74.551724	0.000000	-1.000000	-1.000000	1461795.000000	1772660812.266269
-26627.445000	-45141.030000	2407.545000	2012.355000	5974.560000	5010.795000	2914.830000	1928.745000	-0.378334	-7.110359	-6.555413	-7.525808	-7.085210	-7.054306	-5.044008	2.181491	-4.593260	5.890360	-3.097780	0.905820	0.125488	0.375243	-1.000000	-1.000000	-1.000000	-1.000000	-1.000000	-1.000000	-1.000000	74.551724	0.000000	-1.000000	-1.000000	1461796.000000	1772660812.266276
-26607.645000	-45117.855000	2425.995000	2035.620000	5999.985000	5036.130000	2938.230000	1957.230000	-18.154881	-24.691519	-25.522775	-26.700770	-25.788120	-24.801996	-19.583456	-23.671966	-4.593260	5.890360	-3.097780	0.905820	0.125488	0.375243	-1.000000	-1.000000	-1.000000	-1.000000	-1.000000	-1.000000	-1.000000	74.551724	0.000000	-1.000000	-1.000000	1461797.000000	1772660812.270256
-26636.175000	-45137.880000	2411.280000	2023.695000	5990.625000	5032.260000	2944.800000	1931.715000	-22.502728	-29.377676	-32.217574	-33.113368	-32.056659	-30.679673	-23.922175	-31.668307	-4.593260	5.890360	-3.097780	0.905820	0.125488	0.375243	-1.000000	-1.000000	-1.000000	-1.000000	-1.000000	-1.000000	-1.000000	74.551724	0.000000	-1.000000	-1.000000	1461798.000000	1772660812.270264
-26635.455000	-45135.090000	2416.500000	2028.960000	5996.160000	5037.975000	2947.545000	1931.265000	-14.854902	-19.336306	-22.767774	-22.722668	-21.620634	-20.098024	-14.081448	-20.426781	-4.593260	5.890360	-3.097780	0.905820	0.125488	0.375243	-1.000000	-1.000000	-1.000000	-1.000000	-1.000000	-1.000000	-1.000000	74.551724	0.000000	-1.000000	-1.000000	1461799.000000	1772660812.274427
-26634.150000	-45134.415000	2412.765000	2022.570000	5988.780000	5029.920000	2942.190000	1932.030000	-3.823451	-2.374804	-4.116118	-3.016269	-1.899175	-0.215292	3.229825	-1.765167	-4.593260	5.890360	-3.097780	0.905820	0.125488	0.375243	-1.000000	-1.000000	-1.000000	-1.000000	-1.000000	-1.000000	-1.000000	74.551724	0.000000	-1.000000	-1.000000	1461800.000000	1772660812.274434
-26614.530000	-45127.935000	2418.075000	2029.500000	5995.980000	5036.445000	2944.575000	1957.230000	4.852270	12.144831	12.993194	14.466827	15.366916	17.030394	17.081823	12.843449	-1.861720	3.998120	-2.655240	0.904050	0.123169	0.377318	-1.000000	-1.000000	-1.000000	-1.000000	-1.000000	-1.000000	-1.000000	74.551724	0.000000	-1.000000	-1.000000	1461801.000000	1772660812.278412
-26591.940000	-45113.985000	2432.655000	2045.610000	6010.965000	5052.330000	2965.500000	1991.430000	10.501627	19.124824	21.476172	22.444579	22.725946	23.886204	20.959961	19.529646	-1.861720	3.998120	-2.655240	0.904050	0.123169	0.377318	-1.000000	-1.000000	-1.000000	-1.000000	-1.000000	-1.000000	-1.000000	74.551724	0.000000	-1.000000	-1.000000	1461802.000000	1772660812.278424
-26607.195000	-45103.995000	2443.140000	2053.170000	6017.085000	5057.595000	2963.385000	1957.320000	14.971247	19.988385	22.104324	22.131296	21.360377	21.394262	16.643602	21.095152	-1.861720	3.998120	-2.655240	0.904050	0.123169	0.377318	-1.000000	-1.000000	-1.000000	-1.000000	-1.000000	-1.000000	-1.000000	74.551724	0.000000	-1.000000	-1.000000	1461803.000000	1772660812.282352
-26643.555000	-45118.845000	2432.025000	2043.045000	6009.660000	5049.135000	2942.955000	1909.980000	18.038551	18.426724	19.306686	18.455299	16.456293	15.030436	9.611007	19.446046	-1.861720	3.998120	-2.655240	0.904050	0.123169	0.377318	-1.000000	-1.000000	-1.000000	-1.000000	-1.000000	-1.000000	-1.000000	74.551724	0.000000	-1.000000	-1.000000	1461804.000000	1772660812.282359
-26622.945000	-45119.700000	2429.280000	2036.970000	6000.210000	5040.045000	2948.895000	1951.155000	15.714104	13.956635	13.746893	12.339716	9.532292	7.100825	2.353357	12.115506	-1.861720	3.998120	-2.655240	0.904050	0.123169	0.377318	-1.000000	-1.000000	-1.000000	-1.000000	-1.000000	-1.000000	-1.000000	74.551724	0.000000	-1.000000	-1.000000	1461805.000000	1772660812.286262
-26582.220000	-45107.955000	2436.210000	2040.480000	6004.305000	5046.435000	2962.575000	1998.000000	6.655962	4.327017	3.776522	2.117195	-0.622972	-2.934445	-5.026050	-0.173750	-1.861720	3.998120	-2.655240	0.904050	0.123169	0.377318	-1.000000	-1.000000	-1.000000	-1.000000	-1.000000	-1.000000	-1.000000	74.551724	0.000000	-1.000000	-1.000000	1461806.000000	1772660812.286268
-26609.445000	-45117.630000	2432.205000	2039.400000	6007.815000	5052.645000	2970.450000	1989.585000	-4.261341	-7.947220	-8.287296	-9.920947	-11.646558	-12.801006	-10.855586	-10.530901	-1.861720	3.998120	-2.655240	0.904050	0.123169	0.377318	-1.000000	-1.000000	-1.000000	-1.000000	-1.000000	-1.000000	-1.000000	74.551724	0.000000	-1.000000	-1.000000	1461807.000000	1772660812.290134
-26660.565000	-45165.420000	2389.095000	1997.685000	5966.595000	5014.530000	2942.955000	1926.540000	-12.910005	-17.787587	-17.641984	-18.675004	-18.635429	-18.240088	-12.998553	-15.147651	-1.861720	3.998120	-2.655240	0.904050	0.123169	0.377318	-1.000000	-1.000000	-1.000000	-1.000000	-1.000000	-1.000000	-1.000000	74.551724	0.000000	-1.000000	-1.000000	1461808.000000	1772660812.290141
-26613.090000	-45143.505000	2396.115000	1999.305000	5965.605000	5011.515000	2943.360000	1954.395000	-18.507935	-22.403191	-21.752693	-21.515410	-19.589422	-17.919394	-11.651646	-16.620970	-1.861720	3.998120	-2.655240	0.904050	0.123169	0.377318	-1.000000	-1.000000	-1.000000	-1.000000	-1.000000	-1.000000	-1.000000	74.551724	0.000000	-1.000000	-1.000000	1461809.000000	1772660812.294193
-26599.455000	-45127.980000	2407.050000	2011.050000	5980.770000	5024.700000	2950.605000	1967.310000	-18.875681	-20.145095	-19.714080	-18.189587	-15.144117	-13.038307	-8.233563	-16.496038	-1.861720	3.998120	-2.655240	0.904050	0.123169	0.377318	-1.000000	-1.000000	-1.000000	-1.000000	-1.000000	-1.000000	-1.000000	74.551724	0.000000	-1.000000	-1.000000	1461810.000000	1772660812.294200
-26629.470000	-45147.105000	2396.610000	2003.940000	5973.390000	5016.870000	2936.880000	1935.495000	-12.334276	-10.742035	-11.465293	-9.329422	-6.384016	-4.980717	-3.738825	-13.069763	-0.412020	2.548420	-3.296160	0.904417	0.125854	0.378600	-1.000000	-1.000000	-1.000000	-1.000000	-1.000000	-1.000000	-1.000000	74.551724	0.000000	-1.000000	-1.000000	1461811.000000	1772660812.298340
-26615.655000	-45127.395000	2422.350000	2028.555000	5995.215000	5033.205000	2944.890000	1951.380000	-1.201399	2.515238	0.884651	2.929691	4.681755	4.529798	1.310482	-4.851021	-0.412020	2.548420	-3.296160	0.904417	0.125854	0.378600	-1.000000	-1.000000	-1.000000	-1.000000	-1.000000	-1.000000	-1.000000	74.551724	0.000000	-1.000000	-1.000000	1461812.000000	1772660812.298346
-26609.130000	-45111.645000	2440.485000	2045.520000	6009.930000	5043.780000	2946.420000	1954.170000	10.475330	14.743365	13.587916	15.074351	14.959464	13.162115	6.576643	7.225414	-0.412020	2.548420	-3.296160	0.904417	0.125854	0.378600	-1.000000	-1.000000	-1.000000	-1.000000	-1.000000	-1.000000	-1.000000	74.551724	0.000000	-1.000000	-1.000000	1461813.000000	1772660812.303738
-26606.430000	-45107.955000	2440.485000	2043.810000	6008.220000	5041.980000	2939.895000	1945.035000	17.801703	21.559444	22.010440	22.616227	20.694530	17.969765	10.400281	17.301463	-0.412020	2.548420	-3.296160	0.904417	0.125854	0.378600	-1.000000	-1.000000	-1.000000	-1.000000	-1.000000	-1.000000	-1.000000	74.551724	0.000000	-1.000000	-1.000000	1461814.000000	1772660812.303746
-26601.165000	-45107.865000	2438.820000	2041.560000	6006.465000	5042.295000	2944.530000	1947.240000	16.597016	20.064408	22.006783	21.635971	18.806888	16.350450	10.116035	18.010433	-0.412020	2.548420	-3.296160	0.904417	0.125854	0.378600	-1.000000	-1.000000	-1.000000	-1.000000	-1.000000	-1.000000	-1.000000	74.551724	0.000000	-1.000000	-1.000000	1461815.000000	1772660812.310343
-26603.145000	-45106.065000	2441.655000	2045.790000	6010.965000	5046.075000	2952.000000	1955.835000	8.280557	11.344569	13.493344	12.351129	9.847149	8.733763	5.654546	9.558131	-0.412020	2.548420	-3.296160	0.904417	0.125854	0.378600	-1.000000	-1.000000	-1.000000	-1.000000	-1.000000	-1.000000	-1.000000	74.551724	0.000000	-1.000000	-1.000000	1461816.000000	1772660812.310360
-26612.955000	-45118.755000	2429.325000	2037.420000	6006.060000	5044.950000	2956.140000	1960.335000	-1.115853	0.275639	1.248364	-0.133275	-1.329432	-0.637290	0.472936	-0.074553	-0.412020	2.548420	-3.296160	0.904417	0.125854	0.378600	-1.000000	-1.000000	-1.000000	-1.000000	-1.000000	-1.000000	-1.000000	74.551724	0.000000	-1.000000	-1.000000	1461817.000000	1772660812.310500
-26601.795000	-45118.440000	2424.330000	2029.770000	5994.225000	5035.770000	2958.570000	1979.145000	-7.692609	-8.922590	-9.433714	-10.317233	-9.790333	-7.442043	-2.294504	-4.698565	-0.412020	2.548420	-3.296160	0.904417	0.125854	0.378600	-1.000000	-1.000000	-1.000000	-1.000000	-1.000000	-1.000000	-1.000000	74.551724	0.000000	-1.000000	-1.000000	1461818.000000	1772660812.310508
-26583.930000	-45109.215000	2430.270000	2033.730000	5999.265000	5041.755000	2963.880000	2000.565000	-10.695333	-14.396939	-15.738400	-15.773472	-13.947265	-10.551137	-2.601707	-4.235986	-0.412020	2.548420	-3.296160	0.904417	0.125854	0.378600	-1.000000	-1.000000	-1.000000	-1.000000	-1.000000	-1.000000	-1.000000	74.551724	0.000000	-1.000000	-1.000000	1461819.000000	1772660812.314378
-26594.910000	-45113.040000	2431.305000	2039.220000	6008.805000	5052.420000	2961.225000	1979.775000	-9.184925	-14.785685	-16.348056	-15.895420	-13.752781	-10.316516	-1.854842	-0.943132	-0.412020	2.548420	-3.296160	0.904417	0.125854	0.378600	-1.000000	-1.000000	-1.000000	-1.000000	-1.000000	-1.000000	-1.000000	74.551724	0.000000	-1.000000	-1.000000	1461820.000000	1772660812.314385
-26615.205000	-45115.245000	2437.020000	2046.870000	6014.115000	5051.745000	2951.955000	1946.160000	-3.875769	-10.225072	-11.662283	-11.206093	-9.523280	-7.167931	-1.201004	1.894822	-3.570840	3.174080	-1.876980	0.906858	0.128235	0.374389	-1.000000	-1.000000	-1.000000	-1.000000	-1.000000	-1.000000	-1.000000	74.551724	0.000000	-1.000000	-1.000000	1461821.000000	1772660812.323680
-26594.550000	-45089.370000	2471.805000	2085.165000	6053.625000	5089.005000	2981.700000	1988.370000	1.337741	-3.390011	-4.068693	-3.664513	-2.748539	-2.297595	-1.141078	0.979303	-3.570840	3.174080	-1.876980	0.906858	0.128235	0.374389	-1.000000	-1.000000	-1.000000	-1.000000	-1.000000	-1.000000	-1.000000	74.551724	0.000000	-1.000000	-1.000000	1461822.000000	1772660812.323690
-26629.965000	-45105.660000	2462.625000	2076.795000	6046.335000	5081.265000	2969.955000	1936.800000	3.051999	2.775563	3.803334	4.373322	4.517516	2.837307	-1.183948	-3.471863	-3.570840	3.174080	-1.876980	0.906858	0.128235	0.374389	-1.000000	-1.000000	-1.000000	-1.000000	-1.000000	-1.000000	-1.000000	74.551724	0.000000	-1.000000	-1.000000	1461823.000000	1772660812.323702
-26643.105000	-45121.545000	2435.805000	2044.530000	6015.060000	5054.085000	2955.195000	1935.045000	0.638794	6.079227	8.985256	9.667325	9.198864	5.974295	-1.389185	-8.850923	-3.570840	3.174080	-1.876980	0.906858	0.128235	0.374389	-1.000000	-1.000000	-1.000000	-1.000000	-1.000000	-1.000000	-1.000000	74.551724	0.000000	-1.000000	-1.000000	1461824.000000	1772660812.323707
-26608.950000	-45136.980000	2397.555000	1996.830000	5962.995000	5007.600000	2937.960000	1966.545000	-2.913175	5.553225	8.467250	8.522741	7.585185	4.177907	-2.820695	-11.593802	-3.570840	3.174080	-1.876980	0.906858	0.128235	0.374389	-1.000000	-1.000000	-1.000000	-1.000000	-1.000000	-1.000000	-1.000000	74.551724	0.000000	-1.000000	-1.000000	1461825.000000	1772660812.326275
-26608.815000	-45154.620000	2378.700000	1978.155000	5942.925000	4989.870000	2929.995000	1960.380000	-2.829541	2.319021	2.251504	0.744586	-0.622627	-2.686613	-5.269328	-8.307807	-3.570840	3.174080	-1.876980	0.906858	0.128235	0.374389	-1.000000	-1.000000	-1.000000	-1.000000	-1.000000	-1.000000	-1.000000	74.551724	0.000000	-1.000000	-1.000000	1461826.000000	1772660812.326283
-26614.440000	-45142.515000	2397.060000	1998.855000	5962.590000	5006.430000	2932.695000	1951.335000	1.331614	-1.316844	-5.313713	-8.262532	-9.898994	-9.923912	-6.749068	-0.615384	-3.570840	3.174080	-1.876980	0.906858	0.128235	0.374389	-1.000000	-1.000000	-1.000000	-1.000000	-1.000000	-1.000000	-1.000000	74.551724	0.000000	-1.000000	-1.000000	1461827.000000	1772660812.330142
-26617.095000	-45139.365000	2401.110000	2004.120000	5970.915000	5016.330000	2933.505000	1950.795000	5.394740	-2.879700	-8.373374	-11.243420	-12.675267	-11.233442	-5.208491	6.093878	-3.570840	3.174080	-1.876980	0.906858	0.128235	0.374389	-1.000000	-1.000000	-1.000000	-1.000000	-1.000000	-1.000000	-1.000000	74.551724	0.000000	-1.000000	-1.000000	1461828.000000	1772660812.330150
-26623.890000	-45138.105000	2406.015000	2010.105000	5977.935000	5023.485000	2937.060000	1941.885000	6.543781	-1.030433	-4.543054	-5.635995	-6.269777	-4.520042	-0.195259	9.306504	-3.570840	3.174080	-1.876980	0.906858	0.128235	0.374389	-1.000000	-1.000000	-1.000000	-1.000000	-1.000000	-1.000000	-1.000000	74.551724	0.000000	-1.000000	-1.000000	1461829.000000	1772660812.334321
-26611.245000	-45123.750000	2421.630000	2027.610000	5994.360000	5037.930000	2948.085000	1953.090000	5.192179	2.944254	3.119724	4.399850	4.907143	6.192341	6.415379	9.806218	-3.570840	3.174080	-1.876980	0.906858	0.128235	0.374389	-1.000000	-1.000000	-1.000000	-1.000000	-1.000000	-1.000000	-1.000000	74.551724	0.000000	-1.000000	-1.000000	1461830.000000	1772660812.334328
-26596.890000	-45113.130000	2430.135000	2036.475000	6002.370000	5043.960000	2958.570000	1974.960000	2.940532	6.253047	9.342969	12.304506	13.758672	14.382879	11.310619	8.537982	-2.319520	4.761120	-3.235120	0.908323	0.127319	0.374572	-1.000000	-1.000000	-1.000000	-1.000000	-1.000000	-1.000000	-1.000000	74.551724	0.000000	-1.000000	-1.000000	1461831.000000	1772660812.339963
-26609.850000	-45118.260000	2425.410000	2031.795000	5997.420000	5036.175000	2948.445000	1953.180000	1.223280	7.118989	10.982289	14.271143	15.956341	15.871133	11.968113	6.254598	-2.319520	4.761120	-3.235120	0.908323	0.127319	0.374572	-1.000000	-1.000000	-1.000000	-1.000000	-1.000000	-1.000000	-1.000000	74.551724	0.000000	-1.000000	-1.000000	1461832.000000	1772660812.339970
-26606.205000	-45113.040000	2429.235000	2033.370000	5995.980000	5030.730000	2944.215000	1956.105000	0.285484	5.683255	8.668996	11.103412	12.196485	11.224418	8.247086	3.127914	-2.319520	4.761120	-3.235120	0.908323	0.127319	0.374572	-1.000000	-1.000000	-1.000000	-1.000000	-1.000000	-1.000000	-1.000000	74.551724	0.000000	-1.000000	-1.000000	1461833.000000	1772660812.342334
-26597.205000	-45098.235000	2445.390000	2049.660000	6007.680000	5040.495000	2956.230000	1968.345000	-0.968157	3.409113	5.460283	6.555913	6.593346	4.596861	2.379438	-1.298309	-2.319520	4.761120	-3.235120	0.908323	0.127319	0.374572	-1.000000	-1.000000	-1.000000	-1.000000	-1.000000	-1.000000	-1.000000	74.551724	0.000000	-1.000000	-1.000000	1461834.000000	1772660812.342338
-26556.210000	-45061.830000	2482.155000	2084.760000	6038.865000	5067.225000	2976.930000	2019.780000	-2.657416	2.002008	3.885215	3.748609	2.786557	0.081475	-2.350168	-5.414850	-2.319520	4.761120	-3.235120	0.908323	0.127319	0.374572	-1.000000	-1.000000	-1.000000	-1.000000	-1.000000	-1.000000	-1.000000	74.551724	0.000000	-1.000000	-1.000000	1461835.000000	1772660812.348834
-26556.570000	-45062.190000	2483.415000	2085.480000	6040.755000	5066.640000	2964.105000	2005.245000	-2.970541	1.680395	3.445931	2.335403	0.851819	-1.650743	-4.251572	-6.068124	-2.319520	4.761120	-3.235120	0.908323	0.127319	0.374572	-1.000000	-1.000000	-1.000000	-1.000000	-1.000000	-1.000000	-1.000000	74.551724	0.000000	-1.000000	-1.000000	1461836.000000	1772660812.348838
-26613.495000	-45110.790000	2439.405000	2048.130000	6013.800000	5043.465000	2934.090000	1928.835000	-1.930551	-0.089620	0.649665	-1.102267	-2.294013	-3.437611	-4.880671	-4.172300	-2.319520	4.761120	-3.235120	0.908323	0.127319	0.374572	-1.000000	-1.000000	-1.000000	-1.000000	-1.000000	-1.000000	-1.000000	74.551724	0.000000	-1.000000	-1.000000	1461837.000000	1772660812.350384
-26628.525000	-45120.600000	2431.035000	2042.775000	6010.335000	5035.635000	2914.470000	1905.840000	-2.729611	-6.137434	-7.281229	-9.036234	-8.971352	-7.940529	-6.903998	-4.737719	-2.319520	4.761120	-3.235120	0.908323	0.127319	0.374572	-1.000000	-1.000000	-1.000000	-1.000000	-1.000000	-1.000000	-1.000000	74.551724	0.000000	-1.000000	-1.000000	1461838.000000	1772660812.350388
-26623.035000	-45127.170000	2423.610000	2036.385000	6009.390000	5049.045000	2946.555000	1943.550000	-6.587737	-14.966660	-18.024928	-19.062732	-17.215233	-13.897635	-10.057880	-8.874098	-2.319520	4.761120	-3.235120	0.908323	0.127319	0.374572	-1.000000	-1.000000	-1.000000	-1.000000	-1.000000	-1.000000	-1.000000	74.551724	0.000000	-1.000000	-1.000000	1461839.000000	1772660812.354247
-26641.620000	-45144.405000	2407.725000	2017.080000	5991.705000	5042.205000	2970.360000	1950.435000	-10.217514	-20.919119	-25.025496	-25.142842	-21.968707	-16.766539	-10.261779	-10.996913	-2.319520	4.761120	-3.235120	0.908323	0.127319	0.374572	-1.000000	-1.000000	-1.000000	-1.000000	-1.000000	-1.000000	-1.000000	74.551724	0.000000	-1.000000	-1.000000	1461840.000000	1772660812.354254
-26594.505000	-45099.495000	2448.945000	2053.755000	6022.530000	5068.755000	2996.190000	2006.145000	-8.930703	-18.430610	-22.184846	-21.865140	-18.765437	-12.645271	-3.880314	-5.234470	-4.501700	4.425400	-2.182180	0.909360	0.128601	0.372802	-1.000000	-1.000000	-1.000000	-1.000000	-1.000000	-1.000000	-1.000000	74.551724	0.000000	-1.000000	-1.000000	1461841.000000	1772660812.358430
-26637.390000	-45122.040000	2428.110000	2033.235000	5999.985000	5042.970000	2964.285000	1932.795000	-1.379959	-6.238713	-8.289109	-8.183401	-6.836616	-1.800990	6.939186	6.796997	-4.501700	4.425400	-2.182180	0.909360	0.128601	0.372802	-1.000000	-1.000000	-1.000000	-1.000000	-1.000000	-1.000000	-1.000000	74.551724	0.000000	-1.000000	-1.000000	1461842.000000	1772660812.358434
-26647.515000	-45146.205000	2403.675000	2010.285000	5977.890000	5018.490000	2936.205000	1930.635000	7.230662	9.340189	9.707357	9.434745	8.213471	9.759044	14.168336	15.127032	-4.501700	4.425400	-2.182180	0.909360	0.128601	0.372802	-1.000000	-1.000000	-1.000000	-1.000000	-1.000000	-1.000000	-1.000000	74.551724	0.000000	-1.000000	-1.000000	1461843.000000	1772660812.362509
-26620.245000	-45136.890000	2408.220000	2015.640000	5982.210000	5021.775000	2936.610000	1955.205000	10.359217	18.435145	20.780469	20.525066	17.408991	14.386193	11.425107	12.347164	-4.501700	4.425400	-2.182180	0.909360	0.128601	0.372802	-1.000000	-1.000000	-1.000000	-1.000000	-1.000000	-1.000000	-1.000000	74.551724	0.000000	-1.000000	-1.000000	1461844.000000	1772660812.362515
-26611.740000	-45127.755000	2409.885000	2011.455000	5975.145000	5015.205000	2930.805000	1934.010000	8.367601	17.603324	20.282986	20.390292	16.792699	10.344513	1.218276	2.633656	-4.501700	4.425400	-2.182180	0.909360	0.128601	0.372802	-1.000000	-1.000000	-1.000000	-1.000000	-1.000000	-1.000000	-1.000000	74.551724	0.000000	-1.000000	-1.000000	1461845.000000	1772660812.366408
-26627.445000	-45126.675000	2415.690000	2017.935000	5981.445000	5021.325000	2932.290000	1931.580000	6.446326	11.826191	12.968808	13.160959	10.061950	2.823900	-7.750737	-4.181372	-4.501700	4.425400	-2.182180	0.909360	0.128601	0.372802	-1.000000	-1.000000	-1.000000	-1.000000	-1.000000	-1.000000	-1.000000	74.551724	0.000000	-1.000000	-1.000000	1461846.000000	1772660812.366417
-26611.965000	-45121.770000	2423.385000	2030.895000	5998.050000	5039.280000	2947.680000	1950.795000	6.812763	6.780850	5.807611	5.576832	3.386574	-1.978665	-9.215948	-3.184573	-4.501700	4.425400	-2.182180	0.909360	0.128601	0.372802	-1.000000	-1.000000	-1.000000	-1.000000	-1.000000	-1.000000	-1.000000	74.551724	0.000000	-1.000000	-1.000000	1461847.000000	1772660812.370416
-26604.180000	-45134.865000	2408.805000	2018.475000	5989.005000	5032.080000	2945.880000	1966.680000	7.346197	3.534365	1.581412	1.066758	0.162064	-1.964435	-4.126982	2.485056	-4.501700	4.425400	-2.182180	0.909360	0.128601	0.372802	-1.000000	-1.000000	-1.000000	-1.000000	-1.000000	-1.000000	-1.000000	74.551724	0.000000	-1.000000	-1.000000	1461848.000000	1772660812.370423
-26614.170000	-45131.265000	2412.630000	2021.220000	5988.150000	5030.055000	2946.870000	1960.920000	5.354177	0.362434	-0.862277	-0.883671	-0.169840	0.557170	1.754654	6.254651	-4.501700	4.425400	-2.182180	0.909360	0.128601	0.372802	-1.000000	-1.000000	-1.000000	-1.000000	-1.000000	-1.000000	-1.000000	74.551724	0.000000	-1.000000	-1.000000	1461849.000000	1772660812.375814
-26591.445000	-45104.715000	2435.625000	2043.270000	6004.710000	5044.635000	2963.430000	1989.495000	0.062944	-3.517656	-3.003346	-1.942697	0.213302	2.489907	4.302433	4.622267	-4.501700	4.425400	-2.182180	0.909360	0.128601	0.372802	-1.000000	-1.000000	-1.000000	-1.000000	-1.000000	-1.000000	-1.000000	74.551724	0.000000	-1.000000	-1.000000	1461850.000000	1772660812.375820
-26606.610000	-45111.105000	2430.765000	2039.535000	5998.635000	5037.030000	2953.170000	1959.705000	-6.301011	-6.463662	-4.349617	-2.411820	0.370050	3.082684	4.217864	-0.290304	-2.762060	5.386780	-3.250380	0.907713	0.128784	0.376098	-1.000000	-1.000000	-1.000000	-1.000000	-1.000000	-1.000000	-1.000000	74.551724	0.000000	-1.000000	-1.000000	1461851.000000	1772660812.378431
-26625.690000	-45134.730000	2406.105000	2013.795000	5974.425000	5015.070000	2935.215000	1939.995000	-10.826460	-7.030244	-4.318600	-2.416730	-0.016207	2.590165	3.538173	-5.245311	-2.762060	5.386780	-3.250380	0.907713	0.128784	0.376098	-1.000000	-1.000000	-1.000000	-1.000000	-1.000000	-1.000000	-1.000000	74.551724	0.000000	-1.000000	-1.000000	1461852.000000	1772660812.378438
-26615.925000	-45122.265000	2421.495000	2028.285000	5988.330000	5026.005000	2939.805000	1949.400000	-12.959773	-6.358066	-4.131826	-3.272944	-1.852333	0.466788	2.334396	-9.395338	-2.762060	5.386780	-3.250380	0.907713	0.128784	0.376098	-1.000000	-1.000000	-1.000000	-1.000000	-1.000000	-1.000000	-1.000000	74.551724	0.000000	-1.000000	-1.000000	1461853.000000	1772660812.383251
-26611.695000	-45118.755000	2427.885000	2033.595000	5993.730000	5030.460000	2940.435000	1953.135000	-12.126827	-5.404927	-4.180913	-4.809350	-4.421124	-2.635844	0.516594	-10.660597	-2.762060	5.386780	-3.250380	0.907713	0.128784	0.376098	-1.000000	-1.000000	-1.000000	-1.000000	-1.000000	-1.000000	-1.000000	74.551724	0.000000	-1.000000	-1.000000	1461854.000000	1772660812.383260
-26607.600000	-45110.790000	2440.080000	2046.825000	6006.015000	5041.620000	2945.745000	1958.760000	-6.794235	-3.332802	-3.124757	-4.958212	-5.396654	-4.550127	-0.965882	-6.304412	-2.762060	5.386780	-3.250380	0.907713	0.128784	0.376098	-1.000000	-1.000000	-1.000000	-1.000000	-1.000000	-1.000000	-1.000000	74.551724	0.000000	-1.000000	-1.000000	1461855.000000	1772660812.386230
-26612.415000	-45113.850000	2437.695000	2046.285000	6003.765000	5039.730000	2946.735000	1956.735000	1.590288	0.057854	-0.624824	-2.960446	-4.048321	-4.404367	-1.849228	1.460909	-2.762060	5.386780	-3.250380	0.907713	0.128784	0.376098	-1.000000	-1.000000	-1.000000	-1.000000	-1.000000	-1.000000	-1.000000	74.551724	0.000000	-1.000000	-1.000000	1461856.000000	1772660812.386237
-26601.885000	-45104.940000	2439.855000	2049.075000	6004.755000	5040.225000	2951.910000	1967.130000	8.666898	3.619315	2.152943	0.145888	-1.466338	-2.957666	-2.657289	7.050755	-2.762060	5.386780	-3.250380	0.907713	0.128784	0.376098	-1.000000	-1.000000	-1.000000	-1.000000	-1.000000	-1.000000	-1.000000	74.551724	0.000000	-1.000000	-1.000000	1461857.000000	1772660812.390321
-26599.455000	-45102.105000	2436.660000	2048.175000	6005.340000	5041.620000	2953.125000	1970.910000	11.350472	5.738069	3.539211	2.654112	0.948227	-1.149555	-3.377836	7.527722	-2.762060	5.386780	-3.250380	0.907713	0.128784	0.376098	-1.000000	-1.000000	-1.000000	-1.000000	-1.000000	-1.000000	-1.000000	74.551724	0.000000	-1.000000	-1.000000	1461858.000000	1772660812.390327
-26608.050000	-45114.120000	2427.345000	2041.920000	6003.180000	5043.195000	2952.045000	1964.430000	9.198578	4.798385	2.122728	2.847742	2.024370	0.346667	-3.450605	4.060594	-2.762060	5.386780	-3.250380	0.907713	0.128784	0.376098	-1.000000	-1.000000	-1.000000	-1.000000	-1.000000	-1.000000	-1.000000	74.551724	0.000000	-1.000000	-1.000000	1461859.000000	1772660812.394212
-26583.750000	-45093.555000	2448.315000	2061.225000	6020.280000	5055.120000	2955.870000	1989.360000	4.302930	1.290800	-1.076862	1.046946	1.983828	1.680185	-2.105716	0.366751	-2.762060	5.386780	-3.250380	0.907713	0.128784	0.376098	-1.000000	-1.000000	-1.000000	-1.000000	-1.000000	-1.000000	-1.000000	74.551724	0.000000	-1.000000	-1.000000	1461860.000000	1772660812.394217
-26517.195000	-45031.365000	2512.935000	2124.135000	6078.420000	5102.190000	2984.580000	2065.995000	1.098455	-0.766414	-1.815010	0.690693	3.093692	4.063436	1.346608	0.796836	-3.311420	5.051060	-2.655240	0.909727	0.126953	0.374267	-1.000000	-1.000000	-1.000000	-1.000000	-1.000000	-1.000000	-1.000000	74.551724	0.000000	-1.000000	-1.000000	1461861.000000	1772660812.398285
-26585.010000	-45087.165000	2463.930000	2078.505000	6037.560000	5075.730000	2979.450000	1991.880000	1.604477	1.117148	1.997209	3.677321	6.100149	7.316064	6.093556	5.564036	-3.311420	5.051060	-2.655240	0.909727	0.126953	0.374267	-1.000000	-1.000000	-1.000000	-1.000000	-1.000000	-1.000000	-1.000000	74.551724	0.000000	-1.000000	-1.000000	1461862.000000	1772660812.398300
-26620.515000	-45120.285000	2427.480000	2039.040000	5997.330000	5040.450000	2957.760000	1947.105000	1.237486	2.614232	5.151277	5.391447	6.490293	7.466003	8.764694	7.590635	-3.311420	5.051060	-2.655240	0.909727	0.126953	0.374267	-1.000000	-1.000000	-1.000000	-1.000000	-1.000000	-1.000000	-1.000000	74.551724	0.000000	-1.000000	-1.000000	1461863.000000	1772660812.402374
-26624.205000	-45115.245000	2434.680000	2046.465000	6004.845000	5036.535000	2921.220000	1912.050000	-4.659344	-1.372516	1.554162	0.408799	-0.182178	0.823068	5.463095	-0.011828	-3.311420	5.051060	-2.655240	0.909727	0.126953	0.374267	-1.000000	-1.000000	-1.000000	-1.000000	-1.000000	-1.000000	-1.000000	74.551724	0.000000	-1.000000	-1.000000	1461864.000000	1772660812.402380
-26655.030000	-45148.185000	2405.385000	2019.330000	5985.135000	5025.510000	2920.770000	1895.895000	-13.450459	-8.887954	-6.989216	-9.042951	-10.729864	-9.854734	-3.847803	-14.544223	-3.311420	5.051060	-2.655240	0.909727	0.126953	0.374267	-1.000000	-1.000000	-1.000000	-1.000000	-1.000000	-1.000000	-1.000000	74.551724	0.000000	-1.000000	-1.000000	1461865.000000	1772660812.408511
-26624.070000	-45142.560000	2398.905000	2005.065000	5971.185000	5028.120000	2972.070000	1970.730000	-18.335446	-14.116041	-13.784436	-16.023940	-17.622664	-17.182174	-12.932832	-24.884727	-3.311420	5.051060	-2.655240	0.909727	0.126953	0.374267	-1.000000	-1.000000	-1.000000	-1.000000	-1.000000	-1.000000	-1.000000	74.551724	0.000000	-1.000000	-1.000000	1461866.000000	1772660812.408519
-26583.390000	-45095.265000	2448.315000	2056.770000	6018.525000	5061.195000	2980.800000	2002.230000	-13.915450	-12.501580	-13.459456	-15.269391	-15.865368	-15.594775	-13.755985	-20.385035	-3.311420	5.051060	-2.655240	0.909727	0.126953	0.374267	-1.000000	-1.000000	-1.000000	-1.000000	-1.000000	-1.000000	-1.000000	74.551724	0.000000	-1.000000	-1.000000	1461867.000000	1772660812.410231
-26649.585000	-45147.195000	2403.630000	2015.505000	5978.160000	5018.445000	2932.830000	1909.710000	-0.876555	-3.287902	-4.819342	-5.780073	-5.502207	-5.500049	-5.420132	-2.132359	-3.311420	5.051060	-2.655240	0.909727	0.126953	0.374267	-1.000000	-1.000000	-1.000000	-1.000000	-1.000000	-1.000000	-1.000000	74.551724	0.000000	-1.000000	-1.000000	1461868.000000	1772660812.410239
-26647.245000	-45151.695000	2397.105000	2006.010000	5966.730000	5008.950000	2932.290000	1923.705000	11.727171	7.565208	6.385132	6.628965	6.998460	6.100907	4.466287	15.456354	-3.311420	5.051060	-2.655240	0.909727	0.126953	0.374267	-1.000000	-1.000000	-1.000000	-1.000000	-1.000000	-1.000000	-1.000000	74.551724	0.000000	-1.000000	-1.000000	1461869.000000	1772660812.417379
-26627.355000	-45121.635000	2425.455000	2032.425000	5991.840000	5033.880000	2951.820000	1941.255000	15.255895	12.555118	12.185173	13.626056	13.523926	11.780385	8.893609	20.241769	-3.311420	5.051060	-2.655240	0.909727	0.126953	0.374267	-1.000000	-1.000000	-1.000000	-1.000000	-1.000000	-1.000000	-1.000000	74.551724	0.000000	-1.000000	-1.000000	1461870.000000	1772660812.417389
-26617.950000	-45106.965000	2440.845000	2049.885000	6011.595000	5052.555000	2957.085000	1935.225000	11.616509	11.969205	11.998184	14.043911	13.394818	11.459541	7.899809	14.628664	-4.043900	3.280900	-2.655240	0.910032	0.127441	0.376220	-1.000000	-1.000000	-1.000000	-1.000000	-1.000000	-1.000000	-1.000000	74.551724	0.000000	-1.000000	-1.000000	1461871.000000	1772660812.418347
-26626.635000	-45126.450000	2424.015000	2035.980000	5998.815000	5040.000000	2943.900000	1940.895000	8.210847	10.699707	10.497962	12.420835	11.552047	9.853539	5.388312	8.332035	-4.043900	3.280900	-2.655240	0.910032	0.127441	0.376220	-1.000000	-1.000000	-1.000000	-1.000000	-1.000000	-1.000000	-1.000000	74.551724	0.000000	-1.000000	-1.000000	1461872.000000	1772660812.418355
-26625.780000	-45128.835000	2420.505000	2032.605000	5992.020000	5031.585000	2940.345000	1955.835000	7.441325	9.473684	8.917131	10.295585	9.661211	8.538209	3.753429	6.501527	-4.043900	3.280900	-2.655240	0.910032	0.127441	0.376220	-1.000000	-1.000000	-1.000000	-1.000000	-1.000000	-1.000000	-1.000000	74.551724	0.000000	-1.000000	-1.000000	1461873.000000	1772660812.422324
-26631.270000	-45128.115000	2420.145000	2030.085000	5984.460000	5022.585000	2939.130000	1939.995000	6.506428	6.175991	5.619566	6.265918	5.914210	5.573823	2.399125	6.833747	-4.043900	3.280900	-2.655240	0.910032	0.127441	0.376220	-1.000000	-1.000000	-1.000000	-1.000000	-1.000000	-1.000000	-1.000000	74.551724	0.000000	-1.000000	-1.000000	1461874.000000	1772660812.422332
-26611.740000	-45121.095000	2424.240000	2032.110000	5978.340000	5012.775000	2936.610000	1958.085000	2.465785	0.357752	0.358223	0.214873	-0.290354	-0.235226	-0.732508	3.290179	-4.043900	3.280900	-2.655240	0.910032	0.127441	0.376220	-1.000000	-1.000000	-1.000000	-1.000000	-1.000000	-1.000000	-1.000000	74.551724	0.000000	-1.000000	-1.000000	1461875.000000	1772660812.426439
-26597.925000	-45112.095000	2432.880000	2040.795000	5987.295000	5020.965000	2944.710000	1972.395000	-4.297336	-6.487020	-5.642605	-6.505856	-7.439998	-7.412449	-5.467238	-5.593898	-4.043900	3.280900	-2.655240	0.910032	0.127441	0.376220	-1.000000	-1.000000	-1.000000	-1.000000	-1.000000	-1.000000	-1.000000	74.551724	0.000000	-1.000000	-1.000000	1461876.000000	1772660812.426444
-26610.480000	-45117.135000	2429.685000	2042.055000	5995.935000	5031.360000	2947.275000	1959.885000	-9.630280	-11.126472	-9.875170	-11.219611	-12.052000	-11.692805	-7.765642	-13.237996	-4.043900	3.280900	-2.655240	0.910032	0.127441	0.376220	-1.000000	-1.000000	-1.000000	-1.000000	-1.000000	-1.000000	-1.000000	74.551724	0.000000	-1.000000	-1.000000	1461877.000000	1772660812.430268
-26618.085000	-45124.965000	2423.610000	2037.105000	5994.945000	5033.565000	2948.130000	1956.510000	-10.803450	-11.378773	-10.447598	-11.684630	-11.192422	-9.742638	-4.884362	-14.292095	-4.043900	3.280900	-2.655240	0.910032	0.127441	0.376220	-1.000000	-1.000000	-1.000000	-1.000000	-1.000000	-1.000000	-1.000000	74.551724	0.000000	-1.000000	-1.000000	1461878.000000	1772660812.430275
-26621.685000	-45129.330000	2421.045000	2036.025000	6000.705000	5042.070000	2952.360000	1955.025000	-9.369926	-8.860042	-8.532502	-8.944457	-6.230262	-3.485928	0.537126	-10.404118	-4.043900	3.280900	-2.655240	0.910032	0.127441	0.376220	-1.000000	-1.000000	-1.000000	-1.000000	-1.000000	-1.000000	-1.000000	74.551724	0.000000	-1.000000	-1.000000	1461879.000000	1772660812.437378
-26617.905000	-45118.260000	2437.245000	2056.905000	6024.105000	5062.635000	2959.335000	1953.405000	-6.906418	-5.604427	-5.656641	-4.997964	-0.493802	2.746513	4.430824	-4.713863	-4.043900	3.280900	-2.655240	0.910032	0.127441	0.376220	-1.000000	-1.000000	-1.000000	-1.000000	-1.000000	-1.000000	-1.000000	74.551724	0.000000	-1.000000	-1.000000	1461880.000000	1772660812.437385
-26616.870000	-45119.790000	2432.970000	2048.310000	6014.295000	5053.185000	2952.270000	1948.725000	-3.117581	-1.373552	-1.474907	-0.227186	4.312860	6.680401	5.580770	1.002060	-3.815000	3.067260	-2.639980	0.909299	0.125549	0.374022	-1.000000	-1.000000	-1.000000	-1.000000	-1.000000	-1.000000	-1.000000	74.551724	0.000000	-1.000000	-1.000000	1461881.000000	1772660812.439320
-26616.375000	-45135.180000	2407.995000	2014.155000	5978.610000	5022.180000	2939.445000	1957.185000	1.846099	3.685416	3.466546	4.233377	6.710908	7.248052	4.392606	5.089011	-3.815000	3.067260	-2.639980	0.909299	0.125549	0.374022	-1.000000	-1.000000	-1.000000	-1.000000	-1.000000	-1.000000	-1.000000	74.551724	0.000000	-1.000000	-1.000000	1461882.000000	1772660812.439328
-26590.995000	-45109.980000	2432.970000	2038.995000	5999.850000	5040.450000	2956.320000	1989.360000	6.476038	7.574599	6.817865	6.107694	5.341014	4.029338	1.226302	6.777291	-3.815000	3.067260	-2.639980	0.909299	0.125549	0.374022	-1.000000	-1.000000	-1.000000	-1.000000	-1.000000	-1.000000	-1.000000	74.551724	0.000000	-1.000000	-1.000000	1461883.000000	1772660812.442415
-26541.855000	-45066.240000	2477.520000	2082.465000	6038.730000	5072.625000	2981.835000	2040.480000	9.287487	9.058371	7.760569	5.613359	1.984516	-0.545041	-2.269391	6.997733	-3.815000	3.067260	-2.639980	0.909299	0.125549	0.374022	-1.000000	-1.000000	-1.000000	-1.000000	-1.000000	-1.000000	-1.000000	74.551724	0.000000	-1.000000	-1.000000	1461884.000000	1772660812.442425
-26616.060000	-45096.795000	2458.350000	2067.480000	6023.610000	5050.980000	2938.455000	1908.900000	9.164246	8.523722	7.466451	5.045346	0.043555	-2.962853	-3.922397	5.694085	-3.815000	3.067260	-2.639980	0.909299	0.125549	0.374022	-1.000000	-1.000000	-1.000000	-1.000000	-1.000000	-1.000000	-1.000000	74.551724	0.000000	-1.000000	-1.000000	1461885.000000	1772660812.447977
-26640.585000	-45096.705000	2468.835000	2083.635000	6043.680000	5070.015000	2935.845000	1886.760000	4.225118	5.700435	6.021264	4.794686	0.115498	-2.799458	-4.155816	-0.354195	-3.815000	3.067260	-2.639980	0.909299	0.125549	0.374022	-1.000000	-1.000000	-1.000000	-1.000000	-1.000000	-1.000000	-1.000000	74.551724	0.000000	-1.000000	-1.000000	1461886.000000	1772660812.447985
-26648.415000	-45126.720000	2435.625000	2048.985000	6012.135000	5049.360000	2938.770000	1911.105000	-5.225058	-0.051480	2.203886	3.053526	0.050368	-2.144563	-4.471178	-10.679414	-3.815000	3.067260	-2.639980	0.909299	0.125549	0.374022	-1.000000	-1.000000	-1.000000	-1.000000	-1.000000	-1.000000	-1.000000	74.551724	0.000000	-1.000000	-1.000000	1461887.000000	1772660812.450535
-26608.365000	-45118.080000	2434.995000	2044.530000	6003.945000	5039.955000	2944.710000	1971.945000	-13.198904	-7.277343	-4.155052	-1.626175	-2.367891	-2.964676	-4.356661	-16.091099	-3.815000	3.067260	-2.639980	0.909299	0.125549	0.374022	-1.000000	-1.000000	-1.000000	-1.000000	-1.000000	-1.000000	-1.000000	74.551724	0.000000	-1.000000	-1.000000	1461888.000000	1772660812.450542
-26568.855000	-45058.770000	2500.830000	2111.715000	6072.255000	5114.610000	3030.615000	2030.670000	-12.258951	-11.488263	-9.779922	-7.113687	-6.010125	-4.401805	-1.327238	-7.887882	-3.815000	3.067260	-2.639980	0.909299	0.125549	0.374022	-1.000000	-1.000000	-1.000000	-1.000000	-1.000000	-1.000000	-1.000000	74.551724	0.000000	-1.000000	-1.000000	1461889.000000	1772660812.455888
-26598.420000	-45099.765000	2449.395000	2056.995000	6014.835000	5060.070000	2988.630000	1967.895000	-1.744785	-8.669652	-9.851399	-8.485459	-6.464465	-2.918832	5.977044	10.335530	-3.815000	3.067260	-2.639980	0.909299	0.125549	0.374022	-1.000000	-1.000000	-1.000000	-1.000000	-1.000000	-1.000000	-1.000000	74.551724	0.000000	-1.000000	-1.000000	1461890.000000	1772660812.455895
-26557.920000	-45115.605000	2421.270000	2024.595000	5980.005000	5024.340000	2960.010000	2034.270000	10.739325	-1.243205	-4.937841	-5.172495	-3.011222	1.197623	12.730884	24.602711	-1.648080	2.273740	-1.632820	0.908262	0.124572	0.373351	-1.000000	-1.000000	-1.000000	-1.000000	-1.000000	-1.000000	-1.000000	74.551724	0.000000	-1.000000	-1.000000	1461891.000000	1772660812.463517
-26572.770000	-45114.480000	2429.280000	2031.300000	5982.210000	5021.730000	2955.420000	2009.430000	16.285198	3.646964	-0.919980	-2.124230	-0.237649	2.833627	11.102441	24.095078	-1.648080	2.273740	-1.632820	0.908262	0.124572	0.373351	-1.000000	-1.000000	-1.000000	-1.000000	-1.000000	-1.000000	-1.000000	74.551724	0.000000	-1.000000	-1.000000	1461892.000000	1772660812.463527
-26622.270000	-45132.255000	2420.370000	2023.515000	5972.580000	5008.860000	2929.410000	1924.740000	10.646864	2.116766	-1.160383	-2.516307	-1.059999	-0.391067	0.131505	8.268051	-1.648080	2.273740	-1.632820	0.908262	0.124572	0.373351	-1.000000	-1.000000	-1.000000	-1.000000	-1.000000	-1.000000	-1.000000	74.551724	0.000000	-1.000000	-1.000000	1461893.000000	1772660812.463538
-26665.470000	-45161.685000	2392.380000	1995.435000	5942.790000	4978.845000	2895.300000	1856.610000	-3.160874	-3.373668	-3.725570	-4.723178	-3.845842	-5.559204	-12.996055	-14.567197	-1.648080	2.273740	-1.632820	0.908262	0.124572	0.373351	-1.000000	-1.000000	-1.000000	-1.000000	-1.000000	-1.000000	-1.000000	74.551724	0.000000	-1.000000	-1.000000	1461894.000000	1772660812.463542
-26658.270000	-45161.910000	2394.990000	2001.105000	5955.210000	4996.620000	2910.735000	1885.230000	-15.913601	-7.363759	-4.842102	-5.372562	-5.247144	-8.250609	-19.854024	-31.221855	-1.648080	2.273740	-1.632820	0.908262	0.124572	0.373351	-1.000000	-1.000000	-1.000000	-1.000000	-1.000000	-1.000000	-1.000000	74.551724	0.000000	-1.000000	-1.000000	1461895.000000	1772660812.466715
-26656.695000	-45161.415000	2397.960000	2011.770000	5979.060000	5029.605000	2945.115000	1932.660000	-19.240728	-5.754502	-1.776665	-1.737357	-2.079558	-4.936490	-15.903052	-31.574268	-1.648080	2.273740	-1.632820	0.908262	0.124572	0.373351	-1.000000	-1.000000	-1.000000	-1.000000	-1.000000	-1.000000	-1.000000	74.551724	0.000000	-1.000000	-1.000000	1461896.000000	1772660812.466722
-26643.780000	-45142.920000	2408.715000	2021.625000	5989.095000	5040.000000	2959.065000	1937.970000	-12.191170	1.252131	5.052934	5.977526	6.058402	4.496359	-2.835736	-15.909896	-1.648080	2.273740	-1.632820	0.908262	0.124572	0.373351	-1.000000	-1.000000	-1.000000	-1.000000	-1.000000	-1.000000	-1.000000	74.551724	0.000000	-1.000000	-1.000000	1461897.000000	1772660812.470524
-26606.565000	-45119.880000	2431.170000	2042.235000	6004.170000	5050.080000	2966.040000	1970.595000	0.179334	9.438393	11.680783	13.448195	14.455782	14.436657	11.482222	6.009780	-1.648080	2.273740	-1.632820	0.908262	0.124572	0.373351	-1.000000	-1.000000	-1.000000	-1.000000	-1.000000	-1.000000	-1.000000	74.551724	0.000000	-1.000000	-1.000000	1461898.000000	1772660812.470531
-26612.145000	-45126.360000	2429.865000	2043.180000	6002.235000	5043.150000	2953.710000	1953.450000	12.276139	14.904059	15.107962	17.042583	18.262837	18.833685	19.250064	23.330569	-1.648080	2.273740	-1.632820	0.908262	0.124572	0.373351	-1.000000	-1.000000	-1.000000	-1.000000	-1.000000	-1.000000	-1.000000	74.551724	0.000000	-1.000000	-1.000000	1461899.000000	1772660812.481922
-26656.920000	-45160.695000	2395.395000	2009.295000	5966.370000	5008.725000	2932.785000	1917.045000	18.374289	15.394838	14.565139	15.964179	16.181832	16.095213	18.160035	28.240759	-1.648080	2.273740	-1.632820	0.908262	0.124572	0.373351	-1.000000	-1.000000	-1.000000	-1.000000	-1.000000	-1.000000	-1.000000	74.551724	0.000000	-1.000000	-1.000000	1461900.000000	1772660812.481932
-26572.140000	-45085.455000	2459.340000	2066.175000	6015.870000	5053.050000	2973.420000	2006.370000	15.255987	10.119876	9.371813	9.787001	8.446548	7.507579	10.554111	19.694664	-3.998120	3.860780	-3.219860	0.909238	0.126831	0.371093	-1.000000	-1.000000	-1.000000	-1.000000	-1.000000	-1.000000	-1.000000	74.551724	0.000000	-1.000000	-1.000000	1461901.000000	1772660812.482060
-26432.010000	-44971.695000	2565.315000	2168.910000	6113.115000	5138.325000	3028.095000	2155.275000	10.453085	4.303076	3.100031	2.075555	-0.538934	-1.573242	2.754193	10.454483	-3.998120	3.860780	-3.219860	0.909238	0.126831	0.371093	-1.000000	-1.000000	-1.000000	-1.000000	-1.000000	-1.000000	-1.000000	74.551724	0.000000	-1.000000	-1.000000	1461902.000000	1772660812.482069
-26525.340000	-45038.250000	2509.875000	2117.745000	6067.440000	5093.955000	2968.605000	2021.895000	13.249214	4.367082	1.475998	-1.153883	-4.251706	-4.809374	0.048356	12.787477	-3.998120	3.860780	-3.219860	0.909238	0.126831	0.371093	-1.000000	-1.000000	-1.000000	-1.000000	-1.000000	-1.000000	-1.000000	74.551724	0.000000	-1.000000	-1.000000	1461903.000000	1772660812.482427
-26754.165000	-45244.620000	2310.840000	1922.760000	5883.885000	4941.135000	2882.655000	1775.880000	14.160306	3.552226	-0.537108	-3.998445	-6.431426	-6.130587	-1.895602	13.635758	-3.998120	3.860780	-3.219860	0.909238	0.126831	0.371093	-1.000000	-1.000000	-1.000000	-1.000000	-1.000000	-1.000000	-1.000000	74.551724	0.000000	-1.000000	-1.000000	1461904.000000	1772660812.482435
-26656.470000	-45164.745000	2383.200000	1990.845000	5945.085000	4992.120000	2917.845000	1897.605000	-3.153737	-10.045157	-13.014344	-15.898634	-16.689034	-14.884180	-10.579158	-7.757226	-3.998120	3.860780	-3.219860	0.909238	0.126831	0.371093	-1.000000	-1.000000	-1.000000	-1.000000	-1.000000	-1.000000	-1.000000	74.551724	0.000000	-1.000000	-1.000000	1461905.000000	1772660812.486425
-26615.025000	-45122.940000	2427.570000	2037.555000	5995.890000	5038.650000	2942.280000	1942.245000	-31.220902	-30.214451	-30.129639	-31.373284	-30.411895	-27.247643	-22.488033	-41.394971	-3.998120	3.860780	-3.219860	0.909238	0.126831	0.371093	-1.000000	-1.000000	-1.000000	-1.000000	-1.000000	-1.000000	-1.000000	74.551724	0.000000	-1.000000	-1.000000	1461906.000000	1772660812.486434
-26644.140000	-45150.255000	2400.480000	2009.430000	5966.505000	5014.755000	2942.865000	1919.790000	-46.382444	-38.339529	-35.088346	-34.367331	-32.165916	-29.102205	-26.202745	-57.253734	-3.998120	3.860780	-3.219860	0.909238	0.126831	0.371093	-1.000000	-1.000000	-1.000000	-1.000000	-1.000000	-1.000000	-1.000000	74.551724	0.000000	-1.000000	-1.000000	1461907.000000	1772660812.490413
-26518.815000	-45045.045000	2497.770000	2100.780000	6049.710000	5088.645000	3013.470000	2081.610000	-36.090268	-25.189429	-20.346070	-18.095057	-15.342492	-13.838799	-15.028502	-40.164665	-3.998120	3.860780	-3.219860	0.909238	0.126831	0.371093	-1.000000	-1.000000	-1.000000	-1.000000	-1.000000	-1.000000	-1.000000	74.551724	0.000000	-1.000000	-1.000000	1461908.000000	1772660812.490420
-26543.970000	-45053.280000	2494.485000	2099.655000	6051.060000	5085.540000	2995.200000	2019.555000	-4.972936	3.941291	8.070790	10.785602	13.232369	12.554239	7.299195	1.520971	-3.998120	3.860780	-3.219860	0.909238	0.126831	0.371093	-1.000000	-1.000000	-1.000000	-1.000000	-1.000000	-1.000000	-1.000000	74.551724	0.000000	-1.000000	-1.000000	1461909.000000	1772660812.494538
-26697.330000	-45185.715000	2370.375000	1979.145000	5937.030000	4978.485000	2898.810000	1832.355000	25.943506	30.043103	32.064658	34.333968	35.988451	33.576112	26.041668	39.000299	-3.998120	3.860780	-3.219860	0.909238	0.126831	0.371093	-1.000000	-1.000000	-1.000000	-1.000000	-1.000000	-1.000000	-1.000000	74.551724	0.000000	-1.000000	-1.000000	1461910.000000	1772660812.494545
-26673.570000	-45178.830000	2372.175000	1976.220000	5934.645000	4981.995000	2910.825000	1878.660000	32.072355	31.783667	31.921998	33.477464	34.600849	32.215535	26.167541	43.155157	-4.288060	4.776380	-2.365300	0.915342	0.129333	0.364806	-1.000000	-1.000000	-1.000000	-1.000000	-1.000000	-1.000000	-1.000000	74.551724	0.000000	-1.000000	-1.000000	1461911.000000	1772660812.498648
-26659.485000	-45158.265000	2394.810000	1999.080000	5958.180000	5007.330000	2931.930000	1895.355000	14.778857	11.392972	10.219341	10.860672	11.565933	10.965597	10.195773	19.054916	-4.288060	4.776380	-2.365300	0.915342	0.129333	0.364806	-1.000000	-1.000000	-1.000000	-1.000000	-1.000000	-1.000000	-1.000000	74.551724	0.000000	-1.000000	-1.000000	1461912.000000	1772660812.498656
-26626.140000	-45108.720000	2446.830000	2051.640000	6007.770000	5049.495000	2958.840000	1913.085000	0.038708	-5.651391	-8.002577	-8.638795	-9.119291	-8.333679	-4.667409	-1.443852	-4.288060	4.776380	-2.365300	0.915342	0.129333	0.364806	-1.000000	-1.000000	-1.000000	-1.000000	-1.000000	-1.000000	-1.000000	74.551724	0.000000	-1.000000	-1.000000	1461913.000000	1772660812.511125
-26623.305000	-45111.285000	2445.930000	2053.890000	6011.415000	5047.560000	2944.170000	1914.975000	2.325381	-3.806181	-6.799470	-8.563873	-10.983179	-10.964051	-8.090302	-2.654938	-4.288060	4.776380	-2.365300	0.915342	0.129333	0.364806	-1.000000	-1.000000	-1.000000	-1.000000	-1.000000	-1.000000	-1.000000	74.551724	0.000000	-1.000000	-1.000000	1461914.000000	1772660812.511131
-26636.175000	-45154.260000	2399.400000	2009.430000	5973.030000	5013.360000	2919.060000	1928.385000	11.283722	6.950241	4.464707	2.530904	-1.228785	-3.186874	-4.753546	4.522850	-4.288060	4.776380	-2.365300	0.915342	0.129333	0.364806	-1.000000	-1.000000	-1.000000	-1.000000	-1.000000	-1.000000	-1.000000	74.551724	0.000000	-1.000000	-1.000000	1461915.000000	1772660812.511139
-26629.065000	-45148.410000	2396.340000	2001.150000	5960.520000	5008.140000	2937.555000	1942.290000	12.228049	10.080763	8.832080	7.798911	4.550817	1.730477	-2.906513	6.394390	-4.288060	4.776380	-2.365300	0.915342	0.129333	0.364806	-1.000000	-1.000000	-1.000000	-1.000000	-1.000000	-1.000000	-1.000000	74.551724	0.000000	-1.000000	-1.000000	1461916.000000	1772660812.511142
-26619.930000	-45139.320000	2402.145000	2006.235000	5961.330000	5008.005000	2945.115000	1950.255000	1.668125	1.000726	0.758456	0.970080	-0.119442	-1.394729	-4.526506	-0.731147	-4.288060	4.776380	-2.365300	0.915342	0.129333	0.364806	-1.000000	-1.000000	-1.000000	-1.000000	-1.000000	-1.000000	-1.000000	74.551724	0.000000	-1.000000	-1.000000	1461917.000000	1772660812.511146
-26619.930000	-45135.720000	2411.730000	2021.445000	5977.080000	5022.360000	2949.660000	1951.065000	-12.848497	-12.443357	-12.288822	-11.238638	-9.964006	-8.105083	-5.961199	-11.086066	-4.288060	4.776380	-2.365300	0.915342	0.129333	0.364806	-1.000000	-1.000000	-1.000000	-1.000000	-1.000000	-1.000000	-1.000000	74.551724	0.000000	-1.000000	-1.000000	1461918.000000	1772660812.511150
-26617.860000	-45130.995000	2420.325000	2032.650000	5986.125000	5029.650000	2950.155000	1952.055000	-19.477203	-18.306667	-17.953698	-16.625653	-14.180073	-9.867179	-2.748225	-13.979317	-4.288060	4.776380	-2.365300	0.915342	0.129333	0.364806	-1.000000	-1.000000	-1.000000	-1.000000	-1.000000	-1.000000	-1.000000	74.551724	0.000000	-1.000000	-1.000000	1461919.000000	1772660812.514544
-26612.235000	-45120.240000	2432.385000	2044.170000	5998.050000	5038.560000	2945.745000	1946.340000	-13.066667	-11.214388	-10.360922	-9.142620	-7.147998	-2.937273	4.859675	-5.841666	-4.288060	4.776380	-2.365300	0.915342	0.129333	0.364806	-1.000000	-1.000000	-1.000000	-1.000000	-1.000000	-1.000000	-1.000000	74.551724	0.000000	-1.000000	-1.000000	1461920.000000	1772660812.514549
-26605.080000	-45112.590000	2438.280000	2047.230000	6000.795000	5037.930000	2938.905000	1942.785000	1.087356	3.673854	5.153643	5.858765	6.353966	7.742689	11.035579	6.056592	-5.066320	4.578000	-2.701020	0.910581	0.127502	0.366088	-1.000000	-1.000000	-1.000000	-1.000000	-1.000000	-1.000000	-1.000000	74.551724	0.000000	-1.000000	-1.000000	1461921.000000	1772660812.518544
-26607.465000	-45119.520000	2432.205000	2044.260000	6001.830000	5045.715000	2958.255000	1957.095000	12.991466	15.691242	17.312434	17.059434	16.149966	13.832690	10.517211	12.486254	-5.066320	4.578000	-2.701020	0.910581	0.127502	0.366088	-1.000000	-1.000000	-1.000000	-1.000000	-1.000000	-1.000000	-1.000000	74.551724	0.000000	-1.000000	-1.000000	1461922.000000	1772660812.518549
-26605.800000	-45119.565000	2431.305000	2043.630000	6000.975000	5044.995000	2961.000000	1965.195000	14.625938	16.557947	17.644430	16.358921	15.083936	10.888340	3.935802	9.097676	-5.066320	4.578000	-2.701020	0.910581	0.127502	0.366088	-1.000000	-1.000000	-1.000000	-1.000000	-1.000000	-1.000000	-1.000000	74.551724	0.000000	-1.000000	-1.000000	1461923.000000	1772660812.522403
-26641.800000	-45120.870000	2440.260000	2054.070000	6009.390000	5046.525000	2948.985000	1937.835000	5.404890	7.201311	7.640088	5.843180	5.211639	1.916021	-3.789057	-1.886842	-5.066320	4.578000	-2.701020	0.910581	0.127502	0.366088	-1.000000	-1.000000	-1.000000	-1.000000	-1.000000	-1.000000	-1.000000	74.551724	0.000000	-1.000000	-1.000000	1461924.000000	1772660812.522410
-26668.755000	-45138.465000	2420.910000	2033.010000	5992.245000	5036.580000	2948.715000	1922.085000	-9.089699	-5.111721	-4.597657	-6.015632	-5.593864	-6.623489	-9.102682	-14.876999	-5.066320	4.578000	-2.701020	0.910581	0.127502	0.366088	-1.000000	-1.000000	-1.000000	-1.000000	-1.000000	-1.000000	-1.000000	74.551724	0.000000	-1.000000	-1.000000	1461925.000000	1772660812.526486
-26611.245000	-45128.430000	2413.935000	2018.520000	5975.595000	5022.585000	2949.435000	1942.290000	-20.834106	-14.497175	-13.494015	-13.949104	-12.476745	-11.331539	-11.265814	-23.532669	-5.066320	4.578000	-2.701020	0.910581	0.127502	0.366088	-1.000000	-1.000000	-1.000000	-1.000000	-1.000000	-1.000000	-1.000000	74.551724	0.000000	-1.000000	-1.000000	1461926.000000	1772660812.526491
-26593.020000	-45121.995000	2423.295000	2028.105000	5982.795000	5025.780000	2949.480000	1961.595000	-20.717110	-17.008004	-16.650922	-16.499008	-14.487247	-11.860466	-9.641367	-20.817517	-5.066320	4.578000	-2.701020	0.910581	0.127502	0.366088	-1.000000	-1.000000	-1.000000	-1.000000	-1.000000	-1.000000	-1.000000	74.551724	0.000000	-1.000000	-1.000000	1461927.000000	1772660812.530495
-26591.805000	-45108.495000	2447.775000	2054.070000	6006.375000	5047.110000	2962.080000	1973.025000	-6.251111	-10.881342	-12.533040	-12.564414	-11.089688	-8.190515	-3.895764	-4.959555	-5.066320	4.578000	-2.701020	0.910581	0.127502	0.366088	-1.000000	-1.000000	-1.000000	-1.000000	-1.000000	-1.000000	-1.000000	74.551724	0.000000	-1.000000	-1.000000	1461928.000000	1772660812.530499
-26590.455000	-45097.470000	2461.860000	2064.690000	6013.620000	5052.870000	2961.270000	1969.695000	13.418681	0.814199	-2.331203	-2.760339	-2.846507	-1.090707	4.001035	15.932091	-5.066320	4.578000	-2.701020	0.910581	0.127502	0.366088	-1.000000	-1.000000	-1.000000	-1.000000	-1.000000	-1.000000	-1.000000	74.551724	0.000000	-1.000000	-1.000000	1461929.000000	1772660812.534469
-26591.580000	-45083.745000	2479.860000	2080.710000	6028.380000	5065.785000	2968.515000	1963.980000	25.686171	11.815629	9.211611	8.783495	6.849545	6.640887	10.179673	29.663370	-5.066320	4.578000	-2.701020	0.910581	0.127502	0.366088	-1.000000	-1.000000	-1.000000	-1.000000	-1.000000	-1.000000	-1.000000	74.551724	0.000000	-1.000000	-1.000000	1461930.000000	1772660812.534474
-26599.140000	-45097.110000	2465.730000	2068.290000	6019.110000	5059.980000	2959.740000	1957.365000	23.764255	16.428742	16.025804	16.031833	12.970588	11.052424	11.088861	28.139674	-2.273740	3.799740	-2.594200	0.905820	0.126159	0.371032	-1.000000	-1.000000	-1.000000	-1.000000	-1.000000	-1.000000	-1.000000	74.551724	0.000000	-1.000000	-1.000000	1461931.000000	1772660812.538571
-26610.435000	-45121.365000	2431.620000	2040.075000	5997.510000	5041.800000	2947.095000	1964.385000	9.808248	12.345344	14.059425	14.759154	12.098867	9.693669	6.088840	12.565547	-2.273740	3.799740	-2.594200	0.905820	0.126159	0.371032	-1.000000	-1.000000	-1.000000	-1.000000	-1.000000	-1.000000	-1.000000	74.551724	0.000000	-1.000000	-1.000000	1461932.000000	1772660812.538579
-26626.320000	-45122.580000	2421.810000	2033.640000	5995.305000	5040.630000	2952.585000	1947.555000	-7.285699	2.017373	3.967887	5.554861	4.941043	3.547194	-1.683242	-7.280797	-2.273740	3.799740	-2.594200	0.905820	0.126159	0.371032	-1.000000	-1.000000	-1.000000	-1.000000	-1.000000	-1.000000	-1.000000	74.551724	0.000000	-1.000000	-1.000000	1461933.000000	1772660812.542482
-26627.940000	-45116.370000	2430.135000	2037.645000	5996.655000	5042.925000	2960.370000	1932.570000	-18.775347	-8.637625	-8.410581	-5.989500	-3.877654	-3.529398	-7.556575	-21.173249	-2.273740	3.799740	-2.594200	0.905820	0.126159	0.371032	-1.000000	-1.000000	-1.000000	-1.000000	-1.000000	-1.000000	-1.000000	74.551724	0.000000	-1.000000	-1.000000	1461934.000000	1772660812.542486
-26585.055000	-45113.220000	2434.455000	2039.445000	5994.135000	5037.975000	2956.590000	1982.835000	-20.771622	-13.793630	-15.279630	-12.718583	-8.909899	-7.344921	-8.485666	-23.875414	-2.273740	3.799740	-2.594200	0.905820	0.126159	0.371032	-1.000000	-1.000000	-1.000000	-1.000000	-1.000000	-1.000000	-1.000000	74.551724	0.000000	-1.000000	-1.000000	1461935.000000	1772660812.546477
-26549.775000	-45096.480000	2452.770000	2057.535000	6009.300000	5049.360000	2961.135000	2026.845000	-13.259983	-11.244359	-12.767256	-11.257693	-7.920317	-6.357030	-4.732034	-14.544967	-2.273740	3.799740	-2.594200	0.905820	0.126159	0.371032	-1.000000	-1.000000	-1.000000	-1.000000	-1.000000	-1.000000	-1.000000	74.551724	0.000000	-1.000000	-1.000000	1461936.000000	1772660812.546481
-26573.490000	-45090.855000	2459.520000	2065.635000	6019.785000	5059.710000	2954.790000	1986.705000	0.159118	-3.306339	-3.590718	-3.994369	-2.882071	-2.302052	0.688402	1.873046	-2.273740	3.799740	-2.594200	0.905820	0.126159	0.371032	-1.000000	-1.000000	-1.000000	-1.000000	-1.000000	-1.000000	-1.000000	74.551724	0.000000	-1.000000	-1.000000	1461937.000000	1772660812.557324
-26613.720000	-45121.320000	2429.325000	2035.305000	5992.245000	5039.550000	2942.910000	1929.825000	11.460157	4.619102	5.496903	3.381934	2.094847	1.601601	4.212496	14.399995	-2.273740	3.799740	-2.594200	0.905820	0.126159	0.371032	-1.000000	-1.000000	-1.000000	-1.000000	-1.000000	-1.000000	-1.000000	74.551724	0.000000	-1.000000	-1.000000	1461938.000000	1772660812.557333
-26600.670000	-45114.930000	2437.470000	2045.835000	6003.315000	5053.860000	2965.320000	1965.780000	13.448211	7.383788	8.645292	5.962036	3.499718	2.769741	4.251115	14.711936	-2.273740	3.799740	-2.594200	0.905820	0.126159	0.371032	-1.000000	-1.000000	-1.000000	-1.000000	-1.000000	-1.000000	-1.000000	74.551724	0.000000	-1.000000	-1.000000	1461939.000000	1772660812.557344
-26592.075000	-45109.080000	2444.355000	2053.080000	6007.320000	5049.720000	2955.915000	1971.945000	6.998977	4.849754	5.942898	3.902149	1.618272	1.438020	2.283950	5.541191	-2.273740	3.799740	-2.594200	0.905820	0.126159	0.371032	-1.000000	-1.000000	-1.000000	-1.000000	-1.000000	-1.000000	-1.000000	74.551724	0.000000	-1.000000	-1.000000	1461940.000000	1772660812.557348
-26554.680000	-45070.605000	2483.370000	2091.195000	6040.575000	5073.885000	2973.195000	2021.805000	-0.106443	2.120558	3.125612	2.190422	0.506925	0.512442	0.946805	-3.245045	-1.113980	2.289000	-2.090620	0.908567	0.129821	0.373351	-1.000000	-1.000000	-1.000000	-1.000000	-1.000000	-1.000000	-1.000000	74.551724	0.000000	-1.000000	-1.000000	1461941.000000	1772660812.558494
-26515.890000	-45033.975000	2518.470000	2124.945000	6075.810000	5116.275000	3022.785000	2085.480000	-0.870498	3.644732	4.934751	4.787341	3.392514	2.557682	1.833111	-3.604090	-1.113980	2.289000	-2.090620	0.908567	0.129821	0.373351	-1.000000	-1.000000	-1.000000	-1.000000	-1.000000	-1.000000	-1.000000	74.551724	0.000000	-1.000000	-1.000000	1461942.000000	1772660812.558499
-26569.125000	-45070.515000	2480.940000	2087.190000	6042.960000	5090.895000	3003.120000	2007.810000	3.732135	7.881100	9.420695	9.638363	8.567703	6.851861	4.515068	3.792021	-1.113980	2.289000	-2.090620	0.908567	0.129821	0.373351	-1.000000	-1.000000	-1.000000	-1.000000	-1.000000	-1.000000	-1.000000	74.551724	0.000000	-1.000000	-1.000000	1461943.000000	1772660812.562578
-26662.770000	-45169.020000	2377.755000	1982.160000	5938.335000	4989.960000	2919.330000	1879.920000	3.813476	7.239728	8.266171	8.756855	8.833937	7.673239	4.877873	6.628148	-1.113980	2.289000	-2.090620	0.908567	0.129821	0.373351	-1.000000	-1.000000	-1.000000	-1.000000	-1.000000	-1.000000	-1.000000	74.551724	0.000000	-1.000000	-1.000000	1461944.000000	1772660812.562585
-26668.755000	-45175.995000	2372.085000	1978.200000	5933.970000	4986.630000	2914.515000	1876.500000	-7.881843	-4.053611	-4.599073	-3.830133	-1.905728	-0.953977	-1.747334	-6.036261	-1.113980	2.289000	-2.090620	0.908567	0.129821	0.373351	-1.000000	-1.000000	-1.000000	-1.000000	-1.000000	-1.000000	-1.000000	74.551724	0.000000	-1.000000	-1.000000	1461945.000000	1772660812.566420
-26669.790000	-45158.040000	2401.020000	2013.210000	5969.925000	5017.185000	2928.060000	1884.690000	-23.585707	-20.095621	-22.472169	-21.479045	-18.174118	-15.106421	-12.410032	-25.569493	-1.113980	2.289000	-2.090620	0.908567	0.129821	0.373351	-1.000000	-1.000000	-1.000000	-1.000000	-1.000000	-1.000000	-1.000000	74.551724	0.000000	-1.000000	-1.000000	1461946.000000	1772660812.566427
-26651.565000	-45139.140000	2415.510000	2023.245000	5975.370000	5016.420000	2921.040000	1896.390000	-27.507373	-26.834799	-29.925089	-28.777938	-25.650582	-22.432128	-17.974012	-31.611319	-1.113980	2.289000	-2.090620	0.908567	0.129821	0.373351	-1.000000	-1.000000	-1.000000	-1.000000	-1.000000	-1.000000	-1.000000	74.551724	0.000000	-1.000000	-1.000000	1461947.000000	1772660812.570645
-26617.545000	-45125.730000	2422.080000	2027.835000	5979.870000	5024.520000	2939.085000	1924.830000	-13.027071	-16.729922	-19.116370	-18.180044	-16.884105	-15.958653	-13.441303	-15.880366	-1.113980	2.289000	-2.090620	0.908567	0.129821	0.373351	-1.000000	-1.000000	-1.000000	-1.000000	-1.000000	-1.000000	-1.000000	74.551724	0.000000	-1.000000	-1.000000	1461948.000000	1772660812.570653
-26601.525000	-45123.390000	2422.260000	2029.860000	5982.750000	5029.605000	2944.305000	1942.245000	12.080252	4.341589	3.154766	3.249871	2.118953	0.132089	-1.244931	11.655386	-1.113980	2.289000	-2.090620	0.908567	0.129821	0.373351	-1.000000	-1.000000	-1.000000	-1.000000	-1.000000	-1.000000	-1.000000	74.551724	0.000000	-1.000000	-1.000000	1461949.000000	1772660812.574468
-26604.630000	-45112.365000	2437.515000	2046.915000	5996.430000	5035.455000	2937.285000	1936.845000	32.674887	22.939220	22.825907	21.892958	19.169998	15.893324	11.642538	33.612393	-1.113980	2.289000	-2.090620	0.908567	0.129821	0.373351	-1.000000	-1.000000	-1.000000	-1.000000	-1.000000	-1.000000	-1.000000	74.551724	0.000000	-1.000000	-1.000000	1461950.000000	1772660812.574476
-26622.810000	-45117.495000	2437.920000	2050.425000	6001.560000	5040.360000	2946.015000	1939.050000	36.570471	28.493222	29.522875	28.213428	25.375640	22.685421	17.604579	37.661552	-2.701020	4.410140	-1.373400	0.914426	0.129821	0.369506	-1.000000	-1.000000	-1.000000	-1.000000	-1.000000	-1.000000	-1.000000	74.551724	0.000000	-1.000000	-1.000000	1461951.000000	1772660812.578501
-26619.795000	-45114.525000	2438.415000	2048.715000	6001.695000	5044.680000	2960.595000	1958.175000	23.291137	20.812266	23.145431	22.444730	20.669450	19.258376	15.058547	25.518634	-2.701020	4.410140	-1.373400	0.914426	0.129821	0.369506	-1.000000	-1.000000	-1.000000	-1.000000	-1.000000	-1.000000	-1.000000	74.551724	0.000000	-1.000000	-1.000000	1461952.000000	1772660812.578508
-26639.325000	-45138.645000	2418.165000	2029.095000	5985.540000	5032.170000	2951.460000	1942.785000	3.489528	8.183031	11.388696	11.751968	11.618046	11.491324	9.590502	9.531285	-2.701020	4.410140	-1.373400	0.914426	0.129821	0.369506	-1.000000	-1.000000	-1.000000	-1.000000	-1.000000	-1.000000	-1.000000	74.551724	0.000000	-1.000000	-1.000000	1461953.000000	1772660812.582511
-26603.640000	-45121.590000	2429.730000	2035.800000	5987.160000	5026.230000	2940.930000	1963.170000	-11.273912	-2.078955	0.747201	1.684628	3.078146	4.119011	5.442900	-1.268010	-2.701020	4.410140	-1.373400	0.914426	0.129821	0.369506	-1.000000	-1.000000	-1.000000	-1.000000	-1.000000	-1.000000	-1.000000	74.551724	0.000000	-1.000000	-1.000000	1461954.000000	1772660812.582519
-26584.065000	-45106.425000	2442.870000	2048.085000	5999.445000	5041.665000	2959.920000	1981.620000	-15.759095	-8.082907	-7.254052	-6.812589	-4.768106	-2.937392	1.605876	-6.386703	-2.701020	4.410140	-1.373400	0.914426	0.129821	0.369506	-1.000000	-1.000000	-1.000000	-1.000000	-1.000000	-1.000000	-1.000000	74.551724	0.000000	-1.000000	-1.000000	1461955.000000	1772660812.588894
-26592.120000	-45109.170000	2440.845000	2049.615000	6003.855000	5047.830000	2957.535000	1960.155000	-12.039592	-10.715815	-12.686260	-13.369302	-11.747391	-9.648281	-3.256962	-9.386024	-2.701020	4.410140	-1.373400	0.914426	0.129821	0.369506	-1.000000	-1.000000	-1.000000	-1.000000	-1.000000	-1.000000	-1.000000	74.551724	0.000000	-1.000000	-1.000000	1461956.000000	1772660812.588901
-26599.590000	-45105.480000	2427.255000	2033.955000	5989.095000	5035.860000	2955.465000	1961.235000	-7.189702	-11.333742	-15.280838	-16.619923	-15.894854	-13.939553	-8.361949	-13.976022	-2.701020	4.410140	-1.373400	0.914426	0.129821	0.369506	-1.000000	-1.000000	-1.000000	-1.000000	-1.000000	-1.000000	-1.000000	74.551724	0.000000	-1.000000	-1.000000	1461957.000000	1772660812.595430
-26538.525000	-45040.815000	2473.830000	2077.875000	6028.785000	5069.880000	2988.945000	2051.460000	-5.822212	-9.916658	-14.423694	-15.505301	-15.559659	-14.125154	-11.676407	-19.045713	-2.701020	4.410140	-1.373400	0.914426	0.129821	0.369506	-1.000000	-1.000000	-1.000000	-1.000000	-1.000000	-1.000000	-1.000000	74.551724	0.000000	-1.000000	-1.000000	1461958.000000	1772660812.595437
-26520.615000	-45018.630000	2499.120000	2108.385000	6058.980000	5097.195000	3004.110000	2065.230000	-5.435546	-5.031721	-9.212955	-9.536578	-10.137156	-9.640824	-10.829113	-18.230613	-2.701020	4.410140	-1.373400	0.914426	0.129821	0.369506	-1.000000	-1.000000	-1.000000	-1.000000	-1.000000	-1.000000	-1.000000	74.551724	0.000000	-1.000000	-1.000000	1461959.000000	1772660812.595445
-26632.620000	-45139.095000	2411.505000	2026.170000	5981.535000	5029.695000	2951.505000	1909.620000	-3.510780	0.989812	-1.546425	-0.944976	-1.854057	-2.496065	-6.411380	-10.890278	-2.701020	4.410140	-1.373400	0.914426	0.129821	0.369506	-1.000000	-1.000000	-1.000000	-1.000000	-1.000000	-1.000000	-1.000000	74.551724	0.000000	-1.000000	-1.000000	1461960.000000	1772660812.595448
-26656.245000	-45178.830000	2404.305000	2009.880000	5962.905000	5011.920000	2934.765000	1888.380000	-3.168958	1.385995	3.326328	4.792253	3.888317	2.462482	-2.569174	-5.629470	-3.815000	4.181240	-1.373400	0.916563	0.124267	0.370605	-1.000000	-1.000000	-1.000000	-1.000000	-1.000000	-1.000000	-1.000000	74.551724	0.000000	-1.000000	-1.000000	1461961.000000	1772660812.602819
-26634.645000	-45138.780000	2429.280000	2034.990000	5987.160000	5036.355000	2948.175000	1921.635000	-5.760010	-4.762066	3.674065	5.362820	4.682833	3.177972	-1.261575	-5.964244	-3.815000	4.181240	-1.373400	0.916563	0.124267	0.370605	-1.000000	-1.000000	-1.000000	-1.000000	-1.000000	-1.000000	-1.000000	74.551724	0.000000	-1.000000	-1.000000	1461962.000000	1772660812.602828
-26606.340000	-45109.710000	2449.755000	2057.670000	6011.010000	5060.565000	2964.375000	1949.085000	-6.523498	-9.115349	3.173694	4.190474	3.814971	2.836256	0.010473	-4.796266	-3.815000	4.181240	-1.373400	0.916563	0.124267	0.370605	-1.000000	-1.000000	-1.000000	-1.000000	-1.000000	-1.000000	-1.000000	74.551724	0.000000	-1.000000	-1.000000	1461963.000000	1772660812.602996
-26578.305000	-45092.880000	2468.205000	2076.480000	6028.020000	5070.285000	2968.155000	1992.150000	-1.346835	-4.940296	4.617407	4.639724	4.644715	4.353221	3.284945	3.889924	-3.815000	4.181240	-1.373400	0.916563	0.124267	0.370605	-1.000000	-1.000000	-1.000000	-1.000000	-1.000000	-1.000000	-1.000000	74.551724	0.000000	-1.000000	-1.000000	1461964.000000	1772660812.603004
-26604.045000	-45126.360000	2429.100000	2033.550000	5984.505000	5030.820000	2944.980000	1969.155000	7.970113	5.252612	6.748610	6.027585	6.335430	6.266547	6.809248	17.360829	-3.815000	4.181240	-1.373400	0.916563	0.124267	0.370605	-1.000000	-1.000000	-1.000000	-1.000000	-1.000000	-1.000000	-1.000000	74.551724	0.000000	-1.000000	-1.000000	1461965.000000	1772660812.617067
-26555.310000	-45084.780000	2465.730000	2068.650000	6016.950000	5065.920000	2986.695000	2025.855000	15.459577	13.535363	6.635905	5.505072	5.805311	5.472502	7.779799	26.891981	-3.815000	4.181240	-1.373400	0.916563	0.124267	0.370605	-1.000000	-1.000000	-1.000000	-1.000000	-1.000000	-1.000000	-1.000000	74.551724	0.000000	-1.000000	-1.000000	1461966.000000	1772660812.617076
-26532.045000	-45048.285000	2504.385000	2109.600000	6054.930000	5096.295000	3005.820000	2042.100000	16.472204	14.638002	3.571595	2.366777	2.412992	1.981876	6.035576	25.201037	-3.815000	4.181240	-1.373400	0.916563	0.124267	0.370605	-1.000000	-1.000000	-1.000000	-1.000000	-1.000000	-1.000000	-1.000000	74.551724	0.000000	-1.000000	-1.000000	1461967.000000	1772660812.617441
-26677.035000	-45173.385000	2379.375000	1985.310000	5933.160000	4979.610000	2905.920000	1857.825000	9.569457	8.312720	-1.564832	-2.485408	-2.671360	-2.768573	2.097957	10.725677	-3.815000	4.181240	-1.373400	0.916563	0.124267	0.370605	-1.000000	-1.000000	-1.000000	-1.000000	-1.000000	-1.000000	-1.000000	74.551724	0.000000	-1.000000	-1.000000	1461968.000000	1772660812.617448
-26646.705000	-45154.305000	2394.180000	2000.160000	5949.405000	4998.195000	2924.595000	1905.705000	-2.887637	-1.800238	-7.827988	-8.234646	-8.438673	-8.122348	-4.030083	-10.486263	-3.815000	4.181240	-1.373400	0.916563	0.124267	0.370605	-1.000000	-1.000000	-1.000000	-1.000000	-1.000000	-1.000000	-1.000000	74.551724	0.000000	-1.000000	-1.000000	1461969.000000	1772660812.617457
-26629.830000	-45139.860000	2410.560000	2021.085000	5974.605000	5025.465000	2938.365000	1924.020000	-12.582344	-8.319650	-11.293872	-10.972806	-10.868138	-10.367594	-8.728788	-24.681445	-3.815000	4.181240	-1.373400	0.916563	0.124267	0.370605	-1.000000	-1.000000	-1.000000	-1.000000	-1.000000	-1.000000	-1.000000	74.551724	0.000000	-1.000000	-1.000000	1461970.000000	1772660812.617460
-26624.970000	-45132.030000	2422.125000	2033.730000	5987.160000	5036.895000	2948.265000	1931.715000	-12.552119	-6.882501	-8.073715	-6.783407	-6.048191	-5.548616	-7.319117	-22.492426	-3.509800	2.227960	-2.319520	0.912900	0.123596	0.373778	-1.000000	-1.000000	-1.000000	-1.000000	-1.000000	-1.000000	-1.000000	74.551724	0.000000	-1.000000	-1.000000	1461971.000000	1772660812.618567
-26608.095000	-45117.495000	2434.500000	2045.385000	5993.685000	5040.900000	2955.330000	1951.605000	-5.351065	-1.370090	-0.241545	1.788047	3.060197	3.519060	-0.766872	-8.769662	-3.509800	2.227960	-2.319520	0.912900	0.123596	0.373778	-1.000000	-1.000000	-1.000000	-1.000000	-1.000000	-1.000000	-1.000000	74.551724	0.000000	-1.000000	-1.000000	1461972.000000	1772660812.618574
-26607.015000	-45103.995000	2450.745000	2060.190000	6005.745000	5049.000000	2955.195000	1954.575000	2.187506	2.806205	7.276731	9.124795	10.183827	10.522154	6.011172	5.442037	-3.509800	2.227960	-2.319520	0.912900	0.123596	0.373778	-1.000000	-1.000000	-1.000000	-1.000000	-1.000000	-1.000000	-1.000000	74.551724	0.000000	-1.000000	-1.000000	1461973.000000	1772660812.625337
-26637.615000	-45103.140000	2459.160000	2071.620000	6019.875000	5057.730000	2946.465000	1920.195000	5.646299	4.271815	11.812989	12.551467	12.587428	12.471487	9.047561	12.374709	-3.509800	2.227960	-2.319520	0.912900	0.123596	0.373778	-1.000000	-1.000000	-1.000000	-1.000000	-1.000000	-1.000000	-1.000000	74.551724	0.000000	-1.000000	-1.000000	1461974.000000	1772660812.625345
-26629.740000	-45108.270000	2452.815000	2066.220000	6015.870000	5054.760000	2950.785000	1917.585000	3.048889	2.596297	11.619473	11.079503	10.120587	9.213869	6.412846	8.704609	-3.509800	2.227960	-2.319520	0.912900	0.123596	0.373778	-1.000000	-1.000000	-1.000000	-1.000000	-1.000000	-1.000000	-1.000000	74.551724	0.000000	-1.000000	-1.000000	1461975.000000	1772660812.626406
-26611.830000	-45124.920000	2426.265000	2033.910000	5980.995000	5031.405000	2969.730000	1959.345000	-3.124536	-2.524309	5.284261	3.860593	2.732801	1.528758	-0.217793	-1.356122	-3.509800	2.227960	-2.319520	0.912900	0.123596	0.373778	-1.000000	-1.000000	-1.000000	-1.000000	-1.000000	-1.000000	-1.000000	74.551724	0.000000	-1.000000	-1.000000	1461976.000000	1772660812.626410
-26619.615000	-45131.490000	2412.045000	2018.835000	5966.640000	5016.555000	2951.460000	1951.605000	-4.503025	-6.688776	-3.491893	-5.491092	-6.122377	-6.375875	-4.666447	-5.041899	-3.509800	2.227960	-2.319520	0.912900	0.123596	0.373778	-1.000000	-1.000000	-1.000000	-1.000000	-1.000000	-1.000000	-1.000000	74.551724	0.000000	-1.000000	-1.000000	1461977.000000	1772660812.630526
-26598.735000	-45126.945000	2409.165000	2015.325000	5964.660000	5013.585000	2941.335000	1957.005000	3.403149	-4.358492	-8.114177	-10.404746	-10.546548	-9.307202	-3.220908	4.033624	-3.509800	2.227960	-2.319520	0.912900	0.123596	0.373778	-1.000000	-1.000000	-1.000000	-1.000000	-1.000000	-1.000000	-1.000000	74.551724	0.000000	-1.000000	-1.000000	1461978.000000	1772660812.630533
-26585.235000	-45109.620000	2428.335000	2033.910000	5982.345000	5029.155000	2951.325000	1969.380000	13.893395	2.738332	-7.154959	-9.163841	-9.163323	-7.286562	0.554622	16.030816	-3.509800	2.227960	-2.319520	0.912900	0.123596	0.373778	-1.000000	-1.000000	-1.000000	-1.000000	-1.000000	-1.000000	-1.000000	74.551724	0.000000	-1.000000	-1.000000	1461979.000000	1772660812.634537
-26594.505000	-45114.480000	2429.505000	2040.120000	5992.515000	5039.730000	2955.015000	1967.625000	16.932787	7.859213	-3.823179	-4.843110	-4.890972	-3.681885	1.872508	18.025670	-3.509800	2.227960	-2.319520	0.912900	0.123596	0.373778	-1.000000	-1.000000	-1.000000	-1.000000	-1.000000	-1.000000	-1.000000	74.551724	0.000000	-1.000000	-1.000000	1461980.000000	1772660812.634549
-26576.505000	-45102.240000	2438.775000	2048.535000	6001.920000	5051.295000	2973.105000	2000.610000	8.875494	6.757375	-1.124871	-0.616596	-0.460406	-0.466723	0.154034	7.351428	-3.677660	3.357200	-2.166920	0.912900	0.126098	0.373473	-1.000000	-1.000000	-1.000000	-1.000000	-1.000000	-1.000000	-1.000000	74.551724	0.000000	-1.000000	-1.000000	1461981.000000	1772660812.638588
-26538.615000	-45063.990000	2474.370000	2083.230000	6034.410000	5080.320000	2994.975000	2040.390000	-4.690501	1.148883	0.364275	2.393283	3.125390	2.357730	-1.748163	-7.876984	-3.677660	3.357200	-2.166920	0.912900	0.126098	0.373473	-1.000000	-1.000000	-1.000000	-1.000000	-1.000000	-1.000000	-1.000000	74.551724	0.000000	-1.000000	-1.000000	1461982.000000	1772660812.638593
-26610.705000	-45113.130000	2432.070000	2043.585000	5996.025000	5043.780000	2956.365000	1936.530000	-15.016191	-4.398909	1.292594	4.084587	5.226009	4.473230	-1.830618	-18.225301	-3.677660	3.357200	-2.166920	0.912900	0.126098	0.373473	-1.000000	-1.000000	-1.000000	-1.000000	-1.000000	-1.000000	-1.000000	74.551724	0.000000	-1.000000	-1.000000	1461983.000000	1772660812.647106
-26639.865000	-45133.470000	2418.795000	2029.770000	5978.520000	5024.430000	2943.090000	1910.070000	-19.863211	-8.446021	0.598171	3.066866	3.922331	3.580723	-2.149694	-22.918485	-3.677660	3.357200	-2.166920	0.912900	0.126098	0.373473	-1.000000	-1.000000	-1.000000	-1.000000	-1.000000	-1.000000	-1.000000	74.551724	0.000000	-1.000000	-1.000000	1461984.000000	1772660812.647114
-26602.245000	-45097.515000	2457.495000	2065.860000	6012.585000	5054.310000	2967.705000	1961.010000	-20.103344	-10.050505	-1.004266	0.333304	0.239621	-0.032353	-4.088956	-23.309760	-3.677660	3.357200	-2.166920	0.912900	0.126098	0.373473	-1.000000	-1.000000	-1.000000	-1.000000	-1.000000	-1.000000	-1.000000	74.551724	0.000000	-1.000000	-1.000000	1461985.000000	1772660812.647232
-26609.130000	-45110.925000	2440.935000	2045.745000	5992.830000	5035.500000	2948.985000	1943.955000	-13.265941	-5.859116	0.656485	0.550503	-0.689433	-1.645420	-4.477115	-15.517285	-3.677660	3.357200	-2.166920	0.912900	0.126098	0.373473	-1.000000	-1.000000	-1.000000	-1.000000	-1.000000	-1.000000	-1.000000	74.551724	0.000000	-1.000000	-1.000000	1461986.000000	1772660812.647240
-26601.930000	-45108.225000	2446.245000	2053.980000	6004.485000	5049.315000	2960.145000	1960.380000	-0.138695	2.983105	5.432310	4.065093	2.146139	0.410716	-1.182606	0.334983	-3.677660	3.357200	-2.166920	0.912900	0.126098	0.373473	-1.000000	-1.000000	-1.000000	-1.000000	-1.000000	-1.000000	-1.000000	74.551724	0.000000	-1.000000	-1.000000	1461987.000000	1772660812.654471
-26531.505000	-45052.740000	2493.315000	2100.060000	6049.935000	5095.485000	3012.030000	2056.455000	13.179385	10.464042	8.427547	6.433809	4.782537	3.247834	4.161149	17.386455	-3.677660	3.357200	-2.166920	0.912900	0.126098	0.373473	-1.000000	-1.000000	-1.000000	-1.000000	-1.000000	-1.000000	-1.000000	74.551724	0.000000	-1.000000	-1.000000	1461988.000000	1772660812.654478
-26595.180000	-45100.800000	2442.960000	2050.740000	5998.455000	5041.845000	2966.085000	1961.280000	21.145914	12.540062	6.671097	4.827645	4.208472	4.019299	8.557987	28.177657	-3.677660	3.357200	-2.166920	0.912900	0.126098	0.373473	-1.000000	-1.000000	-1.000000	-1.000000	-1.000000	-1.000000	-1.000000	74.551724	0.000000	-1.000000	-1.000000	1461989.000000	1772660812.654737
-26635.320000	-45136.035000	2411.685000	2019.060000	5964.210000	5004.090000	2934.360000	1924.740000	18.716482	7.105885	-0.773578	-1.890597	-1.423558	-0.028501	7.638208	24.758563	-3.677660	3.357200	-2.166920	0.912900	0.126098	0.373473	-1.000000	-1.000000	-1.000000	-1.000000	-1.000000	-1.000000	-1.000000	74.551724	0.000000	-1.000000	-1.000000	1461990.000000	1772660812.654744
-26647.965000	-45128.565000	2424.465000	2034.720000	5982.930000	5025.825000	2945.115000	1915.560000	4.786910	-4.968213	-11.968350	-12.070185	-10.982735	-8.725087	-0.299720	5.813587	-3.265640	2.472120	-1.831200	0.913755	0.126098	0.372436	-1.000000	-1.000000	-1.000000	-1.000000	-1.000000	-1.000000	-1.000000	74.551724	0.000000	-1.000000	-1.000000	1461991.000000	1772660812.658661
-26654.175000	-45134.460000	2415.105000	2026.845000	5979.960000	5027.175000	2945.970000	1915.830000	-11.691077	-16.003078	-19.571191	-18.700295	-17.375970	-15.141529	-9.359787	-15.498760	-3.265640	2.472120	-1.831200	0.913755	0.126098	0.372436	-1.000000	-1.000000	-1.000000	-1.000000	-1.000000	-1.000000	-1.000000	74.551724	0.000000	-1.000000	-1.000000	1461992.000000	1772660812.658668
-26614.710000	-45122.175000	2421.540000	2028.105000	5978.610000	5026.860000	2950.470000	1945.350000	-18.168174	-17.067580	-16.726019	-15.311727	-13.819684	-12.114224	-11.775631	-23.096542	-3.265640	2.472120	-1.831200	0.913755	0.126098	0.372436	-1.000000	-1.000000	-1.000000	-1.000000	-1.000000	-1.000000	-1.000000	74.551724	0.000000	-1.000000	-1.000000	1461993.000000	1772660812.663405
-26614.800000	-45105.390000	2446.695000	2052.990000	6001.380000	5046.975000	2963.295000	1946.205000	-10.393081	-6.796312	-3.991647	-2.706199	-1.215314	-0.301783	-5.869175	-13.535704	-3.265640	2.472120	-1.831200	0.913755	0.126098	0.372436	-1.000000	-1.000000	-1.000000	-1.000000	-1.000000	-1.000000	-1.000000	74.551724	0.000000	-1.000000	-1.000000	1461994.000000	1772660812.663411
-26626.995000	-45099.315000	2460.825000	2070.720000	6019.290000	5059.035000	2955.195000	1934.865000	4.464533	8.316794	12.047416	12.738464	13.643762	13.438171	4.088365	3.623202	-3.265640	2.472120	-1.831200	0.913755	0.126098	0.372436	-1.000000	-1.000000	-1.000000	-1.000000	-1.000000	-1.000000	-1.000000	74.551724	0.000000	-1.000000	-1.000000	1461995.000000	1772660812.668189
-26585.550000	-45117.450000	2429.955000	2036.025000	5988.105000	5034.870000	2943.810000	1966.815000	15.142219	18.796395	22.620472	22.683657	22.435095	20.901969	11.274578	15.646211	-3.265640	2.472120	-1.831200	0.913755	0.126098	0.372436	-1.000000	-1.000000	-1.000000	-1.000000	-1.000000	-1.000000	-1.000000	74.551724	0.000000	-1.000000	-1.000000	1461996.000000	1772660812.668198
-26568.540000	-45111.645000	2429.820000	2035.035000	5987.520000	5038.920000	2967.660000	2004.930000	15.975614	17.882884	20.865813	20.383087	19.064619	16.772368	10.781655	16.377469	-3.265640	2.472120	-1.831200	0.913755	0.126098	0.372436	-1.000000	-1.000000	-1.000000	-1.000000	-1.000000	-1.000000	-1.000000	74.551724	0.000000	-1.000000	-1.000000	1461997.000000	1772660812.670515
-26558.910000	-45085.320000	2454.345000	2059.155000	6006.420000	5050.710000	2968.515000	2010.645000	9.776439	7.694338	8.720215	7.751115	6.048277	4.231378	4.625956	9.796221	-3.265640	2.472120	-1.831200	0.913755	0.126098	0.372436	-1.000000	-1.000000	-1.000000	-1.000000	-1.000000	-1.000000	-1.000000	74.551724	0.000000	-1.000000	-1.000000	1461998.000000	1772660812.670525
-26604.090000	-45119.025000	2425.590000	2032.335000	5981.355000	5022.990000	2934.945000	1944.675000	2.217881	-3.049841	-4.287821	-5.463594	-6.858224	-7.446266	-1.352159	2.650761	-3.265640	2.472120	-1.831200	0.913755	0.126098	0.372436	-1.000000	-1.000000	-1.000000	-1.000000	-1.000000	-1.000000	-1.000000	74.551724	0.000000	-1.000000	-1.000000	1461999.000000	1772660812.674659
-26627.985000	-45137.745000	2412.945000	2021.715000	5973.120000	5018.040000	2941.380000	1932.120000	-4.477257	-9.196055	-11.724635	-12.609879	-13.342977	-12.974704	-4.726120	-3.680692	-3.265640	2.472120	-1.831200	0.913755	0.126098	0.372436	-1.000000	-1.000000	-1.000000	-1.000000	-1.000000	-1.000000	-1.000000	74.551724	0.000000	-1.000000	-1.000000	1462000.000000	1772660812.674664
-26614.395000	-45128.655000	2424.195000	2034.135000	5984.280000	5030.955000	2956.455000	1957.320000	-10.167485	-10.949077	-13.023571	-13.180273	-13.231250	-12.612377	-5.684045	-9.404727	-2.624720	3.128300	-1.938020	0.911741	0.126587	0.371215	-1.000000	-1.000000	-1.000000	-1.000000	-1.000000	-1.000000	-1.000000	74.551724	0.000000	-1.000000	-1.000000	1462001.000000	1772660812.681116
-26599.230000	-45108.495000	2449.665000	2061.810000	6010.560000	5052.735000	2964.195000	1968.210000	-13.314553	-8.955291	-9.121113	-8.312468	-7.875372	-7.515628	-4.095353	-12.153941	-2.624720	3.128300	-1.938020	0.911741	0.126587	0.371215	-1.000000	-1.000000	-1.000000	-1.000000	-1.000000	-1.000000	-1.000000	74.551724	0.000000	-1.000000	-1.000000	1462002.000000	1772660812.681123
-26589.330000	-45104.040000	2447.235000	2053.350000	6003.450000	5049.495000	2967.795000	1985.310000	-11.926681	-3.968061	-2.200077	-0.604192	0.090688	0.113393	-0.710505	-9.954585	-2.624720	3.128300	-1.938020	0.911741	0.126587	0.371215	-1.000000	-1.000000	-1.000000	-1.000000	-1.000000	-1.000000	-1.000000	74.551724	0.000000	-1.000000	-1.000000	1462003.000000	1772660812.682569
-26564.805000	-45092.250000	2450.385000	2051.505000	6001.830000	5047.335000	2970.360000	2011.095000	-5.790543	1.935949	3.929744	5.403795	6.152819	6.197282	2.613047	-3.390767	-2.624720	3.128300	-1.938020	0.911741	0.126587	0.371215	-1.000000	-1.000000	-1.000000	-1.000000	-1.000000	-1.000000	-1.000000	74.551724	0.000000	-1.000000	-1.000000	1462004.000000	1772660812.682577
-26522.145000	-45043.695000	2503.620000	2108.070000	6059.565000	5102.145000	3013.695000	2066.625000	2.464843	6.888485	7.239503	7.488720	8.054107	8.376534	4.553422	4.374323	-2.624720	3.128300	-1.938020	0.911741	0.126587	0.371215	-1.000000	-1.000000	-1.000000	-1.000000	-1.000000	-1.000000	-1.000000	74.551724	0.000000	-1.000000	-1.000000	1462005.000000	1772660812.686887
-26601.930000	-45108.540000	2442.240000	2046.510000	5996.790000	5039.955000	2960.595000	1955.835000	7.910033	9.209136	7.916537	6.769768	6.983173	7.289597	4.263578	7.977729	-2.624720	3.128300	-1.938020	0.911741	0.126587	0.371215	-1.000000	-1.000000	-1.000000	-1.000000	-1.000000	-1.000000	-1.000000	74.551724	0.000000	-1.000000	-1.000000	1462006.000000	1772660812.686896
-26657.280000	-45162.045000	2390.085000	1996.785000	5947.470000	4991.220000	2921.895000	1891.395000	5.837304	5.567808	4.220178	2.572847	2.535277	2.570326	0.378546	2.539525	-2.624720	3.128300	-1.938020	0.911741	0.126587	0.371215	-1.000000	-1.000000	-1.000000	-1.000000	-1.000000	-1.000000	-1.000000	74.551724	0.000000	-1.000000	-1.000000	1462007.000000	1772660812.690732
-26624.745000	-45131.895000	2420.370000	2029.545000	5977.350000	5017.905000	2940.885000	1937.475000	-2.240222	-4.048335	-4.286005	-5.335978	-5.429988	-5.433113	-6.129238	-8.696491	-2.624720	3.128300	-1.938020	0.911741	0.126587	0.371215	-1.000000	-1.000000	-1.000000	-1.000000	-1.000000	-1.000000	-1.000000	74.551724	0.000000	-1.000000	-1.000000	1462008.000000	1772660812.690739
-26618.715000	-45118.575000	2434.725000	2042.505000	5990.310000	5029.020000	2949.165000	1949.940000	-7.385330	-11.767130	-11.160540	-11.106118	-11.332370	-11.249498	-10.214679	-13.884313	-2.624720	3.128300	-1.938020	0.911741	0.126587	0.371215	-1.000000	-1.000000	-1.000000	-1.000000	-1.000000	-1.000000	-1.000000	74.551724	0.000000	-1.000000	-1.000000	1462009.000000	1772660812.694630
-26616.105000	-45110.790000	2439.945000	2045.430000	5995.350000	5036.355000	2952.945000	1949.895000	-3.968401	-10.425061	-10.004867	-9.165652	-9.654906	-9.750553	-8.217742	-6.873491	-2.624720	3.128300	-1.938020	0.911741	0.126587	0.371215	-1.000000	-1.000000	-1.000000	-1.000000	-1.000000	-1.000000	-1.000000	74.551724	0.000000	-1.000000	-1.000000	1462010.000000	1772660812.694637
-26619.390000	-45118.440000	2436.120000	2047.185000	6000.030000	5043.510000	2951.370000	1939.995000	3.980596	-2.098103	-2.590627	-1.642338	-2.103757	-2.410872	-1.800126	5.823676	-3.784480	3.601360	-1.587040	0.910215	0.128357	0.371154	-1.000000	-1.000000	-1.000000	-1.000000	-1.000000	-1.000000	-1.000000	74.551724	0.000000	-1.000000	-1.000000	1462011.000000	1772660812.698484
-26617.905000	-45121.950000	2436.435000	2051.415000	6005.385000	5049.675000	2950.290000	1956.195000	9.397655	5.888527	4.759359	5.588008	5.672249	5.580197	4.815532	14.466263	-3.784480	3.601360	-1.587040	0.910215	0.128357	0.371154	-1.000000	-1.000000	-1.000000	-1.000000	-1.000000	-1.000000	-1.000000	74.551724	0.000000	-1.000000	-1.000000	1462012.000000	1772660812.698494
-26608.095000	-45092.430000	2458.440000	2068.020000	6016.950000	5060.160000	2965.005000	1962.540000	8.514175	8.647928	7.981751	8.923328	9.608306	10.042680	8.338305	14.276327	-3.784480	3.601360	-1.587040	0.910215	0.128357	0.371154	-1.000000	-1.000000	-1.000000	-1.000000	-1.000000	-1.000000	-1.000000	74.551724	0.000000	-1.000000	-1.000000	1462013.000000	1772660812.702646
-26617.815000	-45102.240000	2448.135000	2058.075000	6009.210000	5056.110000	2972.295000	1955.925000	2.164024	6.291954	6.775402	7.695621	8.386213	9.198171	7.781388	6.412805	-3.784480	3.601360	-1.587040	0.910215	0.128357	0.371154	-1.000000	-1.000000	-1.000000	-1.000000	-1.000000	-1.000000	-1.000000	74.551724	0.000000	-1.000000	-1.000000	1462014.000000	1772660812.702654
-26594.460000	-45119.970000	2425.005000	2031.705000	5980.815000	5023.755000	2942.145000	1971.360000	-3.724178	2.299000	3.385182	3.578220	3.680746	4.485987	4.839897	-1.895877	-3.784480	3.601360	-1.587040	0.910215	0.128357	0.371154	-1.000000	-1.000000	-1.000000	-1.000000	-1.000000	-1.000000	-1.000000	74.551724	0.000000	-1.000000	-1.000000	1462015.000000	1772660812.706545
-26576.370000	-45110.925000	2433.780000	2037.510000	5984.685000	5026.455000	2948.895000	1983.150000	-2.249852	0.434428	0.932711	-0.236933	-0.786975	-0.392556	2.235801	-2.286983	-3.784480	3.601360	-1.587040	0.910215	0.128357	0.371154	-1.000000	-1.000000	-1.000000	-1.000000	-1.000000	-1.000000	-1.000000	74.551724	0.000000	-1.000000	-1.000000	1462016.000000	1772660812.706552
-26598.690000	-45114.975000	2433.735000	2038.050000	5986.530000	5032.170000	2960.595000	1972.305000	5.620974	1.239375	0.495514	-2.025017	-2.890344	-3.121214	0.979439	4.461308	-3.784480	3.601360	-1.587040	0.910215	0.128357	0.371154	-1.000000	-1.000000	-1.000000	-1.000000	-1.000000	-1.000000	-1.000000	74.551724	0.000000	-1.000000	-1.000000	1462017.000000	1772660812.712048
-26598.645000	-45111.555000	2436.210000	2039.940000	5986.800000	5029.695000	2955.420000	1969.560000	10.890231	1.779457	0.285792	-2.694267	-3.419317	-4.106877	0.017766	8.848087	-3.784480	3.601360	-1.587040	0.910215	0.128357	0.371154	-1.000000	-1.000000	-1.000000	-1.000000	-1.000000	-1.000000	-1.000000	74.551724	0.000000	-1.000000	-1.000000	1462018.000000	1772660812.712055
-26565.165000	-45084.330000	2459.610000	2063.295000	6008.895000	5052.375000	2973.645000	2008.260000	7.594125	0.086698	-1.094685	-3.148510	-3.456788	-4.292104	-1.659611	5.048096	-3.784480	3.601360	-1.587040	0.910215	0.128357	0.371154	-1.000000	-1.000000	-1.000000	-1.000000	-1.000000	-1.000000	-1.000000	74.551724	0.000000	-1.000000	-1.000000	1462019.000000	1772660812.714464
-26525.790000	-45041.805000	2503.170000	2108.385000	6053.130000	5094.135000	3000.465000	2044.665000	-0.748943	-1.737582	-1.996739	-2.172959	-2.162608	-3.019149	-3.007704	-2.971156	-3.784480	3.601360	-1.587040	0.910215	0.128357	0.371154	-1.000000	-1.000000	-1.000000	-1.000000	-1.000000	-1.000000	-1.000000	74.551724	0.000000	-1.000000	-1.000000	1462020.000000	1772660812.714470
-26621.955000	-45119.700000	2437.605000	2050.695000	6001.695000	5043.420000	2943.180000	1919.295000	-8.503869	-1.965717	-1.149135	0.642450	0.800695	-0.063400	-3.111086	-10.260159	-4.242280	4.181240	-1.587040	0.909238	0.128967	0.371398	-1.000000	-1.000000	-1.000000	-1.000000	-1.000000	-1.000000	-1.000000	74.551724	0.000000	-1.000000	-1.000000	1462021.000000	1772660812.718657
-26642.655000	-45145.215000	2410.920000	2024.550000	5978.430000	5023.170000	2924.730000	1909.125000	-15.693604	-4.152957	-2.007111	1.293462	1.817676	1.119634	-4.473379	-18.085585	-4.242280	4.181240	-1.587040	0.909238	0.128967	0.371398	-1.000000	-1.000000	-1.000000	-1.000000	-1.000000	-1.000000	-1.000000	74.551724	0.000000	-1.000000	-1.000000	1462022.000000	1772660812.718664
-26615.205000	-45122.760000	2428.065000	2037.285000	5986.665000	5028.255000	2937.735000	1945.125000	-21.512107	-9.874526	-6.585797	-2.733200	-1.546528	-1.744832	-8.182165	-24.623657	-4.242280	4.181240	-1.587040	0.909238	0.128967	0.371398	-1.000000	-1.000000	-1.000000	-1.000000	-1.000000	-1.000000	-1.000000	74.551724	0.000000	-1.000000	-1.000000	1462023.000000	1772660812.722857
-26588.340000	-45105.165000	2440.305000	2047.095000	5991.795000	5034.960000	2960.820000	1988.685000	-19.363908	-12.319252	-9.270296	-6.362415	-4.889562	-4.389079	-9.019382	-20.524454	-4.242280	4.181240	-1.587040	0.909238	0.128967	0.371398	-1.000000	-1.000000	-1.000000	-1.000000	-1.000000	-1.000000	-1.000000	74.551724	0.000000	-1.000000	-1.000000	1462024.000000	1772660812.722864
-26526.285000	-45054.045000	2486.430000	2089.170000	6028.470000	5067.720000	2992.860000	2061.540000	-5.357326	-5.098860	-4.212204	-3.609883	-2.855981	-1.788754	-2.169396	-1.394834	-4.242280	4.181240	-1.587040	0.909238	0.128967	0.371398	-1.000000	-1.000000	-1.000000	-1.000000	-1.000000	-1.000000	-1.000000	74.551724	0.000000	-1.000000	-1.000000	1462025.000000	1772660812.726630
-26584.965000	-45092.475000	2454.660000	2062.260000	6004.305000	5040.090000	2951.280000	1965.780000	14.744316	8.621621	6.378569	4.380458	3.658813	4.744643	8.826384	23.275939	-4.242280	4.181240	-1.587040	0.909238	0.128967	0.371398	-1.000000	-1.000000	-1.000000	-1.000000	-1.000000	-1.000000	-1.000000	74.551724	0.000000	-1.000000	-1.000000	1462026.000000	1772660812.726638
-26618.625000	-45117.810000	2432.610000	2042.505000	5986.845000	5027.985000	2947.320000	1938.735000	27.708309	18.147484	13.810860	10.351009	8.456770	8.936886	14.955356	35.541391	-4.242280	4.181240	-1.587040	0.909238	0.128967	0.371398	-1.000000	-1.000000	-1.000000	-1.000000	-1.000000	-1.000000	-1.000000	74.551724	0.000000	-1.000000	-1.000000	1462027.000000	1772660812.730878
-26600.670000	-45104.760000	2442.645000	2048.265000	5991.480000	5034.960000	2960.190000	1964.070000	23.513939	15.116970	11.139400	8.029633	6.178781	6.053470	11.233127	25.371720	-4.242280	4.181240	-1.587040	0.909238	0.128967	0.371398	-1.000000	-1.000000	-1.000000	-1.000000	-1.000000	-1.000000	-1.000000	74.551724	0.000000	-1.000000	-1.000000	1462028.000000	1772660812.730887
-26623.890000	-45122.445000	2429.100000	2036.070000	5981.805000	5024.970000	2942.595000	1929.195000	5.647475	1.779177	0.095883	-1.553309	-2.260694	-2.396507	0.994846	0.945097	-4.242280	4.181240	-1.587040	0.909238	0.128967	0.371398	-1.000000	-1.000000	-1.000000	-1.000000	-1.000000	-1.000000	-1.000000	74.551724	0.000000	-1.000000	-1.000000	1462029.000000	1772660812.734589
-26622.315000	-45125.145000	2427.795000	2036.115000	5985.585000	5033.475000	2951.910000	1945.035000	-12.134576	-11.396862	-10.542631	-10.771752	-10.085464	-9.754830	-8.050281	-19.600081	-4.242280	4.181240	-1.587040	0.909238	0.128967	0.371398	-1.000000	-1.000000	-1.000000	-1.000000	-1.000000	-1.000000	-1.000000	74.551724	0.000000	-1.000000	-1.000000	1462030.000000	1772660812.734597
-26611.830000	-45119.205000	2434.185000	2042.595000	5992.695000	5042.070000	2959.965000	1963.620000	-18.050677	-15.186990	-12.803678	-12.157452	-10.568545	-9.778256	-9.947257	-23.312140	-4.990020	3.876040	-0.625660	0.909055	0.128235	0.369079	-1.000000	-1.000000	-1.000000	-1.000000	-1.000000	-1.000000	-1.000000	74.551724	0.000000	-1.000000	-1.000000	1462031.000000	1772660812.738522
-26610.570000	-45111.780000	2442.105000	2051.325000	5998.860000	5044.905000	2956.410000	1944.495000	-11.057548	-8.469643	-5.752456	-4.610875	-2.866109	-2.016180	-4.677504	-11.609540	-4.990020	3.876040	-0.625660	0.909055	0.128235	0.369079	-1.000000	-1.000000	-1.000000	-1.000000	-1.000000	-1.000000	-1.000000	74.551724	0.000000	-1.000000	-1.000000	1462032.000000	1772660812.738529
-26622.720000	-45112.680000	2445.165000	2056.410000	6004.080000	5047.290000	2954.430000	1937.520000	0.128803	2.237364	4.589873	6.151229	7.466354	7.772699	2.223738	2.572627	-4.990020	3.876040	-0.625660	0.909055	0.128235	0.369079	-1.000000	-1.000000	-1.000000	-1.000000	-1.000000	-1.000000	-1.000000	74.551724	0.000000	-1.000000	-1.000000	1462033.000000	1772660812.743019
-26613.225000	-45101.880000	2460.420000	2072.655000	6018.975000	5059.530000	2966.805000	1971.630000	6.292232	9.065572	10.835196	12.741008	13.353043	12.648403	5.195943	8.546693	-4.990020	3.876040	-0.625660	0.909055	0.128235	0.369079	-1.000000	-1.000000	-1.000000	-1.000000	-1.000000	-1.000000	-1.000000	74.551724	0.000000	-1.000000	-1.000000	1462034.000000	1772660812.743026
-26537.265000	-45062.865000	2490.570000	2098.125000	6042.555000	5088.915000	3013.110000	2056.680000	7.257947	10.020601	10.878442	12.606923	12.382573	10.802364	4.540051	8.906562	-4.990020	3.876040	-0.625660	0.909055	0.128235	0.369079	-1.000000	-1.000000	-1.000000	-1.000000	-1.000000	-1.000000	-1.000000	74.551724	0.000000	-1.000000	-1.000000	1462035.000000	1772660812.746619
-26468.280000	-45002.790000	2537.730000	2137.185000	6075.405000	5118.795000	3043.350000	2102.085000	10.028337	9.391840	8.451354	8.972911	7.741426	6.007887	4.658835	12.550322	-4.990020	3.876040	-0.625660	0.909055	0.128235	0.369079	-1.000000	-1.000000	-1.000000	-1.000000	-1.000000	-1.000000	-1.000000	74.551724	0.000000	-1.000000	-1.000000	1462036.000000	1772660812.746627
-26632.755000	-45142.515000	2406.285000	2007.405000	5949.450000	4997.880000	2931.210000	1891.170000	14.276379	8.288937	4.920280	3.465467	1.277302	0.118498	5.142746	16.436806	-4.990020	3.876040	-0.625660	0.909055	0.128235	0.369079	-1.000000	-1.000000	-1.000000	-1.000000	-1.000000	-1.000000	-1.000000	74.551724	0.000000	-1.000000	-1.000000	1462037.000000	1772660812.750607
-26648.010000	-45163.980000	2389.815000	1995.480000	5940.585000	4990.410000	2917.845000	1897.740000	9.515048	1.169693	-3.622631	-6.596410	-9.063923	-9.247713	0.196095	7.679227	-4.990020	3.876040	-0.625660	0.909055	0.128235	0.369079	-1.000000	-1.000000	-1.000000	-1.000000	-1.000000	-1.000000	-1.000000	74.551724	0.000000	-1.000000	-1.000000	1462038.000000	1772660812.750615
-26625.060000	-45137.205000	2421.495000	2032.065000	5978.880000	5028.345000	2945.565000	1933.155000	-6.700712	-11.999565	-15.767347	-18.606176	-20.274182	-19.524203	-10.045237	-13.199438	-4.990020	3.876040	-0.625660	0.909055	0.128235	0.369079	-1.000000	-1.000000	-1.000000	-1.000000	-1.000000	-1.000000	-1.000000	74.551724	0.000000	-1.000000	-1.000000	1462039.000000	1772660812.760658
-26605.530000	-45122.625000	2431.980000	2038.545000	5982.795000	5031.855000	2953.440000	1952.145000	-22.199369	-21.122822	-21.760589	-22.775701	-22.891953	-21.736696	-16.877870	-29.392325	-4.990020	3.876040	-0.625660	0.909055	0.128235	0.369079	-1.000000	-1.000000	-1.000000	-1.000000	-1.000000	-1.000000	-1.000000	74.551724	0.000000	-1.000000	-1.000000	1462040.000000	1772660812.760665
-26607.465000	-45115.380000	2441.655000	2045.880000	5985.900000	5030.730000	2951.595000	1940.085000	-25.246566	-18.271017	-15.513995	-14.270236	-12.880687	-11.959768	-13.816296	-28.363461	-3.235120	4.532220	-2.212700	0.909971	0.124817	0.368468	-1.000000	-1.000000	-1.000000	-1.000000	-1.000000	-1.000000	-1.000000	74.551724	0.000000	-1.000000	-1.000000	1462041.000000	1772660812.760673
-26616.285000	-45121.095000	2434.770000	2038.455000	5976.720000	5022.000000	2944.665000	1927.440000	-15.248803	-5.770645	-1.234110	1.230216	3.343128	3.711623	-3.175231	-12.826925	-3.235120	4.532220	-2.212700	0.909971	0.124817	0.368468	-1.000000	-1.000000	-1.000000	-1.000000	-1.000000	-1.000000	-1.000000	74.551724	0.000000	-1.000000	-1.000000	1462042.000000	1772660812.760677
-26608.590000	-45121.860000	2432.385000	2037.690000	5979.825000	5027.220000	2951.955000	1947.825000	-0.043018	7.763653	11.697879	13.867207	15.753673	15.692083	7.700071	5.509566	-3.235120	4.532220	-2.212700	0.909971	0.124817	0.368468	-1.000000	-1.000000	-1.000000	-1.000000	-1.000000	-1.000000	-1.000000	74.551724	0.000000	-1.000000	-1.000000	1462043.000000	1772660812.762774
-26598.600000	-45115.155000	2434.545000	2042.190000	5986.035000	5032.215000	2953.440000	1957.995000	11.073344	14.553043	16.202762	17.280326	18.514449	18.332641	12.664425	16.457786	-3.235120	4.532220	-2.212700	0.909971	0.124817	0.368468	-1.000000	-1.000000	-1.000000	-1.000000	-1.000000	-1.000000	-1.000000	74.551724	0.000000	-1.000000	-1.000000	1462044.000000	1772660812.762781
-26574.120000	-45098.145000	2447.235000	2055.510000	6000.120000	5044.590000	2960.370000	1991.430000	13.906301	12.791860	12.017588	12.300331	13.071449	12.857120	10.643417	17.982037	-3.235120	4.532220	-2.212700	0.909971	0.124817	0.368468	-1.000000	-1.000000	-1.000000	-1.000000	-1.000000	-1.000000	-1.000000	74.551724	0.000000	-1.000000	-1.000000	1462045.000000	1772660812.766557
-26516.295000	-45049.275000	2493.810000	2101.140000	6043.905000	5084.910000	2989.755000	2061.810000	13.832669	8.947310	6.586053	6.702641	7.179158	6.713989	7.001919	18.045463	-3.235120	4.532220	-2.212700	0.909971	0.124817	0.368468	-1.000000	-1.000000	-1.000000	-1.000000	-1.000000	-1.000000	-1.000000	74.551724	0.000000	-1.000000	-1.000000	1462046.000000	1772660812.766564
-26608.905000	-45104.580000	2452.095000	2065.860000	6009.750000	5045.895000	2937.420000	1918.530000	16.733563	9.663504	6.747169	6.783307	6.640335	5.619049	6.739728	21.600396	-3.235120	4.532220	-2.212700	0.909971	0.124817	0.368468	-1.000000	-1.000000	-1.000000	-1.000000	-1.000000	-1.000000	-1.000000	74.551724	0.000000	-1.000000	-1.000000	1462047.000000	1772660812.770544
-26665.155000	-45162.765000	2397.960000	2009.520000	5957.910000	5009.760000	2935.530000	1883.970000	15.820775	10.022968	7.893159	7.527534	6.442570	5.053598	6.362733	17.789985	-3.235120	4.532220	-2.212700	0.909971	0.124817	0.368468	-1.000000	-1.000000	-1.000000	-1.000000	-1.000000	-1.000000	-1.000000	74.551724	0.000000	-1.000000	-1.000000	1462048.000000	1772660812.770551
-26621.865000	-45130.320000	2422.935000	2026.665000	5967.585000	5015.520000	2946.375000	1933.200000	2.724724	1.470917	1.345201	0.340550	-1.350461	-1.996048	0.793397	-1.663536	-3.235120	4.532220	-2.212700	0.909971	0.124817	0.368468	-1.000000	-1.000000	-1.000000	-1.000000	-1.000000	-1.000000	-1.000000	74.551724	0.000000	-1.000000	-1.000000	1462049.000000	1772660812.774662
-26602.515000	-45110.655000	2441.160000	2043.855000	5982.120000	5025.105000	2950.830000	1949.130000	-15.562101	-12.659564	-10.908615	-12.573361	-14.165315	-13.027576	-7.498907	-24.550537	-3.235120	4.532220	-2.212700	0.909971	0.124817	0.368468	-1.000000	-1.000000	-1.000000	-1.000000	-1.000000	-1.000000	-1.000000	74.551724	0.000000	-1.000000	-1.000000	1462050.000000	1772660812.774673
-26613.810000	-45114.165000	2443.770000	2051.820000	5993.775000	5038.785000	2959.560000	1944.945000	-25.050472	-21.254656	-19.000598	-20.942193	-21.919695	-19.335827	-12.478193	-33.660516	-2.624720	4.196500	-1.739640	0.911069	0.124206	0.367248	-1.000000	-1.000000	-1.000000	-1.000000	-1.000000	-1.000000	-1.000000	74.551724	0.000000	-1.000000	-1.000000	1462051.000000	1772660812.778879
-26623.080000	-45104.670000	2455.245000	2068.155000	6014.745000	5058.000000	2967.570000	1932.435000	-21.198716	-18.725026	-17.096747	-18.404239	-18.488977	-15.906899	-11.361263	-25.718231	-2.624720	4.196500	-1.739640	0.911069	0.124206	0.367248	-1.000000	-1.000000	-1.000000	-1.000000	-1.000000	-1.000000	-1.000000	74.551724	0.000000	-1.000000	-1.000000	1462052.000000	1772660812.778887
-26610.120000	-45096.480000	2457.045000	2072.295000	6018.435000	5057.820000	2964.285000	1945.080000	-9.887090	-8.213826	-7.365971	-7.095039	-6.231348	-5.086392	-5.935796	-9.614040	-2.624720	4.196500	-1.739640	0.911069	0.124206	0.367248	-1.000000	-1.000000	-1.000000	-1.000000	-1.000000	-1.000000	-1.000000	74.551724	0.000000	-1.000000	-1.000000	1462053.000000	1772660812.782645
-26587.530000	-45112.770000	2431.305000	2042.775000	5990.130000	5032.575000	2955.330000	1982.115000	1.926881	3.377146	3.525610	5.497427	6.984787	6.147737	0.117488	5.677542	-2.624720	4.196500	-1.739640	0.911069	0.124206	0.367248	-1.000000	-1.000000	-1.000000	-1.000000	-1.000000	-1.000000	-1.000000	74.551724	0.000000	-1.000000	-1.000000	1462054.000000	1772660812.782651
