Channel1	Channel2	Channel3	Channel4	Channel5	Channel6	Channel7	Channel8	FilteredChannel1	FilteredChannel2	FilteredChannel3	FilteredChannel4	FilteredChannel5	FilteredChannel6	FilteredChannel7	FilteredChannel8	GyroX	GyroY	GyroZ	AccX	AccY	AccZ	PPG1	PPG2	rawPPG1	rawPPG2	rawPPG3	Hr	Hrv	Battery	Trigger	PhysicalTrigger	AutoTrigger	NumMeasurements	Timestamp
16203.330000	19786.545000	26273.790000	38783.835000	12883.500000	-2659.365000	-11086.515000	-438.750000	-4.024658	-2.991465	-2.809399	-2.213077	-2.327368	-1.400249	1.076104	-4.878874	1.358140	4.776380	-3.921820	-0.870664	-0.257324	0.345092	-1.000000	-1.000000	-1.000000	-1.000000	-1.000000	-1.000000	-1.000000	84.620690	0.000000	-1.000000	-1.000000	824451.000000	1769635459.915140
16205.535000	19775.610000	26261.100000	38767.590000	12870.945000	-2661.165000	-11066.265000	-431.145000	-5.002365	-4.727940	-3.236735	-1.536226	-0.887732	0.727064	4.839615	-3.465922	1.358140	4.776380	-3.921820	-0.870664	-0.257324	0.345092	-1.000000	-1.000000	-1.000000	-1.000000	-1.000000	-1.000000	-1.000000	84.620690	0.000000	-1.000000	-1.000000	824452.000000	1769635459.915145
16203.285000	19772.280000	26252.910000	38755.980000	12858.390000	-2663.820000	-11044.080000	-429.390000	-4.460951	-5.605545	-4.011978	-2.416201	-1.151359	1.435534	8.177656	0.410445	1.358140	4.776380	-3.921820	-0.870664	-0.257324	0.345092	-1.000000	-1.000000	-1.000000	-1.000000	-1.000000	-1.000000	-1.000000	84.620690	0.000000	-1.000000	-1.000000	824453.000000	1769635459.915151
16190.010000	19774.215000	26255.340000	38765.970000	12864.285000	-2663.505000	-11051.370000	-446.265000	-2.728024	-5.110589	-4.900332	-4.743445	-3.273161	0.703407	10.802615	4.083795	1.358140	4.776380	-3.921820	-0.870664	-0.257324	0.345092	-1.000000	-1.000000	-1.000000	-1.000000	-1.000000	-1.000000	-1.000000	84.620690	0.000000	-1.000000	-1.000000	824454.000000	1769635459.915157
16213.635000	19798.470000	26284.005000	38800.755000	12897.765000	-2645.640000	-11069.370000	-433.170000	0.071305	-1.626092	-3.109012	-4.496638	-3.628297	0.426233	10.486088	5.328022	1.358140	4.776380	-3.921820	-0.870664	-0.257324	0.345092	-1.000000	-1.000000	-1.000000	-1.000000	-1.000000	-1.000000	-1.000000	84.620690	0.000000	-1.000000	-1.000000	824455.000000	1769635459.918220
16225.785000	19810.305000	26291.520000	38797.425000	12896.685000	-2642.670000	-11063.520000	-420.795000	3.755626	4.726366	2.760354	0.971354	0.630865	2.012399	5.535166	4.350791	1.358140	4.776380	-3.921820	-0.870664	-0.257324	0.345092	-1.000000	-1.000000	-1.000000	-1.000000	-1.000000	-1.000000	-1.000000	84.620690	0.000000	-1.000000	-1.000000	824456.000000	1769635459.918232
16228.170000	19814.175000	26297.145000	38806.560000	12907.980000	-2630.430000	-11061.315000	-421.380000	6.818871	10.242304	9.262305	8.140561	6.898409	4.264683	-2.197282	2.628539	-0.885080	5.615680	-4.074420	-0.869077	-0.256896	0.346313	-1.000000	-1.000000	-1.000000	-1.000000	-1.000000	-1.000000	-1.000000	84.620690	0.000000	-1.000000	-1.000000	824457.000000	1769635459.922318
16208.640000	19800.270000	26285.850000	38795.985000	12895.785000	-2651.715000	-11093.040000	-438.615000	7.349000	11.222707	11.567267	11.140865	9.905734	4.651390	-9.142418	0.962529	-0.885080	5.615680	-4.074420	-0.869077	-0.256896	0.346313	-1.000000	-1.000000	-1.000000	-1.000000	-1.000000	-1.000000	-1.000000	84.620690	0.000000	-1.000000	-1.000000	824458.000000	1769635459.922329
16198.965000	19788.300000	26271.495000	38780.460000	12878.325000	-2670.840000	-11109.420000	-446.130000	4.821252	7.039077	7.911390	7.560205	6.945526	1.641230	-13.249134	-0.697992	-0.885080	5.615680	-4.074420	-0.869077	-0.256896	0.346313	-1.000000	-1.000000	-1.000000	-1.000000	-1.000000	-1.000000	-1.000000	84.620690	0.000000	-1.000000	-1.000000	824459.000000	1769635459.926220
16197.660000	19781.460000	26259.030000	38767.095000	12866.445000	-2668.455000	-11069.190000	-441.900000	0.212668	-0.584306	-0.193277	-0.747454	-0.728620	-3.856833	-13.175468	-2.433608	-0.885080	5.615680	-4.074420	-0.869077	-0.256896	0.346313	-1.000000	-1.000000	-1.000000	-1.000000	-1.000000	-1.000000	-1.000000	84.620690	0.000000	-1.000000	-1.000000	824460.000000	1769635459.926231
16197.570000	19781.190000	26255.565000	38761.830000	12863.745000	-2659.455000	-11038.635000	-436.455000	-4.738005	-8.491324	-9.037198	-9.350413	-8.932874	-8.439837	-7.388304	-3.889988	-0.885080	5.615680	-4.074420	-0.869077	-0.256896	0.346313	-1.000000	-1.000000	-1.000000	-1.000000	-1.000000	-1.000000	-1.000000	84.620690	0.000000	-1.000000	-1.000000	824461.000000	1769635459.930111
16205.445000	19793.430000	26265.195000	38767.770000	12865.635000	-2678.805000	-11094.705000	-440.190000	-7.680873	-12.672985	-13.882005	-13.462411	-12.843991	-8.963756	2.031922	-4.228975	-0.885080	5.615680	-4.074420	-0.869077	-0.256896	0.346313	-1.000000	-1.000000	-1.000000	-1.000000	-1.000000	-1.000000	-1.000000	84.620690	0.000000	-1.000000	-1.000000	824462.000000	1769635459.930128
16202.790000	19787.400000	26265.105000	38771.640000	12869.100000	-2676.870000	-11105.190000	-445.095000	-6.677081	-10.697416	-11.793730	-10.868651	-10.251756	-5.446616	8.599044	-2.832065	-0.885080	5.615680	-4.074420	-0.869077	-0.256896	0.346313	-1.000000	-1.000000	-1.000000	-1.000000	-1.000000	-1.000000	-1.000000	84.620690	0.000000	-1.000000	-1.000000	824463.000000	1769635459.934050
16214.535000	19800.045000	26275.680000	38786.895000	12886.335000	-2650.365000	-11071.620000	-433.080000	-2.512943	-4.257958	-4.369333	-3.493590	-3.069129	-0.020113	9.020993	-0.294886	-0.885080	5.615680	-4.074420	-0.869077	-0.256896	0.346313	-1.000000	-1.000000	-1.000000	-1.000000	-1.000000	-1.000000	-1.000000	84.620690	0.000000	-1.000000	-1.000000	824464.000000	1769635459.934067
16206.165000	19796.130000	26271.495000	38782.170000	12882.690000	-2647.935000	-11052.180000	-434.565000	1.560232	2.245469	3.527943	4.378650	4.565088	5.319899	6.680967	1.912455	-0.885080	5.615680	-4.074420	-0.869077	-0.256896	0.346313	-1.000000	-1.000000	-1.000000	-1.000000	-1.000000	-1.000000	-1.000000	84.620690	0.000000	-1.000000	-1.000000	824465.000000	1769635459.939737
16200.990000	19791.720000	26274.780000	38785.095000	12883.500000	-2650.455000	-11065.815000	-443.295000	3.142152	5.699917	7.991177	9.102165	9.065418	8.679483	5.275876	2.792829	-0.885080	5.615680	-4.074420	-0.869077	-0.256896	0.346313	-1.000000	-1.000000	-1.000000	-1.000000	-1.000000	-1.000000	-1.000000	84.620690	0.000000	-1.000000	-1.000000	824466.000000	1769635459.939748
16215.930000	19798.785000	26279.820000	38796.300000	12895.290000	-2640.960000	-11072.925000	-436.770000	2.959477	6.216225	8.575673	9.691807	9.408788	8.972506	4.715281	2.698423	-1.449700	4.913720	-4.516960	-0.866514	-0.256774	0.346984	-1.000000	-1.000000	-1.000000	-1.000000	-1.000000	-1.000000	-1.000000	84.620690	0.000000	-1.000000	-1.000000	824467.000000	1769635459.942212
16220.610000	19808.100000	26283.600000	38800.305000	12902.310000	-2630.205000	-11058.075000	-430.380000	3.331831	5.754525	7.155400	7.823337	7.419040	7.162437	3.436969	2.727423	-1.449700	4.913720	-4.516960	-0.866514	-0.256774	0.346984	-1.000000	-1.000000	-1.000000	-1.000000	-1.000000	-1.000000	-1.000000	84.620690	0.000000	-1.000000	-1.000000	824468.000000	1769635459.942228
16206.390000	19791.990000	26268.795000	38783.205000	12883.905000	-2649.960000	-11060.100000	-437.040000	4.362881	5.187968	5.051252	5.148805	4.897872	4.194648	0.168837	2.814807	-1.449700	4.913720	-4.516960	-0.866514	-0.256774	0.346984	-1.000000	-1.000000	-1.000000	-1.000000	-1.000000	-1.000000	-1.000000	84.620690	0.000000	-1.000000	-1.000000	824469.000000	1769635459.946164
16196.355000	19778.895000	26253.180000	38764.440000	12863.295000	-2671.695000	-11071.440000	-446.850000	3.596037	3.254720	1.856676	1.407434	1.377482	-0.648529	-5.346671	1.542915	-1.449700	4.913720	-4.516960	-0.866514	-0.256774	0.346984	-1.000000	-1.000000	-1.000000	-1.000000	-1.000000	-1.000000	-1.000000	84.620690	0.000000	-1.000000	-1.000000	824470.000000	1769635459.946175
16217.730000	19803.690000	26278.470000	38790.450000	12889.305000	-2648.385000	-11069.460000	-434.295000	0.163406	-0.636295	-2.461915	-3.487971	-3.461329	-6.634418	-10.257390	-1.223697	-1.449700	4.913720	-4.516960	-0.866514	-0.256774	0.346984	-1.000000	-1.000000	-1.000000	-1.000000	-1.000000	-1.000000	-1.000000	84.620690	0.000000	-1.000000	-1.000000	824471.000000	1769635459.950138
16231.005000	19819.170000	26295.390000	38809.935000	12911.355000	-2628.315000	-11070.540000	-423.945000	-3.378230	-4.113856	-5.659635	-7.235518	-7.209761	-9.990502	-10.407462	-3.354865	-1.449700	4.913720	-4.516960	-0.866514	-0.256774	0.346984	-1.000000	-1.000000	-1.000000	-1.000000	-1.000000	-1.000000	-1.000000	84.620690	0.000000	-1.000000	-1.000000	824472.000000	1769635459.950147
16214.175000	19802.970000	26276.265000	38788.290000	12889.845000	-2646.270000	-11071.530000	-433.845000	-4.716497	-4.965222	-5.896679	-7.738929	-7.626831	-8.617321	-5.890202	-3.423742	-1.449700	4.913720	-4.516960	-0.866514	-0.256774	0.346984	-1.000000	-1.000000	-1.000000	-1.000000	-1.000000	-1.000000	-1.000000	84.620690	0.000000	-1.000000	-1.000000	824473.000000	1769635459.958776
16186.635000	19770.345000	26240.760000	38753.145000	12856.860000	-2663.460000	-11036.160000	-443.790000	-4.622648	-4.411348	-4.778607	-6.355135	-6.133137	-5.003244	-0.221460	-2.436706	-1.449700	4.913720	-4.516960	-0.866514	-0.256774	0.346984	-1.000000	-1.000000	-1.000000	-1.000000	-1.000000	-1.000000	-1.000000	84.620690	0.000000	-1.000000	-1.000000	824474.000000	1769635459.958788
16191.090000	19776.780000	26246.115000	38760.345000	12862.485000	-2661.705000	-11048.805000	-445.230000	-4.556704	-4.428916	-4.702928	-5.524428	-5.263240	-2.235076	4.787467	-1.605715	-1.449700	4.913720	-4.516960	-0.866514	-0.256774	0.346984	-1.000000	-1.000000	-1.000000	-1.000000	-1.000000	-1.000000	-1.000000	84.620690	0.000000	-1.000000	-1.000000	824475.000000	1769635459.958801
16223.895000	19815.615000	26287.020000	38802.150000	12897.000000	-2643.030000	-11076.390000	-431.730000	-3.684401	-3.917086	-4.463396	-4.340471	-4.262902	-0.297863	8.053287	-0.721939	-1.449700	4.913720	-4.516960	-0.866514	-0.256774	0.346984	-1.000000	-1.000000	-1.000000	-1.000000	-1.000000	-1.000000	-1.000000	84.620690	0.000000	-1.000000	-1.000000	824476.000000	1769635459.958806
16221.825000	19809.045000	26280.540000	38798.325000	12895.785000	-2638.665000	-11063.340000	-427.995000	-0.255091	-0.473861	-0.868033	0.123128	-0.379598	2.383593	7.195582	0.777307	0.595140	5.112100	-3.479280	-0.868772	-0.257995	0.350341	-1.000000	-1.000000	-1.000000	-1.000000	-1.000000	-1.000000	-1.000000	84.620690	0.000000	-1.000000	-1.000000	824477.000000	1769635459.962200
16219.260000	19797.705000	26266.905000	38785.095000	12883.950000	-2647.980000	-11061.765000	-425.520000	5.001274	5.073504	5.638425	7.350951	6.212988	5.958485	2.138119	2.657393	0.595140	5.112100	-3.479280	-0.868772	-0.257995	0.350341	-1.000000	-1.000000	-1.000000	-1.000000	-1.000000	-1.000000	-1.000000	84.620690	0.000000	-1.000000	-1.000000	824478.000000	1769635459.962210
16223.940000	19801.035000	26269.155000	38786.400000	12885.390000	-2647.710000	-11062.305000	-421.425000	8.893843	8.856831	10.567090	12.738779	11.636481	8.708571	-3.200531	4.081934	0.595140	5.112100	-3.479280	-0.868772	-0.257995	0.350341	-1.000000	-1.000000	-1.000000	-1.000000	-1.000000	-1.000000	-1.000000	84.620690	0.000000	-1.000000	-1.000000	824479.000000	1769635459.966596
16224.840000	19812.420000	26280.990000	38794.500000	12889.980000	-2647.170000	-11067.165000	-425.745000	8.569045	8.002395	10.155236	12.096421	11.828270	8.341712	-4.993866	4.016569	0.595140	5.112100	-3.479280	-0.868772	-0.257995	0.350341	-1.000000	-1.000000	-1.000000	-1.000000	-1.000000	-1.000000	-1.000000	84.620690	0.000000	-1.000000	-1.000000	824480.000000	1769635459.966608
16212.645000	19819.035000	26288.100000	38797.155000	12889.530000	-2648.520000	-11069.505000	-437.445000	3.479319	3.017896	4.597603	5.246358	5.866378	3.800680	-3.147271	1.572754	0.595140	5.112100	-3.479280	-0.868772	-0.257995	0.350341	-1.000000	-1.000000	-1.000000	-1.000000	-1.000000	-1.000000	-1.000000	84.620690	0.000000	-1.000000	-1.000000	824481.000000	1769635459.970114
16200.405000	19797.840000	26266.275000	38775.780000	12871.935000	-2656.845000	-11060.820000	-439.605000	-3.834136	-2.881443	-2.446768	-3.720686	-2.857411	-2.925888	-0.375643	-2.611806	0.595140	5.112100	-3.479280	-0.868772	-0.257995	0.350341	-1.000000	-1.000000	-1.000000	-1.000000	-1.000000	-1.000000	-1.000000	84.620690	0.000000	-1.000000	-1.000000	824482.000000	1769635459.970125
16190.100000	19782.000000	26253.315000	38768.760000	12866.895000	-2656.665000	-11050.740000	-445.995000	-9.008042	-6.524678	-7.096889	-9.706885	-9.102659	-7.746446	1.135665	-5.905570	0.595140	5.112100	-3.479280	-0.868772	-0.257995	0.350341	-1.000000	-1.000000	-1.000000	-1.000000	-1.000000	-1.000000	-1.000000	84.620690	0.000000	-1.000000	-1.000000	824483.000000	1769635459.974204
16204.410000	19792.125000	26264.970000	38789.685000	12886.785000	-2644.830000	-11063.925000	-440.820000	-9.346288	-7.085580	-8.088541	-10.396869	-9.955560	-7.991382	1.515791	-6.057344	0.595140	5.112100	-3.479280	-0.868772	-0.257995	0.350341	-1.000000	-1.000000	-1.000000	-1.000000	-1.000000	-1.000000	-1.000000	84.620690	0.000000	-1.000000	-1.000000	824484.000000	1769635459.974214
16217.730000	19804.185000	26276.715000	38796.705000	12890.880000	-2646.630000	-11078.325000	-429.570000	-5.501088	-5.552435	-6.392312	-6.865461	-6.274338	-4.416714	1.595970	-3.166373	0.595140	5.112100	-3.479280	-0.868772	-0.257995	0.350341	-1.000000	-1.000000	-1.000000	-1.000000	-1.000000	-1.000000	-1.000000	84.620690	0.000000	-1.000000	-1.000000	824485.000000	1769635459.978285
16222.995000	19811.160000	26280.585000	38795.355000	12888.585000	-2651.445000	-11081.025000	-426.240000	0.290114	-2.531999	-2.968541	-1.507192	-0.831039	0.087711	0.879605	1.061240	0.595140	5.112100	-3.479280	-0.868772	-0.257995	0.350341	-1.000000	-1.000000	-1.000000	-1.000000	-1.000000	-1.000000	-1.000000	84.620690	0.000000	-1.000000	-1.000000	824486.000000	1769635459.978297
16215.435000	19806.435000	26275.770000	38789.145000	12883.725000	-2651.490000	-11066.940000	-430.605000	5.635778	1.807410	1.610841	3.611335	3.927056	3.284452	-0.792227	4.569448	2.456860	6.195560	-2.792580	-0.868101	-0.256835	0.357543	-1.000000	-1.000000	-1.000000	-1.000000	-1.000000	-1.000000	-1.000000	84.620690	0.000000	-1.000000	-1.000000	824487.000000	1769635459.982214
16211.745000	19797.615000	26266.905000	38781.585000	12878.595000	-2649.330000	-11052.900000	-430.695000	7.984125	5.592319	5.382235	6.428223	6.162533	4.517286	-1.438367	5.669652	2.456860	6.195560	-2.792580	-0.868101	-0.256835	0.357543	-1.000000	-1.000000	-1.000000	-1.000000	-1.000000	-1.000000	-1.000000	84.620690	0.000000	-1.000000	-1.000000	824488.000000	1769635459.982225
16222.860000	19797.705000	26266.815000	38786.130000	12882.420000	-2648.430000	-11063.790000	-423.765000	6.163707	5.874649	5.529752	5.295493	4.774715	3.752357	0.370667	4.130550	2.456860	6.195560	-2.792580	-0.868101	-0.256835	0.357543	-1.000000	-1.000000	-1.000000	-1.000000	-1.000000	-1.000000	-1.000000	84.620690	0.000000	-1.000000	-1.000000	824489.000000	1769635459.989697
16221.240000	19788.705000	26256.195000	38772.315000	12867.705000	-2662.425000	-11074.005000	-424.350000	2.126199	2.249613	1.785406	1.088695	0.773315	1.399801	2.751383	1.525495	2.456860	6.195560	-2.792580	-0.868101	-0.256835	0.357543	-1.000000	-1.000000	-1.000000	-1.000000	-1.000000	-1.000000	-1.000000	84.620690	0.000000	-1.000000	-1.000000	824490.000000	1769635459.989710
16210.170000	19791.855000	26258.985000	38772.675000	12865.275000	-2666.295000	-11074.275000	-434.610000	-0.950591	-1.954563	-2.433875	-2.766753	-2.875375	-1.360957	2.548816	-0.467518	2.456860	6.195560	-2.792580	-0.868101	-0.256835	0.357543	-1.000000	-1.000000	-1.000000	-1.000000	-1.000000	-1.000000	-1.000000	84.620690	0.000000	-1.000000	-1.000000	824491.000000	1769635459.990368
16204.905000	19811.970000	26285.760000	38800.935000	12892.725000	-2643.705000	-11061.990000	-443.205000	-2.008199	-2.774715	-3.081853	-3.148101	-3.502474	-2.868712	-0.501634	-1.653909	2.456860	6.195560	-2.792580	-0.868101	-0.256835	0.357543	-1.000000	-1.000000	-1.000000	-1.000000	-1.000000	-1.000000	-1.000000	84.620690	0.000000	-1.000000	-1.000000	824492.000000	1769635459.990378
16212.150000	19814.760000	26287.785000	38806.380000	12901.365000	-2632.095000	-11056.725000	-437.355000	-2.391813	0.203770	0.350217	-0.082315	-0.880652	-1.966904	-3.015525	-2.694291	2.456860	6.195560	-2.792580	-0.868101	-0.256835	0.357543	-1.000000	-1.000000	-1.000000	-1.000000	-1.000000	-1.000000	-1.000000	84.620690	0.000000	-1.000000	-1.000000	824493.000000	1769635459.994236
16219.305000	19817.820000	26290.305000	38808.585000	12899.520000	-2640.150000	-11068.155000	-434.115000	-3.224433	3.549097	4.300379	3.398439	2.607335	0.695884	-2.250974	-3.649802	2.456860	6.195560	-2.792580	-0.868101	-0.256835	0.357543	-1.000000	-1.000000	-1.000000	-1.000000	-1.000000	-1.000000	-1.000000	84.620690	0.000000	-1.000000	-1.000000	824494.000000	1769635459.994245
16227.585000	19825.605000	26298.090000	38816.010000	12907.665000	-2631.465000	-11059.200000	-429.165000	-3.673926	4.211160	5.366513	4.695874	4.457964	3.119217	0.590542	-3.690913	2.456860	6.195560	-2.792580	-0.868101	-0.256835	0.357543	-1.000000	-1.000000	-1.000000	-1.000000	-1.000000	-1.000000	-1.000000	84.620690	0.000000	-1.000000	-1.000000	824495.000000	1769635460.001963
16219.575000	19813.860000	26284.815000	38801.565000	12896.955000	-2633.895000	-11052.090000	-428.940000	-2.465075	2.091990	3.199679	3.480497	3.918528	3.828022	2.653725	-2.099947	2.456860	6.195560	-2.792580	-0.868101	-0.256835	0.357543	-1.000000	-1.000000	-1.000000	-1.000000	-1.000000	-1.000000	-1.000000	84.620690	0.000000	-1.000000	-1.000000	824496.000000	1769635460.001974
16200.810000	19792.530000	26264.835000	38781.630000	12876.480000	-2654.010000	-11064.915000	-434.430000	-0.341384	-1.693223	-1.120148	0.063859	0.982860	2.117038	2.386785	0.540957	-0.671440	8.667680	-1.739640	-0.864439	-0.255309	0.363402	-1.000000	-1.000000	-1.000000	-1.000000	-1.000000	-1.000000	-1.000000	84.620690	0.000000	-1.000000	-1.000000	824497.000000	1769635460.002398
16198.110000	19784.925000	26258.130000	38779.470000	12875.580000	-2653.155000	-11065.770000	-436.680000	0.577969	-6.033762	-6.229834	-4.833378	-3.752896	-1.827722	0.076891	2.569546	-0.671440	8.667680	-1.739640	-0.864439	-0.255309	0.363402	-1.000000	-1.000000	-1.000000	-1.000000	-1.000000	-1.000000	-1.000000	84.620690	0.000000	-1.000000	-1.000000	824498.000000	1769635460.002407
16206.705000	19800.630000	26266.905000	38781.360000	12872.565000	-2656.980000	-11068.695000	-435.015000	0.092992	-8.571455	-9.413608	-8.466928	-7.623089	-5.687074	-2.562159	3.020152	-0.671440	8.667680	-1.739640	-0.864439	-0.255309	0.363402	-1.000000	-1.000000	-1.000000	-1.000000	-1.000000	-1.000000	-1.000000	84.620690	0.000000	-1.000000	-1.000000	824499.000000	1769635460.006199
16207.785000	19811.205000	26272.035000	38777.175000	12864.285000	-2665.215000	-11067.165000	-435.825000	0.372959	-6.537651	-7.922445	-7.944484	-7.801041	-6.743653	-3.904940	2.530043	-0.671440	8.667680	-1.739640	-0.864439	-0.255309	0.363402	-1.000000	-1.000000	-1.000000	-1.000000	-1.000000	-1.000000	-1.000000	84.620690	0.000000	-1.000000	-1.000000	824500.000000	1769635460.006208
16200.360000	19782.360000	26250.075000	38770.020000	12862.980000	-2663.910000	-11061.315000	-438.570000	2.287213	-0.886587	-2.790836	-4.090667	-4.868702	-5.056905	-3.450442	1.996217	-0.671440	8.667680	-1.739640	-0.864439	-0.255309	0.363402	-1.000000	-1.000000	-1.000000	-1.000000	-1.000000	-1.000000	-1.000000	84.620690	0.000000	-1.000000	-1.000000	824501.000000	1769635460.020456
16209.630000	19770.120000	26243.685000	38774.025000	12870.045000	-2657.385000	-11066.400000	-430.740000	3.905981	3.451089	1.651124	-0.181114	-1.385681	-2.332149	-1.442956	1.328816	-0.671440	8.667680	-1.739640	-0.864439	-0.255309	0.363402	-1.000000	-1.000000	-1.000000	-1.000000	-1.000000	-1.000000	-1.000000	84.620690	0.000000	-1.000000	-1.000000	824502.000000	1769635460.020470
16214.400000	19788.795000	26257.095000	38778.390000	12871.080000	-2657.970000	-11066.130000	-426.870000	3.461831	3.599759	3.095095	2.339446	1.649832	0.742419	1.251400	0.221777	-0.671440	8.667680	-1.739640	-0.864439	-0.255309	0.363402	-1.000000	-1.000000	-1.000000	-1.000000	-1.000000	-1.000000	-1.000000	84.620690	0.000000	-1.000000	-1.000000	824503.000000	1769635460.020485
16212.015000	19794.240000	26262.270000	38783.025000	12876.975000	-2650.320000	-11066.895000	-429.480000	1.315707	1.828470	3.174691	4.198135	4.476942	3.964370	3.174971	-1.051656	-0.671440	8.667680	-1.739640	-0.864439	-0.255309	0.363402	-1.000000	-1.000000	-1.000000	-1.000000	-1.000000	-1.000000	-1.000000	84.620690	0.000000	-1.000000	-1.000000	824504.000000	1769635460.020490
16205.760000	19788.345000	26254.395000	38776.635000	12871.395000	-2653.110000	-11062.710000	-431.505000	-1.046241	1.574916	4.078727	6.025595	6.869671	6.487423	3.251937	-2.052192	-0.671440	8.667680	-1.739640	-0.864439	-0.255309	0.363402	-1.000000	-1.000000	-1.000000	-1.000000	-1.000000	-1.000000	-1.000000	84.620690	0.000000	-1.000000	-1.000000	824505.000000	1769635460.020497
16192.260000	19783.890000	26249.310000	38773.080000	12869.055000	-2655.315000	-11054.475000	-443.430000	-2.453228	3.470243	5.783648	7.305374	7.999278	7.350423	2.092441	-2.578990	-0.671440	8.667680	-1.739640	-0.864439	-0.255309	0.363402	-1.000000	-1.000000	-1.000000	-1.000000	-1.000000	-1.000000	-1.000000	84.620690	0.000000	-1.000000	-1.000000	824506.000000	1769635460.020502
16209.720000	19803.690000	26275.545000	38804.985000	12897.720000	-2638.665000	-11066.265000	-442.305000	-2.527983	5.826251	6.979219	7.324884	7.443785	6.346708	1.149048	-2.625395	-1.373400	8.637160	-2.090620	-0.866819	-0.254089	0.361999	-1.000000	-1.000000	-1.000000	-1.000000	-1.000000	-1.000000	-1.000000	84.620690	0.000000	-1.000000	-1.000000	824507.000000	1769635460.022609
16230.510000	19812.465000	26282.250000	38813.850000	12905.775000	-2632.770000	-11072.655000	-423.360000	-1.008586	6.763952	6.866164	6.379921	5.949992	4.286464	0.482048	-1.777311	-1.373400	8.637160	-2.090620	-0.866819	-0.254089	0.361999	-1.000000	-1.000000	-1.000000	-1.000000	-1.000000	-1.000000	-1.000000	84.620690	0.000000	-1.000000	-1.000000	824508.000000	1769635460.022642
16218.720000	19805.580000	26273.205000	38802.150000	12894.615000	-2642.355000	-11067.930000	-427.455000	1.817930	5.064538	4.806019	4.399736	3.782019	1.774251	-0.727653	0.539204	-1.373400	8.637160	-2.090620	-0.866819	-0.254089	0.361999	-1.000000	-1.000000	-1.000000	-1.000000	-1.000000	-1.000000	-1.000000	84.620690	0.000000	-1.000000	-1.000000	824509.000000	1769635460.027743
16204.365000	19794.780000	26258.985000	38782.980000	12870.585000	-2672.595000	-11090.205000	-439.965000	3.705085	0.781423	0.293357	0.007461	-0.526687	-2.031606	-2.492056	3.193644	-1.373400	8.637160	-2.090620	-0.866819	-0.254089	0.361999	-1.000000	-1.000000	-1.000000	-1.000000	-1.000000	-1.000000	-1.000000	84.620690	0.000000	-1.000000	-1.000000	824510.000000	1769635460.027753
16173.000000	19762.830000	26227.530000	38750.130000	12833.505000	-2716.560000	-11132.370000	-465.840000	1.734573	-4.834774	-6.040236	-7.282792	-7.909903	-8.129383	-4.649516	3.338284	-1.373400	8.637160	-2.090620	-0.866819	-0.254089	0.361999	-1.000000	-1.000000	-1.000000	-1.000000	-1.000000	-1.000000	-1.000000	84.620690	0.000000	-1.000000	-1.000000	824511.000000	1769635460.030222
16180.560000	19777.365000	26247.600000	38773.710000	12857.895000	-2701.665000	-11144.205000	-470.520000	-4.117940	-10.245623	-12.159269	-14.803020	-15.747513	-14.735414	-7.148381	-0.358909	-1.373400	8.637160	-2.090620	-0.866819	-0.254089	0.361999	-1.000000	-1.000000	-1.000000	-1.000000	-1.000000	-1.000000	-1.000000	84.620690	0.000000	-1.000000	-1.000000	824512.000000	1769635460.030231
16210.890000	19806.525000	26273.880000	38800.890000	12893.130000	-2656.755000	-11109.960000	-443.745000	-9.138554	-12.568451	-14.200357	-16.967326	-17.852532	-16.300649	-8.070680	-5.022529	-1.373400	8.637160	-2.090620	-0.866819	-0.254089	0.361999	-1.000000	-1.000000	-1.000000	-1.000000	-1.000000	-1.000000	-1.000000	84.620690	0.000000	-1.000000	-1.000000	824513.000000	1769635460.034376
16200.855000	19794.105000	26256.690000	38780.145000	12874.815000	-2664.585000	-11093.265000	-444.645000	-7.770682	-8.689017	-9.087732	-10.229173	-10.168999	-8.398090	-4.096803	-5.762157	-1.373400	8.637160	-2.090620	-0.866819	-0.254089	0.361999	-1.000000	-1.000000	-1.000000	-1.000000	-1.000000	-1.000000	-1.000000	84.620690	0.000000	-1.000000	-1.000000	824514.000000	1769635460.034386
16204.050000	19796.175000	26261.145000	38784.420000	12880.395000	-2650.095000	-11060.370000	-437.265000	-0.078687	0.012897	0.785715	1.779624	3.364456	5.952061	5.268024	-1.019547	-1.373400	8.637160	-2.090620	-0.866819	-0.254089	0.361999	-1.000000	-1.000000	-1.000000	-1.000000	-1.000000	-1.000000	-1.000000	84.620690	0.000000	-1.000000	-1.000000	824515.000000	1769635460.041312
16201.395000	19790.595000	26259.120000	38784.825000	12885.930000	-2631.060000	-11025.180000	-431.145000	8.058232	7.750798	8.979907	11.249634	14.088557	18.350773	16.317145	5.873823	-1.373400	8.637160	-2.090620	-0.866819	-0.254089	0.361999	-1.000000	-1.000000	-1.000000	-1.000000	-1.000000	-1.000000	-1.000000	84.620690	0.000000	-1.000000	-1.000000	824516.000000	1769635460.041326
16207.335000	19797.975000	26264.790000	38788.875000	12888.945000	-2631.240000	-11034.180000	-430.155000	10.908515	9.874909	11.026495	13.390855	16.561123	22.334456	23.284311	10.000059	1.648080	7.950460	-2.792580	-0.870176	-0.253845	0.360412	-1.000000	-1.000000	-1.000000	-1.000000	-1.000000	-1.000000	-1.000000	84.620690	0.000000	-1.000000	-1.000000	824517.000000	1769635460.042934
16219.800000	19813.680000	26278.470000	38798.235000	12893.085000	-2636.190000	-11049.615000	-427.365000	7.861884	6.905598	7.768995	9.403774	11.621531	16.781484	20.728008	8.798368	1.648080	7.950460	-2.792580	-0.870176	-0.253845	0.360412	-1.000000	-1.000000	-1.000000	-1.000000	-1.000000	-1.000000	-1.000000	84.620690	0.000000	-1.000000	-1.000000	824518.000000	1769635460.042945
16223.805000	19819.395000	26285.535000	38807.820000	12900.060000	-2635.605000	-11056.095000	-424.305000	2.836744	3.199641	3.631127	4.156329	4.207843	5.550986	7.980945	3.693145	1.648080	7.950460	-2.792580	-0.870176	-0.253845	0.360412	-1.000000	-1.000000	-1.000000	-1.000000	-1.000000	-1.000000	-1.000000	84.620690	0.000000	-1.000000	-1.000000	824519.000000	1769635460.046304
16216.920000	19813.005000	26282.160000	38808.630000	12902.985000	-2631.645000	-11052.720000	-430.065000	-0.532018	1.746303	1.714903	1.395004	-0.968193	-5.091357	-8.342736	-1.777626	1.648080	7.950460	-2.792580	-0.870176	-0.253845	0.360412	-1.000000	-1.000000	-1.000000	-1.000000	-1.000000	-1.000000	-1.000000	84.620690	0.000000	-1.000000	-1.000000	824520.000000	1769635460.046314
16221.645000	19813.320000	26280.180000	38806.155000	12901.410000	-2630.790000	-11051.820000	-427.680000	-2.078259	1.224366	0.865195	0.475569	-3.255658	-11.343206	-19.751227	-5.300336	1.648080	7.950460	-2.792580	-0.870176	-0.253845	0.360412	-1.000000	-1.000000	-1.000000	-1.000000	-1.000000	-1.000000	-1.000000	84.620690	0.000000	-1.000000	-1.000000	824521.000000	1769635460.050131
16219.755000	19808.730000	26273.385000	38798.145000	12892.050000	-2641.725000	-11059.920000	-427.590000	-3.573568	-1.123241	-1.661942	-1.602005	-5.224035	-13.899986	-22.912394	-6.874956	1.648080	7.950460	-2.792580	-0.870176	-0.253845	0.360412	-1.000000	-1.000000	-1.000000	-1.000000	-1.000000	-1.000000	-1.000000	84.620690	0.000000	-1.000000	-1.000000	824522.000000	1769635460.050140
16182.765000	19772.280000	26230.635000	38753.460000	12851.100000	-2667.105000	-11045.295000	-442.035000	-5.890833	-5.616376	-6.270317	-5.905532	-8.378720	-14.648112	-19.615362	-7.275600	1.648080	7.950460	-2.792580	-0.870176	-0.253845	0.360412	-1.000000	-1.000000	-1.000000	-1.000000	-1.000000	-1.000000	-1.000000	84.620690	0.000000	-1.000000	-1.000000	824523.000000	1769635460.054289
16138.575000	19743.345000	26202.780000	38719.575000	12821.535000	-2684.430000	-11023.965000	-472.815000	-9.049503	-10.574080	-11.423478	-11.357542	-12.111057	-14.174387	-12.463049	-7.204591	1.648080	7.950460	-2.792580	-0.870176	-0.253845	0.360412	-1.000000	-1.000000	-1.000000	-1.000000	-1.000000	-1.000000	-1.000000	84.620690	0.000000	-1.000000	-1.000000	824524.000000	1769635460.054303
16213.095000	19832.310000	26294.445000	38798.235000	12885.120000	-2662.155000	-11105.100000	-458.280000	-11.295556	-12.557823	-13.604572	-14.630590	-13.704597	-11.721856	-4.502788	-6.961142	1.648080	7.950460	-2.792580	-0.870176	-0.253845	0.360412	-1.000000	-1.000000	-1.000000	-1.000000	-1.000000	-1.000000	-1.000000	84.620690	0.000000	-1.000000	-1.000000	824525.000000	1769635460.058320
16270.155000	19856.385000	26313.345000	38823.030000	12906.135000	-2646.270000	-11113.830000	-414.270000	-7.431636	-6.765998	-7.624399	-10.085353	-8.498077	-5.331503	0.332728	-4.718729	1.648080	7.950460	-2.792580	-0.870176	-0.253845	0.360412	-1.000000	-1.000000	-1.000000	-1.000000	-1.000000	-1.000000	-1.000000	84.620690	0.000000	-1.000000	-1.000000	824526.000000	1769635460.058333
16231.185000	19788.075000	26247.240000	38786.400000	12878.460000	-2657.610000	-11074.230000	-415.575000	4.277131	5.346985	5.183788	2.630040	3.793911	5.291707	2.410678	1.783165	3.097780	6.958560	-3.830260	-0.872068	-0.255370	0.362121	-1.000000	-1.000000	-1.000000	-1.000000	-1.000000	-1.000000	-1.000000	84.620690	0.000000	-1.000000	-1.000000	824527.000000	1769635460.062225
16197.885000	19788.660000	26257.185000	38792.835000	12884.580000	-2651.805000	-11066.355000	-431.640000	15.681673	13.981760	14.818913	14.915646	15.797674	16.148015	6.879028	10.251283	3.097780	6.958560	-3.830260	-0.872068	-0.255370	0.362121	-1.000000	-1.000000	-1.000000	-1.000000	-1.000000	-1.000000	-1.000000	84.620690	0.000000	-1.000000	-1.000000	824528.000000	1769635460.062236
16202.250000	19807.560000	26277.030000	38805.435000	12895.110000	-2643.480000	-11066.490000	-433.395000	17.207759	12.903562	14.795476	18.692750	20.047118	21.727333	14.961448	14.826728	3.097780	6.958560	-3.830260	-0.872068	-0.255370	0.362121	-1.000000	-1.000000	-1.000000	-1.000000	-1.000000	-1.000000	-1.000000	84.620690	0.000000	-1.000000	-1.000000	824529.000000	1769635460.066327
16217.730000	19805.580000	26270.955000	38804.850000	12895.965000	-2641.950000	-11068.470000	-429.750000	8.517579	5.407173	7.899055	13.442793	15.260568	19.198004	21.037399	12.193393	3.097780	6.958560	-3.830260	-0.872068	-0.255370	0.362121	-1.000000	-1.000000	-1.000000	-1.000000	-1.000000	-1.000000	-1.000000	84.620690	0.000000	-1.000000	-1.000000	824530.000000	1769635460.066341
16216.245000	19798.110000	26262.630000	38797.110000	12889.305000	-2647.215000	-11071.035000	-433.530000	-2.844154	-2.142262	-0.031176	3.848359	5.356142	10.027560	19.280728	4.170073	3.097780	6.958560	-3.830260	-0.872068	-0.255370	0.362121	-1.000000	-1.000000	-1.000000	-1.000000	-1.000000	-1.000000	-1.000000	84.620690	0.000000	-1.000000	-1.000000	824531.000000	1769635460.070227
16213.320000	19795.590000	26258.310000	38791.755000	12884.985000	-2649.825000	-11068.695000	-429.120000	-8.975856	-5.470856	-4.649661	-4.257962	-3.805687	-1.023835	8.958557	-4.216288	3.097780	6.958560	-3.830260	-0.872068	-0.255370	0.362121	-1.000000	-1.000000	-1.000000	-1.000000	-1.000000	-1.000000	-1.000000	84.620690	0.000000	-1.000000	-1.000000	824532.000000	1769635460.070237
16209.945000	19794.285000	26256.060000	38787.570000	12880.620000	-2650.635000	-11061.945000	-425.160000	-7.496120	-4.122853	-4.969864	-7.757134	-8.555468	-9.318112	-5.088274	-8.321832	3.097780	6.958560	-3.830260	-0.872068	-0.255370	0.362121	-1.000000	-1.000000	-1.000000	-1.000000	-1.000000	-1.000000	-1.000000	84.620690	0.000000	-1.000000	-1.000000	824533.000000	1769635460.074223
16212.555000	19797.570000	26256.285000	38783.205000	12875.715000	-2653.380000	-11059.830000	-421.830000	-3.129011	-2.085235	-4.394750	-8.624477	-10.054511	-13.198236	-14.639857	-7.419772	3.097780	6.958560	-3.830260	-0.872068	-0.255370	0.362121	-1.000000	-1.000000	-1.000000	-1.000000	-1.000000	-1.000000	-1.000000	84.620690	0.000000	-1.000000	-1.000000	824534.000000	1769635460.074234
16213.185000	19794.285000	26251.605000	38774.610000	12864.780000	-2665.665000	-11061.090000	-421.830000	-2.076611	-2.951584	-5.949218	-9.990940	-11.022626	-13.410694	-14.505751	-4.743812	3.097780	6.958560	-3.830260	-0.872068	-0.255370	0.362121	-1.000000	-1.000000	-1.000000	-1.000000	-1.000000	-1.000000	-1.000000	84.620690	0.000000	-1.000000	-1.000000	824535.000000	1769635460.078476
16202.205000	19799.145000	26263.260000	38789.145000	12876.210000	-2661.885000	-11065.680000	-434.835000	-4.263332	-4.425175	-6.985187	-10.489827	-10.759288	-10.746069	-7.762076	-3.248331	3.097780	6.958560	-3.830260	-0.872068	-0.255370	0.362121	-1.000000	-1.000000	-1.000000	-1.000000	-1.000000	-1.000000	-1.000000	84.620690	0.000000	-1.000000	-1.000000	824536.000000	1769635460.078488
16209.180000	19794.195000	26259.255000	38792.745000	12888.180000	-2645.190000	-11066.895000	-432.315000	-4.587593	-2.472008	-3.673552	-6.643828	-6.612119	-5.407166	-1.370244	-2.706626	6.134520	9.766400	-3.555580	-0.868406	-0.256835	0.364867	-1.000000	-1.000000	-1.000000	-1.000000	-1.000000	-1.000000	-1.000000	84.620690	0.000000	-1.000000	-1.000000	824537.000000	1769635460.082438
16203.510000	19781.010000	26245.935000	38781.180000	12881.160000	-2646.090000	-11067.435000	-436.230000	-0.713496	1.794993	2.207909	0.839477	0.909046	1.436693	1.085482	-1.502601	6.134520	9.766400	-3.555580	-0.868406	-0.256835	0.364867	-1.000000	-1.000000	-1.000000	-1.000000	-1.000000	-1.000000	-1.000000	84.620690	0.000000	-1.000000	-1.000000	824538.000000	1769635460.082449
16196.850000	19784.970000	26250.300000	38778.885000	12874.320000	-2659.905000	-11077.380000	-443.340000	4.320421	4.391932	6.092025	7.519972	7.806459	6.980833	0.313286	0.568497	6.134520	9.766400	-3.555580	-0.868406	-0.256835	0.364867	-1.000000	-1.000000	-1.000000	-1.000000	-1.000000	-1.000000	-1.000000	84.620690	0.000000	-1.000000	-1.000000	824539.000000	1769635460.086228
16198.875000	19794.330000	26255.520000	38780.010000	12872.925000	-2663.505000	-11081.655000	-443.340000	6.828237	4.448157	6.793779	10.540983	10.872162	8.809516	-1.608115	2.488320	6.134520	9.766400	-3.555580	-0.868406	-0.256835	0.364867	-1.000000	-1.000000	-1.000000	-1.000000	-1.000000	-1.000000	-1.000000	84.620690	0.000000	-1.000000	-1.000000	824540.000000	1769635460.086239
16206.525000	19806.840000	26263.935000	38784.555000	12876.480000	-2654.415000	-11070.765000	-435.015000	6.540102	4.081293	6.153657	10.278045	10.008466	7.066224	-2.916105	3.772108	6.134520	9.766400	-3.555580	-0.868406	-0.256835	0.364867	-1.000000	-1.000000	-1.000000	-1.000000	-1.000000	-1.000000	-1.000000	84.620690	0.000000	-1.000000	-1.000000	824541.000000	1769635460.090388
16215.615000	19805.355000	26265.195000	38789.955000	12882.195000	-2649.735000	-11066.670000	-425.205000	4.901259	4.018834	4.933331	7.760929	6.618273	3.820442	-2.020364	4.553412	6.134520	9.766400	-3.555580	-0.868406	-0.256835	0.364867	-1.000000	-1.000000	-1.000000	-1.000000	-1.000000	-1.000000	-1.000000	84.620690	0.000000	-1.000000	-1.000000	824542.000000	1769635460.090398
16207.200000	19780.335000	26250.525000	38788.695000	12882.510000	-2655.495000	-11079.405000	-431.505000	2.137509	2.253335	2.002333	3.423961	2.047616	0.864363	1.501589	4.399486	6.134520	9.766400	-3.555580	-0.868406	-0.256835	0.364867	-1.000000	-1.000000	-1.000000	-1.000000	-1.000000	-1.000000	-1.000000	84.620690	0.000000	-1.000000	-1.000000	824543.000000	1769635460.099384
16204.635000	19786.770000	26254.620000	38789.955000	12884.310000	-2652.075000	-11068.965000	-434.880000	-1.716514	-2.124045	-2.575446	-1.589176	-2.143511	-1.033691	5.524858	2.576786	6.134520	9.766400	-3.555580	-0.868406	-0.256835	0.364867	-1.000000	-1.000000	-1.000000	-1.000000	-1.000000	-1.000000	-1.000000	84.620690	0.000000	-1.000000	-1.000000	824544.000000	1769635460.099393
16201.845000	19786.410000	26252.595000	38786.985000	12880.845000	-2650.590000	-11054.070000	-434.115000	-4.863139	-6.370002	-6.415271	-5.533834	-4.750564	-1.819165	7.583431	-0.258018	6.134520	9.766400	-3.555580	-0.868406	-0.256835	0.364867	-1.000000	-1.000000	-1.000000	-1.000000	-1.000000	-1.000000	-1.000000	84.620690	0.000000	-1.000000	-1.000000	824545.000000	1769635460.099558
16197.660000	19780.920000	26244.135000	38775.870000	12870.405000	-2657.070000	-11049.705000	-434.430000	-5.480275	-7.357280	-7.542912	-7.636143	-6.042475	-2.303470	7.221182	-2.348534	6.134520	9.766400	-3.555580	-0.868406	-0.256835	0.364867	-1.000000	-1.000000	-1.000000	-1.000000	-1.000000	-1.000000	-1.000000	84.620690	0.000000	-1.000000	-1.000000	824546.000000	1769635460.099564
16207.470000	19790.640000	26252.955000	38783.520000	12878.010000	-2658.105000	-11068.920000	-433.305000	-3.716298	-4.624042	-5.732185	-7.692229	-6.436814	-3.223207	4.710746	-2.777780	4.394880	9.125480	-2.960440	-0.864378	-0.256042	0.360412	-1.000000	-1.000000	-1.000000	-1.000000	-1.000000	-1.000000	-1.000000	84.620690	0.000000	-1.000000	-1.000000	824547.000000	1769635460.102366
16223.580000	19802.205000	26263.845000	38795.760000	12891.870000	-2647.530000	-11076.525000	-422.415000	-0.447731	0.399195	-1.571818	-5.061617	-4.870022	-3.594970	0.188068	-1.666618	4.394880	9.125480	-2.960440	-0.864378	-0.256042	0.360412	-1.000000	-1.000000	-1.000000	-1.000000	-1.000000	-1.000000	-1.000000	84.620690	0.000000	-1.000000	-1.000000	824548.000000	1769635460.102378
16214.400000	19792.935000	26254.755000	38786.805000	12882.735000	-2653.605000	-11074.230000	-427.680000	3.287552	5.204414	3.333556	-0.052164	-0.679084	-1.992794	-5.149045	0.284798	4.394880	9.125480	-2.960440	-0.864378	-0.256042	0.360412	-1.000000	-1.000000	-1.000000	-1.000000	-1.000000	-1.000000	-1.000000	84.620690	0.000000	-1.000000	-1.000000	824549.000000	1769635460.107539
16202.565000	19792.620000	26258.535000	38790.180000	12880.845000	-2667.105000	-11107.980000	-443.655000	5.141449	6.802363	6.223318	4.705494	3.945299	0.587271	-9.401003	1.322404	4.394880	9.125480	-2.960440	-0.864378	-0.256042	0.360412	-1.000000	-1.000000	-1.000000	-1.000000	-1.000000	-1.000000	-1.000000	84.620690	0.000000	-1.000000	-1.000000	824550.000000	1769635460.107551
16198.470000	19793.340000	26260.740000	38794.140000	12886.605000	-2656.845000	-11097.495000	-446.355000	2.891233	4.164859	5.414972	6.307627	5.814833	1.801867	-11.078299	-0.271795	4.394880	9.125480	-2.960440	-0.864378	-0.256042	0.360412	-1.000000	-1.000000	-1.000000	-1.000000	-1.000000	-1.000000	-1.000000	84.620690	0.000000	-1.000000	-1.000000	824551.000000	1769635460.114299
16200.540000	19787.760000	26250.795000	38784.420000	12877.875000	-2655.180000	-11060.370000	-438.795000	-2.300419	-0.322852	2.051665	4.302917	4.144416	1.431559	-8.332933	-3.515862	4.394880	9.125480	-2.960440	-0.864378	-0.256042	0.360412	-1.000000	-1.000000	-1.000000	-1.000000	-1.000000	-1.000000	-1.000000	84.620690	0.000000	-1.000000	-1.000000	824552.000000	1769635460.114311
16200.135000	19784.655000	26246.430000	38779.290000	12871.575000	-2659.050000	-11058.120000	-436.905000	-6.247637	-3.469193	-1.557055	0.326443	0.469027	0.880847	-0.494011	-5.062705	4.394880	9.125480	-2.960440	-0.864378	-0.256042	0.360412	-1.000000	-1.000000	-1.000000	-1.000000	-1.000000	-1.000000	-1.000000	84.620690	0.000000	-1.000000	-1.000000	824553.000000	1769635460.114323
16203.240000	19787.355000	26249.130000	38782.080000	12874.230000	-2660.220000	-11068.785000	-437.355000	-5.841872	-4.095634	-3.854331	-3.386013	-3.084388	0.565278	8.505358	-2.968622	4.394880	9.125480	-2.960440	-0.864378	-0.256042	0.360412	-1.000000	-1.000000	-1.000000	-1.000000	-1.000000	-1.000000	-1.000000	84.620690	0.000000	-1.000000	-1.000000	824554.000000	1769635460.114328
16211.160000	19796.355000	26258.445000	38790.945000	12882.330000	-2655.675000	-11071.485000	-432.090000	-1.521165	-2.530921	-3.852837	-4.634395	-4.453324	0.243001	12.689648	1.449838	4.394880	9.125480	-2.960440	-0.864378	-0.256042	0.360412	-1.000000	-1.000000	-1.000000	-1.000000	-1.000000	-1.000000	-1.000000	84.620690	0.000000	-1.000000	-1.000000	824555.000000	1769635460.118169
16207.920000	19792.035000	26255.745000	38790.495000	12881.610000	-2655.495000	-11070.495000	-432.495000	3.640475	0.112586	-1.594563	-2.664567	-2.817532	0.161987	10.218993	5.365562	4.394880	9.125480	-2.960440	-0.864378	-0.256042	0.360412	-1.000000	-1.000000	-1.000000	-1.000000	-1.000000	-1.000000	-1.000000	84.620690	0.000000	-1.000000	-1.000000	824556.000000	1769635460.118183
16203.195000	19783.980000	26248.905000	38785.995000	12877.380000	-2659.320000	-11072.160000	-432.990000	6.196898	1.864056	1.067529	0.747938	0.329124	0.381552	4.027200	6.553641	0.213640	7.797860	-2.014320	-0.866331	-0.251098	0.352782	-1.000000	-1.000000	-1.000000	-1.000000	-1.000000	-1.000000	-1.000000	84.620690	0.000000	-1.000000	-1.000000	824557.000000	1769635460.122207
16194.015000	19769.760000	26232.930000	38769.345000	12861.810000	-2669.715000	-11069.955000	-436.140000	4.777536	1.265396	1.926647	2.842748	2.509318	0.352350	-2.015502	4.572561	0.213640	7.797860	-2.014320	-0.866331	-0.251098	0.352782	-1.000000	-1.000000	-1.000000	-1.000000	-1.000000	-1.000000	-1.000000	84.620690	0.000000	-1.000000	-1.000000	824558.000000	1769635460.122219
16171.245000	19754.730000	26215.965000	38750.175000	12846.465000	-2677.995000	-11062.665000	-451.080000	0.579808	-1.415744	0.120542	1.855394	2.107292	-0.368142	-5.122406	0.738376	0.213640	7.797860	-2.014320	-0.866331	-0.251098	0.352782	-1.000000	-1.000000	-1.000000	-1.000000	-1.000000	-1.000000	-1.000000	84.620690	0.000000	-1.000000	-1.000000	824559.000000	1769635460.129526
16181.280000	19782.945000	26245.665000	38778.435000	12870.135000	-2663.145000	-11072.925000	-457.965000	-3.983250	-3.955628	-2.786002	-1.399598	-0.334329	-1.438072	-4.835866	-3.271568	0.213640	7.797860	-2.014320	-0.866331	-0.251098	0.352782	-1.000000	-1.000000	-1.000000	-1.000000	-1.000000	-1.000000	-1.000000	84.620690	0.000000	-1.000000	-1.000000	824560.000000	1769635460.129538
16218.135000	19817.910000	26278.560000	38809.710000	12894.930000	-2645.865000	-11082.420000	-433.530000	-5.671261	-2.751585	-2.769181	-2.878705	-1.596013	-1.500182	-3.887990	-5.784273	0.213640	7.797860	-2.014320	-0.866331	-0.251098	0.352782	-1.000000	-1.000000	-1.000000	-1.000000	-1.000000	-1.000000	-1.000000	84.620690	0.000000	-1.000000	-1.000000	824561.000000	1769635460.130068
16216.155000	19809.495000	26269.650000	38800.710000	12888.675000	-2649.735000	-11084.760000	-433.440000	-2.245091	3.280127	2.216743	0.400384	0.812756	0.399054	-4.740648	-5.079407	0.213640	7.797860	-2.014320	-0.866331	-0.251098	0.352782	-1.000000	-1.000000	-1.000000	-1.000000	-1.000000	-1.000000	-1.000000	84.620690	0.000000	-1.000000	-1.000000	824562.000000	1769635460.130080
16217.955000	19810.440000	26267.220000	38795.715000	12885.120000	-2648.475000	-11072.880000	-429.480000	4.117436	9.773112	8.367868	5.735141	4.829753	3.004857	-5.929251	-1.282107	0.213640	7.797860	-2.014320	-0.866331	-0.251098	0.352782	-1.000000	-1.000000	-1.000000	-1.000000	-1.000000	-1.000000	-1.000000	84.620690	0.000000	-1.000000	-1.000000	824563.000000	1769635460.138160
16219.530000	19810.710000	26269.695000	38800.035000	12889.035000	-2648.430000	-11072.610000	-428.805000	8.264781	11.037131	9.973639	7.852541	6.250090	4.026339	-4.271662	3.039386	0.213640	7.797860	-2.014320	-0.866331	-0.251098	0.352782	-1.000000	-1.000000	-1.000000	-1.000000	-1.000000	-1.000000	-1.000000	84.620690	0.000000	-1.000000	-1.000000	824564.000000	1769635460.138174
16209.180000	19790.055000	26251.605000	38786.805000	12878.190000	-2657.970000	-11074.545000	-431.595000	7.030138	5.453474	5.179804	4.619255	3.378189	2.426648	0.702293	5.137009	0.213640	7.797860	-2.014320	-0.866331	-0.251098	0.352782	-1.000000	-1.000000	-1.000000	-1.000000	-1.000000	-1.000000	-1.000000	84.620690	0.000000	-1.000000	-1.000000	824565.000000	1769635460.138348
16202.250000	19780.020000	26240.535000	38774.655000	12867.930000	-2662.605000	-11074.815000	-434.475000	1.250296	-4.010441	-3.337851	-2.007764	-2.134764	-1.013447	6.127119	4.015429	0.213640	7.797860	-2.014320	-0.866331	-0.251098	0.352782	-1.000000	-1.000000	-1.000000	-1.000000	-1.000000	-1.000000	-1.000000	84.620690	0.000000	-1.000000	-1.000000	824566.000000	1769635460.138354
16200.945000	19797.345000	26259.390000	38787.210000	12874.635000	-2662.740000	-11085.525000	-441.495000	-5.313498	-11.754534	-10.372243	-7.803156	-6.818098	-4.148712	8.675285	0.772305	0.808780	8.042020	-3.311420	-0.867429	-0.255004	0.351134	-1.000000	-1.000000	-1.000000	-1.000000	-1.000000	-1.000000	-1.000000	84.620690	0.000000	-1.000000	-1.000000	824567.000000	1769635460.142107
16198.785000	19806.345000	26268.885000	38795.220000	12880.800000	-2657.745000	-11077.290000	-442.935000	-8.590366	-12.820633	-11.284146	-8.887227	-7.626941	-4.927538	7.116939	-2.331993	0.808780	8.042020	-3.311420	-0.867429	-0.255004	0.351134	-1.000000	-1.000000	-1.000000	-1.000000	-1.000000	-1.000000	-1.000000	84.620690	0.000000	-1.000000	-1.000000	824568.000000	1769635460.142121
16205.445000	19797.525000	26256.915000	38789.730000	12879.585000	-2657.520000	-11073.375000	-434.115000	-7.346480	-7.363143	-6.312107	-5.260965	-4.634499	-3.300658	2.899487	-3.549675	0.808780	8.042020	-3.311420	-0.867429	-0.255004	0.351134	-1.000000	-1.000000	-1.000000	-1.000000	-1.000000	-1.000000	-1.000000	84.620690	0.000000	-1.000000	-1.000000	824569.000000	1769635460.146243
16198.830000	19793.160000	26250.165000	38779.560000	12870.045000	-2663.730000	-11074.905000	-437.400000	-3.814453	-0.641881	-0.569365	-0.926325	-0.947809	-1.098195	-1.269393	-2.892399	0.808780	8.042020	-3.311420	-0.867429	-0.255004	0.351134	-1.000000	-1.000000	-1.000000	-1.000000	-1.000000	-1.000000	-1.000000	84.620690	0.000000	-1.000000	-1.000000	824570.000000	1769635460.146255
16189.425000	19799.280000	26254.485000	38776.185000	12865.860000	-2663.640000	-11066.490000	-442.260000	-0.910694	3.066380	2.068188	0.938521	0.859869	0.172689	-3.502710	-1.690631	0.808780	8.042020	-3.311420	-0.867429	-0.255004	0.351134	-1.000000	-1.000000	-1.000000	-1.000000	-1.000000	-1.000000	-1.000000	84.620690	0.000000	-1.000000	-1.000000	824571.000000	1769635460.151820
16190.235000	19810.890000	26262.585000	38773.530000	12861.810000	-2667.105000	-11064.870000	-445.005000	0.363997	4.006494	2.334257	0.770770	0.862079	0.549525	-3.531997	-0.986058	0.808780	8.042020	-3.311420	-0.867429	-0.255004	0.351134	-1.000000	-1.000000	-1.000000	-1.000000	-1.000000	-1.000000	-1.000000	84.620690	0.000000	-1.000000	-1.000000	824572.000000	1769635460.151832
16206.345000	19799.280000	26261.640000	38785.590000	12874.545000	-2664.855000	-11088.810000	-437.670000	1.096596	4.149947	2.554482	0.639437	0.624680	0.805241	-2.536876	-0.651426	0.808780	8.042020	-3.311420	-0.867429	-0.255004	0.351134	-1.000000	-1.000000	-1.000000	-1.000000	-1.000000	-1.000000	-1.000000	84.620690	0.000000	-1.000000	-1.000000	824573.000000	1769635460.154758
16201.710000	19777.410000	26240.400000	38785.860000	12877.830000	-2661.480000	-11087.820000	-437.220000	2.860984	4.062111	3.437084	2.073071	1.696149	1.612993	-2.142529	0.140574	0.808780	8.042020	-3.311420	-0.867429	-0.255004	0.351134	-1.000000	-1.000000	-1.000000	-1.000000	-1.000000	-1.000000	-1.000000	84.620690	0.000000	-1.000000	-1.000000	824574.000000	1769635460.154767
16185.285000	19760.355000	26225.415000	38779.560000	12877.020000	-2652.480000	-11061.765000	-443.475000	5.360550	2.883848	3.761093	4.836390	4.285989	3.217174	-2.141783	1.654996	0.808780	8.042020	-3.311420	-0.867429	-0.255004	0.351134	-1.000000	-1.000000	-1.000000	-1.000000	-1.000000	-1.000000	-1.000000	84.620690	0.000000	-1.000000	-1.000000	824575.000000	1769635460.158207
16184.430000	19776.780000	26241.660000	38785.230000	12881.790000	-2646.990000	-11057.850000	-447.255000	6.429451	0.227265	2.253475	6.697721	6.573428	4.992505	-0.553567	3.115687	0.808780	8.042020	-3.311420	-0.867429	-0.255004	0.351134	-1.000000	-1.000000	-1.000000	-1.000000	-1.000000	-1.000000	-1.000000	84.620690	0.000000	-1.000000	-1.000000	824576.000000	1769635460.158213
16199.685000	19797.255000	26257.860000	38787.390000	12878.370000	-2653.695000	-11079.000000	-440.145000	4.951006	-2.209853	-0.168618	5.570470	6.184236	5.341433	2.429862	3.608291	2.914660	6.363420	-2.136400	-0.865476	-0.261169	0.348937	-1.000000	-1.000000	-1.000000	-1.000000	-1.000000	-1.000000	-1.000000	84.620690	0.000000	-1.000000	-1.000000	824577.000000	1769635460.166206
16218.045000	19799.325000	26261.595000	38792.610000	12882.375000	-2654.640000	-11094.300000	-429.480000	2.115979	-2.107390	-1.213205	1.703209	2.485317	2.890502	3.547570	2.880961	2.914660	6.363420	-2.136400	-0.865476	-0.261169	0.348937	-1.000000	-1.000000	-1.000000	-1.000000	-1.000000	-1.000000	-1.000000	84.620690	0.000000	-1.000000	-1.000000	824578.000000	1769635460.166220
16202.430000	19778.895000	26233.335000	38761.470000	12859.830000	-2665.080000	-11071.305000	-432.990000	-0.385291	0.229834	-0.465946	-2.955802	-2.836722	-1.772963	1.284729	1.358441	2.914660	6.363420	-2.136400	-0.865476	-0.261169	0.348937	-1.000000	-1.000000	-1.000000	-1.000000	-1.000000	-1.000000	-1.000000	84.620690	0.000000	-1.000000	-1.000000	824579.000000	1769635460.169862
16186.320000	19764.675000	26214.795000	38738.880000	12841.875000	-2678.040000	-11071.035000	-443.430000	-2.308617	1.709095	-0.264084	-6.973760	-7.502278	-6.450367	-1.866757	-0.450415	2.914660	6.363420	-2.136400	-0.865476	-0.261169	0.348937	-1.000000	-1.000000	-1.000000	-1.000000	-1.000000	-1.000000	-1.000000	84.620690	0.000000	-1.000000	-1.000000	824580.000000	1769635460.169874
16217.010000	19794.330000	26243.910000	38763.765000	12861.900000	-2673.045000	-11105.460000	-431.325000	-4.008884	0.531331	-2.028766	-9.274163	-9.711497	-8.946393	-3.370340	-2.181641	2.914660	6.363420	-2.136400	-0.865476	-0.261169	0.348937	-1.000000	-1.000000	-1.000000	-1.000000	-1.000000	-1.000000	-1.000000	84.620690	0.000000	-1.000000	-1.000000	824581.000000	1769635460.170357
16223.130000	19775.160000	26215.965000	38733.255000	12836.520000	-2675.610000	-11080.530000	-416.115000	-4.517304	-1.207016	-3.714293	-8.415800	-8.354928	-7.889776	-2.874852	-2.981700	2.914660	6.363420	-2.136400	-0.865476	-0.261169	0.348937	-1.000000	-1.000000	-1.000000	-1.000000	-1.000000	-1.000000	-1.000000	84.620690	0.000000	-1.000000	-1.000000	824582.000000	1769635460.170367
16219.395000	19768.905000	26213.310000	38736.315000	12832.380000	-2677.590000	-11063.295000	-414.630000	-2.780589	-0.880524	-2.943725	-4.450064	-4.262012	-3.623104	-0.339162	-1.960322	2.914660	6.363420	-2.136400	-0.865476	-0.261169	0.348937	-1.000000	-1.000000	-1.000000	-1.000000	-1.000000	-1.000000	-1.000000	84.620690	0.000000	-1.000000	-1.000000	824583.000000	1769635460.174282
16210.260000	19802.205000	26260.290000	38785.770000	12876.030000	-2657.610000	-11095.155000	-436.950000	0.300549	1.603952	0.673483	1.560944	1.031300	1.882179	3.011176	0.150440	2.914660	6.363420	-2.136400	-0.865476	-0.261169	0.348937	-1.000000	-1.000000	-1.000000	-1.000000	-1.000000	-1.000000	-1.000000	84.620690	0.000000	-1.000000	-1.000000	824584.000000	1769635460.174330
16193.070000	19814.760000	26276.985000	38806.920000	12899.610000	-2639.745000	-11092.725000	-451.755000	2.276767	4.683828	6.095865	8.989452	7.251155	6.788032	4.016647	1.022694	2.914660	6.363420	-2.136400	-0.865476	-0.261169	0.348937	-1.000000	-1.000000	-1.000000	-1.000000	-1.000000	-1.000000	-1.000000	84.620690	0.000000	-1.000000	-1.000000	824585.000000	1769635460.178260
16196.985000	19789.065000	26243.415000	38776.320000	12873.645000	-2654.685000	-11077.245000	-438.255000	1.025289	5.569940	9.790488	14.896828	12.727403	9.691696	2.155512	-0.657587	2.914660	6.363420	-2.136400	-0.865476	-0.261169	0.348937	-1.000000	-1.000000	-1.000000	-1.000000	-1.000000	-1.000000	-1.000000	84.620690	0.000000	-1.000000	-1.000000	824586.000000	1769635460.178273
16201.935000	19779.210000	26227.935000	38753.370000	12853.485000	-2667.870000	-11080.305000	-431.865000	-2.781530	1.898730	7.393758	14.084958	13.137531	8.885958	0.386358	-3.255143	1.510740	5.402040	-2.685760	-0.865293	-0.256164	0.347777	-1.000000	-1.000000	-1.000000	-1.000000	-1.000000	-1.000000	-1.000000	84.620690	0.000000	-1.000000	-1.000000	824587.000000	1769635460.182190
16226.370000	19787.760000	26227.305000	38742.930000	12842.145000	-2678.040000	-11095.830000	-412.335000	-5.086913	-4.512680	-0.538656	5.434662	6.599605	3.929680	-0.213793	-3.609294	1.510740	5.402040	-2.685760	-0.865293	-0.256164	0.347777	-1.000000	-1.000000	-1.000000	-1.000000	-1.000000	-1.000000	-1.000000	84.620690	0.000000	-1.000000	-1.000000	824588.000000	1769635460.182200
16254.630000	19786.590000	26203.050000	38688.345000	12806.955000	-2694.690000	-11099.880000	-382.995000	-2.104456	-8.819081	-8.692089	-6.514169	-3.698240	-2.981239	-1.133793	0.106955	1.510740	5.402040	-2.685760	-0.865293	-0.256164	0.347777	-1.000000	-1.000000	-1.000000	-1.000000	-1.000000	-1.000000	-1.000000	84.620690	0.000000	-1.000000	-1.000000	824589.000000	1769635460.186236
16279.515000	19768.635000	26163.405000	38629.575000	12766.230000	-2720.970000	-11107.890000	-349.155000	5.135049	-8.712133	-13.437871	-17.323123	-13.461672	-8.933002	-2.356513	6.642310	1.510740	5.402040	-2.685760	-0.865293	-0.256164	0.347777	-1.000000	-1.000000	-1.000000	-1.000000	-1.000000	-1.000000	-1.000000	84.620690	0.000000	-1.000000	-1.000000	824590.000000	1769635460.186246
16253.145000	19760.670000	26150.850000	38582.595000	12728.610000	-2733.165000	-11105.370000	-368.415000	11.040844	-5.408230	-14.088442	-24.299255	-19.587028	-12.080975	-2.781601	11.662925	1.510740	5.402040	-2.685760	-0.865293	-0.256164	0.347777	-1.000000	-1.000000	-1.000000	-1.000000	-1.000000	-1.000000	-1.000000	84.620690	0.000000	-1.000000	-1.000000	824591.000000	1769635460.190275
16174.710000	19763.595000	26171.820000	38601.360000	12739.950000	-2714.085000	-11088.315000	-449.820000	9.507266	-0.779678	-9.983681	-24.124370	-19.408895	-11.104677	-2.227178	9.577284	1.510740	5.402040	-2.685760	-0.865293	-0.256164	0.347777	-1.000000	-1.000000	-1.000000	-1.000000	-1.000000	-1.000000	-1.000000	84.620690	0.000000	-1.000000	-1.000000	824592.000000	1769635460.190287
16163.460000	19785.780000	26199.135000	38628.855000	12765.555000	-2698.560000	-11090.790000	-472.365000	-1.109719	3.378017	-1.544718	-14.448782	-11.773979	-5.443285	-0.322264	-1.661208	1.510740	5.402040	-2.685760	-0.865293	-0.256164	0.347777	-1.000000	-1.000000	-1.000000	-1.000000	-1.000000	-1.000000	-1.000000	84.620690	0.000000	-1.000000	-1.000000	824593.000000	1769635460.194264
16218.135000	19777.545000	26165.700000	38591.280000	12749.220000	-2710.395000	-11103.885000	-420.480000	-13.833498	5.593018	7.772296	2.262368	1.113137	2.953079	2.605471	-15.451750	1.510740	5.402040	-2.685760	-0.865293	-0.256164	0.347777	-1.000000	-1.000000	-1.000000	-1.000000	-1.000000	-1.000000	-1.000000	84.620690	0.000000	-1.000000	-1.000000	824594.000000	1769635460.194276
16204.635000	19730.610000	26134.785000	38607.075000	12743.415000	-2725.695000	-11087.280000	-402.525000	-18.033808	5.163345	13.220500	19.163807	14.208126	9.982825	4.455473	-20.578239	1.510740	5.402040	-2.685760	-0.865293	-0.256164	0.347777	-1.000000	-1.000000	-1.000000	-1.000000	-1.000000	-1.000000	-1.000000	84.620690	0.000000	-1.000000	-1.000000	824595.000000	1769635460.200403
16159.680000	19728.360000	26168.400000	38689.020000	12782.385000	-2704.770000	-11064.375000	-443.520000	-11.411312	2.091836	13.038301	31.236166	23.144344	12.812955	4.349481	-13.223374	1.510740	5.402040	-2.685760	-0.865293	-0.256164	0.347777	-1.000000	-1.000000	-1.000000	-1.000000	-1.000000	-1.000000	-1.000000	84.620690	0.000000	-1.000000	-1.000000	824596.000000	1769635460.200416
16132.590000	19731.915000	26198.910000	38748.915000	12813.480000	-2680.605000	-11027.700000	-473.220000	-1.735096	-1.905114	10.395433	38.296518	26.861567	12.222818	4.125077	-1.000065	-5.051060	3.402980	-0.976640	-0.871702	-0.249145	0.345641	-1.000000	-1.000000	-1.000000	-1.000000	-1.000000	-1.000000	-1.000000	84.620690	0.000000	-1.000000	-1.000000	824597.000000	1769635460.202520
16158.510000	19759.770000	26211.060000	38718.450000	12810.330000	-2681.010000	-11044.485000	-457.020000	3.482962	-3.516951	9.274524	39.487853	25.605537	10.457169	5.166929	6.411350	-5.051060	3.402980	-0.976640	-0.871702	-0.249145	0.345641	-1.000000	-1.000000	-1.000000	-1.000000	-1.000000	-1.000000	-1.000000	84.620690	0.000000	-1.000000	-1.000000	824598.000000	1769635460.202531
16206.570000	19805.850000	26216.820000	38662.695000	12799.665000	-2683.350000	-11106.630000	-445.230000	4.771671	0.155952	9.954127	29.898762	18.720284	7.932797	4.687889	6.823644	-5.051060	3.402980	-0.976640	-0.871702	-0.249145	0.345641	-1.000000	-1.000000	-1.000000	-1.000000	-1.000000	-1.000000	-1.000000	84.620690	0.000000	-1.000000	-1.000000	824599.000000	1769635460.207711
16293.960000	19841.130000	26232.255000	38692.170000	12824.550000	-2684.430000	-11161.350000	-377.595000	9.087430	9.047372	9.491778	7.440067	6.601178	3.435929	-2.406026	6.123075	-5.051060	3.402980	-0.976640	-0.871702	-0.249145	0.345641	-1.000000	-1.000000	-1.000000	-1.000000	-1.000000	-1.000000	-1.000000	84.620690	0.000000	-1.000000	-1.000000	824600.000000	1769635460.207722
16292.745000	19795.500000	26205.120000	38712.870000	12818.430000	-2703.780000	-11132.415000	-342.810000	20.748572	17.079746	3.925665	-20.770182	-8.120417	-4.025401	-15.219741	11.896303	-5.051060	3.402980	-0.976640	-0.871702	-0.249145	0.345641	-1.000000	-1.000000	-1.000000	-1.000000	-1.000000	-1.000000	-1.000000	84.620690	0.000000	-1.000000	-1.000000	824601.000000	1769635460.211896
16279.875000	19765.395000	26198.910000	38718.405000	12813.795000	-2707.515000	-11124.630000	-338.445000	32.367419	14.684156	-8.357916	-42.705428	-22.191808	-13.492156	-23.869785	23.299004	-5.051060	3.402980	-0.976640	-0.871702	-0.249145	0.345641	-1.000000	-1.000000	-1.000000	-1.000000	-1.000000	-1.000000	-1.000000	84.620690	0.000000	-1.000000	-1.000000	824602.000000	1769635460.211915
16233.525000	19783.620000	26246.295000	38725.605000	12836.745000	-2672.010000	-11089.710000	-392.985000	29.261700	0.034605	-21.360254	-49.068562	-31.064494	-20.081491	-19.055249	27.821767	-5.051060	3.402980	-0.976640	-0.871702	-0.249145	0.345641	-1.000000	-1.000000	-1.000000	-1.000000	-1.000000	-1.000000	-1.000000	84.620690	0.000000	-1.000000	-1.000000	824603.000000	1769635460.214687
16179.345000	19786.410000	26208.810000	38633.805000	12772.845000	-2690.640000	-11098.845000	-442.665000	5.688330	-16.206839	-25.086872	-39.630556	-30.656879	-18.040821	-2.109313	13.868428	-5.051060	3.402980	-0.976640	-0.871702	-0.249145	0.345641	-1.000000	-1.000000	-1.000000	-1.000000	-1.000000	-1.000000	-1.000000	84.620690	0.000000	-1.000000	-1.000000	824604.000000	1769635460.214694
16188.255000	19820.610000	26217.585000	38679.705000	12778.830000	-2694.015000	-11111.130000	-471.555000	-26.685783	-21.940886	-17.735132	-23.758022	-22.724360	-8.175093	15.776259	-14.559253	-5.051060	3.402980	-0.976640	-0.871702	-0.249145	0.345641	-1.000000	-1.000000	-1.000000	-1.000000	-1.000000	-1.000000	-1.000000	84.620690	0.000000	-1.000000	-1.000000	824605.000000	1769635460.218125
16172.910000	19763.010000	26180.010000	38721.105000	12800.205000	-2687.940000	-11092.095000	-471.555000	-48.197764	-15.592410	-6.820486	-8.540201	-11.754294	2.701417	23.547333	-40.130816	-5.051060	3.402980	-0.976640	-0.871702	-0.249145	0.345641	-1.000000	-1.000000	-1.000000	-1.000000	-1.000000	-1.000000	-1.000000	84.620690	0.000000	-1.000000	-1.000000	824606.000000	1769635460.218136
16127.550000	19727.370000	26186.175000	38798.730000	12858.615000	-2671.065000	-11078.550000	-481.950000	-48.568910	-6.130413	0.783206	8.709561	1.651501	9.682879	19.894918	-47.701512	-12.269040	7.431620	0.549360	-0.877561	-0.233764	0.340575	-1.000000	-1.000000	-1.000000	-1.000000	-1.000000	-1.000000	-1.000000	84.620690	0.000000	-1.000000	-1.000000	824607.000000	1769635460.222232
16162.065000	19792.935000	26271.990000	38888.910000	12926.520000	-2637.675000	-11059.515000	-466.695000	-32.239851	-1.745946	5.340706	31.562787	18.438012	12.793559	12.177634	-34.659565	-12.269040	7.431620	0.549360	-0.877561	-0.233764	0.340575	-1.000000	-1.000000	-1.000000	-1.000000	-1.000000	-1.000000	-1.000000	84.620690	0.000000	-1.000000	-1.000000	824608.000000	1769635460.222241
16164.270000	19792.035000	26269.380000	38876.895000	12936.330000	-2619.270000	-11047.905000	-466.920000	-8.768844	-0.870420	11.034505	52.651518	34.323183	13.779374	7.028742	-9.287202	-12.269040	7.431620	0.549360	-0.877561	-0.233764	0.340575	-1.000000	-1.000000	-1.000000	-1.000000	-1.000000	-1.000000	-1.000000	84.620690	0.000000	-1.000000	-1.000000	824609.000000	1769635460.226110
16178.580000	19801.035000	26274.060000	38873.340000	12962.295000	-2593.395000	-11069.145000	-460.080000	14.507712	2.385005	17.492643	55.551718	39.973996	13.147098	3.853418	16.184373	-12.269040	7.431620	0.549360	-0.877561	-0.233764	0.340575	-1.000000	-1.000000	-1.000000	-1.000000	-1.000000	-1.000000	-1.000000	84.620690	0.000000	-1.000000	-1.000000	824610.000000	1769635460.226124
16236.405000	19849.995000	26298.225000	38848.455000	12939.705000	-2603.655000	-11076.615000	-417.420000	32.914749	10.018388	19.680748	31.789088	29.436035	9.843810	-2.257116	32.711723	-12.269040	7.431620	0.549360	-0.877561	-0.233764	0.340575	-1.000000	-1.000000	-1.000000	-1.000000	-1.000000	-1.000000	-1.000000	84.620690	0.000000	-1.000000	-1.000000	824611.000000	1769635460.231796
16279.065000	19887.480000	26312.220000	38837.655000	12932.595000	-2592.945000	-11055.420000	-384.840000	44.360143	19.436773	14.922842	-8.224181	5.919854	2.699023	-12.335220	38.598409	-12.269040	7.431620	0.549360	-0.877561	-0.233764	0.340575	-1.000000	-1.000000	-1.000000	-1.000000	-1.000000	-1.000000	-1.000000	84.620690	0.000000	-1.000000	-1.000000	824612.000000	1769635460.231808
16249.140000	19837.260000	26254.305000	38756.520000	12867.930000	-2629.440000	-11063.970000	-399.870000	46.960702	24.216423	4.426290	-44.302959	-20.481882	-7.283931	-21.004209	36.399208	-12.269040	7.431620	0.549360	-0.877561	-0.233764	0.340575	-1.000000	-1.000000	-1.000000	-1.000000	-1.000000	-1.000000	-1.000000	84.620690	0.000000	-1.000000	-1.000000	824613.000000	1769635460.234176
16195.860000	19784.430000	26168.895000	38613.375000	12754.980000	-2714.400000	-11105.820000	-437.535000	36.038796	16.764239	-10.116290	-64.263825	-40.805655	-17.826074	-22.977641	26.587895	-12.269040	7.431620	0.549360	-0.877561	-0.233764	0.340575	-1.000000	-1.000000	-1.000000	-1.000000	-1.000000	-1.000000	-1.000000	84.620690	0.000000	-1.000000	-1.000000	824614.000000	1769635460.234182
16183.530000	19757.205000	26134.380000	38576.115000	12733.470000	-2716.380000	-11101.590000	-448.380000	9.852368	-2.956829	-25.714852	-68.041996	-51.395044	-26.697723	-18.258011	8.186838	-12.269040	7.431620	0.549360	-0.877561	-0.233764	0.340575	-1.000000	-1.000000	-1.000000	-1.000000	-1.000000	-1.000000	-1.000000	84.620690	0.000000	-1.000000	-1.000000	824615.000000	1769635460.238232
16183.485000	19734.885000	26137.530000	38637.990000	12750.345000	-2722.320000	-11093.940000	-439.650000	-22.502221	-24.569390	-35.450453	-55.767798	-49.184689	-29.499360	-9.117188	-14.875158	-12.269040	7.431620	0.549360	-0.877561	-0.233764	0.340575	-1.000000	-1.000000	-1.000000	-1.000000	-1.000000	-1.000000	-1.000000	84.620690	0.000000	-1.000000	-1.000000	824616.000000	1769635460.238244
16192.665000	19772.370000	26216.055000	38759.985000	12830.130000	-2694.555000	-11088.540000	-440.370000	-46.050109	-36.333126	-31.918445	-23.871328	-30.404248	-21.635128	2.594472	-33.307392	-24.431260	1.739640	-0.534100	-0.898435	-0.222106	0.304565	-1.000000	-1.000000	-1.000000	-1.000000	-1.000000	-1.000000	-1.000000	84.620690	0.000000	-1.000000	-1.000000	824617.000000	1769635460.246594
16218.135000	19790.235000	26242.560000	38800.710000	12874.635000	-2673.315000	-11112.390000	-429.840000	-50.537457	-31.877306	-12.614156	24.473713	3.450736	-3.613122	13.434642	-39.108750	-24.431260	1.739640	-0.534100	-0.898435	-0.222106	0.304565	-1.000000	-1.000000	-1.000000	-1.000000	-1.000000	-1.000000	-1.000000	84.620690	0.000000	-1.000000	-1.000000	824618.000000	1769635460.246607
16217.235000	19822.005000	26284.095000	38830.005000	12898.305000	-2654.505000	-11125.665000	-454.050000	-35.451944	-12.165535	16.480592	72.346358	41.352320	18.130373	18.816485	-31.131398	-24.431260	1.739640	-0.534100	-0.898435	-0.222106	0.304565	-1.000000	-1.000000	-1.000000	-1.000000	-1.000000	-1.000000	-1.000000	84.620690	0.000000	-1.000000	-1.000000	824619.000000	1769635460.246645
16183.890000	19847.070000	26303.715000	38823.120000	12894.570000	-2649.150000	-11108.070000	-491.535000	-10.762122	13.217970	41.623372	96.928887	66.538240	34.462100	16.923152	-15.908318	-24.431260	1.739640	-0.534100	-0.898435	-0.222106	0.304565	-1.000000	-1.000000	-1.000000	-1.000000	-1.000000	-1.000000	-1.000000	84.620690	0.000000	-1.000000	-1.000000	824620.000000	1769635460.246651
16191.495000	19839.555000	26264.520000	38748.285000	12833.010000	-2684.430000	-11093.805000	-467.325000	10.076683	31.155676	49.400924	84.669476	66.508092	37.978660	10.245133	-1.516824	-24.431260	1.739640	-0.534100	-0.898435	-0.222106	0.304565	-1.000000	-1.000000	-1.000000	-1.000000	-1.000000	-1.000000	-1.000000	84.620690	0.000000	-1.000000	-1.000000	824621.000000	1769635460.250268
16226.730000	19787.895000	26227.305000	38741.130000	12815.010000	-2687.670000	-11075.265000	-394.830000	21.638639	33.625182	35.884562	40.829503	41.433310	27.552902	3.636663	10.819462	-24.431260	1.739640	-0.534100	-0.898435	-0.222106	0.304565	-1.000000	-1.000000	-1.000000	-1.000000	-1.000000	-1.000000	-1.000000	84.620690	0.000000	-1.000000	-1.000000	824622.000000	1769635460.250278
16205.445000	19737.495000	26193.375000	38729.745000	12783.465000	-2714.580000	-11078.415000	-394.515000	26.731619	21.247958	9.155258	-12.166085	4.753416	9.703331	0.789664	23.932322	-24.431260	1.739640	-0.534100	-0.898435	-0.222106	0.304565	-1.000000	-1.000000	-1.000000	-1.000000	-1.000000	-1.000000	-1.000000	84.620690	0.000000	-1.000000	-1.000000	824623.000000	1769635460.255539
16183.035000	19775.700000	26213.985000	38703.105000	12780.135000	-2708.685000	-11102.580000	-440.145000	26.743010	2.203203	-16.686336	-50.635288	-26.787515	-7.027782	0.720423	33.918006	-24.431260	1.739640	-0.534100	-0.898435	-0.222106	0.304565	-1.000000	-1.000000	-1.000000	-1.000000	-1.000000	-1.000000	-1.000000	84.620690	0.000000	-1.000000	-1.000000	824624.000000	1769635460.255550
16169.220000	19757.295000	26157.195000	38601.810000	12746.970000	-2705.895000	-11092.725000	-453.240000	19.237283	-12.959048	-32.199029	-67.621966	-44.556874	-17.835126	-0.713801	31.137637	-24.431260	1.739640	-0.534100	-0.898435	-0.222106	0.304565	-1.000000	-1.000000	-1.000000	-1.000000	-1.000000	-1.000000	-1.000000	84.620690	0.000000	-1.000000	-1.000000	824625.000000	1769635460.258466
16179.795000	19755.810000	26155.395000	38629.035000	12789.180000	-2684.745000	-11081.205000	-444.015000	4.424574	-19.306161	-37.430058	-69.856721	-48.463574	-21.561737	-4.699619	13.188639	-24.431260	1.739640	-0.534100	-0.898435	-0.222106	0.304565	-1.000000	-1.000000	-1.000000	-1.000000	-1.000000	-1.000000	-1.000000	84.620690	0.000000	-1.000000	-1.000000	824626.000000	1769635460.258478
16164.360000	19741.230000	26172.270000	38742.705000	12846.915000	-2673.045000	-11052.945000	-447.795000	-11.889083	-18.591498	-34.816742	-58.733436	-39.571411	-18.967649	-7.579112	-10.394799	-16.602880	4.257540	11.231360	-0.882261	-0.274902	0.346252	-1.000000	-1.000000	-1.000000	-1.000000	-1.000000	-1.000000	-1.000000	84.620690	0.000000	-1.000000	-1.000000	824627.000000	1769635460.262376
16161.750000	19763.910000	26236.035000	38865.150000	12908.835000	-2663.505000	-11050.425000	-457.875000	-22.428792	-14.044689	-23.264529	-27.273087	-18.051977	-11.994006	-5.828024	-26.716017	-16.602880	4.257540	11.231360	-0.882261	-0.274902	0.346252	-1.000000	-1.000000	-1.000000	-1.000000	-1.000000	-1.000000	-1.000000	84.620690	0.000000	-1.000000	-1.000000	824628.000000	1769635460.262388
16217.460000	19823.985000	26292.870000	38886.435000	12933.360000	-2643.345000	-11082.870000	-424.215000	-22.042578	-6.807523	-1.993363	22.336804	11.706718	-2.936071	-1.600331	-28.335557	-16.602880	4.257540	11.231360	-0.882261	-0.274902	0.346252	-1.000000	-1.000000	-1.000000	-1.000000	-1.000000	-1.000000	-1.000000	84.620690	0.000000	-1.000000	-1.000000	824629.000000	1769635460.268912
16215.840000	19816.155000	26263.305000	38814.570000	12897.180000	-2656.890000	-11093.895000	-424.575000	-10.098670	3.826959	24.116853	69.194647	38.678053	6.243674	-0.686067	-16.652529	-16.602880	4.257540	11.231360	-0.882261	-0.274902	0.346252	-1.000000	-1.000000	-1.000000	-1.000000	-1.000000	-1.000000	-1.000000	84.620690	0.000000	-1.000000	-1.000000	824630.000000	1769635460.268923
16210.035000	19811.520000	26252.640000	38804.355000	12884.535000	-2672.190000	-11107.395000	-435.105000	6.578503	16.460617	44.071616	86.766128	50.047685	13.095478	-4.826543	-0.963317	-16.602880	4.257540	11.231360	-0.882261	-0.274902	0.346252	-1.000000	-1.000000	-1.000000	-1.000000	-1.000000	-1.000000	-1.000000	84.620690	0.000000	-1.000000	-1.000000	824631.000000	1769635460.270285
16230.780000	19821.240000	26264.745000	38820.015000	12882.825000	-2676.420000	-11113.290000	-428.175000	18.338474	25.857111	47.569472	65.175248	40.017858	14.779493	-9.656604	9.312543	-16.602880	4.257540	11.231360	-0.882261	-0.274902	0.346252	-1.000000	-1.000000	-1.000000	-1.000000	-1.000000	-1.000000	-1.000000	84.620690	0.000000	-1.000000	-1.000000	824632.000000	1769635460.270296
16241.985000	19808.370000	26250.255000	38810.880000	12884.580000	-2671.245000	-11116.215000	-418.950000	20.921086	25.774723	32.409922	18.463455	14.058311	10.296984	-9.793025	12.411686	-16.602880	4.257540	11.231360	-0.882261	-0.274902	0.346252	-1.000000	-1.000000	-1.000000	-1.000000	-1.000000	-1.000000	-1.000000	84.620690	0.000000	-1.000000	-1.000000	824633.000000	1769635460.274692
16226.055000	19781.775000	26214.705000	38778.660000	12865.500000	-2663.910000	-11067.390000	-411.345000	15.102040	13.276099	4.752325	-29.042776	-15.813949	1.585097	-3.294387	11.580959	-16.602880	4.257540	11.231360	-0.882261	-0.274902	0.346252	-1.000000	-1.000000	-1.000000	-1.000000	-1.000000	-1.000000	-1.000000	84.620690	0.000000	-1.000000	-1.000000	824634.000000	1769635460.274705
16220.745000	19769.760000	26194.185000	38747.025000	12836.745000	-2668.770000	-11012.445000	-394.020000	3.135762	-7.471112	-24.702263	-60.151973	-39.139149	-7.770878	8.135192	8.966849	-16.602880	4.257540	11.231360	-0.882261	-0.274902	0.346252	-1.000000	-1.000000	-1.000000	-1.000000	-1.000000	-1.000000	-1.000000	84.620690	0.000000	-1.000000	-1.000000	824635.000000	1769635460.279206
16253.910000	19799.730000	26217.495000	38760.120000	12844.170000	-2689.245000	-11095.155000	-371.025000	-10.113584	-26.064061	-44.919357	-70.586303	-50.353692	-14.625455	18.615779	5.546040	-16.602880	4.257540	11.231360	-0.882261	-0.274902	0.346252	-1.000000	-1.000000	-1.000000	-1.000000	-1.000000	-1.000000	-1.000000	84.620690	0.000000	-1.000000	-1.000000	824636.000000	1769635460.279217
16242.345000	19793.385000	26204.220000	38737.350000	12829.005000	-2698.740000	-11116.440000	-379.170000	-18.070939	-33.189651	-49.139656	-62.969401	-47.028292	-17.217304	19.216172	2.306809	-8.805020	11.521300	0.488320	-0.829099	-0.307433	0.386413	-1.000000	-1.000000	-1.000000	-1.000000	-1.000000	-1.000000	-1.000000	84.620690	0.000000	-1.000000	-1.000000	824637.000000	1769635460.282456
16229.250000	19767.735000	26173.215000	38696.400000	12796.380000	-2714.760000	-11110.545000	-381.645000	-18.580345	-27.740555	-37.775718	-40.386669	-29.606851	-14.781764	7.593554	-1.352298	-8.805020	11.521300	0.488320	-0.829099	-0.307433	0.386413	-1.000000	-1.000000	-1.000000	-1.000000	-1.000000	-1.000000	-1.000000	84.620690	0.000000	-1.000000	-1.000000	824638.000000	1769635460.282462
16205.985000	19788.255000	26205.120000	38726.505000	12820.410000	-2691.630000	-11104.110000	-429.345000	-14.708387	-14.303401	-15.419421	-6.040877	-2.222243	-6.911354	-7.392625	-7.173037	-8.805020	11.521300	0.488320	-0.829099	-0.307433	0.386413	-1.000000	-1.000000	-1.000000	-1.000000	-1.000000	-1.000000	-1.000000	84.620690	0.000000	-1.000000	-1.000000	824639.000000	1769635460.286439
16192.350000	19805.175000	26235.315000	38764.845000	12840.480000	-2685.285000	-11093.760000	-452.970000	-9.372025	3.155965	12.612371	33.105464	27.827559	5.664059	-15.075482	-14.765839	-8.805020	11.521300	0.488320	-0.829099	-0.307433	0.386413	-1.000000	-1.000000	-1.000000	-1.000000	-1.000000	-1.000000	-1.000000	84.620690	0.000000	-1.000000	-1.000000	824640.000000	1769635460.286453
16194.870000	19797.390000	26229.195000	38770.515000	12840.930000	-2695.680000	-11092.995000	-440.820000	-3.422481	19.934076	37.778392	64.082563	50.270657	18.484974	-11.867520	-19.856880	-8.805020	11.521300	0.488320	-0.829099	-0.307433	0.386413	-1.000000	-1.000000	-1.000000	-1.000000	-1.000000	-1.000000	-1.000000	84.620690	0.000000	-1.000000	-1.000000	824641.000000	1769635460.290320
16187.625000	19779.795000	26224.965000	38786.580000	12860.820000	-2682.180000	-11094.705000	-432.180000	2.840897	28.947060	49.254220	73.817710	55.511941	24.435554	-2.192718	-17.092069	-8.805020	11.521300	0.488320	-0.829099	-0.307433	0.386413	-1.000000	-1.000000	-1.000000	-1.000000	-1.000000	-1.000000	-1.000000	84.620690	0.000000	-1.000000	-1.000000	824642.000000	1769635460.290331
16173.045000	19776.645000	26231.220000	38791.755000	12868.560000	-2665.125000	-11080.755000	-440.055000	8.551433	26.105196	42.274636	58.722500	41.610221	20.009353	5.568449	-5.928020	-8.805020	11.521300	0.488320	-0.829099	-0.307433	0.386413	-1.000000	-1.000000	-1.000000	-1.000000	-1.000000	-1.000000	-1.000000	84.620690	0.000000	-1.000000	-1.000000	824643.000000	1769635460.294251
16157.970000	19788.705000	26234.190000	38785.230000	12863.520000	-2663.145000	-11064.555000	-466.470000	11.879083	14.044792	21.473119	25.793434	15.365007	8.357104	6.424151	7.410230	-8.805020	11.521300	0.488320	-0.829099	-0.307433	0.386413	-1.000000	-1.000000	-1.000000	-1.000000	-1.000000	-1.000000	-1.000000	84.620690	0.000000	-1.000000	-1.000000	824644.000000	1769635460.294261
16205.265000	19809.585000	26235.000000	38776.860000	12856.545000	-2671.740000	-11085.795000	-433.170000	11.735717	-0.701391	-4.165921	-13.053096	-12.972140	-4.213621	3.031839	15.757916	-8.805020	11.521300	0.488320	-0.829099	-0.307433	0.386413	-1.000000	-1.000000	-1.000000	-1.000000	-1.000000	-1.000000	-1.000000	84.620690	0.000000	-1.000000	-1.000000	824645.000000	1769635460.298324
16254.585000	19799.595000	26209.980000	38744.550000	12835.305000	-2687.490000	-11104.605000	-383.355000	10.404684	-12.019048	-25.764766	-44.484989	-33.801569	-12.887306	0.382835	18.032469	-8.805020	11.521300	0.488320	-0.829099	-0.307433	0.386413	-1.000000	-1.000000	-1.000000	-1.000000	-1.000000	-1.000000	-1.000000	84.620690	0.000000	-1.000000	-1.000000	824646.000000	1769635460.298334
16279.605000	19778.310000	26175.105000	38693.880000	12801.510000	-2709.540000	-11116.440000	-356.940000	11.279570	-16.727028	-36.605583	-57.590803	-40.787846	-16.156516	-0.762160	18.011642	-18.312000	1.419180	6.317640	-0.871214	-0.258239	0.348388	-1.000000	-1.000000	-1.000000	-1.000000	-1.000000	-1.000000	-1.000000	84.620690	0.000000	-1.000000	-1.000000	824647.000000	1769635460.303732
16244.820000	19789.020000	26183.250000	38665.260000	12789.270000	-2706.885000	-11122.065000	-406.395000	13.258399	-15.131975	-34.610799	-50.549275	-33.988823	-14.919114	-2.185726	17.181278	-18.312000	1.419180	6.317640	-0.871214	-0.258239	0.348388	-1.000000	-1.000000	-1.000000	-1.000000	-1.000000	-1.000000	-1.000000	84.620690	0.000000	-1.000000	-1.000000	824648.000000	1769635460.303745
16181.955000	19814.490000	26214.255000	38669.220000	12787.830000	-2697.435000	-11100.240000	-465.750000	10.080613	-9.226399	-22.203707	-30.796805	-19.093682	-10.337017	-3.779895	11.723649	-18.312000	1.419180	6.317640	-0.871214	-0.258239	0.348388	-1.000000	-1.000000	-1.000000	-1.000000	-1.000000	-1.000000	-1.000000	84.620690	0.000000	-1.000000	-1.000000	824649.000000	1769635460.306738
16151.400000	19785.555000	26179.020000	38626.155000	12740.895000	-2730.150000	-11079.945000	-469.665000	-2.847456	-1.328746	-4.326709	-7.823928	-3.286057	-3.701871	-3.208948	-1.776963	-18.312000	1.419180	6.317640	-0.871214	-0.258239	0.348388	-1.000000	-1.000000	-1.000000	-1.000000	-1.000000	-1.000000	-1.000000	84.620690	0.000000	-1.000000	-1.000000	824650.000000	1769635460.306749
16126.470000	19742.715000	26124.345000	38577.645000	12702.915000	-2748.555000	-11054.205000	-473.805000	-21.153349	4.972580	11.476646	10.656473	7.144952	1.792998	0.700503	-18.922421	-18.312000	1.419180	6.317640	-0.871214	-0.258239	0.348388	-1.000000	-1.000000	-1.000000	-1.000000	-1.000000	-1.000000	-1.000000	84.620690	0.000000	-1.000000	-1.000000	824651.000000	1769635460.310230
16165.980000	19785.870000	26183.385000	38679.660000	12770.235000	-2712.330000	-11068.245000	-462.420000	-32.915002	6.746755	18.812464	21.464634	10.667847	3.704920	5.191764	-29.387509	-18.312000	1.419180	6.317640	-0.871214	-0.258239	0.348388	-1.000000	-1.000000	-1.000000	-1.000000	-1.000000	-1.000000	-1.000000	84.620690	0.000000	-1.000000	-1.000000	824652.000000	1769635460.310257
16185.150000	19771.200000	26193.465000	38762.010000	12832.380000	-2695.680000	-11068.965000	-435.285000	-28.473984	4.805918	18.344410	28.754881	13.085506	4.326226	6.168716	-25.737504	-18.312000	1.419180	6.317640	-0.871214	-0.258239	0.348388	-1.000000	-1.000000	-1.000000	-1.000000	-1.000000	-1.000000	-1.000000	84.620690	0.000000	-1.000000	-1.000000	824653.000000	1769635460.318757
16236.180000	19825.470000	26277.660000	38895.840000	12936.600000	-2648.160000	-11096.505000	-405.180000	-9.248485	2.078975	15.704580	38.225526	21.031908	7.726862	3.028826	-9.546596	-18.312000	1.419180	6.317640	-0.871214	-0.258239	0.348388	-1.000000	-1.000000	-1.000000	-1.000000	-1.000000	-1.000000	-1.000000	84.620690	0.000000	-1.000000	-1.000000	824654.000000	1769635460.318771
16225.020000	19860.165000	26324.145000	38927.385000	12975.345000	-2610.225000	-11072.745000	-418.770000	13.209807	2.062302	16.112827	48.937273	33.935322	14.796016	-1.242807	9.176749	-18.312000	1.419180	6.317640	-0.871214	-0.258239	0.348388	-1.000000	-1.000000	-1.000000	-1.000000	-1.000000	-1.000000	-1.000000	84.620690	0.000000	-1.000000	-1.000000	824655.000000	1769635460.318922
16195.995000	19862.145000	26314.695000	38896.695000	12966.165000	-2603.025000	-11074.050000	-453.285000	26.106303	6.430863	19.453596	51.255500	42.492548	21.753159	-3.301155	19.324482	-18.312000	1.419180	6.317640	-0.871214	-0.258239	0.348388	-1.000000	-1.000000	-1.000000	-1.000000	-1.000000	-1.000000	-1.000000	84.620690	0.000000	-1.000000	-1.000000	824656.000000	1769635460.318934
16191.990000	19876.455000	26293.905000	38829.735000	12891.375000	-2661.210000	-11079.990000	-444.825000	24.552663	11.132169	17.810472	32.774477	33.931312	21.036936	-2.448779	17.900354	-46.237800	-9.934260	-6.104000	-0.893552	-0.194213	0.306579	-1.000000	-1.000000	-1.000000	-1.000000	-1.000000	-1.000000	-1.000000	84.620690	0.000000	-1.000000	-1.000000	824657.000000	1769635460.322668
16158.375000	19859.085000	26270.505000	38774.520000	12830.805000	-2718.900000	-11109.195000	-468.495000	13.581205	9.840972	3.757163	-8.545532	3.283370	6.725832	-1.556899	10.656726	-46.237800	-9.934260	-6.104000	-0.893552	-0.194213	0.306579	-1.000000	-1.000000	-1.000000	-1.000000	-1.000000	-1.000000	-1.000000	84.620690	0.000000	-1.000000	-1.000000	824658.000000	1769635460.322679
16159.950000	19776.375000	26230.680000	38778.885000	12849.435000	-2705.940000	-11151.765000	-473.580000	1.458183	0.509174	-18.977276	-56.139454	-37.358539	-16.945923	-4.294694	3.404082	-46.237800	-9.934260	-6.104000	-0.893552	-0.194213	0.306579	-1.000000	-1.000000	-1.000000	-1.000000	-1.000000	-1.000000	-1.000000	84.620690	0.000000	-1.000000	-1.000000	824659.000000	1769635460.326159
16202.610000	19735.155000	26194.005000	38802.330000	12889.260000	-2656.170000	-11093.805000	-435.870000	-5.928305	-13.844709	-38.252072	-84.156109	-64.476631	-35.320192	-9.990725	-1.787194	-46.237800	-9.934260	-6.104000	-0.893552	-0.194213	0.306579	-1.000000	-1.000000	-1.000000	-1.000000	-1.000000	-1.000000	-1.000000	84.620690	0.000000	-1.000000	-1.000000	824660.000000	1769635460.326170
16231.860000	19810.305000	26233.335000	38804.085000	12889.125000	-2639.520000	-11044.755000	-419.985000	-6.467867	-25.925235	-44.244542	-78.689522	-62.932085	-35.819862	-11.380838	-3.757484	-46.237800	-9.934260	-6.104000	-0.893552	-0.194213	0.306579	-1.000000	-1.000000	-1.000000	-1.000000	-1.000000	-1.000000	-1.000000	84.620690	0.000000	-1.000000	-1.000000	824661.000000	1769635460.330227
16253.010000	19875.060000	26286.795000	38812.590000	12885.300000	-2650.545000	-11072.205000	-415.710000	-2.913234	-25.886718	-33.783618	-47.619831	-38.156985	-19.411025	-2.513109	-3.106605	-46.237800	-9.934260	-6.104000	-0.893552	-0.194213	0.306579	-1.000000	-1.000000	-1.000000	-1.000000	-1.000000	-1.000000	-1.000000	84.620690	0.000000	-1.000000	-1.000000	824662.000000	1769635460.330238
16230.060000	19861.740000	26266.275000	38786.400000	12857.355000	-2678.490000	-11086.065000	-417.060000	-1.153611	-10.705403	-11.183536	-10.021564	-7.913092	1.338254	11.862032	-3.067248	-46.237800	-9.934260	-6.104000	-0.893552	-0.194213	0.306579	-1.000000	-1.000000	-1.000000	-1.000000	-1.000000	-1.000000	-1.000000	84.620690	0.000000	-1.000000	-1.000000	824663.000000	1769635460.335478
16179.030000	19787.985000	26208.945000	38747.070000	12828.105000	-2703.150000	-11075.220000	-432.315000	-5.094941	8.828462	11.630792	18.968724	13.325737	13.478712	20.879968	-5.280537	-46.237800	-9.934260	-6.104000	-0.893552	-0.194213	0.306579	-1.000000	-1.000000	-1.000000	-1.000000	-1.000000	-1.000000	-1.000000	84.620690	0.000000	-1.000000	-1.000000	824664.000000	1769635460.335490
16194.645000	19827.405000	26239.500000	38756.925000	12828.510000	-2706.615000	-11092.005000	-431.280000	-12.200148	18.581793	23.882844	35.226607	22.653908	13.506108	18.575247	-7.241543	-46.237800	-9.934260	-6.104000	-0.893552	-0.194213	0.306579	-1.000000	-1.000000	-1.000000	-1.000000	-1.000000	-1.000000	-1.000000	84.620690	0.000000	-1.000000	-1.000000	824665.000000	1769635460.338222
16209.630000	19830.375000	26246.250000	38774.520000	12848.760000	-2694.195000	-11107.665000	-423.405000	-14.567735	15.782397	25.206871	43.154461	26.563321	8.471155	6.989426	-5.415245	-46.237800	-9.934260	-6.104000	-0.893552	-0.194213	0.306579	-1.000000	-1.000000	-1.000000	-1.000000	-1.000000	-1.000000	-1.000000	84.620690	0.000000	-1.000000	-1.000000	824666.000000	1769635460.338232
16168.995000	19768.545000	26193.195000	38737.935000	12816.585000	-2722.365000	-11113.785000	-448.380000	-7.357512	7.480213	21.242340	46.534195	30.906475	7.105157	-6.881995	0.277510	-42.331240	-5.341000	-0.473060	-0.853330	-0.224487	0.329528	-1.000000	-1.000000	-1.000000	-1.000000	-1.000000	-1.000000	-1.000000	84.620690	0.000000	-1.000000	-1.000000	824667.000000	1769635460.342221
16126.560000	19708.740000	26132.085000	38677.770000	12761.010000	-2729.790000	-11078.775000	-469.395000	4.246709	0.326628	14.818405	41.881424	32.054124	9.728871	-15.258198	5.396830	-42.331240	-5.341000	-0.473060	-0.853330	-0.224487	0.329528	-1.000000	-1.000000	-1.000000	-1.000000	-1.000000	-1.000000	-1.000000	84.620690	0.000000	-1.000000	-1.000000	824668.000000	1769635460.342229
16154.595000	19748.880000	26175.555000	38707.605000	12760.155000	-2684.790000	-11036.385000	-449.865000	10.442788	-3.129247	6.420121	24.115792	21.778775	10.263525	-14.445978	5.254559	-42.331240	-5.341000	-0.473060	-0.853330	-0.224487	0.329528	-1.000000	-1.000000	-1.000000	-1.000000	-1.000000	-1.000000	-1.000000	84.620690	0.000000	-1.000000	-1.000000	824669.000000	1769635460.346214
16249.500000	19899.270000	26323.065000	38820.645000	12835.440000	-2661.300000	-11127.015000	-412.020000	8.984537	-1.659710	-0.191999	-1.239546	1.559376	6.367564	-7.992582	0.660596	-42.331240	-5.341000	-0.473060	-0.853330	-0.224487	0.329528	-1.000000	-1.000000	-1.000000	-1.000000	-1.000000	-1.000000	-1.000000	84.620690	0.000000	-1.000000	-1.000000	824670.000000	1769635460.346227
16254.720000	19860.930000	26311.590000	38849.760000	12880.170000	-2672.100000	-11125.260000	-402.750000	6.209295	4.581974	-0.326810	-19.480995	-15.321569	1.123798	-2.895612	-3.076924	-42.331240	-5.341000	-0.473060	-0.853330	-0.224487	0.329528	-1.000000	-1.000000	-1.000000	-1.000000	-1.000000	-1.000000	-1.000000	84.620690	0.000000	-1.000000	-1.000000	824671.000000	1769635460.350174
16243.920000	19842.345000	26276.040000	38866.680000	12921.210000	-2672.100000	-11100.870000	-407.295000	6.584958	10.369428	3.368263	-21.796939	-17.491531	-2.657631	-1.106011	-2.607658	-42.331240	-5.341000	-0.473060	-0.853330	-0.224487	0.329528	-1.000000	-1.000000	-1.000000	-1.000000	-1.000000	-1.000000	-1.000000	84.620690	0.000000	-1.000000	-1.000000	824672.000000	1769635460.350185
16248.510000	19889.955000	26290.170000	38831.760000	12893.085000	-2658.870000	-11085.975000	-405.945000	8.637424	10.412110	3.784123	-12.281744	-6.214691	-4.160347	1.049129	1.153428	-42.331240	-5.341000	-0.473060	-0.853330	-0.224487	0.329528	-1.000000	-1.000000	-1.000000	-1.000000	-1.000000	-1.000000	-1.000000	84.620690	0.000000	-1.000000	-1.000000	824673.000000	1769635460.354333
16234.470000	19915.695000	26315.055000	38829.195000	12887.010000	-2667.510000	-11074.410000	-422.955000	8.630087	5.642241	-1.234436	-2.007447	6.845220	-3.587054	5.955753	5.068769	-42.331240	-5.341000	-0.473060	-0.853330	-0.224487	0.329528	-1.000000	-1.000000	-1.000000	-1.000000	-1.000000	-1.000000	-1.000000	84.620690	0.000000	-1.000000	-1.000000	824674.000000	1769635460.354342
16182.450000	19767.330000	26209.935000	38794.860000	12883.230000	-2677.905000	-11079.045000	-448.650000	3.356472	-2.357242	-9.432740	0.478447	10.756680	-2.263436	11.862262	5.719039	-42.331240	-5.341000	-0.473060	-0.853330	-0.224487	0.329528	-1.000000	-1.000000	-1.000000	-1.000000	-1.000000	-1.000000	-1.000000	84.620690	0.000000	-1.000000	-1.000000	824675.000000	1769635460.358909
16172.190000	19695.915000	26140.275000	38753.685000	12857.445000	-2710.620000	-11157.255000	-469.620000	-6.512220	-14.112704	-18.396110	-5.171273	3.991003	-2.005028	13.623710	1.948277	-42.331240	-5.341000	-0.473060	-0.853330	-0.224487	0.329528	-1.000000	-1.000000	-1.000000	-1.000000	-1.000000	-1.000000	-1.000000	84.620690	0.000000	-1.000000	-1.000000	824676.000000	1769635460.358915
16215.570000	19795.095000	26216.460000	38769.075000	12870.810000	-2716.965000	-11209.680000	-466.515000	-14.788620	-24.109787	-23.172267	-12.841008	-7.198196	-4.286648	5.018536	-3.906291	5.417300	-2.502640	3.387720	-0.840452	-0.312438	0.367614	-1.000000	-1.000000	-1.000000	-1.000000	-1.000000	-1.000000	-1.000000	84.620690	0.000000	-1.000000	-1.000000	824677.000000	1769635460.362330
16192.620000	19808.865000	26230.455000	38761.830000	12846.465000	-2757.645000	-11252.835000	-490.905000	-16.326045	-22.949620	-18.217126	-16.775822	-16.188568	-9.706596	-13.626735	-8.848549	5.417300	-2.502640	3.387720	-0.840452	-0.312438	0.367614	-1.000000	-1.000000	-1.000000	-1.000000	-1.000000	-1.000000	-1.000000	84.620690	0.000000	-1.000000	-1.000000	824678.000000	1769635460.362338
16198.740000	19835.235000	26253.810000	38775.600000	12824.820000	-2789.685000	-11293.920000	-473.265000	-13.487911	-11.306939	-6.404729	-16.531863	-21.386298	-16.502845	-30.534010	-11.510563	5.417300	-2.502640	3.387720	-0.840452	-0.312438	0.367614	-1.000000	-1.000000	-1.000000	-1.000000	-1.000000	-1.000000	-1.000000	84.620690	0.000000	-1.000000	-1.000000	824679.000000	1769635460.366274
16221.285000	19826.100000	26235.495000	38766.780000	12843.855000	-2701.125000	-11133.315000	-399.195000	-9.921507	2.308160	4.434369	-13.593194	-23.463022	-18.371278	-30.029102	-9.588820	5.417300	-2.502640	3.387720	-0.840452	-0.312438	0.367614	-1.000000	-1.000000	-1.000000	-1.000000	-1.000000	-1.000000	-1.000000	84.620690	0.000000	-1.000000	-1.000000	824680.000000	1769635460.366286
16222.410000	19803.330000	26215.785000	38755.980000	12857.175000	-2606.670000	-10962.225000	-375.570000	-3.831435	12.634381	11.365257	-6.853238	-19.685768	-6.884606	-4.277848	0.134614	5.417300	-2.502640	3.387720	-0.840452	-0.312438	0.367614	-1.000000	-1.000000	-1.000000	-1.000000	-1.000000	-1.000000	-1.000000	84.620690	0.000000	-1.000000	-1.000000	824681.000000	1769635460.372172
16202.070000	19792.215000	26197.110000	38736.720000	12831.705000	-2629.395000	-10972.395000	-400.320000	5.894356	16.432818	14.178135	4.506004	-7.038616	17.267384	37.145278	14.742862	5.417300	-2.502640	3.387720	-0.840452	-0.312438	0.367614	-1.000000	-1.000000	-1.000000	-1.000000	-1.000000	-1.000000	-1.000000	84.620690	0.000000	-1.000000	-1.000000	824682.000000	1769635460.372183
16196.580000	19768.050000	26184.420000	38748.195000	12860.460000	-2647.350000	-11002.455000	-403.200000	15.032930	12.239273	12.279468	17.486850	11.416104	38.910890	67.185901	24.371217	5.417300	-2.502640	3.387720	-0.840452	-0.312438	0.367614	-1.000000	-1.000000	-1.000000	-1.000000	-1.000000	-1.000000	-1.000000	84.620690	0.000000	-1.000000	-1.000000	824683.000000	1769635460.374499
16191.945000	19753.245000	26178.660000	38762.730000	12879.270000	-2646.810000	-10995.750000	-399.510000	19.449465	5.988300	8.927357	27.679617	28.369786	42.085704	62.575568	22.312092	5.417300	-2.502640	3.387720	-0.840452	-0.312438	0.367614	-1.000000	-1.000000	-1.000000	-1.000000	-1.000000	-1.000000	-1.000000	84.620690	0.000000	-1.000000	-1.000000	824684.000000	1769635460.374509
16208.010000	19791.855000	26218.485000	38791.935000	12885.210000	-2657.430000	-11049.165000	-401.580000	18.342105	6.077624	9.743087	32.436317	37.365688	24.767502	24.941505	10.588601	5.417300	-2.502640	3.387720	-0.840452	-0.312438	0.367614	-1.000000	-1.000000	-1.000000	-1.000000	-1.000000	-1.000000	-1.000000	84.620690	0.000000	-1.000000	-1.000000	824685.000000	1769635460.378402
16236.045000	19847.835000	26276.940000	38836.980000	12912.210000	-2663.640000	-11089.260000	-399.420000	12.205281	11.715924	14.170376	30.068536	34.697913	-2.815833	-24.603677	-4.372393	5.417300	-2.502640	3.387720	-0.840452	-0.312438	0.367614	-1.000000	-1.000000	-1.000000	-1.000000	-1.000000	-1.000000	-1.000000	84.620690	0.000000	-1.000000	-1.000000	824686.000000	1769635460.378412
16225.695000	19841.085000	26270.685000	38827.710000	12900.780000	-2678.940000	-11094.705000	-409.050000	2.357009	13.511368	14.542172	18.907940	20.692587	-27.067640	-61.766690	-16.661665	38.928260	-7.614740	-1.754900	-0.862608	-0.342834	0.379271	-1.000000	-1.000000	-1.000000	-1.000000	-1.000000	-1.000000	-1.000000	84.620690	0.000000	-1.000000	-1.000000	824687.000000	1769635460.382455
16204.230000	19814.760000	26234.955000	38788.740000	12867.930000	-2687.085000	-11098.395000	-431.325000	-8.937787	4.664304	4.562831	-0.987253	-0.494427	-38.215227	-70.954782	-23.483003	38.928260	-7.614740	-1.754900	-0.862608	-0.342834	0.379271	-1.000000	-1.000000	-1.000000	-1.000000	-1.000000	-1.000000	-1.000000	84.620690	0.000000	-1.000000	-1.000000	824688.000000	1769635460.382469
16206.660000	19808.865000	26222.895000	38776.140000	12864.195000	-2657.925000	-11060.505000	-422.910000	-18.556654	-11.556300	-13.025853	-24.486156	-22.590638	-35.177096	-54.421559	-25.248272	38.928260	-7.614740	-1.754900	-0.862608	-0.342834	0.379271	-1.000000	-1.000000	-1.000000	-1.000000	-1.000000	-1.000000	-1.000000	84.620690	0.000000	-1.000000	-1.000000	824689.000000	1769635460.386186
16197.525000	19783.935000	26199.180000	38756.790000	12848.355000	-2683.800000	-11054.790000	-413.640000	-22.306911	-25.069558	-27.907132	-41.108515	-37.625206	-23.842020	-27.536138	-21.724833	38.928260	-7.614740	-1.754900	-0.862608	-0.342834	0.379271	-1.000000	-1.000000	-1.000000	-1.000000	-1.000000	-1.000000	-1.000000	84.620690	0.000000	-1.000000	-1.000000	824690.000000	1769635460.386197
16294.995000	19885.950000	26305.560000	38863.890000	12947.355000	-2620.305000	-11043.720000	-365.850000	-16.108454	-26.825116	-29.927611	-40.506726	-37.371459	-9.112705	-2.016988	-10.438439	38.928260	-7.614740	-1.754900	-0.862608	-0.342834	0.379271	-1.000000	-1.000000	-1.000000	-1.000000	-1.000000	-1.000000	-1.000000	84.620690	0.000000	-1.000000	-1.000000	824691.000000	1769635460.390316
16364.295000	19993.995000	26416.755000	38968.110000	13045.320000	-2529.765000	-11020.770000	-335.790000	1.596470	-11.267640	-13.402813	-18.744367	-18.111150	9.397953	19.875990	8.596381	38.928260	-7.614740	-1.754900	-0.862608	-0.342834	0.379271	-1.000000	-1.000000	-1.000000	-1.000000	-1.000000	-1.000000	-1.000000	84.620690	0.000000	-1.000000	-1.000000	824692.000000	1769635460.390323
16225.560000	19873.980000	26296.335000	38839.455000	12911.760000	-2649.240000	-11079.675000	-431.325000	22.791767	16.736968	15.576374	14.147365	11.141017	28.975140	36.973505	27.107396	38.928260	-7.614740	-1.754900	-0.862608	-0.342834	0.379271	-1.000000	-1.000000	-1.000000	-1.000000	-1.000000	-1.000000	-1.000000	84.620690	0.000000	-1.000000	-1.000000	824693.000000	1769635460.394384
16092.945000	19698.165000	26107.830000	38651.805000	12726.270000	-2826.000000	-11202.750000	-505.755000	27.875354	33.453725	32.497402	32.400379	27.183501	35.199114	43.048033	31.125061	38.928260	-7.614740	-1.754900	-0.862608	-0.342834	0.379271	-1.000000	-1.000000	-1.000000	-1.000000	-1.000000	-1.000000	-1.000000	84.620690	0.000000	-1.000000	-1.000000	824694.000000	1769635460.394392
16090.515000	19685.880000	26091.135000	38634.345000	12696.795000	-2911.725000	-11360.835000	-523.305000	5.529306	16.398776	15.156725	16.579840	13.080112	15.505887	31.051490	14.888279	38.928260	-7.614740	-1.754900	-0.862608	-0.342834	0.379271	-1.000000	-1.000000	-1.000000	-1.000000	-1.000000	-1.000000	-1.000000	84.620690	0.000000	-1.000000	-1.000000	824695.000000	1769635460.401200
16144.965000	19764.360000	26178.210000	38723.310000	12781.755000	-2836.305000	-11317.185000	-496.800000	-28.180058	-23.571148	-24.763089	-19.722540	-18.284084	-19.097799	4.094275	-10.142308	38.928260	-7.614740	-1.754900	-0.862608	-0.342834	0.379271	-1.000000	-1.000000	-1.000000	-1.000000	-1.000000	-1.000000	-1.000000	84.620690	0.000000	-1.000000	-1.000000	824696.000000	1769635460.401212
16178.580000	19787.895000	26202.150000	38760.930000	12858.705000	-2637.720000	-11028.690000	-439.335000	-43.772249	-49.966903	-49.750974	-40.626282	-34.310169	-38.044876	-17.834450	-24.796542	27.986840	-11.689160	3.311420	-0.874387	-0.296325	0.376342	-1.000000	-1.000000	-1.000000	-1.000000	-1.000000	-1.000000	-1.000000	84.620690	0.000000	-1.000000	-1.000000	824697.000000	1769635460.402481
16210.935000	19810.350000	26221.365000	38781.180000	12888.135000	-2561.220000	-10886.490000	-380.205000	-27.457596	-39.302637	-36.325631	-25.483763	-16.866367	-20.530290	-12.153650	-18.461374	27.986840	-11.689160	3.311420	-0.874387	-0.296325	0.376342	-1.000000	-1.000000	-1.000000	-1.000000	-1.000000	-1.000000	-1.000000	84.620690	0.000000	-1.000000	-1.000000	824698.000000	1769635460.402490
16204.725000	19809.360000	26221.545000	38781.360000	12885.840000	-2594.565000	-10983.105000	-398.385000	8.842649	-0.372244	5.058837	13.829707	21.355556	22.036675	18.009394	3.219005	27.986840	-11.689160	3.311420	-0.874387	-0.296325	0.376342	-1.000000	-1.000000	-1.000000	-1.000000	-1.000000	-1.000000	-1.000000	84.620690	0.000000	-1.000000	-1.000000	824699.000000	1769635460.406276
16201.395000	19803.690000	26216.235000	38777.265000	12874.680000	-2624.355000	-11021.670000	-411.930000	39.224648	37.778251	43.400175	46.810872	50.059183	54.699545	41.691730	22.804428	27.986840	-11.689160	3.311420	-0.874387	-0.296325	0.376342	-1.000000	-1.000000	-1.000000	-1.000000	-1.000000	-1.000000	-1.000000	84.620690	0.000000	-1.000000	-1.000000	824700.000000	1769635460.406282
16197.480000	19800.945000	26207.820000	38762.955000	12855.375000	-2649.690000	-11028.555000	-416.070000	44.863431	50.891191	53.725014	50.331076	47.467169	50.660813	33.683337	26.002667	27.986840	-11.689160	3.311420	-0.874387	-0.296325	0.376342	-1.000000	-1.000000	-1.000000	-1.000000	-1.000000	-1.000000	-1.000000	84.620690	0.000000	-1.000000	-1.000000	824701.000000	1769635460.410407
16187.895000	19794.735000	26205.255000	38762.280000	12855.285000	-2653.920000	-11031.120000	-413.190000	28.739610	38.014747	36.405520	27.480229	19.262492	15.350972	-0.004311	14.326970	27.986840	-11.689160	3.311420	-0.874387	-0.296325	0.376342	-1.000000	-1.000000	-1.000000	-1.000000	-1.000000	-1.000000	-1.000000	84.620690	0.000000	-1.000000	-1.000000	824702.000000	1769635460.410418
16173.135000	19788.975000	26188.920000	38735.010000	12826.350000	-2683.440000	-11055.555000	-425.385000	7.814213	16.130942	11.148485	0.470533	-9.590659	-21.729427	-32.221186	-0.011072	27.986840	-11.689160	3.311420	-0.874387	-0.296325	0.376342	-1.000000	-1.000000	-1.000000	-1.000000	-1.000000	-1.000000	-1.000000	84.620690	0.000000	-1.000000	-1.000000	824703.000000	1769635460.414442
16164.630000	19764.405000	26178.120000	38726.235000	12810.285000	-2724.435000	-11104.605000	-446.175000	-6.846692	-1.582515	-6.966317	-15.150992	-22.558858	-37.844661	-41.969830	-8.963117	27.986840	-11.689160	3.311420	-0.874387	-0.296325	0.376342	-1.000000	-1.000000	-1.000000	-1.000000	-1.000000	-1.000000	-1.000000	84.620690	0.000000	-1.000000	-1.000000	824704.000000	1769635460.414455
16169.985000	19778.310000	26185.950000	38734.650000	12813.390000	-2740.140000	-11138.670000	-455.850000	-15.736312	-14.541295	-17.561209	-20.824241	-23.112435	-35.108675	-32.527180	-13.600895	27.986840	-11.689160	3.311420	-0.874387	-0.296325	0.376342	-1.000000	-1.000000	-1.000000	-1.000000	-1.000000	-1.000000	-1.000000	84.620690	0.000000	-1.000000	-1.000000	824705.000000	1769635460.420451
16185.870000	19810.260000	26217.225000	38764.845000	12841.695000	-2696.670000	-11123.505000	-456.390000	-21.638547	-24.126867	-23.792472	-22.398539	-21.098419	-29.115728	-24.717377	-17.780470	27.986840	-11.689160	3.311420	-0.874387	-0.296325	0.376342	-1.000000	-1.000000	-1.000000	-1.000000	-1.000000	-1.000000	-1.000000	84.620690	0.000000	-1.000000	-1.000000	824706.000000	1769635460.420462
16203.510000	19810.845000	26219.880000	38773.980000	12864.285000	-2638.080000	-11049.840000	-432.090000	-23.333058	-26.928110	-24.141278	-20.161380	-18.832691	-25.878493	-28.343657	-21.238421	-2.395820	-10.102120	-2.792580	-0.871519	-0.233276	0.349670	-1.000000	-1.000000	-1.000000	-1.000000	-1.000000	-1.000000	-1.000000	84.620690	0.000000	-1.000000	-1.000000	824707.000000	1769635460.422133
16202.970000	19804.005000	26209.080000	38759.760000	12852.945000	-2645.910000	-11026.665000	-415.620000	-18.609330	-21.096035	-17.702750	-13.262745	-13.237772	-17.407915	-28.027106	-18.950930	-2.395820	-10.102120	-2.792580	-0.871519	-0.233276	0.349670	-1.000000	-1.000000	-1.000000	-1.000000	-1.000000	-1.000000	-1.000000	84.620690	0.000000	-1.000000	-1.000000	824708.000000	1769635460.422143
16191.765000	19784.655000	26201.880000	38758.005000	12844.170000	-2670.120000	-11045.340000	-410.355000	-8.975920	-10.647543	-8.367381	-4.801542	-4.364137	1.002633	-7.243905	-7.547055	-2.395820	-10.102120	-2.792580	-0.871519	-0.233276	0.349670	-1.000000	-1.000000	-1.000000	-1.000000	-1.000000	-1.000000	-1.000000	84.620690	0.000000	-1.000000	-1.000000	824709.000000	1769635460.426364
16201.980000	19774.620000	26195.580000	38767.635000	12858.840000	-2660.715000	-11048.715000	-404.685000	1.886863	-0.716692	-0.102524	2.351061	5.169182	22.518351	27.462862	9.496215	-2.395820	-10.102120	-2.792580	-0.871519	-0.233276	0.349670	-1.000000	-1.000000	-1.000000	-1.000000	-1.000000	-1.000000	-1.000000	84.620690	0.000000	-1.000000	-1.000000	824710.000000	1769635460.426375
16217.595000	19796.355000	26219.610000	38795.490000	12888.225000	-2638.080000	-11042.280000	-421.920000	12.179141	7.545835	7.287575	9.587239	15.037377	38.429465	55.866914	24.147846	-2.395820	-10.102120	-2.792580	-0.871519	-0.233276	0.349670	-1.000000	-1.000000	-1.000000	-1.000000	-1.000000	-1.000000	-1.000000	84.620690	0.000000	-1.000000	-1.000000	824711.000000	1769635460.434704
16217.910000	19833.345000	26255.475000	38819.205000	12902.715000	-2633.715000	-11060.100000	-438.930000	20.381671	15.417560	15.307884	18.239505	24.815281	44.578334	64.098934	29.007082	-2.395820	-10.102120	-2.792580	-0.871519	-0.233276	0.349670	-1.000000	-1.000000	-1.000000	-1.000000	-1.000000	-1.000000	-1.000000	84.620690	0.000000	-1.000000	-1.000000	824712.000000	1769635460.434715
16204.050000	19820.025000	26237.385000	38796.390000	12881.700000	-2643.840000	-11044.755000	-422.865000	22.350664	21.376434	21.422408	23.934441	29.241145	38.824693	50.465635	21.867939	-2.395820	-10.102120	-2.792580	-0.871519	-0.233276	0.349670	-1.000000	-1.000000	-1.000000	-1.000000	-1.000000	-1.000000	-1.000000	84.620690	0.000000	-1.000000	-1.000000	824713.000000	1769635460.434924
16186.005000	19786.680000	26200.350000	38761.200000	12851.820000	-2659.545000	-11031.165000	-420.525000	14.300649	19.806274	19.034158	18.859216	20.869628	19.346913	20.726666	7.061568	-2.395820	-10.102120	-2.792580	-0.871519	-0.233276	0.349670	-1.000000	-1.000000	-1.000000	-1.000000	-1.000000	-1.000000	-1.000000	84.620690	0.000000	-1.000000	-1.000000	824714.000000	1769635460.434932
16173.270000	19763.685000	26172.810000	38733.165000	12824.505000	-2691.855000	-11063.160000	-439.245000	-2.173058	6.949700	4.657405	0.627817	-1.442447	-11.878811	-16.690526	-8.796893	-2.395820	-10.102120	-2.792580	-0.871519	-0.233276	0.349670	-1.000000	-1.000000	-1.000000	-1.000000	-1.000000	-1.000000	-1.000000	84.620690	0.000000	-1.000000	-1.000000	824715.000000	1769635460.438204
16190.775000	19776.825000	26182.170000	38735.595000	12818.520000	-2721.870000	-11123.190000	-432.540000	-19.202021	-12.130195	-15.598649	-22.426773	-28.068214	-44.685168	-51.323393	-20.678635	-2.395820	-10.102120	-2.792580	-0.871519	-0.233276	0.349670	-1.000000	-1.000000	-1.000000	-1.000000	-1.000000	-1.000000	-1.000000	84.620690	0.000000	-1.000000	-1.000000	824716.000000	1769635460.438213
16187.580000	19787.130000	26193.600000	38747.205000	12828.960000	-2715.345000	-11118.690000	-432.360000	-27.198995	-25.506813	-29.044523	-36.220129	-43.856313	-62.873258	-70.378634	-24.969854	-3.189340	2.334780	4.669560	-0.855039	-0.221191	0.364257	-1.000000	-1.000000	-1.000000	-1.000000	-1.000000	-1.000000	-1.000000	84.620690	0.000000	-1.000000	-1.000000	824717.000000	1769635460.442226
16161.210000	19775.250000	26189.910000	38753.820000	12840.480000	-2694.735000	-11099.925000	-444.240000	-22.027859	-24.448377	-26.750484	-31.674253	-38.691258	-54.096371	-63.006742	-20.180944	-3.189340	2.334780	4.669560	-0.855039	-0.221191	0.364257	-1.000000	-1.000000	-1.000000	-1.000000	-1.000000	-1.000000	-1.000000	84.620690	0.000000	-1.000000	-1.000000	824718.000000	1769635460.442240
16160.355000	19775.745000	26188.605000	38747.205000	12834.720000	-2691.315000	-11091.735000	-446.040000	-7.749962	-10.277788	-10.359357	-11.382855	-14.913756	-20.219853	-29.166712	-8.537340	-3.189340	2.334780	4.669560	-0.855039	-0.221191	0.364257	-1.000000	-1.000000	-1.000000	-1.000000	-1.000000	-1.000000	-1.000000	84.620690	0.000000	-1.000000	-1.000000	824719.000000	1769635460.446278
16168.185000	19792.170000	26204.760000	38763.000000	12851.370000	-2669.040000	-11048.220000	-442.395000	7.784964	7.808766	10.125136	12.943436	14.350709	22.140215	17.156457	5.379294	-3.189340	2.334780	4.669560	-0.855039	-0.221191	0.364257	-1.000000	-1.000000	-1.000000	-1.000000	-1.000000	-1.000000	-1.000000	84.620690	0.000000	-1.000000	-1.000000	824720.000000	1769635460.446651
16177.545000	19788.255000	26193.735000	38755.485000	12845.160000	-2682.270000	-11063.160000	-439.155000	18.415472	19.674352	23.483112	28.892871	34.539308	52.566237	55.674814	16.786787	-3.189340	2.334780	4.669560	-0.855039	-0.221191	0.364257	-1.000000	-1.000000	-1.000000	-1.000000	-1.000000	-1.000000	-1.000000	84.620690	0.000000	-1.000000	-1.000000	824721.000000	1769635460.450379
16166.745000	19776.915000	26178.885000	38738.520000	12823.560000	-2720.880000	-11127.420000	-457.200000	21.424726	20.293132	23.956201	30.389539	37.811583	57.851735	68.423751	21.206305	-3.189340	2.334780	4.669560	-0.855039	-0.221191	0.364257	-1.000000	-1.000000	-1.000000	-1.000000	-1.000000	-1.000000	-1.000000	84.620690	0.000000	-1.000000	-1.000000	824722.000000	1769635460.450389
16163.055000	19781.865000	26186.355000	38743.830000	12824.505000	-2723.805000	-11138.535000	-462.690000	16.943229	11.898024	14.115893	19.705186	25.415396	37.203704	47.894602	16.214947	-3.189340	2.334780	4.669560	-0.855039	-0.221191	0.364257	-1.000000	-1.000000	-1.000000	-1.000000	-1.000000	-1.000000	-1.000000	84.620690	0.000000	-1.000000	-1.000000	824723.000000	1769635460.455349
16182.855000	19804.320000	26213.580000	38775.240000	12861.945000	-2668.320000	-11075.670000	-440.955000	7.635186	1.331003	2.041829	5.003603	6.260296	3.938435	6.754584	4.782969	-3.189340	2.334780	4.669560	-0.855039	-0.221191	0.364257	-1.000000	-1.000000	-1.000000	-1.000000	-1.000000	-1.000000	-1.000000	84.620690	0.000000	-1.000000	-1.000000	824724.000000	1769635460.455359
16175.520000	19782.495000	26187.030000	38753.820000	12846.285000	-2663.865000	-11039.625000	-436.050000	-2.310982	-5.862021	-5.832933	-5.994481	-9.089631	-21.896965	-27.499475	-5.981294	-3.189340	2.334780	4.669560	-0.855039	-0.221191	0.364257	-1.000000	-1.000000	-1.000000	-1.000000	-1.000000	-1.000000	-1.000000	84.620690	0.000000	-1.000000	-1.000000	824725.000000	1769635460.458223
16154.235000	19762.605000	26166.420000	38733.345000	12824.505000	-2689.425000	-11076.210000	-457.695000	-9.565345	-9.104256	-9.306086	-11.598591	-16.259031	-29.335384	-36.541351	-11.054640	-3.189340	2.334780	4.669560	-0.855039	-0.221191	0.364257	-1.000000	-1.000000	-1.000000	-1.000000	-1.000000	-1.000000	-1.000000	84.620690	0.000000	-1.000000	-1.000000	824726.000000	1769635460.458234
16169.175000	19785.555000	26190.225000	38753.820000	12840.255000	-2687.535000	-11089.170000	-451.710000	-12.222578	-9.555469	-10.410806	-13.641948	-16.986753	-22.428296	-24.862610	-10.236709	5.127360	13.398280	-0.396760	-0.842466	-0.231872	0.385375	-1.000000	-1.000000	-1.000000	-1.000000	-1.000000	-1.000000	-1.000000	84.620690	0.000000	-1.000000	-1.000000	824727.000000	1769635460.465484
16185.195000	19797.930000	26200.440000	38762.460000	12846.690000	-2686.680000	-11079.990000	-437.625000	-9.426778	-6.792478	-8.716478	-12.251138	-13.361981	-11.012047	-8.122735	-5.440180	5.127360	13.398280	-0.396760	-0.842466	-0.231872	0.385375	-1.000000	-1.000000	-1.000000	-1.000000	-1.000000	-1.000000	-1.000000	84.620690	0.000000	-1.000000	-1.000000	824728.000000	1769635460.465497
16182.855000	19796.310000	26197.965000	38760.660000	12844.980000	-2695.905000	-11101.995000	-442.845000	-2.899968	-1.576816	-4.129802	-7.357315	-6.955154	-1.985988	2.542749	0.969119	5.127360	13.398280	-0.396760	-0.842466	-0.231872	0.385375	-1.000000	-1.000000	-1.000000	-1.000000	-1.000000	-1.000000	-1.000000	84.620690	0.000000	-1.000000	-1.000000	824729.000000	1769635460.466322
16184.070000	19799.415000	26203.815000	38771.235000	12858.255000	-2688.210000	-11113.470000	-446.940000	3.152478	3.042550	1.055521	-0.947622	0.009684	2.649878	4.665395	5.765216	5.127360	13.398280	-0.396760	-0.842466	-0.231872	0.385375	-1.000000	-1.000000	-1.000000	-1.000000	-1.000000	-1.000000	-1.000000	84.620690	0.000000	-1.000000	-1.000000	824730.000000	1769635460.466328
16184.610000	19797.030000	26201.970000	38772.270000	12862.080000	-2667.870000	-11084.265000	-442.440000	5.590689	5.069352	4.880314	4.887382	5.962559	4.889405	2.493099	6.585872	5.127360	13.398280	-0.396760	-0.842466	-0.231872	0.385375	-1.000000	-1.000000	-1.000000	-1.000000	-1.000000	-1.000000	-1.000000	84.620690	0.000000	-1.000000	-1.000000	824731.000000	1769635460.470596
16176.105000	19788.525000	26194.770000	38763.900000	12852.270000	-2672.145000	-11064.330000	-444.600000	4.122585	4.308629	6.218803	8.265439	9.387673	6.667825	1.829798	3.798074	5.127360	13.398280	-0.396760	-0.842466	-0.231872	0.385375	-1.000000	-1.000000	-1.000000	-1.000000	-1.000000	-1.000000	-1.000000	84.620690	0.000000	-1.000000	-1.000000	824732.000000	1769635460.470607
16172.640000	19782.135000	26186.805000	38755.080000	12844.530000	-2681.595000	-11073.555000	-447.615000	-0.127412	1.057169	4.040962	7.075170	8.014257	6.408088	3.510137	-0.882960	5.127360	13.398280	-0.396760	-0.842466	-0.231872	0.385375	-1.000000	-1.000000	-1.000000	-1.000000	-1.000000	-1.000000	-1.000000	84.620690	0.000000	-1.000000	-1.000000	824733.000000	1769635460.474265
16171.605000	19778.940000	26179.650000	38745.945000	12835.035000	-2687.310000	-11073.375000	-447.885000	-4.867483	-3.033096	-0.647281	1.673318	1.960066	2.367378	3.977086	-5.482642	5.127360	13.398280	-0.396760	-0.842466	-0.231872	0.385375	-1.000000	-1.000000	-1.000000	-1.000000	-1.000000	-1.000000	-1.000000	84.620690	0.000000	-1.000000	-1.000000	824734.000000	1769635460.474275
16170.570000	19779.345000	26181.450000	38748.465000	12836.205000	-2690.910000	-11080.170000	-449.550000	-6.713271	-4.955870	-4.464019	-4.152242	-4.731707	-3.075067	1.964644	-7.428452	5.127360	13.398280	-0.396760	-0.842466	-0.231872	0.385375	-1.000000	-1.000000	-1.000000	-1.000000	-1.000000	-1.000000	-1.000000	84.620690	0.000000	-1.000000	-1.000000	824735.000000	1769635460.480538
16181.595000	19788.210000	26190.000000	38756.565000	12843.135000	-2689.425000	-11086.155000	-442.035000	-4.155092	-3.409787	-5.029346	-6.724901	-7.823270	-5.909445	-0.363259	-5.279156	5.127360	13.398280	-0.396760	-0.842466	-0.231872	0.385375	-1.000000	-1.000000	-1.000000	-1.000000	-1.000000	-1.000000	-1.000000	84.620690	0.000000	-1.000000	-1.000000	824736.000000	1769635460.480550
16175.610000	19782.315000	26188.785000	38759.670000	12850.650000	-2679.930000	-11078.865000	-443.790000	0.640227	-0.231293	-2.929059	-5.299161	-6.179165	-4.603009	-1.482805	-0.516990	-6.180300	8.957620	-4.516960	-0.864683	-0.218872	0.374694	-1.000000	-1.000000	-1.000000	-1.000000	-1.000000	-1.000000	-1.000000	84.620690	0.000000	-1.000000	-1.000000	824737.000000	1769635460.482699
16176.645000	19788.120000	26195.310000	38764.980000	12853.845000	-2682.495000	-11087.640000	-446.670000	4.224562	2.060919	-0.029674	-1.409965	-1.425798	-0.334098	-1.212187	3.852902	-6.180300	8.957620	-4.516960	-0.864683	-0.218872	0.374694	-1.000000	-1.000000	-1.000000	-1.000000	-1.000000	-1.000000	-1.000000	84.620690	0.000000	-1.000000	-1.000000	824738.000000	1769635460.482709
16186.365000	19795.680000	26200.890000	38767.185000	12851.460000	-2684.610000	-11085.255000	-441.180000	5.076351	2.867853	2.549337	2.813108	3.569907	4.145926	0.194160	5.789536	-6.180300	8.957620	-4.516960	-0.864683	-0.218872	0.374694	-1.000000	-1.000000	-1.000000	-1.000000	-1.000000	-1.000000	-1.000000	84.620690	0.000000	-1.000000	-1.000000	824739.000000	1769635460.486236
16177.185000	19780.470000	26185.455000	38754.495000	12845.250000	-2679.660000	-11067.030000	-440.640000	3.933072	2.870973	4.164611	5.402309	6.140754	5.912146	1.529760	5.100336	-6.180300	8.957620	-4.516960	-0.864683	-0.218872	0.374694	-1.000000	-1.000000	-1.000000	-1.000000	-1.000000	-1.000000	-1.000000	84.620690	0.000000	-1.000000	-1.000000	824740.000000	1769635460.486246
16162.335000	19776.870000	26184.960000	38755.215000	12844.395000	-2682.990000	-11074.860000	-453.960000	1.678452	2.118382	3.898656	5.098979	5.237210	3.953801	1.180663	2.474204	-6.180300	8.957620	-4.516960	-0.864683	-0.218872	0.374694	-1.000000	-1.000000	-1.000000	-1.000000	-1.000000	-1.000000	-1.000000	84.620690	0.000000	-1.000000	-1.000000	824741.000000	1769635460.490227
16170.120000	19785.465000	26189.955000	38758.905000	12846.195000	-2688.075000	-11089.620000	-453.330000	-1.154569	0.705537	1.909068	2.571250	2.114720	-0.133055	-1.391046	-1.222823	-6.180300	8.957620	-4.516960	-0.864683	-0.218872	0.374694	-1.000000	-1.000000	-1.000000	-1.000000	-1.000000	-1.000000	-1.000000	84.620690	0.000000	-1.000000	-1.000000	824742.000000	1769635460.490233
16202.385000	19797.435000	26195.085000	38763.225000	12851.010000	-2685.825000	-11097.990000	-431.820000	-2.661594	-0.013429	0.083311	0.171339	-0.608932	-3.462873	-4.782722	-4.022662	-6.180300	8.957620	-4.516960	-0.864683	-0.218872	0.374694	-1.000000	-1.000000	-1.000000	-1.000000	-1.000000	-1.000000	-1.000000	84.620690	0.000000	-1.000000	-1.000000	824743.000000	1769635460.494348
16229.025000	19790.280000	26178.480000	38743.380000	12832.650000	-2704.455000	-11107.755000	-404.505000	-0.509074	0.687974	-0.575484	-0.952160	-1.612390	-4.200569	-6.365062	-3.285729	-6.180300	8.957620	-4.516960	-0.864683	-0.218872	0.374694	-1.000000	-1.000000	-1.000000	-1.000000	-1.000000	-1.000000	-1.000000	84.620690	0.000000	-1.000000	-1.000000	824744.000000	1769635460.494362
16213.500000	19785.285000	26179.335000	38743.470000	12831.795000	-2708.865000	-11117.205000	-413.730000	4.115859	1.191630	-1.321969	-2.027105	-2.079333	-3.080459	-4.785001	0.986109	-6.180300	8.957620	-4.516960	-0.864683	-0.218872	0.374694	-1.000000	-1.000000	-1.000000	-1.000000	-1.000000	-1.000000	-1.000000	84.620690	0.000000	-1.000000	-1.000000	824745.000000	1769635460.498339
16173.495000	19792.080000	26195.400000	38761.110000	12850.245000	-2685.780000	-11099.205000	-445.995000	6.047172	-0.099253	-2.770253	-3.592409	-2.934347	-1.479785	-0.789764	4.680787	-6.180300	8.957620	-4.516960	-0.864683	-0.218872	0.374694	-1.000000	-1.000000	-1.000000	-1.000000	-1.000000	-1.000000	-1.000000	84.620690	0.000000	-1.000000	-1.000000	824746.000000	1769635460.498349
16151.445000	19804.905000	26215.830000	38782.935000	12871.980000	-2662.425000	-11076.570000	-473.220000	1.243706	-2.249489	-3.157019	-3.729412	-2.721934	1.022986	4.679571	3.229114	0.686700	6.928040	-0.869820	-0.876035	-0.227111	0.361083	-1.000000	-1.000000	-1.000000	-1.000000	-1.000000	-1.000000	-1.000000	84.620690	0.000000	-1.000000	-1.000000	824747.000000	1769635460.502734
16157.745000	19793.880000	26203.365000	38771.910000	12863.565000	-2669.445000	-11076.705000	-464.265000	-8.202095	-3.311804	-1.129708	-1.021014	-0.104273	4.656169	10.093405	-3.332527	0.686700	6.928040	-0.869820	-0.876035	-0.227111	0.361083	-1.000000	-1.000000	-1.000000	-1.000000	-1.000000	-1.000000	-1.000000	84.620690	0.000000	-1.000000	-1.000000	824748.000000	1769635460.502739
16160.535000	19778.490000	26183.295000	38751.660000	12844.350000	-2682.765000	-11069.730000	-456.525000	-14.970563	-2.834020	1.731083	2.651248	3.180406	6.849358	12.010818	-9.639567	0.686700	6.928040	-0.869820	-0.876035	-0.227111	0.361083	-1.000000	-1.000000	-1.000000	-1.000000	-1.000000	-1.000000	-1.000000	84.620690	0.000000	-1.000000	-1.000000	824749.000000	1769635460.506485
16167.420000	19765.305000	26163.810000	38730.780000	12823.650000	-2703.060000	-11079.315000	-450.810000	-13.061890	-1.930733	2.400574	3.702781	3.697002	4.624958	8.192334	-9.937170	0.686700	6.928040	-0.869820	-0.876035	-0.227111	0.361083	-1.000000	-1.000000	-1.000000	-1.000000	-1.000000	-1.000000	-1.000000	84.620690	0.000000	-1.000000	-1.000000	824750.000000	1769635460.506495
16208.460000	19781.325000	26175.195000	38741.400000	12831.975000	-2704.545000	-11106.135000	-423.135000	-2.750675	-1.460526	-0.027394	0.937724	0.432486	-1.479888	0.272865	-3.159335	0.686700	6.928040	-0.869820	-0.876035	-0.227111	0.361083	-1.000000	-1.000000	-1.000000	-1.000000	-1.000000	-1.000000	-1.000000	84.620690	0.000000	-1.000000	-1.000000	824751.000000	1769635460.510365
16209.945000	19779.075000	26174.295000	38743.020000	12838.050000	-2695.545000	-11092.095000	-415.350000	10.079991	-0.900939	-3.061286	-2.857843	-3.634690	-7.252416	-7.664135	6.615202	0.686700	6.928040	-0.869820	-0.876035	-0.227111	0.361083	-1.000000	-1.000000	-1.000000	-1.000000	-1.000000	-1.000000	-1.000000	84.620690	0.000000	-1.000000	-1.000000	824752.000000	1769635460.510373
16165.935000	19775.745000	26184.870000	38756.565000	12852.315000	-2686.905000	-11088.720000	-450.315000	17.125710	0.407641	-3.500367	-3.826748	-4.483158	-8.187486	-11.228304	12.668906	0.686700	6.928040	-0.869820	-0.876035	-0.227111	0.361083	-1.000000	-1.000000	-1.000000	-1.000000	-1.000000	-1.000000	-1.000000	84.620690	0.000000	-1.000000	-1.000000	824753.000000	1769635460.514186
16145.370000	19783.710000	26194.500000	38761.875000	12849.435000	-2694.420000	-11104.155000	-477.405000	13.303503	2.166259	-0.562777	-0.871982	-1.173490	-3.651889	-8.874091	10.223000	0.686700	6.928040	-0.869820	-0.876035	-0.227111	0.361083	-1.000000	-1.000000	-1.000000	-1.000000	-1.000000	-1.000000	-1.000000	84.620690	0.000000	-1.000000	-1.000000	824754.000000	1769635460.514197
16148.160000	19792.710000	26201.655000	38769.435000	12859.290000	-2677.635000	-11109.690000	-488.430000	2.177731	3.652064	3.561912	3.405629	3.202464	2.410157	-3.722653	1.178267	0.686700	6.928040	-0.869820	-0.876035	-0.227111	0.361083	-1.000000	-1.000000	-1.000000	-1.000000	-1.000000	-1.000000	-1.000000	84.620690	0.000000	-1.000000	-1.000000	824755.000000	1769635460.518679
16180.065000	19817.235000	26225.775000	38793.555000	12885.165000	-2647.890000	-11070.945000	-460.260000	-6.935408	4.448103	5.994834	5.669447	5.254193	6.039470	0.408158	-7.042225	0.686700	6.928040	-0.869820	-0.876035	-0.227111	0.361083	-1.000000	-1.000000	-1.000000	-1.000000	-1.000000	-1.000000	-1.000000	84.620690	0.000000	-1.000000	-1.000000	824756.000000	1769635460.518689
16196.355000	19830.060000	26239.365000	38808.360000	12897.630000	-2648.880000	-11080.620000	-447.705000	-7.649654	5.025580	6.276121	5.566831	5.028155	6.739950	2.768284	-8.287623	8.179360	1.968540	-4.333840	-0.867979	-0.242675	0.359618	-1.000000	-1.000000	-1.000000	-1.000000	-1.000000	-1.000000	-1.000000	84.620690	0.000000	-1.000000	-1.000000	824757.000000	1769635460.524594
16189.380000	19812.735000	26217.900000	38785.410000	12876.795000	-2667.510000	-11104.110000	-445.905000	-1.306217	5.614089	5.547231	4.616318	4.204899	5.433942	3.465357	-2.739241	8.179360	1.968540	-4.333840	-0.867979	-0.242675	0.359618	-1.000000	-1.000000	-1.000000	-1.000000	-1.000000	-1.000000	-1.000000	84.620690	0.000000	-1.000000	-1.000000	824758.000000	1769635460.524609
16174.665000	19793.880000	26196.345000	38762.055000	12853.485000	-2682.405000	-11094.255000	-450.450000	5.013772	4.364492	3.258723	2.474078	2.437873	2.285936	2.389759	4.167782	8.179360	1.968540	-4.333840	-0.867979	-0.242675	0.359618	-1.000000	-1.000000	-1.000000	-1.000000	-1.000000	-1.000000	-1.000000	84.620690	0.000000	-1.000000	-1.000000	824759.000000	1769635460.526309
16166.970000	19785.510000	26187.255000	38750.220000	12842.190000	-2689.425000	-11088.090000	-452.520000	4.609886	-0.802651	-1.988898	-2.369005	-1.819151	-2.366921	1.304952	6.625328	8.179360	1.968540	-4.333840	-0.867979	-0.242675	0.359618	-1.000000	-1.000000	-1.000000	-1.000000	-1.000000	-1.000000	-1.000000	84.620690	0.000000	-1.000000	-1.000000	824760.000000	1769635460.526321
16170.030000	19795.365000	26196.975000	38757.105000	12851.190000	-2677.770000	-11071.170000	-447.300000	-2.657678	-8.275256	-8.748234	-8.793487	-7.725736	-6.820211	2.134194	3.102472	8.179360	1.968540	-4.333840	-0.867979	-0.242675	0.359618	-1.000000	-1.000000	-1.000000	-1.000000	-1.000000	-1.000000	-1.000000	84.620690	0.000000	-1.000000	-1.000000	824761.000000	1769635460.530219
16170.345000	19808.145000	26209.305000	38764.395000	12855.375000	-2675.565000	-11069.145000	-453.600000	-9.761504	-12.914511	-12.722228	-12.761491	-11.562243	-8.527170	4.281074	-2.447152	8.179360	1.968540	-4.333840	-0.867979	-0.242675	0.359618	-1.000000	-1.000000	-1.000000	-1.000000	-1.000000	-1.000000	-1.000000	84.620690	0.000000	-1.000000	-1.000000	824762.000000	1769635460.530231
16183.755000	19815.120000	26215.155000	38768.175000	12854.925000	-2682.855000	-11090.880000	-450.270000	-9.419609	-11.043572	-10.936390	-11.217341	-10.356865	-6.464096	5.375587	-4.596669	8.179360	1.968540	-4.333840	-0.867979	-0.242675	0.359618	-1.000000	-1.000000	-1.000000	-1.000000	-1.000000	-1.000000	-1.000000	84.620690	0.000000	-1.000000	-1.000000	824763.000000	1769635460.534293
16166.835000	19771.560000	26185.095000	38757.150000	12849.885000	-2684.430000	-11090.745000	-452.655000	-1.604762	-4.710284	-5.037489	-5.180653	-4.969980	-2.676371	3.023340	-1.838218	8.179360	1.968540	-4.333840	-0.867979	-0.242675	0.359618	-1.000000	-1.000000	-1.000000	-1.000000	-1.000000	-1.000000	-1.000000	84.620690	0.000000	-1.000000	-1.000000	824764.000000	1769635460.534304
16149.420000	19759.770000	26170.110000	38743.875000	12844.845000	-2682.540000	-11079.855000	-464.940000	6.339573	0.156452	0.091668	1.182357	0.912373	-0.089601	-2.932388	2.108397	8.179360	1.968540	-4.333840	-0.867979	-0.242675	0.359618	-1.000000	-1.000000	-1.000000	-1.000000	-1.000000	-1.000000	-1.000000	84.620690	0.000000	-1.000000	-1.000000	824765.000000	1769635460.539821
16149.060000	19774.980000	26175.555000	38738.070000	12838.860000	-2694.465000	-11082.330000	-472.545000	7.531293	0.919286	1.818169	4.611409	4.493752	0.737651	-8.979245	2.422139	8.179360	1.968540	-4.333840	-0.867979	-0.242675	0.359618	-1.000000	-1.000000	-1.000000	-1.000000	-1.000000	-1.000000	-1.000000	84.620690	0.000000	-1.000000	-1.000000	824766.000000	1769635460.539831
16182.945000	19813.590000	26211.735000	38774.385000	12865.500000	-2676.465000	-11090.565000	-453.285000	2.913943	1.552746	3.009348	6.173307	6.459606	1.816506	-10.629619	-1.251147	1.922760	-0.396760	-6.546540	-0.863523	-0.230895	0.351928	-1.000000	-1.000000	-1.000000	-1.000000	-1.000000	-1.000000	-1.000000	84.620690	0.000000	-1.000000	-1.000000	824767.000000	1769635460.542372
16190.955000	19802.205000	26197.020000	38773.710000	12866.220000	-2673.855000	-11092.815000	-440.100000	-1.078054	6.344897	7.387836	9.113783	9.147305	5.040274	-6.806517	-4.652763	1.922760	-0.396760	-6.546540	-0.863523	-0.230895	0.351928	-1.000000	-1.000000	-1.000000	-1.000000	-1.000000	-1.000000	-1.000000	84.620690	0.000000	-1.000000	-1.000000	824768.000000	1769635460.542382
16192.260000	19812.960000	26203.500000	38764.305000	12855.555000	-2680.290000	-11089.665000	-432.945000	-0.758669	13.124394	13.161816	12.903851	11.914660	9.138669	-0.419372	-4.189643	1.922760	-0.396760	-6.546540	-0.863523	-0.230895	0.351928	-1.000000	-1.000000	-1.000000	-1.000000	-1.000000	-1.000000	-1.000000	84.620690	0.000000	-1.000000	-1.000000	824769.000000	1769635460.546303
16181.145000	19777.230000	26183.835000	38752.155000	12843.945000	-2688.615000	-11084.760000	-439.515000	2.032842	15.375813	14.566309	12.776031	10.814692	10.117435	4.717784	-0.296327	1.922760	-0.396760	-6.546540	-0.863523	-0.230895	0.351928	-1.000000	-1.000000	-1.000000	-1.000000	-1.000000	-1.000000	-1.000000	84.620690	0.000000	-1.000000	-1.000000	824770.000000	1769635460.546314
16179.705000	19772.460000	26181.360000	38763.855000	12857.805000	-2678.850000	-11086.695000	-445.590000	3.697994	8.854573	8.181935	5.942346	3.984399	5.851917	6.801703	4.046677	1.922760	-0.396760	-6.546540	-0.863523	-0.230895	0.351928	-1.000000	-1.000000	-1.000000	-1.000000	-1.000000	-1.000000	-1.000000	84.620690	0.000000	-1.000000	-1.000000	824771.000000	1769635460.554095
16181.955000	19778.220000	26184.510000	38769.210000	12865.185000	-2672.325000	-11085.030000	-447.885000	2.521013	-3.754312	-3.360044	-4.499782	-5.151330	-1.215217	6.447863	6.098568	1.922760	-0.396760	-6.546540	-0.863523	-0.230895	0.351928	-1.000000	-1.000000	-1.000000	-1.000000	-1.000000	-1.000000	-1.000000	84.620690	0.000000	-1.000000	-1.000000	824772.000000	1769635460.554108
16175.205000	19784.115000	26189.820000	38767.410000	12861.540000	-2677.590000	-11089.170000	-451.890000	-0.612781	-13.945829	-12.852047	-12.486434	-11.337068	-7.013361	4.596779	4.799597	1.922760	-0.396760	-6.546540	-0.863523	-0.230895	0.351928	-1.000000	-1.000000	-1.000000	-1.000000	-1.000000	-1.000000	-1.000000	84.620690	0.000000	-1.000000	-1.000000	824773.000000	1769635460.554349
16173.225000	19791.900000	26193.780000	38763.945000	12853.260000	-2690.145000	-11097.225000	-452.700000	-3.647029	-14.988759	-14.457407	-14.129756	-12.166064	-9.505913	1.306575	1.062084	1.922760	-0.396760	-6.546540	-0.863523	-0.230895	0.351928	-1.000000	-1.000000	-1.000000	-1.000000	-1.000000	-1.000000	-1.000000	84.620690	0.000000	-1.000000	-1.000000	824774.000000	1769635460.554361
16176.960000	19795.185000	26194.500000	38759.670000	12845.790000	-2702.160000	-11099.115000	-449.820000	-5.173740	-7.805156	-8.472914	-9.866548	-8.715267	-8.806654	-2.626210	-2.909178	1.922760	-0.396760	-6.546540	-0.863523	-0.230895	0.351928	-1.000000	-1.000000	-1.000000	-1.000000	-1.000000	-1.000000	-1.000000	84.620690	0.000000	-1.000000	-1.000000	824775.000000	1769635460.558543
16163.685000	19775.970000	26178.615000	38749.860000	12840.390000	-2700.585000	-11101.680000	-460.260000	-5.394450	0.970750	-0.324429	-3.441095	-3.759165	-5.952643	-5.031530	-5.494022	1.922760	-0.396760	-6.546540	-0.863523	-0.230895	0.351928	-1.000000	-1.000000	-1.000000	-1.000000	-1.000000	-1.000000	-1.000000	84.620690	0.000000	-1.000000	-1.000000	824776.000000	1769635460.558552
16162.380000	19760.220000	26154.180000	38723.985000	12826.710000	-2687.895000	-11073.870000	-448.470000	-5.277946	5.182897	4.309804	1.024305	0.216050	-1.895626	-4.180125	-6.445800	-3.509800	3.052000	-5.539380	-0.854368	-0.237060	0.363769	-1.000000	-1.000000	-1.000000	-1.000000	-1.000000	-1.000000	-1.000000	84.620690	0.000000	-1.000000	-1.000000	824777.000000	1769635460.562429
16181.460000	19790.145000	26176.455000	38733.660000	12834.225000	-2687.805000	-11077.605000	-435.780000	-4.257181	4.084483	3.911374	2.233174	2.537722	2.806349	-0.410650	-5.338693	-3.509800	3.052000	-5.539380	-0.854368	-0.237060	0.363769	-1.000000	-1.000000	-1.000000	-1.000000	-1.000000	-1.000000	-1.000000	84.620690	0.000000	-1.000000	-1.000000	824778.000000	1769635460.562436
16180.020000	19814.310000	26206.785000	38756.430000	12849.210000	-2690.730000	-11107.170000	-450.585000	-0.571200	2.277144	1.941217	2.355292	4.212286	6.891445	3.243045	-1.636433	-3.509800	3.052000	-5.539380	-0.854368	-0.237060	0.363769	-1.000000	-1.000000	-1.000000	-1.000000	-1.000000	-1.000000	-1.000000	84.620690	0.000000	-1.000000	-1.000000	824779.000000	1769635460.566414
16171.650000	19794.555000	26195.130000	38765.430000	12860.640000	-2681.730000	-11112.210000	-457.740000	5.102925	3.408326	2.278286	3.882124	6.003358	8.393953	3.306455	3.205967	-3.509800	3.052000	-5.539380	-0.854368	-0.237060	0.363769	-1.000000	-1.000000	-1.000000	-1.000000	-1.000000	-1.000000	-1.000000	84.620690	0.000000	-1.000000	-1.000000	824780.000000	1769635460.566423
16173.630000	19773.720000	26171.370000	38758.995000	12857.625000	-2671.605000	-11080.980000	-449.325000	9.220651	5.207606	4.002855	6.325595	7.063066	6.625915	0.170907	6.496268	-3.509800	3.052000	-5.539380	-0.854368	-0.237060	0.363769	-1.000000	-1.000000	-1.000000	-1.000000	-1.000000	-1.000000	-1.000000	84.620690	0.000000	-1.000000	-1.000000	824781.000000	1769635460.576960
16170.480000	19774.125000	26176.365000	38763.180000	12861.855000	-2659.770000	-11054.565000	-447.705000	9.268041	3.544607	3.521609	7.274206	6.117988	3.157342	-1.904487	7.000757	-3.509800	3.052000	-5.539380	-0.854368	-0.237060	0.363769	-1.000000	-1.000000	-1.000000	-1.000000	-1.000000	-1.000000	-1.000000	84.620690	0.000000	-1.000000	-1.000000	824782.000000	1769635460.576973
16167.645000	19779.255000	26177.490000	38756.565000	12851.235000	-2680.875000	-11079.990000	-454.455000	5.577443	-1.645446	0.132699	5.503200	3.202632	0.155578	-0.249281	5.095398	-3.509800	3.052000	-5.539380	-0.854368	-0.237060	0.363769	-1.000000	-1.000000	-1.000000	-1.000000	-1.000000	-1.000000	-1.000000	84.620690	0.000000	-1.000000	-1.000000	824783.000000	1769635460.576989
16167.060000	19783.530000	26182.170000	38760.210000	12849.705000	-2693.160000	-11100.420000	-461.475000	0.023575	-6.721961	-3.586603	1.689660	-0.611860	-1.982384	2.609445	1.471176	-3.509800	3.052000	-5.539380	-0.854368	-0.237060	0.363769	-1.000000	-1.000000	-1.000000	-1.000000	-1.000000	-1.000000	-1.000000	84.620690	0.000000	-1.000000	-1.000000	824784.000000	1769635460.576994
16174.350000	19793.925000	26193.735000	38771.505000	12860.820000	-2684.295000	-11105.955000	-460.620000	-4.861917	-7.783157	-4.573462	-2.149055	-3.820999	-4.055574	2.379115	-2.805228	-3.509800	3.052000	-5.539380	-0.854368	-0.237060	0.363769	-1.000000	-1.000000	-1.000000	-1.000000	-1.000000	-1.000000	-1.000000	84.620690	0.000000	-1.000000	-1.000000	824785.000000	1769635460.580001
16185.825000	19799.595000	26195.670000	38772.450000	12866.490000	-2669.310000	-11089.845000	-449.910000	-6.712439	-3.656706	-1.619770	-3.653328	-4.722832	-5.589573	-1.628350	-5.996375	-3.509800	3.052000	-5.539380	-0.854368	-0.237060	0.363769	-1.000000	-1.000000	-1.000000	-1.000000	-1.000000	-1.000000	-1.000000	84.620690	0.000000	-1.000000	-1.000000	824786.000000	1769635460.580012
16192.215000	19790.415000	26181.585000	38757.240000	12852.315000	-2676.960000	-11074.275000	-435.690000	-4.965470	2.416440	2.591984	-2.879557	-3.310069	-5.175928	-5.596552	-6.298290	6.577060	6.668620	-6.622840	-0.850218	-0.267333	0.370666	-1.000000	-1.000000	-1.000000	-1.000000	-1.000000	-1.000000	-1.000000	84.620690	0.000000	-1.000000	-1.000000	824787.000000	1769635460.582503
16182.585000	19768.365000	26158.860000	38736.360000	12832.740000	-2691.945000	-11075.535000	-434.115000	-1.302725	5.152251	3.136345	-3.015861	-2.303990	-3.051952	-5.009072	-2.870579	6.577060	6.668620	-6.622840	-0.850218	-0.267333	0.370666	-1.000000	-1.000000	-1.000000	-1.000000	-1.000000	-1.000000	-1.000000	84.620690	0.000000	-1.000000	-1.000000	824788.000000	1769635460.582513
16167.735000	19765.530000	26159.625000	38740.455000	12839.535000	-2683.215000	-11076.480000	-445.230000	1.584951	2.687365	-1.273822	-5.970207	-3.821491	-1.115899	0.197360	2.614660	6.577060	6.668620	-6.622840	-0.850218	-0.267333	0.370666	-1.000000	-1.000000	-1.000000	-1.000000	-1.000000	-1.000000	-1.000000	84.620690	0.000000	-1.000000	-1.000000	824789.000000	1769635460.586494
16156.935000	19780.020000	26177.445000	38759.535000	12857.040000	-2669.220000	-11076.705000	-460.980000	1.759039	-1.446971	-5.978455	-8.792467	-5.858026	-0.184905	5.053299	6.058464	6.577060	6.668620	-6.622840	-0.850218	-0.267333	0.370666	-1.000000	-1.000000	-1.000000	-1.000000	-1.000000	-1.000000	-1.000000	84.620690	0.000000	-1.000000	-1.000000	824790.000000	1769635460.586508
16156.980000	19775.160000	26167.005000	38743.470000	12837.195000	-2682.450000	-11064.645000	-458.010000	-0.454918	-2.854203	-5.949778	-7.190653	-4.818605	0.634723	5.289648	4.660112	6.577060	6.668620	-6.622840	-0.850218	-0.267333	0.370666	-1.000000	-1.000000	-1.000000	-1.000000	-1.000000	-1.000000	-1.000000	84.620690	0.000000	-1.000000	-1.000000	824791.000000	1769635460.590571
16148.250000	19771.245000	26164.305000	38742.480000	12837.105000	-2684.655000	-11068.560000	-468.540000	-2.887349	-1.167828	-1.525853	-1.131316	-0.356898	2.094515	2.059909	-0.155846	6.577060	6.668620	-6.622840	-0.850218	-0.267333	0.370666	-1.000000	-1.000000	-1.000000	-1.000000	-1.000000	-1.000000	-1.000000	84.620690	0.000000	-1.000000	-1.000000	824792.000000	1769635460.590584
16173.315000	19788.750000	26181.000000	38761.290000	12851.730000	-2685.195000	-11098.980000	-456.120000	-3.337774	1.280168	3.553504	5.845554	4.994083	3.887112	-1.034033	-4.491418	6.577060	6.668620	-6.622840	-0.850218	-0.267333	0.370666	-1.000000	-1.000000	-1.000000	-1.000000	-1.000000	-1.000000	-1.000000	84.620690	0.000000	-1.000000	-1.000000	824793.000000	1769635460.594259
16150.455000	19762.650000	26156.790000	38739.195000	12833.505000	-2688.075000	-11070.720000	-464.895000	-1.202392	2.678606	6.404634	10.324502	8.502037	4.676323	-2.640083	-5.593575	6.577060	6.668620	-6.622840	-0.850218	-0.267333	0.370666	-1.000000	-1.000000	-1.000000	-1.000000	-1.000000	-1.000000	-1.000000	84.620690	0.000000	-1.000000	-1.000000	824794.000000	1769635460.594276
16161.795000	19781.100000	26176.815000	38759.310000	12854.205000	-2668.095000	-11062.350000	-459.675000	1.674732	2.114140	5.905426	10.515052	8.472909	3.409326	-2.860801	-3.753489	6.577060	6.668620	-6.622840	-0.850218	-0.267333	0.370666	-1.000000	-1.000000	-1.000000	-1.000000	-1.000000	-1.000000	-1.000000	84.620690	0.000000	-1.000000	-1.000000	824795.000000	1769635460.598309
16176.420000	19800.225000	26195.670000	38776.860000	12868.110000	-2669.220000	-11088.765000	-450.720000	3.393154	0.581722	3.424945	7.453819	5.825127	1.169582	-2.097803	-0.824552	6.577060	6.668620	-6.622840	-0.850218	-0.267333	0.370666	-1.000000	-1.000000	-1.000000	-1.000000	-1.000000	-1.000000	-1.000000	84.620690	0.000000	-1.000000	-1.000000	824796.000000	1769635460.598316
16178.760000	19805.040000	26198.280000	38777.175000	12865.185000	-2675.790000	-11097.135000	-453.195000	4.371402	0.752232	1.943125	3.993543	3.058321	-0.322798	-1.629236	2.098444	15.214220	8.133580	-4.043900	-0.854795	-0.281127	0.369140	-1.000000	-1.000000	-1.000000	-1.000000	-1.000000	-1.000000	-1.000000	84.620690	0.000000	-1.000000	-1.000000	824797.000000	1769635460.602487
16175.520000	19799.505000	26190.720000	38771.550000	12863.295000	-2670.930000	-11089.665000	-452.565000	5.341701	3.041681	2.102616	1.078355	0.707187	-1.220455	-2.071214	4.512474	15.214220	8.133580	-4.043900	-0.854795	-0.281127	0.369140	-1.000000	-1.000000	-1.000000	-1.000000	-1.000000	-1.000000	-1.000000	84.620690	0.000000	-1.000000	-1.000000	824798.000000	1769635460.602497
16162.740000	19788.300000	26180.595000	38762.325000	12854.475000	-2683.485000	-11098.440000	-462.330000	5.355424	4.314543	1.387813	-2.517684	-2.395520	-2.571050	-2.530620	5.646187	15.214220	8.133580	-4.043900	-0.854795	-0.281127	0.369140	-1.000000	-1.000000	-1.000000	-1.000000	-1.000000	-1.000000	-1.000000	84.620690	0.000000	-1.000000	-1.000000	824799.000000	1769635460.606466
16182.360000	19808.370000	26198.910000	38777.040000	12866.130000	-2674.800000	-11101.590000	-452.070000	3.301650	2.093800	-1.674626	-6.577857	-5.766874	-3.976038	-2.097842	4.863299	15.214220	8.133580	-4.043900	-0.854795	-0.281127	0.369140	-1.000000	-1.000000	-1.000000	-1.000000	-1.000000	-1.000000	-1.000000	84.620690	0.000000	-1.000000	-1.000000	824800.000000	1769635460.606478
16183.980000	19808.640000	26198.235000	38773.260000	12859.380000	-2680.605000	-11098.755000	-450.270000	-0.142199	-2.213393	-5.165382	-8.736333	-7.235693	-3.764345	-0.160128	2.573572	15.214220	8.133580	-4.043900	-0.854795	-0.281127	0.369140	-1.000000	-1.000000	-1.000000	-1.000000	-1.000000	-1.000000	-1.000000	84.620690	0.000000	-1.000000	-1.000000	824801.000000	1769635460.610521
16191.630000	19819.665000	26206.020000	38776.185000	12862.755000	-2679.480000	-11101.815000	-446.805000	-3.397580	-5.494733	-6.569452	-7.720272	-6.024732	-1.519678	3.428355	-0.118333	15.214220	8.133580	-4.043900	-0.854795	-0.281127	0.369140	-1.000000	-1.000000	-1.000000	-1.000000	-1.000000	-1.000000	-1.000000	84.620690	0.000000	-1.000000	-1.000000	824802.000000	1769635460.610530
16191.450000	19809.180000	26193.780000	38767.815000	12857.175000	-2681.685000	-11097.990000	-446.355000	-5.351103	-6.038498	-5.318740	-4.448609	-3.257761	1.070089	6.695954	-2.432443	15.214220	8.133580	-4.043900	-0.854795	-0.281127	0.369140	-1.000000	-1.000000	-1.000000	-1.000000	-1.000000	-1.000000	-1.000000	84.620690	0.000000	-1.000000	-1.000000	824803.000000	1769635460.614509
16172.235000	19790.100000	26178.570000	38754.540000	12841.965000	-2695.950000	-11105.235000	-463.275000	-5.958004	-4.787148	-3.078116	-1.033048	-0.763803	1.913685	6.820490	-4.267928	15.214220	8.133580	-4.043900	-0.854795	-0.281127	0.369140	-1.000000	-1.000000	-1.000000	-1.000000	-1.000000	-1.000000	-1.000000	84.620690	0.000000	-1.000000	-1.000000	824804.000000	1769635460.614519
16162.560000	19796.085000	26181.270000	38758.320000	12846.105000	-2693.610000	-11102.175000	-469.755000	-6.344120	-3.976186	-2.096938	0.508794	-0.014766	0.538176	3.872741	-5.920513	15.214220	8.133580	-4.043900	-0.854795	-0.281127	0.369140	-1.000000	-1.000000	-1.000000	-1.000000	-1.000000	-1.000000	-1.000000	84.620690	0.000000	-1.000000	-1.000000	824805.000000	1769635460.618629
16167.555000	19779.660000	26174.160000	38760.345000	12852.405000	-2686.140000	-11096.865000	-461.430000	-6.614317	-3.895511	-2.282167	0.415164	-0.347050	-1.234955	0.517468	-6.718913	15.214220	8.133580	-4.043900	-0.854795	-0.281127	0.369140	-1.000000	-1.000000	-1.000000	-1.000000	-1.000000	-1.000000	-1.000000	84.620690	0.000000	-1.000000	-1.000000	824806.000000	1769635460.618642
16176.780000	19773.855000	26173.890000	38767.005000	12862.935000	-2672.280000	-11085.615000	-448.695000	-4.763453	-3.080999	-1.640851	0.794676	0.403924	-1.119566	-1.327461	-4.774904	8.743980	8.331960	-2.395820	-0.858885	-0.267822	0.363463	-1.000000	-1.000000	-1.000000	-1.000000	-1.000000	-1.000000	-1.000000	84.620690	0.000000	-1.000000	-1.000000	824807.000000	1769635460.622552
16176.780000	19785.150000	26176.995000	38760.165000	12853.170000	-2683.620000	-11090.295000	-448.335000	0.363487	-0.574423	0.896421	2.739416	2.994531	1.299451	-1.593004	0.459432	8.743980	8.331960	-2.395820	-0.858885	-0.267822	0.363463	-1.000000	-1.000000	-1.000000	-1.000000	-1.000000	-1.000000	-1.000000	84.620690	0.000000	-1.000000	-1.000000	824808.000000	1769635460.622562
16168.140000	19787.895000	26182.080000	38761.785000	12851.010000	-2697.390000	-11106.810000	-459.720000	6.356588	3.297851	4.420278	5.034545	5.663210	3.952562	-1.390598	6.229736	8.743980	8.331960	-2.395820	-0.858885	-0.267822	0.363463	-1.000000	-1.000000	-1.000000	-1.000000	-1.000000	-1.000000	-1.000000	84.620690	0.000000	-1.000000	-1.000000	824809.000000	1769635460.629106
16184.115000	19820.970000	26214.075000	38786.760000	12873.690000	-2678.895000	-11092.410000	-451.800000	9.316343	7.231906	7.305794	5.996902	6.355882	4.457888	-1.714783	8.622713	8.743980	8.331960	-2.395820	-0.858885	-0.267822	0.363463	-1.000000	-1.000000	-1.000000	-1.000000	-1.000000	-1.000000	-1.000000	84.620690	0.000000	-1.000000	-1.000000	824810.000000	1769635460.629116
16190.820000	19842.120000	26233.830000	38796.750000	12884.400000	-2660.670000	-11060.910000	-444.420000	8.094967	10.284281	9.079737	5.725043	5.256224	3.089503	-1.859719	6.535469	8.743980	8.331960	-2.395820	-0.858885	-0.267822	0.363463	-1.000000	-1.000000	-1.000000	-1.000000	-1.000000	-1.000000	-1.000000	84.620690	0.000000	-1.000000	-1.000000	824811.000000	1769635460.630464
16171.380000	19817.280000	26199.405000	38762.910000	12851.190000	-2683.890000	-11069.055000	-449.100000	4.331165	11.495644	9.279788	4.562686	3.192894	1.419643	-0.659742	2.121664	8.743980	8.331960	-2.395820	-0.858885	-0.267822	0.363463	-1.000000	-1.000000	-1.000000	-1.000000	-1.000000	-1.000000	-1.000000	84.620690	0.000000	-1.000000	-1.000000	824812.000000	1769635460.630473
16159.815000	19760.040000	26159.580000	38749.365000	12843.405000	-2691.135000	-11088.765000	-455.580000	-0.250177	8.150691	5.506001	1.226161	-0.409984	-0.519094	0.903743	-1.914113	8.743980	8.331960	-2.395820	-0.858885	-0.267822	0.363463	-1.000000	-1.000000	-1.000000	-1.000000	-1.000000	-1.000000	-1.000000	84.620690	0.000000	-1.000000	-1.000000	824813.000000	1769635460.634432
16166.295000	19759.185000	26167.950000	38762.100000	12858.210000	-2678.400000	-11088.270000	-463.815000	-4.120930	-1.368179	-3.185425	-4.346444	-5.165757	-2.919750	0.695322	-4.202413	8.743980	8.331960	-2.395820	-0.858885	-0.267822	0.363463	-1.000000	-1.000000	-1.000000	-1.000000	-1.000000	-1.000000	-1.000000	84.620690	0.000000	-1.000000	-1.000000	824814.000000	1769635460.634440
16170.615000	19781.820000	26177.535000	38759.355000	12852.810000	-2690.280000	-11112.030000	-464.355000	-5.624364	-12.327256	-12.173216	-9.020963	-8.459407	-4.862774	-2.001084	-4.852945	8.743980	8.331960	-2.395820	-0.858885	-0.267822	0.363463	-1.000000	-1.000000	-1.000000	-1.000000	-1.000000	-1.000000	-1.000000	84.620690	0.000000	-1.000000	-1.000000	824815.000000	1769635460.638458
16162.425000	19770.975000	26160.345000	38736.180000	12828.645000	-2708.415000	-11110.590000	-457.110000	-4.389449	-16.695932	-15.231713	-9.970509	-8.622522	-5.852867	-5.917620	-4.375951	8.743980	8.331960	-2.395820	-0.858885	-0.267822	0.363463	-1.000000	-1.000000	-1.000000	-1.000000	-1.000000	-1.000000	-1.000000	84.620690	0.000000	-1.000000	-1.000000	824816.000000	1769635460.638469
16167.870000	19764.090000	26151.120000	38732.715000	12828.240000	-2699.055000	-11088.855000	-449.100000	-1.748649	-12.131552	-11.242147	-7.411242	-6.294349	-5.625177	-7.810872	-2.645505	-5.325740	9.888480	-1.632820	-0.857481	-0.251342	0.367126	-1.000000	-1.000000	-1.000000	-1.000000	-1.000000	-1.000000	-1.000000	84.620690	0.000000	-1.000000	-1.000000	824817.000000	1769635460.642690
16177.140000	19770.120000	26160.570000	38747.970000	12844.890000	-2681.370000	-11077.830000	-444.960000	0.860932	-3.260576	-3.894684	-2.945739	-2.382932	-2.965445	-4.319993	0.470932	-5.325740	9.888480	-1.632820	-0.857481	-0.251342	0.367126	-1.000000	-1.000000	-1.000000	-1.000000	-1.000000	-1.000000	-1.000000	84.620690	0.000000	-1.000000	-1.000000	824818.000000	1769635460.642700
16178.445000	19787.220000	26180.730000	38766.510000	12857.760000	-2675.520000	-11080.170000	-449.685000	2.555306	4.305089	2.902960	2.156807	2.449796	2.152696	3.452819	3.681453	-5.325740	9.888480	-1.632820	-0.857481	-0.251342	0.367126	-1.000000	-1.000000	-1.000000	-1.000000	-1.000000	-1.000000	-1.000000	84.620690	0.000000	-1.000000	-1.000000	824819.000000	1769635460.647781
16161.075000	19788.795000	26182.440000	38766.240000	12856.005000	-2676.015000	-11073.015000	-459.315000	2.551778	8.030584	7.471518	6.880841	6.918726	6.952232	9.730811	4.681722	-5.325740	9.888480	-1.632820	-0.857481	-0.251342	0.367126	-1.000000	-1.000000	-1.000000	-1.000000	-1.000000	-1.000000	-1.000000	84.620690	0.000000	-1.000000	-1.000000	824820.000000	1769635460.647791
16151.445000	19778.625000	26168.580000	38750.895000	12844.305000	-2681.460000	-11068.560000	-461.745000	0.867704	8.748168	10.015046	10.096960	9.552629	8.668082	10.476717	2.645982	-5.325740	9.888480	-1.632820	-0.857481	-0.251342	0.367126	-1.000000	-1.000000	-1.000000	-1.000000	-1.000000	-1.000000	-1.000000	84.620690	0.000000	-1.000000	-1.000000	824821.000000	1769635460.650316
16159.005000	19784.970000	26172.855000	38753.595000	12845.835000	-2681.820000	-11076.210000	-459.360000	-0.996996	8.652871	10.958954	10.418278	9.241751	6.858042	6.791559	-0.561734	-5.325740	9.888480	-1.632820	-0.857481	-0.251342	0.367126	-1.000000	-1.000000	-1.000000	-1.000000	-1.000000	-1.000000	-1.000000	84.620690	0.000000	-1.000000	-1.000000	824822.000000	1769635460.650328
16157.430000	19778.355000	26167.905000	38751.390000	12841.155000	-2689.830000	-11089.620000	-461.790000	-1.480848	8.260955	9.636090	6.950808	5.475118	2.420426	1.489258	-2.378104	-5.325740	9.888480	-1.632820	-0.857481	-0.251342	0.367126	-1.000000	-1.000000	-1.000000	-1.000000	-1.000000	-1.000000	-1.000000	84.620690	0.000000	-1.000000	-1.000000	824823.000000	1769635460.656698
16155.945000	19776.150000	26166.375000	38752.380000	12842.235000	-2685.960000	-11078.460000	-459.630000	-0.616411	5.722457	5.144532	0.804496	-0.506965	-2.850807	-3.318419	-2.050392	-5.325740	9.888480	-1.632820	-0.857481	-0.251342	0.367126	-1.000000	-1.000000	-1.000000	-1.000000	-1.000000	-1.000000	-1.000000	84.620690	0.000000	-1.000000	-1.000000	824824.000000	1769635460.656708
16148.700000	19768.455000	26157.285000	38744.955000	12836.700000	-2686.545000	-11070.945000	-464.940000	0.474747	0.070995	-1.485870	-4.902213	-5.524514	-6.177839	-5.819282	-0.771300	-5.325740	9.888480	-1.632820	-0.857481	-0.251342	0.367126	-1.000000	-1.000000	-1.000000	-1.000000	-1.000000	-1.000000	-1.000000	84.620690	0.000000	-1.000000	-1.000000	824825.000000	1769635460.661826
16165.935000	19784.925000	26171.505000	38757.960000	12847.320000	-2682.855000	-11088.180000	-457.830000	1.024866	-6.408006	-7.276033	-7.469973	-7.031005	-5.972948	-5.743928	0.049175	-5.325740	9.888480	-1.632820	-0.857481	-0.251342	0.367126	-1.000000	-1.000000	-1.000000	-1.000000	-1.000000	-1.000000	-1.000000	84.620690	0.000000	-1.000000	-1.000000	824826.000000	1769635460.661836
16171.920000	19791.675000	26177.985000	38762.280000	12850.515000	-2683.215000	-11091.240000	-451.800000	1.114363	-10.260671	-9.806352	-6.754321	-5.383323	-3.535800	-4.879422	0.224189	-8.454040	10.971940	-3.280900	-0.859922	-0.250976	0.364928	-1.000000	-1.000000	-1.000000	-1.000000	-1.000000	-1.000000	-1.000000	84.620690	0.000000	-1.000000	-1.000000	824827.000000	1769635460.663078
16178.760000	19794.060000	26179.110000	38763.405000	12850.965000	-2688.030000	-11099.385000	-448.155000	1.191318	-10.141924	-9.011510	-4.593608	-2.831870	-1.365140	-4.627823	0.516207	-8.454040	10.971940	-3.280900	-0.859922	-0.250976	0.364928	-1.000000	-1.000000	-1.000000	-1.000000	-1.000000	-1.000000	-1.000000	84.620690	0.000000	-1.000000	-1.000000	824828.000000	1769635460.663089
16180.920000	19789.245000	26172.945000	38755.170000	12842.235000	-2693.160000	-11095.155000	-444.735000	1.737653	-6.928678	-6.102339	-2.456737	-0.904081	-0.530698	-4.474413	1.452447	-8.454040	10.971940	-3.280900	-0.859922	-0.250976	0.364928	-1.000000	-1.000000	-1.000000	-1.000000	-1.000000	-1.000000	-1.000000	84.620690	0.000000	-1.000000	-1.000000	824829.000000	1769635460.666831
16162.560000	19768.815000	26153.370000	38736.720000	12822.390000	-2714.940000	-11101.950000	-456.885000	2.521152	-2.137604	-2.110872	-0.620569	0.188758	-0.497311	-2.932679	2.513357	-8.454040	10.971940	-3.280900	-0.859922	-0.250976	0.364928	-1.000000	-1.000000	-1.000000	-1.000000	-1.000000	-1.000000	-1.000000	84.620690	0.000000	-1.000000	-1.000000	824830.000000	1769635460.666840
16137.495000	19763.280000	26154.810000	38742.660000	12826.080000	-2724.660000	-11114.730000	-481.770000	1.642613	2.210584	1.614395	0.666306	0.386335	-0.800624	0.518343	2.076632	-8.454040	10.971940	-3.280900	-0.859922	-0.250976	0.364928	-1.000000	-1.000000	-1.000000	-1.000000	-1.000000	-1.000000	-1.000000	84.620690	0.000000	-1.000000	-1.000000	824831.000000	1769635460.673240
16168.860000	19788.210000	26175.645000	38766.780000	12861.135000	-2680.155000	-11095.965000	-461.565000	-1.864837	4.647558	4.029012	1.586361	0.495387	-0.502144	4.867722	-0.611541	-8.454040	10.971940	-3.280900	-0.859922	-0.250976	0.364928	-1.000000	-1.000000	-1.000000	-1.000000	-1.000000	-1.000000	-1.000000	84.620690	0.000000	-1.000000	-1.000000	824832.000000	1769635460.673250
16185.645000	19785.690000	26165.610000	38756.520000	12859.515000	-2651.895000	-11050.605000	-436.680000	-4.906620	5.685839	5.436953	3.114407	2.348785	2.658831	9.102090	-3.217724	-8.454040	10.971940	-3.280900	-0.859922	-0.250976	0.364928	-1.000000	-1.000000	-1.000000	-1.000000	-1.000000	-1.000000	-1.000000	84.620690	0.000000	-1.000000	-1.000000	824833.000000	1769635460.674612
16155.225000	19781.505000	26173.395000	38763.405000	12855.735000	-2675.340000	-11078.280000	-468.090000	-4.365332	5.929128	6.015967	4.973230	5.561747	8.331094	11.990536	-3.108777	-8.454040	10.971940	-3.280900	-0.859922	-0.250976	0.364928	-1.000000	-1.000000	-1.000000	-1.000000	-1.000000	-1.000000	-1.000000	84.620690	0.000000	-1.000000	-1.000000	824834.000000	1769635460.674618
16169.220000	19810.440000	26204.670000	38792.970000	12881.565000	-2662.245000	-11099.655000	-464.580000	-1.867492	4.816534	5.351520	5.649092	7.144210	11.566348	10.716702	-1.390549	-8.454040	10.971940	-3.280900	-0.859922	-0.250976	0.364928	-1.000000	-1.000000	-1.000000	-1.000000	-1.000000	-1.000000	-1.000000	84.620690	0.000000	-1.000000	-1.000000	824835.000000	1769635460.679232
16173.810000	19804.635000	26196.300000	38786.805000	12877.920000	-2663.415000	-11087.730000	-456.030000	-0.298961	2.241186	3.408706	4.377442	5.273366	8.531158	3.872214	-0.420084	-8.454040	10.971940	-3.280900	-0.859922	-0.250976	0.364928	-1.000000	-1.000000	-1.000000	-1.000000	-1.000000	-1.000000	-1.000000	84.620690	0.000000	-1.000000	-1.000000	824836.000000	1769635460.679246
16172.415000	19800.315000	26187.930000	38773.305000	12860.955000	-2680.740000	-11094.615000	-457.965000	0.135978	-1.099045	0.229150	1.162247	0.518405	0.509522	-5.316522	-0.237933	-2.380560	9.125480	-1.815940	-0.864866	-0.261108	0.360412	-1.000000	-1.000000	-1.000000	-1.000000	-1.000000	-1.000000	-1.000000	84.620690	0.000000	-1.000000	-1.000000	824837.000000	1769635460.682378
16170.885000	19793.070000	26179.605000	38765.070000	12853.530000	-2684.205000	-11094.615000	-457.830000	0.551072	-4.051070	-3.553031	-3.171788	-5.138221	-8.204307	-11.822943	0.154909	-2.380560	9.125480	-1.815940	-0.864866	-0.261108	0.360412	-1.000000	-1.000000	-1.000000	-1.000000	-1.000000	-1.000000	-1.000000	84.620690	0.000000	-1.000000	-1.000000	824838.000000	1769635460.682387
16170.705000	19799.280000	26188.245000	38772.270000	12863.160000	-2671.785000	-11081.025000	-456.210000	1.736981	-4.963215	-5.957763	-6.437620	-8.734060	-12.855162	-12.520739	1.287754	-2.380560	9.125480	-1.815940	-0.864866	-0.261108	0.360412	-1.000000	-1.000000	-1.000000	-1.000000	-1.000000	-1.000000	-1.000000	84.620690	0.000000	-1.000000	-1.000000	824839.000000	1769635460.694085
16170.390000	19804.455000	26191.485000	38771.505000	12862.755000	-2666.700000	-11058.255000	-456.705000	3.509610	-3.178757	-5.500782	-6.873210	-8.329151	-10.908872	-6.913730	3.075955	-2.380560	9.125480	-1.815940	-0.864866	-0.261108	0.360412	-1.000000	-1.000000	-1.000000	-1.000000	-1.000000	-1.000000	-1.000000	84.620690	0.000000	-1.000000	-1.000000	824840.000000	1769635460.694100
16160.445000	19785.825000	26171.685000	38756.295000	12850.695000	-2678.130000	-11070.495000	-462.465000	4.010375	-0.553259	-3.246054	-5.148001	-5.235624	-4.920357	1.689257	3.994580	-2.380560	9.125480	-1.815940	-0.864866	-0.261108	0.360412	-1.000000	-1.000000	-1.000000	-1.000000	-1.000000	-1.000000	-1.000000	84.620690	0.000000	-1.000000	-1.000000	824841.000000	1769635460.694116
16171.875000	19780.830000	26167.140000	38755.305000	12847.320000	-2691.270000	-11112.120000	-456.300000	1.691147	0.248571	-1.515951	-3.011092	-2.170901	-0.291680	6.456198	2.264256	-2.380560	9.125480	-1.815940	-0.864866	-0.261108	0.360412	-1.000000	-1.000000	-1.000000	-1.000000	-1.000000	-1.000000	-1.000000	84.620690	0.000000	-1.000000	-1.000000	824842.000000	1769635460.694122
16167.780000	19780.425000	26171.685000	38761.650000	12850.920000	-2688.075000	-11103.030000	-458.640000	-1.838350	-1.252381	-1.280883	-1.201416	-0.156191	0.751261	3.695752	-1.108653	-2.380560	9.125480	-1.815940	-0.864866	-0.261108	0.360412	-1.000000	-1.000000	-1.000000	-1.000000	-1.000000	-1.000000	-1.000000	84.620690	0.000000	-1.000000	-1.000000	824843.000000	1769635460.695417
16169.310000	19783.080000	26173.080000	38762.640000	12853.620000	-2683.890000	-11095.155000	-457.020000	-3.940224	-3.472543	-1.950778	0.164999	1.114215	0.301832	-2.194278	-3.438253	-2.380560	9.125480	-1.815940	-0.864866	-0.261108	0.360412	-1.000000	-1.000000	-1.000000	-1.000000	-1.000000	-1.000000	-1.000000	84.620690	0.000000	-1.000000	-1.000000	824844.000000	1769635460.695427
16168.590000	19785.510000	26175.015000	38764.530000	12854.790000	-2682.450000	-11093.490000	-458.235000	-4.020363	-4.346363	-2.110674	1.285896	2.178225	0.990174	-4.671379	-3.737274	-2.380560	9.125480	-1.815940	-0.864866	-0.261108	0.360412	-1.000000	-1.000000	-1.000000	-1.000000	-1.000000	-1.000000	-1.000000	84.620690	0.000000	-1.000000	-1.000000	824845.000000	1769635460.700972
16164.900000	19787.175000	26179.290000	38770.110000	12857.355000	-2683.215000	-11094.975000	-461.745000	-2.674334	-2.251308	-0.121707	3.089662	3.883701	3.649554	-2.136128	-2.685785	-2.380560	9.125480	-1.815940	-0.864866	-0.261108	0.360412	-1.000000	-1.000000	-1.000000	-1.000000	-1.000000	-1.000000	-1.000000	84.620690	0.000000	-1.000000	-1.000000	824846.000000	1769635460.700985
16159.725000	19786.410000	26181.270000	38773.710000	12860.685000	-2682.765000	-11097.045000	-466.695000	-0.567040	2.598888	4.174349	5.955563	6.370578	7.068447	2.632619	-1.155640	-0.137340	5.447820	-0.305200	-0.870725	-0.262206	0.354796	-1.000000	-1.000000	-1.000000	-1.000000	-1.000000	-1.000000	-1.000000	84.620690	0.000000	-1.000000	-1.000000	824847.000000	1769635460.702466
16176.915000	19806.795000	26196.255000	38783.790000	12871.485000	-2669.310000	-11087.910000	-457.155000	1.785387	7.841207	8.574763	8.378094	8.134467	8.883245	5.999981	0.433339	-0.137340	5.447820	-0.305200	-0.870725	-0.262206	0.354796	-1.000000	-1.000000	-1.000000	-1.000000	-1.000000	-1.000000	-1.000000	84.620690	0.000000	-1.000000	-1.000000	824848.000000	1769635460.702472
16193.160000	19825.560000	26212.140000	38798.595000	12889.080000	-2651.490000	-11082.015000	-448.875000	4.208417	10.927352	10.467887	8.403911	7.542504	7.680151	5.967781	2.112380	-0.137340	5.447820	-0.305200	-0.870725	-0.262206	0.354796	-1.000000	-1.000000	-1.000000	-1.000000	-1.000000	-1.000000	-1.000000	84.620690	0.000000	-1.000000	-1.000000	824849.000000	1769635460.707757
16183.620000	19817.820000	26201.925000	38781.270000	12868.155000	-2675.340000	-11107.620000	-455.175000	5.959832	10.686345	8.979145	5.588356	4.415981	3.789881	2.849218	3.431621	-0.137340	5.447820	-0.305200	-0.870725	-0.262206	0.354796	-1.000000	-1.000000	-1.000000	-1.000000	-1.000000	-1.000000	-1.000000	84.620690	0.000000	-1.000000	-1.000000	824850.000000	1769635460.707765
16180.020000	19800.045000	26175.510000	38751.660000	12837.330000	-2702.340000	-11113.875000	-449.370000	5.372516	6.695419	4.137593	0.146953	-0.957108	-1.937028	-1.356988	3.435967	-0.137340	5.447820	-0.305200	-0.870725	-0.262206	0.354796	-1.000000	-1.000000	-1.000000	-1.000000	-1.000000	-1.000000	-1.000000	84.620690	0.000000	-1.000000	-1.000000	824851.000000	1769635460.712720
16180.335000	19786.455000	26151.840000	38727.450000	12819.420000	-2701.845000	-11088.765000	-442.935000	1.779118	-1.013439	-4.066921	-7.726531	-8.229620	-8.260082	-3.894808	2.103732	-0.137340	5.447820	-0.305200	-0.870725	-0.262206	0.354796	-1.000000	-1.000000	-1.000000	-1.000000	-1.000000	-1.000000	-1.000000	84.620690	0.000000	-1.000000	-1.000000	824852.000000	1769635460.712732
16166.385000	19748.340000	26141.625000	38737.935000	12830.985000	-2693.520000	-11085.930000	-449.640000	-3.371114	-10.742065	-13.580780	-15.465554	-14.803512	-12.477841	-3.121135	0.248076	-0.137340	5.447820	-0.305200	-0.870725	-0.262206	0.354796	-1.000000	-1.000000	-1.000000	-1.000000	-1.000000	-1.000000	-1.000000	84.620690	0.000000	-1.000000	-1.000000	824853.000000	1769635460.714314
16147.620000	19741.410000	26138.745000	38741.670000	12834.450000	-2693.745000	-11089.395000	-464.355000	-7.900530	-18.735975	-19.397244	-17.770148	-15.909097	-11.582957	-0.135657	-1.784688	-0.137340	5.447820	-0.305200	-0.870725	-0.262206	0.354796	-1.000000	-1.000000	-1.000000	-1.000000	-1.000000	-1.000000	-1.000000	84.620690	0.000000	-1.000000	-1.000000	824854.000000	1769635460.714321
16146.855000	19771.155000	26160.525000	38747.520000	12836.925000	-2690.370000	-11092.860000	-470.160000	-9.944061	-20.040409	-16.889913	-11.472206	-9.185410	-5.241651	2.345073	-3.846629	-0.137340	5.447820	-0.305200	-0.870725	-0.262206	0.354796	-1.000000	-1.000000	-1.000000	-1.000000	-1.000000	-1.000000	-1.000000	84.620690	0.000000	-1.000000	-1.000000	824855.000000	1769635460.719032
16153.065000	19787.445000	26172.405000	38752.065000	12843.045000	-2678.535000	-11072.115000	-463.500000	-8.115809	-11.540328	-5.783719	0.741090	2.275945	3.462874	2.733087	-4.988429	-0.137340	5.447820	-0.305200	-0.870725	-0.262206	0.354796	-1.000000	-1.000000	-1.000000	-1.000000	-1.000000	-1.000000	-1.000000	84.620690	0.000000	-1.000000	-1.000000	824856.000000	1769635460.719044
16146.090000	19782.810000	26171.100000	38747.070000	12838.860000	-2681.370000	-11062.125000	-467.955000	-2.900010	3.421982	8.518770	12.181524	12.130958	9.972510	1.517563	-4.190317	0.106820	5.951400	-0.137340	-0.867429	-0.254699	0.363219	-1.000000	-1.000000	-1.000000	-1.000000	-1.000000	-1.000000	-1.000000	84.620690	0.000000	-1.000000	-1.000000	824857.000000	1769635460.722324
16170.570000	19803.915000	26197.380000	38773.305000	12863.070000	-2673.270000	-11094.840000	-458.280000	3.151653	16.465100	18.568023	17.375286	15.698174	11.092223	-0.476876	-1.698201	0.106820	5.951400	-0.137340	-0.867429	-0.254699	0.363219	-1.000000	-1.000000	-1.000000	-1.000000	-1.000000	-1.000000	-1.000000	84.620690	0.000000	-1.000000	-1.000000	824858.000000	1769635460.722335
16167.915000	19780.335000	26175.555000	38762.460000	12858.210000	-2669.805000	-11087.865000	-453.015000	7.948699	21.369471	20.511631	15.844090	13.332224	7.673284	-2.686332	1.528730	0.106820	5.951400	-0.137340	-0.867429	-0.254699	0.363219	-1.000000	-1.000000	-1.000000	-1.000000	-1.000000	-1.000000	-1.000000	84.620690	0.000000	-1.000000	-1.000000	824859.000000	1769635460.726795
16169.985000	19765.710000	26157.555000	38753.730000	12849.885000	-2679.660000	-11088.270000	-451.665000	10.427724	17.035861	14.759751	10.293374	8.305085	3.303971	-3.812257	4.447918	0.106820	5.951400	-0.137340	-0.867429	-0.254699	0.363219	-1.000000	-1.000000	-1.000000	-1.000000	-1.000000	-1.000000	-1.000000	84.620690	0.000000	-1.000000	-1.000000	824860.000000	1769635460.726809
16181.145000	19794.690000	26180.910000	38763.315000	12854.610000	-2682.855000	-11100.195000	-449.730000	9.825588	6.927166	4.567080	3.304069	2.764382	-0.193024	-3.475300	5.752218	0.106820	5.951400	-0.137340	-0.867429	-0.254699	0.363219	-1.000000	-1.000000	-1.000000	-1.000000	-1.000000	-1.000000	-1.000000	84.620690	0.000000	-1.000000	-1.000000	824861.000000	1769635460.730753
16175.970000	19806.570000	26193.195000	38763.585000	12852.945000	-2683.530000	-11098.980000	-457.605000	6.608230	-2.104891	-4.583874	-3.188635	-2.625763	-3.271908	-2.903659	4.763566	0.106820	5.951400	-0.137340	-0.867429	-0.254699	0.363219	-1.000000	-1.000000	-1.000000	-1.000000	-1.000000	-1.000000	-1.000000	84.620690	0.000000	-1.000000	-1.000000	824862.000000	1769635460.730764
16174.305000	19798.605000	26188.470000	38767.680000	12859.425000	-2679.390000	-11099.025000	-461.025000	2.288088	-5.569541	-8.829398	-7.885525	-7.174059	-5.808550	-2.285455	2.194524	0.106820	5.951400	-0.137340	-0.867429	-0.254699	0.363219	-1.000000	-1.000000	-1.000000	-1.000000	-1.000000	-1.000000	-1.000000	84.620690	0.000000	-1.000000	-1.000000	824863.000000	1769635460.737383
16173.045000	19787.625000	26179.020000	38767.590000	12860.775000	-2678.310000	-11096.100000	-458.190000	-1.955504	-5.699661	-9.199886	-10.144818	-9.699967	-6.714420	-0.732421	-0.546570	0.106820	5.951400	-0.137340	-0.867429	-0.254699	0.363219	-1.000000	-1.000000	-1.000000	-1.000000	-1.000000	-1.000000	-1.000000	84.620690	0.000000	-1.000000	-1.000000	824864.000000	1769635460.737395
16177.815000	19788.525000	26178.930000	38767.770000	12862.080000	-2675.250000	-11091.780000	-446.715000	-5.476194	-6.917083	-8.846910	-9.843857	-9.448374	-5.623667	1.433088	-2.279582	0.106820	5.951400	-0.137340	-0.867429	-0.254699	0.363219	-1.000000	-1.000000	-1.000000	-1.000000	-1.000000	-1.000000	-1.000000	84.620690	0.000000	-1.000000	-1.000000	824865.000000	1769635460.738296
16180.470000	19786.590000	26177.085000	38765.835000	12862.395000	-2673.045000	-11087.730000	-438.795000	-7.703621	-9.802564	-8.887154	-7.569227	-6.967778	-3.273119	3.082096	-2.458508	0.106820	5.951400	-0.137340	-0.867429	-0.254699	0.363219	-1.000000	-1.000000	-1.000000	-1.000000	-1.000000	-1.000000	-1.000000	84.620690	0.000000	-1.000000	-1.000000	824866.000000	1769635460.738307
16185.330000	19778.085000	26165.070000	38753.865000	12851.460000	-2685.600000	-11100.915000	-435.420000	-8.190035	-11.542379	-8.298311	-4.551778	-3.750147	-0.726716	4.100152	-1.455697	-3.418240	5.279960	-0.808780	-0.866880	-0.249328	0.363524	-1.000000	-1.000000	-1.000000	-1.000000	-1.000000	-1.000000	-1.000000	84.620690	0.000000	-1.000000	-1.000000	824867.000000	1769635460.742307
16203.960000	19788.030000	26172.495000	38759.760000	12855.285000	-2687.265000	-11117.295000	-431.505000	-6.488936	-9.164173	-5.435052	-1.512089	-0.795156	1.251072	4.424185	-0.370668	-3.418240	5.279960	-0.808780	-0.866880	-0.249328	0.363524	-1.000000	-1.000000	-1.000000	-1.000000	-1.000000	-1.000000	-1.000000	84.620690	0.000000	-1.000000	-1.000000	824868.000000	1769635460.742317
16205.580000	19807.200000	26197.290000	38783.430000	12879.045000	-2664.765000	-11100.465000	-440.460000	-2.492052	-1.705317	0.908433	2.253689	2.431509	2.899777	3.231941	-0.215790	-3.418240	5.279960	-0.808780	-0.866880	-0.249328	0.363524	-1.000000	-1.000000	-1.000000	-1.000000	-1.000000	-1.000000	-1.000000	84.620690	0.000000	-1.000000	-1.000000	824869.000000	1769635460.746269
16185.060000	19811.025000	26204.220000	38788.785000	12882.780000	-2660.535000	-11079.630000	-456.030000	2.037596	8.066094	9.243194	6.983013	6.406894	4.965075	1.265420	-1.394900	-3.418240	5.279960	-0.808780	-0.866880	-0.249328	0.363524	-1.000000	-1.000000	-1.000000	-1.000000	-1.000000	-1.000000	-1.000000	84.620690	0.000000	-1.000000	-1.000000	824870.000000	1769635460.746278
16178.175000	19813.950000	26207.100000	38787.075000	12879.180000	-2661.390000	-11074.095000	-447.390000	4.255271	14.791585	14.992236	10.458138	9.393154	6.786372	0.607603	-3.085239	-3.418240	5.279960	-0.808780	-0.866880	-0.249328	0.363524	-1.000000	-1.000000	-1.000000	-1.000000	-1.000000	-1.000000	-1.000000	84.620690	0.000000	-1.000000	-1.000000	824871.000000	1769635460.750356
16165.170000	19803.780000	26196.435000	38778.210000	12875.535000	-2657.295000	-11067.570000	-449.595000	3.184464	14.697487	14.265651	9.734961	8.704676	6.463973	1.465638	-3.381158	-3.418240	5.279960	-0.808780	-0.866880	-0.249328	0.363524	-1.000000	-1.000000	-1.000000	-1.000000	-1.000000	-1.000000	-1.000000	84.620690	0.000000	-1.000000	-1.000000	824872.000000	1769635460.750366
16153.065000	19779.480000	26167.365000	38748.690000	12850.560000	-2674.845000	-11067.750000	-456.840000	0.076156	7.752388	6.742493	3.894336	3.461547	2.952698	1.882552	-1.623119	-3.418240	5.279960	-0.808780	-0.866880	-0.249328	0.363524	-1.000000	-1.000000	-1.000000	-1.000000	-1.000000	-1.000000	-1.000000	84.620690	0.000000	-1.000000	-1.000000	824873.000000	1769635460.754694
16144.155000	19761.525000	26148.060000	38727.630000	12827.880000	-2700.900000	-11091.420000	-467.145000	-3.193755	-3.108824	-4.695118	-5.224439	-4.739784	-3.273082	-0.200521	0.444307	-3.418240	5.279960	-0.808780	-0.866880	-0.249328	0.363524	-1.000000	-1.000000	-1.000000	-1.000000	-1.000000	-1.000000	-1.000000	84.620690	0.000000	-1.000000	-1.000000	824874.000000	1769635460.754705
16161.705000	19781.505000	26169.435000	38747.925000	12841.470000	-2706.705000	-11134.170000	-465.525000	-4.705239	-12.711595	-14.626154	-13.103341	-12.099039	-10.077630	-5.328110	0.966802	-3.418240	5.279960	-0.808780	-0.866880	-0.249328	0.363524	-1.000000	-1.000000	-1.000000	-1.000000	-1.000000	-1.000000	-1.000000	84.620690	0.000000	-1.000000	-1.000000	824875.000000	1769635460.758323
16156.305000	19785.915000	26178.435000	38760.525000	12855.195000	-2693.970000	-11127.510000	-468.045000	-3.136888	-15.340251	-16.863383	-14.154095	-13.619501	-13.368189	-11.098490	0.125592	-3.418240	5.279960	-0.808780	-0.866880	-0.249328	0.363524	-1.000000	-1.000000	-1.000000	-1.000000	-1.000000	-1.000000	-1.000000	84.620690	0.000000	-1.000000	-1.000000	824876.000000	1769635460.758336
16156.260000	19783.665000	26175.600000	38761.470000	12861.360000	-2673.990000	-11090.520000	-463.815000	0.678373	-9.362443	-9.584342	-6.653212	-7.139115	-9.630598	-12.383288	-0.491254	-1.052940	4.333840	-0.045780	-0.868040	-0.249572	0.364623	-1.000000	-1.000000	-1.000000	-1.000000	-1.000000	-1.000000	-1.000000	84.620690	0.000000	-1.000000	-1.000000	824877.000000	1769635460.762503
16169.715000	19790.550000	26177.760000	38762.910000	12864.285000	-2662.920000	-11069.055000	-450.720000	4.562016	0.662050	1.909765	4.427503	3.489575	0.071437	-5.810947	0.655745	-1.052940	4.333840	-0.045780	-0.868040	-0.249572	0.364623	-1.000000	-1.000000	-1.000000	-1.000000	-1.000000	-1.000000	-1.000000	84.620690	0.000000	-1.000000	-1.000000	824878.000000	1769635460.762514
16177.545000	19793.925000	26174.610000	38754.450000	12853.485000	-2670.345000	-11067.570000	-443.430000	7.583227	8.458262	10.036270	11.793926	11.456821	10.129559	5.582582	3.996948	-1.052940	4.333840	-0.045780	-0.868040	-0.249572	0.364623	-1.000000	-1.000000	-1.000000	-1.000000	-1.000000	-1.000000	-1.000000	84.620690	0.000000	-1.000000	-1.000000	824879.000000	1769635460.766530
16171.155000	19791.765000	26172.945000	38752.785000	12850.110000	-2676.915000	-11080.890000	-451.575000	9.475771	10.880548	11.235280	11.910058	12.578292	14.622384	14.246576	7.650058	-1.052940	4.333840	-0.045780	-0.868040	-0.249572	0.364623	-1.000000	-1.000000	-1.000000	-1.000000	-1.000000	-1.000000	-1.000000	84.620690	0.000000	-1.000000	-1.000000	824880.000000	1769635460.766540
16171.020000	19796.805000	26180.685000	38760.705000	12857.805000	-2671.920000	-11086.065000	-453.870000	9.034881	8.612410	7.351978	6.708395	7.749807	11.534451	14.511956	8.306953	-1.052940	4.333840	-0.045780	-0.868040	-0.249572	0.364623	-1.000000	-1.000000	-1.000000	-1.000000	-1.000000	-1.000000	-1.000000	84.620690	0.000000	-1.000000	-1.000000	824881.000000	1769635460.770366
16169.085000	19792.710000	26177.580000	38760.750000	12858.030000	-2673.540000	-11088.720000	-454.365000	5.457782	4.535808	2.871407	1.131654	1.504595	3.928230	6.826333	4.629222	-1.052940	4.333840	-0.045780	-0.868040	-0.249572	0.364623	-1.000000	-1.000000	-1.000000	-1.000000	-1.000000	-1.000000	-1.000000	84.620690	0.000000	-1.000000	-1.000000	824882.000000	1769635460.770374
16171.650000	19790.820000	26177.175000	38765.250000	12864.285000	-2669.445000	-11083.905000	-450.180000	-0.338753	1.003846	0.601366	-1.349807	-2.063209	-2.900892	-2.812573	-1.366471	-1.052940	4.333840	-0.045780	-0.868040	-0.249572	0.364623	-1.000000	-1.000000	-1.000000	-1.000000	-1.000000	-1.000000	-1.000000	84.620690	0.000000	-1.000000	-1.000000	824883.000000	1769635460.775203
16169.670000	19790.595000	26175.510000	38759.130000	12857.220000	-2675.205000	-11084.355000	-452.925000	-6.467540	-1.765371	-0.265063	-1.406482	-2.580908	-5.786210	-7.568083	-6.452941	-1.052940	4.333840	-0.045780	-0.868040	-0.249572	0.364623	-1.000000	-1.000000	-1.000000	-1.000000	-1.000000	-1.000000	-1.000000	84.620690	0.000000	-1.000000	-1.000000	824884.000000	1769635460.775215
16170.480000	19792.755000	26176.410000	38757.690000	12855.420000	-2678.040000	-11084.580000	-453.105000	-10.852116	-4.216195	-1.660492	-1.838047	-2.514191	-5.500946	-5.701030	-8.630129	-1.052940	4.333840	-0.045780	-0.868040	-0.249572	0.364623	-1.000000	-1.000000	-1.000000	-1.000000	-1.000000	-1.000000	-1.000000	84.620690	0.000000	-1.000000	-1.000000	824885.000000	1769635460.781915
16168.545000	19792.665000	26178.930000	38761.560000	12858.120000	-2678.085000	-11086.155000	-455.130000	-11.835950	-5.914661	-3.805181	-3.800711	-3.663123	-4.789565	-1.683987	-7.747728	-1.052940	4.333840	-0.045780	-0.868040	-0.249572	0.364623	-1.000000	-1.000000	-1.000000	-1.000000	-1.000000	-1.000000	-1.000000	84.620690	0.000000	-1.000000	-1.000000	824886.000000	1769635460.781926
16167.645000	19790.685000	26179.155000	38764.260000	12861.360000	-2676.195000	-11085.435000	-454.680000	-9.190983	-6.248999	-5.465881	-5.849708	-5.288451	-4.986835	-0.593989	-4.902955	-3.860780	3.448760	-2.395820	-0.867307	-0.248412	0.363708	-1.000000	-1.000000	-1.000000	-1.000000	-1.000000	-1.000000	-1.000000	84.620690	0.000000	-1.000000	-1.000000	824887.000000	1769635460.782334
16170.615000	19795.545000	26182.080000	38766.420000	12864.240000	-2673.270000	-11083.545000	-450.990000	-4.103389	-5.077562	-5.436043	-5.843829	-5.272326	-4.839319	-2.781048	-1.427980	-3.860780	3.448760	-2.395820	-0.867307	-0.248412	0.363708	-1.000000	-1.000000	-1.000000	-1.000000	-1.000000	-1.000000	-1.000000	84.620690	0.000000	-1.000000	-1.000000	824888.000000	1769635460.782344
16174.080000	19802.160000	26185.230000	38766.060000	12864.150000	-2671.020000	-11083.095000	-449.415000	1.830979	-2.402827	-3.342612	-3.142133	-2.636176	-2.646747	-4.719683	1.879539	-3.860780	3.448760	-2.395820	-0.867307	-0.248412	0.363708	-1.000000	-1.000000	-1.000000	-1.000000	-1.000000	-1.000000	-1.000000	84.620690	0.000000	-1.000000	-1.000000	824889.000000	1769635460.788700
16175.970000	19805.625000	26186.310000	38765.700000	12862.485000	-2672.415000	-11084.580000	-448.830000	6.981754	1.426484	0.116325	0.875327	1.313612	1.325477	-3.565401	4.524544	-3.860780	3.448760	-2.395820	-0.867307	-0.248412	0.363708	-1.000000	-1.000000	-1.000000	-1.000000	-1.000000	-1.000000	-1.000000	84.620690	0.000000	-1.000000	-1.000000	824890.000000	1769635460.788713
16183.755000	19812.105000	26187.210000	38762.145000	12857.895000	-2677.320000	-11088.540000	-446.670000	9.771237	5.299009	3.537949	4.113173	4.306415	5.087877	0.335966	5.816734	-3.860780	3.448760	-2.395820	-0.867307	-0.248412	0.363708	-1.000000	-1.000000	-1.000000	-1.000000	-1.000000	-1.000000	-1.000000	84.620690	0.000000	-1.000000	-1.000000	824891.000000	1769635460.790449
16176.285000	19787.940000	26167.320000	38746.935000	12844.890000	-2684.295000	-11076.840000	-452.790000	9.126787	7.250493	5.160889	4.888581	4.687262	6.640812	4.839518	5.113860	-3.860780	3.448760	-2.395820	-0.867307	-0.248412	0.363708	-1.000000	-1.000000	-1.000000	-1.000000	-1.000000	-1.000000	-1.000000	84.620690	0.000000	-1.000000	-1.000000	824892.000000	1769635460.790460
16148.970000	19752.840000	26137.080000	38724.165000	12820.590000	-2711.070000	-11086.065000	-472.770000	4.728851	4.943781	3.261873	2.427670	1.982682	4.940922	7.879777	2.241367	-3.860780	3.448760	-2.395820	-0.867307	-0.248412	0.363708	-1.000000	-1.000000	-1.000000	-1.000000	-1.000000	-1.000000	-1.000000	84.620690	0.000000	-1.000000	-1.000000	824893.000000	1769635460.794402
16158.555000	19783.215000	26166.555000	38749.230000	12841.335000	-2704.545000	-11121.345000	-470.655000	-2.164704	-1.377509	-1.597967	-1.891424	-2.341613	0.453732	7.219003	-2.004571	-3.860780	3.448760	-2.395820	-0.867307	-0.248412	0.363708	-1.000000	-1.000000	-1.000000	-1.000000	-1.000000	-1.000000	-1.000000	84.620690	0.000000	-1.000000	-1.000000	824894.000000	1769635460.794408
16175.970000	19798.830000	26183.835000	38771.370000	12873.240000	-2658.285000	-11086.920000	-445.185000	-7.797154	-6.854487	-5.234912	-4.310779	-4.628686	-3.741470	2.014832	-5.162213	-3.860780	3.448760	-2.395820	-0.867307	-0.248412	0.363708	-1.000000	-1.000000	-1.000000	-1.000000	-1.000000	-1.000000	-1.000000	84.620690	0.000000	-1.000000	-1.000000	824895.000000	1769635460.798436
16183.710000	19795.455000	26180.280000	38769.660000	12876.120000	-2645.370000	-11054.520000	-428.940000	-8.256375	-6.736416	-3.997668	-2.177448	-2.010607	-3.452886	-3.865422	-4.378345	-3.860780	3.448760	-2.395820	-0.867307	-0.248412	0.363708	-1.000000	-1.000000	-1.000000	-1.000000	-1.000000	-1.000000	-1.000000	84.620690	0.000000	-1.000000	-1.000000	824896.000000	1769635460.798446
16177.455000	19793.565000	26177.310000	38761.920000	12861.810000	-2670.795000	-11085.300000	-442.350000	-3.514496	-1.769502	0.849598	2.695621	3.678424	1.273064	-5.475551	0.146033	-3.052000	5.432560	0.793520	-0.864866	-0.249755	0.362853	-1.000000	-1.000000	-1.000000	-1.000000	-1.000000	-1.000000	-1.000000	84.620690	0.000000	-1.000000	-1.000000	824897.000000	1769635460.807611
16190.505000	19822.725000	26198.280000	38771.370000	12864.960000	-2672.865000	-11097.630000	-437.265000	2.700345	3.966856	5.369376	6.153921	7.406130	5.236057	-3.335431	4.652781	-3.052000	5.432560	0.793520	-0.864866	-0.249755	0.362853	-1.000000	-1.000000	-1.000000	-1.000000	-1.000000	-1.000000	-1.000000	84.620690	0.000000	-1.000000	-1.000000	824898.000000	1769635460.807622
16182.135000	19833.255000	26207.775000	38778.705000	12871.440000	-2662.875000	-11084.805000	-446.490000	6.521372	7.767494	7.364897	6.174026	6.470725	4.622950	-1.009475	5.662238	-3.052000	5.432560	0.793520	-0.864866	-0.249755	0.362853	-1.000000	-1.000000	-1.000000	-1.000000	-1.000000	-1.000000	-1.000000	84.620690	0.000000	-1.000000	-1.000000	824899.000000	1769635460.809193
16175.835000	19798.785000	26181.045000	38770.110000	12867.120000	-2662.965000	-11079.945000	-448.695000	6.013395	8.257236	6.404261	3.545075	2.299200	0.802800	0.408250	2.681357	-3.052000	5.432560	0.793520	-0.864866	-0.249755	0.362853	-1.000000	-1.000000	-1.000000	-1.000000	-1.000000	-1.000000	-1.000000	84.620690	0.000000	-1.000000	-1.000000	824900.000000	1769635460.809203
16173.765000	19773.180000	26166.330000	38768.310000	12867.525000	-2663.370000	-11079.945000	-446.940000	1.899313	4.355707	2.439819	-0.037213	-2.078374	-2.714395	1.517662	-1.990481	-3.052000	5.432560	0.793520	-0.864866	-0.249755	0.362853	-1.000000	-1.000000	-1.000000	-1.000000	-1.000000	-1.000000	-1.000000	84.620690	0.000000	-1.000000	-1.000000	824901.000000	1769635460.810535
16173.405000	19788.255000	26173.980000	38765.475000	12861.180000	-2670.255000	-11084.445000	-450.090000	-2.611175	-2.450178	-3.042646	-3.018108	-4.467882	-3.819922	2.367575	-4.983141	-3.052000	5.432560	0.793520	-0.864866	-0.249755	0.362853	-1.000000	-1.000000	-1.000000	-1.000000	-1.000000	-1.000000	-1.000000	84.620690	0.000000	-1.000000	-1.000000	824902.000000	1769635460.810544
16177.995000	19798.380000	26181.045000	38765.745000	12859.110000	-2672.730000	-11085.660000	-448.155000	-4.708780	-8.093833	-7.333128	-4.969065	-5.037919	-3.191999	2.648992	-4.765567	-3.052000	5.432560	0.793520	-0.864866	-0.249755	0.362853	-1.000000	-1.000000	-1.000000	-1.000000	-1.000000	-1.000000	-1.000000	84.620690	0.000000	-1.000000	-1.000000	824903.000000	1769635460.814337
16174.395000	19795.365000	26179.380000	38767.770000	12862.080000	-2671.695000	-11086.380000	-449.055000	-4.344886	-9.713448	-8.824638	-6.400733	-5.488043	-3.307677	1.483984	-2.826060	-3.052000	5.432560	0.793520	-0.864866	-0.249755	0.362853	-1.000000	-1.000000	-1.000000	-1.000000	-1.000000	-1.000000	-1.000000	84.620690	0.000000	-1.000000	-1.000000	824904.000000	1769635460.814345
16170.660000	19792.170000	26175.240000	38765.430000	12861.675000	-2671.740000	-11087.010000	-451.305000	-2.991005	-7.273082	-7.335488	-6.844901	-5.941679	-4.864552	-1.783064	-1.353683	-3.052000	5.432560	0.793520	-0.864866	-0.249755	0.362853	-1.000000	-1.000000	-1.000000	-1.000000	-1.000000	-1.000000	-1.000000	84.620690	0.000000	-1.000000	-1.000000	824905.000000	1769635460.818462
16172.280000	19798.695000	26176.860000	38762.055000	12858.210000	-2673.630000	-11088.630000	-451.305000	-1.553677	-2.530581	-3.613813	-5.126951	-4.680812	-5.364603	-5.134245	-0.699712	-3.052000	5.432560	0.793520	-0.864866	-0.249755	0.362853	-1.000000	-1.000000	-1.000000	-1.000000	-1.000000	-1.000000	-1.000000	84.620690	0.000000	-1.000000	-1.000000	824906.000000	1769635460.818472
16173.090000	19800.315000	26178.345000	38762.685000	12857.760000	-2674.170000	-11088.945000	-450.495000	-0.123957	1.968751	0.606875	-1.465364	-1.085444	-2.616508	-5.329113	0.160302	-2.990960	5.371520	-1.297100	-0.865904	-0.251464	0.362670	-1.000000	-1.000000	-1.000000	-1.000000	-1.000000	-1.000000	-1.000000	84.620690	0.000000	-1.000000	-1.000000	824907.000000	1769635460.822566
16173.945000	19782.180000	26169.075000	38761.605000	12859.020000	-2673.405000	-11089.080000	-447.120000	1.364739	4.155803	3.545122	2.496878	3.292140	2.289435	-2.063268	1.792850	-2.990960	5.371520	-1.297100	-0.865904	-0.251464	0.362670	-1.000000	-1.000000	-1.000000	-1.000000	-1.000000	-1.000000	-1.000000	84.620690	0.000000	-1.000000	-1.000000	824908.000000	1769635460.822578
16181.280000	19786.860000	26169.345000	38760.480000	12856.500000	-2676.555000	-11090.655000	-441.045000	2.954672	4.281934	4.957796	5.361462	6.439209	6.454107	1.961777	3.811193	-2.990960	5.371520	-1.297100	-0.865904	-0.251464	0.362670	-1.000000	-1.000000	-1.000000	-1.000000	-1.000000	-1.000000	-1.000000	84.620690	0.000000	-1.000000	-1.000000	824909.000000	1769635460.826823
16176.690000	19793.700000	26174.385000	38762.280000	12855.870000	-2680.065000	-11094.345000	-446.445000	4.448077	4.629473	5.920837	6.699200	7.362643	7.934060	4.215440	5.238679	-2.990960	5.371520	-1.297100	-0.865904	-0.251464	0.362670	-1.000000	-1.000000	-1.000000	-1.000000	-1.000000	-1.000000	-1.000000	84.620690	0.000000	-1.000000	-1.000000	824910.000000	1769635460.826833
16164.090000	19793.970000	26177.850000	38764.845000	12858.705000	-2677.500000	-11092.230000	-457.920000	4.772394	5.765081	6.504368	6.414526	6.103395	6.595295	4.226089	4.821900	-2.990960	5.371520	-1.297100	-0.865904	-0.251464	0.362670	-1.000000	-1.000000	-1.000000	-1.000000	-1.000000	-1.000000	-1.000000	84.620690	0.000000	-1.000000	-1.000000	824911.000000	1769635460.830298
16149.420000	19777.005000	26158.050000	38743.470000	12843.720000	-2677.545000	-11066.085000	-466.425000	2.433333	5.108163	4.974705	4.045489	2.962156	3.286592	3.182695	1.732628	-2.990960	5.371520	-1.297100	-0.865904	-0.251464	0.362670	-1.000000	-1.000000	-1.000000	-1.000000	-1.000000	-1.000000	-1.000000	84.620690	0.000000	-1.000000	-1.000000	824912.000000	1769635460.830308
16145.055000	19786.995000	26162.820000	38738.295000	12838.995000	-2679.840000	-11059.245000	-475.740000	-2.337556	1.084631	0.485967	-0.518496	-1.590505	-0.886504	2.377445	-3.286104	-2.990960	5.371520	-1.297100	-0.865904	-0.251464	0.362670	-1.000000	-1.000000	-1.000000	-1.000000	-1.000000	-1.000000	-1.000000	84.620690	0.000000	-1.000000	-1.000000	824913.000000	1769635460.834525
16196.355000	19841.445000	26217.495000	38782.260000	12871.395000	-2678.355000	-11125.980000	-450.180000	-6.051074	-3.313465	-4.006643	-4.857764	-5.442111	-4.342088	1.184571	-7.295891	-2.990960	5.371520	-1.297100	-0.865904	-0.251464	0.362670	-1.000000	-1.000000	-1.000000	-1.000000	-1.000000	-1.000000	-1.000000	84.620690	0.000000	-1.000000	-1.000000	824914.000000	1769635460.834537
16203.420000	19804.995000	26178.885000	38756.115000	12843.180000	-2707.290000	-11131.065000	-429.750000	-4.533906	-4.241907	-4.684704	-5.372893	-5.813025	-5.811348	-2.476030	-6.683856	-2.990960	5.371520	-1.297100	-0.865904	-0.251464	0.362670	-1.000000	-1.000000	-1.000000	-1.000000	-1.000000	-1.000000	-1.000000	84.620690	0.000000	-1.000000	-1.000000	824915.000000	1769635460.838560
16184.250000	19769.355000	26146.620000	38749.770000	12838.365000	-2710.755000	-11114.595000	-439.110000	1.514574	-3.102599	-2.925776	-2.372440	-3.173093	-5.666524	-7.625350	-1.011967	-2.990960	5.371520	-1.297100	-0.865904	-0.251464	0.362670	-1.000000	-1.000000	-1.000000	-1.000000	-1.000000	-1.000000	-1.000000	84.620690	0.000000	-1.000000	-1.000000	824916.000000	1769635460.838571
16177.995000	19793.880000	26178.795000	38779.920000	12883.095000	-2641.680000	-11065.500000	-439.380000	6.350726	-3.208950	-2.325708	0.980981	0.143952	-3.731321	-9.010677	5.519273	-0.518840	5.966660	-0.534100	-0.864378	-0.250793	0.366149	-1.000000	-1.000000	-1.000000	-1.000000	-1.000000	-1.000000	-1.000000	84.620690	0.000000	-1.000000	-1.000000	824917.000000	1769635460.842367
16193.655000	19831.500000	26215.920000	38808.270000	12913.560000	-2604.555000	-11051.235000	-427.050000	5.937142	-3.006133	-1.655651	3.840919	4.122882	2.237235	-2.848211	8.285311	-0.518840	5.966660	-0.534100	-0.864378	-0.250793	0.366149	-1.000000	-1.000000	-1.000000	-1.000000	-1.000000	-1.000000	-1.000000	84.620690	0.000000	-1.000000	-1.000000	824918.000000	1769635460.842382
16178.175000	19803.735000	26184.825000	38775.825000	12876.570000	-2652.345000	-11078.820000	-440.730000	1.552470	0.100757	1.445710	6.100091	8.254151	10.880457	7.608880	6.320645	-0.518840	5.966660	-0.534100	-0.864378	-0.250793	0.366149	-1.000000	-1.000000	-1.000000	-1.000000	-1.000000	-1.000000	-1.000000	84.620690	0.000000	-1.000000	-1.000000	824919.000000	1769635460.847825
16158.915000	19782.810000	26159.985000	38744.730000	12839.085000	-2693.340000	-11083.320000	-457.515000	-3.505882	3.491532	4.136407	5.020211	8.155196	14.127224	13.919431	1.312637	-0.518840	5.966660	-0.534100	-0.864378	-0.250793	0.366149	-1.000000	-1.000000	-1.000000	-1.000000	-1.000000	-1.000000	-1.000000	84.620690	0.000000	-1.000000	-1.000000	824920.000000	1769635460.847832
16174.035000	19809.945000	26186.670000	38770.560000	12861.405000	-2673.900000	-11084.580000	-452.160000	-6.712516	3.559628	2.963821	-0.585039	1.301434	6.395834	10.432055	-4.304478	-0.518840	5.966660	-0.534100	-0.864378	-0.250793	0.366149	-1.000000	-1.000000	-1.000000	-1.000000	-1.000000	-1.000000	-1.000000	84.620690	0.000000	-1.000000	-1.000000	824921.000000	1769635460.850546
16182.630000	19816.695000	26190.990000	38773.935000	12866.355000	-2667.915000	-11092.500000	-446.445000	-6.461243	1.062169	-0.595052	-6.700914	-7.737856	-7.122475	-0.288550	-7.721838	-0.518840	5.966660	-0.534100	-0.864378	-0.250793	0.366149	-1.000000	-1.000000	-1.000000	-1.000000	-1.000000	-1.000000	-1.000000	84.620690	0.000000	-1.000000	-1.000000	824922.000000	1769635460.850551
16185.195000	19798.155000	26171.865000	38759.130000	12856.050000	-2671.830000	-11086.380000	-441.135000	-3.496660	-2.036923	-3.894274	-9.270737	-12.596417	-16.180568	-9.664147	-7.465498	-0.518840	5.966660	-0.534100	-0.864378	-0.250793	0.366149	-1.000000	-1.000000	-1.000000	-1.000000	-1.000000	-1.000000	-1.000000	84.620690	0.000000	-1.000000	-1.000000	824923.000000	1769635460.855820
16196.130000	19785.420000	26159.445000	38756.295000	12855.510000	-2675.295000	-11094.120000	-431.055000	-0.222274	-4.709486	-5.838461	-7.935645	-11.009345	-15.278546	-11.154351	-4.442790	-0.518840	5.966660	-0.534100	-0.864378	-0.250793	0.366149	-1.000000	-1.000000	-1.000000	-1.000000	-1.000000	-1.000000	-1.000000	84.620690	0.000000	-1.000000	-1.000000	824924.000000	1769635460.855830
16190.415000	19796.670000	26167.005000	38756.205000	12851.010000	-2682.045000	-11097.450000	-435.060000	2.468864	-4.929574	-5.040689	-3.903132	-4.693637	-6.772302	-6.281856	-0.275029	-0.518840	5.966660	-0.534100	-0.864378	-0.250793	0.366149	-1.000000	-1.000000	-1.000000	-1.000000	-1.000000	-1.000000	-1.000000	84.620690	0.000000	-1.000000	-1.000000	824925.000000	1769635460.862230
16163.460000	19804.410000	26180.505000	38767.230000	12860.145000	-2673.270000	-11090.430000	-457.965000	4.162559	-1.645407	-1.266022	0.839132	2.021858	1.914001	-1.314660	3.151129	-0.518840	5.966660	-0.534100	-0.864378	-0.250793	0.366149	-1.000000	-1.000000	-1.000000	-1.000000	-1.000000	-1.000000	-1.000000	84.620690	0.000000	-1.000000	-1.000000	824926.000000	1769635460.862242
16169.085000	19808.910000	26185.905000	38773.260000	12865.995000	-2667.780000	-11083.770000	-452.880000	3.454691	2.790586	3.129884	4.191339	5.485967	5.364216	0.479782	3.874923	-3.860780	5.386780	-2.639980	-0.865415	-0.249084	0.364135	-1.000000	-1.000000	-1.000000	-1.000000	-1.000000	-1.000000	-1.000000	84.620690	0.000000	-1.000000	-1.000000	824927.000000	1769635460.862574
16171.785000	19802.070000	26176.680000	38764.530000	12857.895000	-2675.070000	-11087.190000	-448.920000	0.938590	5.563334	5.974405	5.939694	6.151803	5.067639	0.907742	2.422485	-3.860780	5.386780	-2.639980	-0.865415	-0.249084	0.364135	-1.000000	-1.000000	-1.000000	-1.000000	-1.000000	-1.000000	-1.000000	84.620690	0.000000	-1.000000	-1.000000	824928.000000	1769635460.862581
16172.100000	19800.945000	26174.745000	38763.810000	12857.490000	-2674.305000	-11086.155000	-447.435000	-0.478395	5.981078	6.788862	6.930639	6.446392	5.282443	2.225174	1.519753	-3.860780	5.386780	-2.639980	-0.865415	-0.249084	0.364135	-1.000000	-1.000000	-1.000000	-1.000000	-1.000000	-1.000000	-1.000000	84.620690	0.000000	-1.000000	-1.000000	824929.000000	1769635460.866465
16169.805000	19799.145000	26174.430000	38764.170000	12857.850000	-2674.035000	-11087.640000	-450.945000	0.217380	4.011706	5.240219	6.652107	6.545361	6.608878	3.984310	2.198646	-3.860780	5.386780	-2.639980	-0.865415	-0.249084	0.364135	-1.000000	-1.000000	-1.000000	-1.000000	-1.000000	-1.000000	-1.000000	84.620690	0.000000	-1.000000	-1.000000	824930.000000	1769635460.866474
16170.795000	19800.090000	26174.160000	38764.035000	12856.815000	-2673.495000	-11087.190000	-453.240000	1.024667	-0.207793	1.164708	3.876996	4.726465	6.530554	5.012619	2.743857	-3.860780	5.386780	-2.639980	-0.865415	-0.249084	0.364135	-1.000000	-1.000000	-1.000000	-1.000000	-1.000000	-1.000000	-1.000000	84.620690	0.000000	-1.000000	-1.000000	824931.000000	1769635460.870373
16177.320000	19808.010000	26179.785000	38767.995000	12859.155000	-2669.670000	-11081.835000	-448.740000	0.188635	-4.411633	-3.364939	-0.539754	0.899823	3.974545	5.078566	1.364048	-3.860780	5.386780	-2.639980	-0.865415	-0.249084	0.364135	-1.000000	-1.000000	-1.000000	-1.000000	-1.000000	-1.000000	-1.000000	84.620690	0.000000	-1.000000	-1.000000	824932.000000	1769635460.870381
16183.170000	19816.380000	26187.165000	38774.970000	12865.320000	-2663.280000	-11075.040000	-444.195000	-1.506079	-4.991072	-4.803368	-3.762462	-2.679442	0.512207	4.177920	-1.486496	-3.860780	5.386780	-2.639980	-0.865415	-0.249084	0.364135	-1.000000	-1.000000	-1.000000	-1.000000	-1.000000	-1.000000	-1.000000	84.620690	0.000000	-1.000000	-1.000000	824933.000000	1769635460.874552
16181.325000	19817.370000	26189.100000	38777.130000	12866.175000	-2664.045000	-11076.930000	-445.995000	-1.947400	-1.395957	-2.363940	-4.259606	-4.286006	-2.319705	2.026130	-3.545878	-3.860780	5.386780	-2.639980	-0.865415	-0.249084	0.364135	-1.000000	-1.000000	-1.000000	-1.000000	-1.000000	-1.000000	-1.000000	84.620690	0.000000	-1.000000	-1.000000	824934.000000	1769635460.874563
16166.970000	19799.910000	26170.425000	38756.745000	12846.420000	-2680.425000	-11084.130000	-453.690000	-0.403137	2.419780	0.466223	-3.525689	-4.684374	-4.863179	-1.640965	-3.198715	-3.860780	5.386780	-2.639980	-0.865415	-0.249084	0.364135	-1.000000	-1.000000	-1.000000	-1.000000	-1.000000	-1.000000	-1.000000	84.620690	0.000000	-1.000000	-1.000000	824935.000000	1769635460.883158
16140.465000	19774.170000	26140.590000	38726.145000	12820.680000	-2694.960000	-11068.155000	-465.570000	1.234569	2.214571	-0.151140	-4.038872	-5.575052	-7.590855	-5.708071	-1.201074	-3.860780	5.386780	-2.639980	-0.865415	-0.249084	0.364135	-1.000000	-1.000000	-1.000000	-1.000000	-1.000000	-1.000000	-1.000000	84.620690	0.000000	-1.000000	-1.000000	824936.000000	1769635460.883171
16164.810000	19804.860000	26165.295000	38742.300000	12833.010000	-2691.225000	-11087.325000	-457.380000	0.966017	-1.574874	-3.638869	-5.641361	-6.511596	-8.887728	-7.728733	0.538235	0.320460	6.363420	-0.396760	-0.866331	-0.250854	0.362304	-1.000000	-1.000000	-1.000000	-1.000000	-1.000000	-1.000000	-1.000000	84.620690	0.000000	-1.000000	-1.000000	824937.000000	1769635460.883186
16213.455000	19840.860000	26199.000000	38773.710000	12857.040000	-2683.530000	-11128.590000	-427.365000	0.362855	-3.891807	-5.110404	-4.942584	-4.757849	-6.554426	-7.290005	1.681182	0.320460	6.363420	-0.396760	-0.866331	-0.250854	0.362304	-1.000000	-1.000000	-1.000000	-1.000000	-1.000000	-1.000000	-1.000000	84.620690	0.000000	-1.000000	-1.000000	824938.000000	1769635460.883191
16194.420000	19806.345000	26170.830000	38757.645000	12846.150000	-2685.915000	-11105.145000	-430.830000	2.054006	-1.575321	-1.617976	0.036719	0.728116	-0.885762	-5.893719	3.194044	0.320460	6.363420	-0.396760	-0.866331	-0.250854	0.362304	-1.000000	-1.000000	-1.000000	-1.000000	-1.000000	-1.000000	-1.000000	84.620690	0.000000	-1.000000	-1.000000	824939.000000	1769635460.887019
16174.395000	19807.695000	26172.945000	38759.220000	12847.770000	-2684.070000	-11093.265000	-449.460000	4.152632	2.395975	3.802730	6.396044	6.972846	5.253464	-3.050024	4.251955	0.320460	6.363420	-0.396760	-0.866331	-0.250854	0.362304	-1.000000	-1.000000	-1.000000	-1.000000	-1.000000	-1.000000	-1.000000	84.620690	0.000000	-1.000000	-1.000000	824940.000000	1769635460.887030
16181.640000	19822.320000	26188.425000	38772.810000	12863.205000	-2669.940000	-11094.165000	-448.290000	2.620498	4.020128	6.848636	9.848151	10.230924	9.045729	2.178452	2.535254	0.320460	6.363420	-0.396760	-0.866331	-0.250854	0.362304	-1.000000	-1.000000	-1.000000	-1.000000	-1.000000	-1.000000	-1.000000	84.620690	0.000000	-1.000000	-1.000000	824941.000000	1769635460.890309
16182.810000	19799.460000	26175.735000	38772.495000	12867.885000	-2663.820000	-11093.490000	-444.420000	-2.357694	2.721735	6.352537	8.888235	9.347038	9.442687	7.632893	-1.846759	0.320460	6.363420	-0.396760	-0.866331	-0.250854	0.362304	-1.000000	-1.000000	-1.000000	-1.000000	-1.000000	-1.000000	-1.000000	84.620690	0.000000	-1.000000	-1.000000	824942.000000	1769635460.890316
16184.565000	19807.830000	26179.560000	38772.900000	12865.680000	-2666.475000	-11094.075000	-444.330000	-6.619592	-0.405620	2.979676	4.488682	5.246594	6.745987	9.991049	-5.669728	0.320460	6.363420	-0.396760	-0.866331	-0.250854	0.362304	-1.000000	-1.000000	-1.000000	-1.000000	-1.000000	-1.000000	-1.000000	84.620690	0.000000	-1.000000	-1.000000	824943.000000	1769635460.907272
16176.330000	19803.420000	26173.755000	38767.770000	12861.045000	-2667.195000	-11085.705000	-446.940000	-6.707491	-3.256693	-1.343308	-0.916619	-0.078435	2.232769	8.170630	-6.028979	0.320460	6.363420	-0.396760	-0.866331	-0.250854	0.362304	-1.000000	-1.000000	-1.000000	-1.000000	-1.000000	-1.000000	-1.000000	84.620690	0.000000	-1.000000	-1.000000	824944.000000	1769635460.907286
16170.570000	19806.390000	26177.985000	38769.705000	12861.405000	-2666.790000	-11083.140000	-450.045000	-2.724353	-3.394931	-3.763987	-4.370950	-4.090437	-1.925442	3.729492	-2.894038	0.320460	6.363420	-0.396760	-0.866331	-0.250854	0.362304	-1.000000	-1.000000	-1.000000	-1.000000	-1.000000	-1.000000	-1.000000	84.620690	0.000000	-1.000000	-1.000000	824945.000000	1769635460.907580
16172.685000	19810.800000	26184.060000	38772.585000	12863.070000	-2664.360000	-11082.555000	-449.415000	1.805652	-1.166783	-3.449768	-4.915134	-5.612760	-4.184555	-0.508723	1.144755	0.320460	6.363420	-0.396760	-0.866331	-0.250854	0.362304	-1.000000	-1.000000	-1.000000	-1.000000	-1.000000	-1.000000	-1.000000	84.620690	0.000000	-1.000000	-1.000000	824946.000000	1769635460.907586
16168.590000	19804.860000	26176.545000	38762.325000	12851.280000	-2674.395000	-11085.840000	-452.115000	2.958456	0.574821	-2.367125	-4.412129	-5.818541	-4.879850	-2.294507	3.013742	-1.037680	7.340060	-0.717220	-0.863462	-0.251037	0.365966	-1.000000	-1.000000	-1.000000	-1.000000	-1.000000	-1.000000	-1.000000	84.620690	0.000000	-1.000000	-1.000000	824947.000000	1769635460.907601
16170.030000	19801.170000	26168.850000	38755.890000	12845.430000	-2679.030000	-11090.160000	-450.810000	0.591746	0.553674	-2.072319	-4.557436	-6.021412	-5.117701	-2.084475	1.956042	-1.037680	7.340060	-0.717220	-0.863462	-0.251037	0.365966	-1.000000	-1.000000	-1.000000	-1.000000	-1.000000	-1.000000	-1.000000	84.620690	0.000000	-1.000000	-1.000000	824948.000000	1769635460.907622
16178.085000	19812.060000	26181.495000	38772.720000	12861.630000	-2668.320000	-11089.665000	-448.065000	-1.594963	0.118392	-1.970774	-4.607102	-5.643075	-5.054231	-2.366845	0.105458	-1.037680	7.340060	-0.717220	-0.863462	-0.251037	0.365966	-1.000000	-1.000000	-1.000000	-1.000000	-1.000000	-1.000000	-1.000000	84.620690	0.000000	-1.000000	-1.000000	824949.000000	1769635460.907628
16176.195000	19816.425000	26185.770000	38775.420000	12865.770000	-2665.395000	-11088.855000	-449.595000	-0.864010	0.603199	-0.981601	-3.012366	-3.456483	-4.019272	-4.069301	-0.380910	-1.037680	7.340060	-0.717220	-0.863462	-0.251037	0.365966	-1.000000	-1.000000	-1.000000	-1.000000	-1.000000	-1.000000	-1.000000	84.620690	0.000000	-1.000000	-1.000000	824950.000000	1769635460.907632
16173.045000	19819.395000	26188.200000	38775.645000	12864.195000	-2671.020000	-11095.560000	-454.275000	1.837692	2.025259	0.980401	0.186435	0.245269	-1.940843	-5.738767	0.419671	-1.037680	7.340060	-0.717220	-0.863462	-0.251037	0.365966	-1.000000	-1.000000	-1.000000	-1.000000	-1.000000	-1.000000	-1.000000	84.620690	0.000000	-1.000000	-1.000000	824951.000000	1769635460.912578
16174.530000	19821.465000	26187.210000	38772.855000	12860.055000	-2673.900000	-11096.955000	-455.040000	4.114577	3.492996	3.068887	3.487226	3.827007	0.433959	-5.841990	1.261381	-1.037680	7.340060	-0.717220	-0.863462	-0.251037	0.365966	-1.000000	-1.000000	-1.000000	-1.000000	-1.000000	-1.000000	-1.000000	84.620690	0.000000	-1.000000	-1.000000	824952.000000	1769635460.912595
16179.030000	19804.500000	26170.290000	38757.690000	12849.030000	-2675.745000	-11093.625000	-446.130000	4.897435	3.703484	4.070283	5.377817	5.856248	2.507255	-4.042894	1.649034	-1.037680	7.340060	-0.717220	-0.863462	-0.251037	0.365966	-1.000000	-1.000000	-1.000000	-1.000000	-1.000000	-1.000000	-1.000000	84.620690	0.000000	-1.000000	-1.000000	824953.000000	1769635460.917611
16184.880000	19816.245000	26180.235000	38760.750000	12851.775000	-2674.575000	-11092.680000	-443.880000	4.369377	1.768416	3.042538	4.964272	5.676130	3.970685	-0.823944	1.898935	-1.037680	7.340060	-0.717220	-0.863462	-0.251037	0.365966	-1.000000	-1.000000	-1.000000	-1.000000	-1.000000	-1.000000	-1.000000	84.620690	0.000000	-1.000000	-1.000000	824954.000000	1769635460.917620
16192.575000	19838.610000	26202.330000	38778.570000	12868.695000	-2658.825000	-11077.110000	-439.155000	2.593437	-1.469016	0.495694	2.622669	3.731328	4.651927	3.264885	1.911480	-1.037680	7.340060	-0.717220	-0.863462	-0.251037	0.365966	-1.000000	-1.000000	-1.000000	-1.000000	-1.000000	-1.000000	-1.000000	84.620690	0.000000	-1.000000	-1.000000	824955.000000	1769635460.918473
16192.710000	19835.955000	26201.070000	38782.755000	12873.870000	-2651.625000	-11069.325000	-438.120000	-0.205714	-3.474754	-1.331855	0.409073	1.783480	4.901753	7.460297	1.187314	-1.037680	7.340060	-0.717220	-0.863462	-0.251037	0.365966	-1.000000	-1.000000	-1.000000	-1.000000	-1.000000	-1.000000	-1.000000	84.620690	0.000000	-1.000000	-1.000000	824956.000000	1769635460.918478
16152.705000	19785.420000	26154.720000	38745.720000	12840.255000	-2679.165000	-11079.270000	-456.390000	-3.506517	-3.502933	-1.616726	-0.533785	0.661966	4.494266	9.836322	-0.432619	-3.753960	8.057280	-1.281840	-0.866636	-0.245788	0.364684	-1.000000	-1.000000	-1.000000	-1.000000	-1.000000	-1.000000	-1.000000	84.620690	0.000000	-1.000000	-1.000000	824957.000000	1769635460.923936
