Channel1	Channel2	Channel3	Channel4	Channel5	Channel6	Channel7	Channel8	FilteredChannel1	FilteredChannel2	FilteredChannel3	FilteredChannel4	FilteredChannel5	FilteredChannel6	FilteredChannel7	FilteredChannel8	GyroX	GyroY	GyroZ	AccX	AccY	AccZ	PPG1	PPG2	rawPPG1	rawPPG2	rawPPG3	Hr	Hrv	Battery	Trigger	PhysicalTrigger	AutoTrigger	NumMeasurements	Timestamp
-6470.370000	1414.125000	12537.045000	14914.800000	-16579.305000	-19388.970000	8672.310000	15664.680000	-10.476174	3.002858	7.440736	7.431797	9.848049	8.771998	9.715568	2.185702	-3.921820	3.082520	-0.747740	0.798704	0.389892	0.425658	-1.000000	-1.000000	-1.000000	-1.000000	-1.000000	-1.000000	-1.000000	73.241379	0.000000	-1.000000	-1.000000	1909400.000000	1773868062.634999
-6503.310000	1390.860000	12510.495000	14894.505000	-16585.245000	-19410.525000	8650.620000	15633.090000	4.286686	3.996609	4.929300	5.080014	5.852929	5.594325	7.378085	15.904095	-1.876980	3.143560	-2.289000	0.796751	0.384826	0.422301	-1.000000	-1.000000	-1.000000	-1.000000	-1.000000	-1.000000	-1.000000	73.241379	0.000000	-1.000000	-1.000000	1909401.000000	1773868062.645067
-6543.855000	1323.720000	12455.415000	14847.795000	-16632.945000	-19465.920000	8637.480000	15616.980000	15.714146	3.224487	0.461829	0.872483	-0.419656	-1.986734	0.935076	23.242113	-1.876980	3.143560	-2.289000	0.796751	0.384826	0.422301	-1.000000	-1.000000	-1.000000	-1.000000	-1.000000	-1.000000	-1.000000	73.241379	0.000000	-1.000000	-1.000000	1909402.000000	1773868062.645078
-6551.640000	1304.325000	12432.735000	14815.260000	-16671.420000	-19475.550000	8631.855000	15617.970000	14.807002	-3.322280	-7.579463	-6.720089	-9.358443	-12.642253	-6.155643	20.736546	-1.876980	3.143560	-2.289000	0.796751	0.384826	0.422301	-1.000000	-1.000000	-1.000000	-1.000000	-1.000000	-1.000000	-1.000000	73.241379	0.000000	-1.000000	-1.000000	1909403.000000	1773868062.645090
-6556.590000	1319.805000	12462.795000	14854.590000	-16614.675000	-19442.790000	8642.160000	15607.755000	4.483086	-12.684653	-15.496359	-14.309374	-16.613865	-19.532177	-9.854210	10.844896	-1.876980	3.143560	-2.289000	0.796751	0.384826	0.422301	-1.000000	-1.000000	-1.000000	-1.000000	-1.000000	-1.000000	-1.000000	73.241379	0.000000	-1.000000	-1.000000	1909404.000000	1773868062.645095
-6550.335000	1337.445000	12491.190000	14891.130000	-16581.420000	-19419.300000	8646.840000	15602.040000	-5.123215	-16.756103	-16.206647	-14.801140	-15.031180	-15.937071	-8.269366	-0.466104	-1.876980	3.143560	-2.289000	0.796751	0.384826	0.422301	-1.000000	-1.000000	-1.000000	-1.000000	-1.000000	-1.000000	-1.000000	73.241379	0.000000	-1.000000	-1.000000	1909405.000000	1773868062.653873
-6533.820000	1350.585000	12495.195000	14891.445000	-16581.960000	-19405.350000	8648.055000	15618.240000	-6.830290	-10.895048	-7.188530	-5.355450	-3.254955	-2.499385	-2.970481	-8.504744	-1.876980	3.143560	-2.289000	0.796751	0.384826	0.422301	-1.000000	-1.000000	-1.000000	-1.000000	-1.000000	-1.000000	-1.000000	73.241379	0.000000	-1.000000	-1.000000	1909406.000000	1773868062.653885
-6528.060000	1356.795000	12491.010000	14874.210000	-16605.945000	-19420.605000	8665.020000	15630.165000	-1.470903	1.251484	5.313145	7.195077	10.069164	11.821132	2.523061	-10.601561	-1.876980	3.143560	-2.289000	0.796751	0.384826	0.422301	-1.000000	-1.000000	-1.000000	-1.000000	-1.000000	-1.000000	-1.000000	73.241379	0.000000	-1.000000	-1.000000	1909407.000000	1773868062.653898
-6528.015000	1366.245000	12503.475000	14885.775000	-16599.870000	-19440.360000	8662.320000	15618.465000	3.799245	11.060812	12.049932	12.693465	14.857415	17.138223	5.728354	-6.925179	-1.876980	3.143560	-2.289000	0.796751	0.384826	0.422301	-1.000000	-1.000000	-1.000000	-1.000000	-1.000000	-1.000000	-1.000000	73.241379	0.000000	-1.000000	-1.000000	1909408.000000	1773868062.653903
-6539.175000	1332.090000	12471.930000	14862.330000	-16630.875000	-19449.045000	8649.945000	15628.950000	3.441656	12.392824	9.461434	8.066717	9.220158	11.108129	6.467590	-0.525738	-1.876980	3.143560	-2.289000	0.796751	0.384826	0.422301	-1.000000	-1.000000	-1.000000	-1.000000	-1.000000	-1.000000	-1.000000	73.241379	0.000000	-1.000000	-1.000000	1909409.000000	1773868062.665592
-6541.875000	1307.880000	12437.460000	14821.830000	-16665.390000	-19438.605000	8650.575000	15640.110000	-0.933909	6.011974	1.160412	-1.771176	-1.797536	0.271809	5.816927	5.796972	-1.876980	3.143560	-2.289000	0.796751	0.384826	0.422301	-1.000000	-1.000000	-1.000000	-1.000000	-1.000000	-1.000000	-1.000000	73.241379	0.000000	-1.000000	-1.000000	1909410.000000	1773868062.665604
-6518.385000	1347.480000	12479.895000	14874.750000	-16578.990000	-19400.580000	8649.000000	15634.575000	-3.618623	-1.105001	-5.474509	-8.787697	-9.835237	-5.537786	4.627561	10.120890	-2.945180	3.616620	-2.136400	0.794920	0.384520	0.419738	-1.000000	-1.000000	-1.000000	-1.000000	-1.000000	-1.000000	-1.000000	73.241379	0.000000	-1.000000	-1.000000	1909411.000000	1773868062.665617
-6515.370000	1363.590000	12500.505000	14896.125000	-16548.480000	-19403.550000	8650.125000	15622.155000	-0.974695	-1.560228	-4.066405	-6.380469	-6.666741	-1.819009	2.914307	10.084802	-2.945180	3.616620	-2.136400	0.794920	0.384520	0.419738	-1.000000	-1.000000	-1.000000	-1.000000	-1.000000	-1.000000	-1.000000	73.241379	0.000000	-1.000000	-1.000000	1909412.000000	1773868062.665623
-6508.755000	1353.195000	12493.035000	14886.585000	-16565.715000	-19411.650000	8655.660000	15623.370000	5.152835	4.267373	4.051513	3.734328	5.746735	5.719309	0.269973	4.757893	-2.945180	3.616620	-2.136400	0.794920	0.384520	0.419738	-1.000000	-1.000000	-1.000000	-1.000000	-1.000000	-1.000000	-1.000000	73.241379	0.000000	-1.000000	-1.000000	1909413.000000	1773868062.665898
-6554.340000	1332.720000	12468.285000	14859.180000	-16607.745000	-19435.905000	8656.560000	15607.755000	8.842907	8.360835	9.920973	11.240465	14.003903	7.285176	-3.125397	-3.731190	-2.945180	3.616620	-2.136400	0.794920	0.384520	0.419738	-1.000000	-1.000000	-1.000000	-1.000000	-1.000000	-1.000000	-1.000000	73.241379	0.000000	-1.000000	-1.000000	1909414.000000	1773868062.665909
-6580.035000	1335.105000	12465.810000	14853.825000	-16627.275000	-19447.065000	8654.040000	15608.205000	4.727474	4.489337	6.716739	8.411440	8.317098	-0.758430	-6.303070	-11.796590	-2.945180	3.616620	-2.136400	0.794920	0.384520	0.419738	-1.000000	-1.000000	-1.000000	-1.000000	-1.000000	-1.000000	-1.000000	73.241379	0.000000	-1.000000	-1.000000	1909415.000000	1773868062.666814
-6550.425000	1343.025000	12477.105000	14865.750000	-16623.045000	-19430.820000	8642.520000	15624.090000	-6.493661	-5.651467	-3.514467	-2.184228	-7.174849	-12.625603	-8.424622	-15.790551	-2.945180	3.616620	-2.136400	0.794920	0.384520	0.419738	-1.000000	-1.000000	-1.000000	-1.000000	-1.000000	-1.000000	-1.000000	73.241379	0.000000	-1.000000	-1.000000	1909416.000000	1773868062.666822
-6555.105000	1346.760000	12480.435000	14872.185000	-16602.705000	-19420.065000	8644.455000	15638.850000	-16.762163	-14.857216	-12.848190	-11.728981	-19.652548	-18.229461	-8.624754	-12.846462	-2.945180	3.616620	-2.136400	0.794920	0.384520	0.419738	-1.000000	-1.000000	-1.000000	-1.000000	-1.000000	-1.000000	-1.000000	73.241379	0.000000	-1.000000	-1.000000	1909417.000000	1773868062.681199
-6538.500000	1357.020000	12487.680000	14879.475000	-16590.780000	-19412.730000	8648.460000	15637.995000	-17.577660	-16.029102	-14.070321	-12.959456	-18.964898	-12.284642	-5.512400	-3.450195	-2.945180	3.616620	-2.136400	0.794920	0.384520	0.419738	-1.000000	-1.000000	-1.000000	-1.000000	-1.000000	-1.000000	-1.000000	73.241379	0.000000	-1.000000	-1.000000	1909418.000000	1773868062.681214
-6537.060000	1356.975000	12488.895000	14880.600000	-16578.045000	-19414.440000	8648.145000	15631.695000	-7.543965	-7.158332	-5.515436	-4.765727	-5.079678	1.231446	0.879765	7.303499	-2.945180	3.616620	-2.136400	0.794920	0.384520	0.419738	-1.000000	-1.000000	-1.000000	-1.000000	-1.000000	-1.000000	-1.000000	73.241379	0.000000	-1.000000	-1.000000	1909419.000000	1773868062.681227
-6547.095000	1344.285000	12477.285000	14867.190000	-16573.050000	-19425.555000	8646.300000	15630.030000	6.822773	5.939936	6.827496	6.593623	11.882601	12.999390	7.621867	13.417878	-2.945180	3.616620	-2.136400	0.794920	0.384520	0.419738	-1.000000	-1.000000	-1.000000	-1.000000	-1.000000	-1.000000	-1.000000	73.241379	0.000000	-1.000000	-1.000000	1909420.000000	1773868062.681232
-6551.325000	1339.470000	12474.180000	14864.130000	-16594.920000	-19422.945000	8657.955000	15623.055000	16.432794	13.806839	13.536085	12.029268	19.503785	15.917265	11.060529	12.603390	-2.182180	3.784480	-1.297100	0.792967	0.383300	0.419127	-1.000000	-1.000000	-1.000000	-1.000000	-1.000000	-1.000000	-1.000000	73.241379	0.000000	-1.000000	-1.000000	1909421.000000	1773868062.681239
-6530.985000	1349.235000	12481.515000	14864.805000	-16652.340000	-19434.195000	8663.895000	15632.235000	17.026121	12.267932	10.644418	8.234950	12.828870	9.911843	9.724154	6.769191	-2.182180	3.784480	-1.297100	0.792967	0.383300	0.419127	-1.000000	-1.000000	-1.000000	-1.000000	-1.000000	-1.000000	-1.000000	73.241379	0.000000	-1.000000	-1.000000	1909422.000000	1773868062.681244
-6528.375000	1355.535000	12487.770000	14873.130000	-16615.755000	-19430.775000	8657.910000	15630.210000	11.614707	5.077307	2.485130	0.097207	-2.035948	0.424649	4.715456	-0.207441	-2.182180	3.784480	-1.297100	0.792967	0.383300	0.419127	-1.000000	-1.000000	-1.000000	-1.000000	-1.000000	-1.000000	-1.000000	73.241379	0.000000	-1.000000	-1.000000	1909423.000000	1773868062.695862
-6528.555000	1356.750000	12486.780000	14873.760000	-16601.445000	-19427.895000	8656.245000	15633.720000	5.054697	-1.957238	-4.426409	-5.581264	-12.717010	-6.548100	-1.630257	-5.182693	-2.182180	3.784480	-1.297100	0.792967	0.383300	0.419127	-1.000000	-1.000000	-1.000000	-1.000000	-1.000000	-1.000000	-1.000000	73.241379	0.000000	-1.000000	-1.000000	1909424.000000	1773868062.695875
-6529.365000	1358.910000	12494.340000	14885.010000	-16586.955000	-19397.655000	8660.295000	15632.145000	-1.213879	-6.064466	-7.225579	-6.206557	-11.506536	-7.838401	-6.586227	-7.297009	-2.182180	3.784480	-1.297100	0.792967	0.383300	0.419127	-1.000000	-1.000000	-1.000000	-1.000000	-1.000000	-1.000000	-1.000000	73.241379	0.000000	-1.000000	-1.000000	1909425.000000	1773868062.695889
-6537.285000	1357.695000	12500.865000	14891.220000	-16581.690000	-19398.690000	8665.020000	15621.120000	-7.348341	-6.975832	-6.201594	-3.184416	-1.414651	-3.890529	-7.866651	-7.285112	-2.182180	3.784480	-1.297100	0.792967	0.383300	0.419127	-1.000000	-1.000000	-1.000000	-1.000000	-1.000000	-1.000000	-1.000000	73.241379	0.000000	-1.000000	-1.000000	1909426.000000	1773868062.695894
-6534.045000	1374.930000	12520.035000	14906.925000	-16570.350000	-19394.370000	8659.530000	15576.030000	-12.012679	-4.878937	-2.225421	1.307555	9.102312	1.882056	-5.323904	-6.554604	-2.182180	3.784480	-1.297100	0.792967	0.383300	0.419127	-1.000000	-1.000000	-1.000000	-1.000000	-1.000000	-1.000000	-1.000000	73.241379	0.000000	-1.000000	-1.000000	1909427.000000	1773868062.695900
-6513.615000	1393.920000	12533.265000	14919.210000	-16557.930000	-19380.465000	8653.005000	15550.830000	-12.837561	-0.245704	3.312332	5.464847	13.453459	5.651023	-1.261380	-6.450256	-2.182180	3.784480	-1.297100	0.792967	0.383300	0.419127	-1.000000	-1.000000	-1.000000	-1.000000	-1.000000	-1.000000	-1.000000	73.241379	0.000000	-1.000000	-1.000000	1909428.000000	1773868062.695905
-6509.655000	1387.125000	12524.310000	14910.030000	-16565.715000	-19387.980000	8658.135000	15592.815000	-8.372130	5.092207	7.613442	7.315387	9.670238	5.786635	1.661348	-5.845905	-2.182180	3.784480	-1.297100	0.792967	0.383300	0.419127	-1.000000	-1.000000	-1.000000	-1.000000	-1.000000	-1.000000	-1.000000	73.241379	0.000000	-1.000000	-1.000000	1909429.000000	1773868062.695911
-6521.625000	1357.470000	12494.700000	14882.265000	-16591.050000	-19416.060000	8667.540000	15684.030000	-0.507333	7.558393	7.245982	4.922044	0.567900	2.351227	2.378925	-0.227770	-2.182180	3.784480	-1.297100	0.792967	0.383300	0.419127	-1.000000	-1.000000	-1.000000	-1.000000	-1.000000	-1.000000	-1.000000	73.241379	0.000000	-1.000000	-1.000000	1909430.000000	1773868062.695916
-6513.975000	1375.920000	12515.805000	14904.855000	-16564.005000	-19393.200000	8692.335000	15688.980000	6.044767	4.584839	1.316454	-1.416606	-7.726934	-3.174878	1.838015	12.340479	-1.571780	3.601360	-0.839300	0.791868	0.382995	0.417418	-1.000000	-1.000000	-1.000000	-1.000000	-1.000000	-1.000000	-1.000000	73.241379	0.000000	-1.000000	-1.000000	1909431.000000	1773868062.699328
-6537.690000	1371.150000	12526.470000	14923.845000	-16534.125000	-19364.805000	8686.980000	15665.085000	7.839353	-2.001329	-6.195234	-7.537321	-9.889811	-6.901926	1.762076	24.608507	-1.571780	3.601360	-0.839300	0.791868	0.382995	0.417418	-1.000000	-1.000000	-1.000000	-1.000000	-1.000000	-1.000000	-1.000000	73.241379	0.000000	-1.000000	-1.000000	1909432.000000	1773868062.699338
-6594.255000	1354.275000	12515.805000	14913.450000	-16550.235000	-19359.810000	8692.830000	15639.885000	3.892363	-7.964913	-10.072622	-9.133933	-5.990865	-5.678172	2.445146	25.138656	-1.571780	3.601360	-0.839300	0.791868	0.382995	0.417418	-1.000000	-1.000000	-1.000000	-1.000000	-1.000000	-1.000000	-1.000000	73.241379	0.000000	-1.000000	-1.000000	1909433.000000	1773868062.709314
-6637.230000	1322.145000	12478.095000	14865.480000	-16614.315000	-19419.210000	8665.020000	15595.830000	-4.911140	-10.956167	-9.443770	-7.012432	-1.894208	-1.994946	2.306929	9.900918	-1.571780	3.601360	-0.839300	0.791868	0.382995	0.417418	-1.000000	-1.000000	-1.000000	-1.000000	-1.000000	-1.000000	-1.000000	73.241379	0.000000	-1.000000	-1.000000	1909434.000000	1773868062.709323
-6617.250000	1308.150000	12456.495000	14841.945000	-16637.445000	-19449.675000	8613.135000	15519.510000	-13.772192	-10.871758	-7.291274	-5.506409	-3.508145	-1.741893	-0.824698	-14.300093	-1.571780	3.601360	-0.839300	0.791868	0.382995	0.417418	-1.000000	-1.000000	-1.000000	-1.000000	-1.000000	-1.000000	-1.000000	73.241379	0.000000	-1.000000	-1.000000	1909435.000000	1773868062.709338
-6511.950000	1347.840000	12472.020000	14850.855000	-16629.030000	-19438.830000	8630.055000	15524.550000	-14.048826	-7.588862	-5.517339	-6.164477	-9.815233	-6.144960	-6.817576	-34.475139	-1.571780	3.601360	-0.839300	0.791868	0.382995	0.417418	-1.000000	-1.000000	-1.000000	-1.000000	-1.000000	-1.000000	-1.000000	73.241379	0.000000	-1.000000	-1.000000	1909436.000000	1773868062.709343
-6503.265000	1347.570000	12472.830000	14858.640000	-16612.785000	-19436.895000	8659.350000	15643.755000	-0.762573	-0.610012	-2.836972	-5.863028	-13.528030	-9.754073	-10.731035	-37.011285	-1.571780	3.601360	-0.839300	0.791868	0.382995	0.417418	-1.000000	-1.000000	-1.000000	-1.000000	-1.000000	-1.000000	-1.000000	73.241379	0.000000	-1.000000	-1.000000	1909437.000000	1773868062.723205
-6488.820000	1333.980000	12458.340000	14842.170000	-16628.400000	-19449.045000	8659.935000	15723.180000	19.434962	8.417779	2.307204	-1.290599	-8.677514	-7.116246	-7.487252	-16.407077	-1.571780	3.601360	-0.839300	0.791868	0.382995	0.417418	-1.000000	-1.000000	-1.000000	-1.000000	-1.000000	-1.000000	-1.000000	73.241379	0.000000	-1.000000	-1.000000	1909438.000000	1773868062.723217
-6495.885000	1339.110000	12470.535000	14858.010000	-16613.100000	-19435.995000	8646.660000	15681.420000	32.574663	15.344585	8.918289	6.940666	4.115345	1.898428	1.077198	15.466012	-1.571780	3.601360	-0.839300	0.791868	0.382995	0.417418	-1.000000	-1.000000	-1.000000	-1.000000	-1.000000	-1.000000	-1.000000	73.241379	0.000000	-1.000000	-1.000000	1909439.000000	1773868062.723229
-6504.120000	1335.285000	12462.705000	14840.415000	-16642.305000	-19451.970000	8653.590000	15677.775000	29.388953	16.517490	13.785256	14.396226	17.600908	12.222174	8.263142	36.373752	-1.571780	3.601360	-0.839300	0.791868	0.382995	0.417418	-1.000000	-1.000000	-1.000000	-1.000000	-1.000000	-1.000000	-1.000000	73.241379	0.000000	-1.000000	-1.000000	1909440.000000	1773868062.723234
-6509.520000	1338.525000	12473.820000	14860.260000	-16613.055000	-19442.925000	8657.820000	15641.100000	11.717122	11.301586	13.815837	16.200237	22.951999	17.074776	10.070650	33.880804	-1.480220	5.295220	-4.242280	0.794004	0.383483	0.413878	-1.000000	-1.000000	-1.000000	-1.000000	-1.000000	-1.000000	-1.000000	73.172414	0.000000	-1.000000	-1.000000	1909441.000000	1773868062.723240
-6516.945000	1354.680000	12491.595000	14875.020000	-16601.490000	-19442.250000	8657.370000	15622.605000	-9.661310	3.063293	9.384797	12.018676	18.360902	13.892131	7.529050	13.112328	-1.480220	5.295220	-4.242280	0.794004	0.383483	0.413878	-1.000000	-1.000000	-1.000000	-1.000000	-1.000000	-1.000000	-1.000000	73.172414	0.000000	-1.000000	-1.000000	1909442.000000	1773868062.723245
-6514.200000	1354.455000	12494.475000	14877.990000	-16601.580000	-19421.415000	8657.280000	15649.065000	-23.309927	-2.972283	4.379203	6.362810	9.993194	7.052054	3.988463	-10.404093	-1.480220	5.295220	-4.242280	0.794004	0.383483	0.413878	-1.000000	-1.000000	-1.000000	-1.000000	-1.000000	-1.000000	-1.000000	73.172414	0.000000	-1.000000	-1.000000	1909443.000000	1773868062.742145
-6539.490000	1342.710000	12490.605000	14886.315000	-16580.655000	-19401.615000	8648.640000	15644.745000	-25.934031	-4.893970	1.318409	2.738370	3.579660	2.814253	2.146753	-21.349251	-1.480220	5.295220	-4.242280	0.794004	0.383483	0.413878	-1.000000	-1.000000	-1.000000	-1.000000	-1.000000	-1.000000	-1.000000	73.172414	0.000000	-1.000000	-1.000000	1909444.000000	1773868062.742164
-6541.920000	1358.730000	12496.455000	14887.665000	-16581.015000	-19393.020000	8661.645000	15635.655000	-22.964943	-5.438185	-1.169980	0.278741	-0.554266	2.444632	1.725018	-16.378271	-1.480220	5.295220	-4.242280	0.794004	0.383483	0.413878	-1.000000	-1.000000	-1.000000	-1.000000	-1.000000	-1.000000	-1.000000	73.172414	0.000000	-1.000000	-1.000000	1909445.000000	1773868062.742177
-6503.805000	1383.120000	12520.620000	14911.335000	-16556.985000	-19379.070000	8670.735000	15631.785000	-18.750273	-6.423334	-4.450352	-2.987566	-4.542621	2.497090	0.374474	-6.788034	-1.480220	5.295220	-4.242280	0.794004	0.383483	0.413878	-1.000000	-1.000000	-1.000000	-1.000000	-1.000000	-1.000000	-1.000000	73.172414	0.000000	-1.000000	-1.000000	1909446.000000	1773868062.742182
-6506.550000	1384.200000	12530.340000	14920.380000	-16549.470000	-19392.210000	8677.530000	15634.305000	-11.148901	-5.926818	-6.803924	-6.313985	-8.284210	0.076652	-2.628564	-4.769536	-1.480220	5.295220	-4.242280	0.794004	0.383483	0.413878	-1.000000	-1.000000	-1.000000	-1.000000	-1.000000	-1.000000	-1.000000	73.172414	0.000000	-1.000000	-1.000000	1909447.000000	1773868062.742188
-6527.115000	1332.900000	12473.280000	14852.835000	-16626.465000	-19449.495000	8671.860000	15658.020000	1.096035	-3.602109	-7.379641	-8.856251	-11.050469	-5.895107	-5.648228	-9.296405	-1.480220	5.295220	-4.242280	0.794004	0.383483	0.413878	-1.000000	-1.000000	-1.000000	-1.000000	-1.000000	-1.000000	-1.000000	73.172414	0.000000	-1.000000	-1.000000	1909448.000000	1773868062.742193
-6542.145000	1323.900000	12462.660000	14843.430000	-16632.405000	-19436.805000	8653.815000	15653.340000	13.470590	-2.857834	-8.747882	-12.305373	-14.460381	-14.682998	-7.376244	-9.938241	-1.480220	5.295220	-4.242280	0.794004	0.383483	0.413878	-1.000000	-1.000000	-1.000000	-1.000000	-1.000000	-1.000000	-1.000000	73.172414	0.000000	-1.000000	-1.000000	1909449.000000	1773868062.742199
-6530.940000	1346.850000	12484.260000	14867.280000	-16601.220000	-19424.700000	8639.910000	15630.435000	20.751812	-4.692415	-11.449087	-16.058590	-17.783844	-21.386837	-8.011382	-1.282475	-1.480220	5.295220	-4.242280	0.794004	0.383483	0.413878	-1.000000	-1.000000	-1.000000	-1.000000	-1.000000	-1.000000	-1.000000	73.172414	0.000000	-1.000000	-1.000000	1909450.000000	1773868062.742204
-6514.695000	1366.560000	12488.985000	14861.835000	-16615.800000	-19437.075000	8651.250000	15634.710000	21.836156	-5.130671	-11.417757	-15.336456	-16.010486	-19.949109	-7.346136	11.971978	-4.318580	6.531280	-4.318580	0.796751	0.380858	0.412902	-1.000000	-1.000000	-1.000000	-1.000000	-1.000000	-1.000000	-1.000000	73.172414	0.000000	-1.000000	-1.000000	1909451.000000	1773868062.742209
-6518.340000	1339.245000	12461.355000	14834.115000	-16640.730000	-19441.305000	8658.855000	15628.320000	18.205877	-1.192753	-5.918844	-7.805754	-7.154204	-9.953212	-3.758510	21.458244	-4.318580	6.531280	-4.318580	0.796751	0.380858	0.412902	-1.000000	-1.000000	-1.000000	-1.000000	-1.000000	-1.000000	-1.000000	73.172414	0.000000	-1.000000	-1.000000	1909452.000000	1773868062.742213
-6524.505000	1347.435000	12486.285000	14877.630000	-16584.255000	-19389.015000	8668.665000	15623.820000	10.663428	4.715227	2.755922	3.372723	4.925526	3.658794	3.082376	21.978938	-4.318580	6.531280	-4.318580	0.796751	0.380858	0.412902	-1.000000	-1.000000	-1.000000	-1.000000	-1.000000	-1.000000	-1.000000	73.172414	0.000000	-1.000000	-1.000000	1909453.000000	1773868062.742851
-6518.925000	1379.610000	12525.660000	14920.875000	-16546.500000	-19381.995000	8677.755000	15637.095000	-0.062912	8.436923	10.956590	14.219283	16.032228	15.732659	9.935670	13.454162	-4.318580	6.531280	-4.318580	0.796751	0.380858	0.412902	-1.000000	-1.000000	-1.000000	-1.000000	-1.000000	-1.000000	-1.000000	73.172414	0.000000	-1.000000	-1.000000	1909454.000000	1773868062.742862
-6528.195000	1349.595000	12495.735000	14884.560000	-16590.015000	-19418.760000	8655.795000	15639.660000	-11.360940	8.291474	15.922319	21.346121	22.719074	21.835383	12.127158	-0.205603	-4.318580	6.531280	-4.318580	0.796751	0.380858	0.412902	-1.000000	-1.000000	-1.000000	-1.000000	-1.000000	-1.000000	-1.000000	73.172414	0.000000	-1.000000	-1.000000	1909455.000000	1773868062.757354
-6545.700000	1311.210000	12454.380000	14840.640000	-16634.025000	-19441.665000	8638.425000	15619.005000	-19.244814	4.218405	14.513029	20.209375	20.487007	18.688912	7.434747	-13.295137	-4.318580	6.531280	-4.318580	0.796751	0.380858	0.412902	-1.000000	-1.000000	-1.000000	-1.000000	-1.000000	-1.000000	-1.000000	73.172414	0.000000	-1.000000	-1.000000	1909456.000000	1773868062.757368
-6535.980000	1325.385000	12464.910000	14846.445000	-16631.730000	-19419.165000	8642.790000	15616.755000	-19.956470	-1.847596	6.506049	10.029932	9.231910	8.456300	-1.577933	-20.864187	-4.318580	6.531280	-4.318580	0.796751	0.380858	0.412902	-1.000000	-1.000000	-1.000000	-1.000000	-1.000000	-1.000000	-1.000000	73.172414	0.000000	-1.000000	-1.000000	1909457.000000	1773868062.757391
-6531.480000	1360.035000	12494.025000	14873.535000	-16604.370000	-19444.950000	8646.165000	15606.450000	-12.135726	-5.130090	-2.499445	-2.621612	-3.891797	-2.453159	-8.716763	-20.081175	-4.318580	6.531280	-4.318580	0.796751	0.380858	0.412902	-1.000000	-1.000000	-1.000000	-1.000000	-1.000000	-1.000000	-1.000000	73.172414	0.000000	-1.000000	-1.000000	1909458.000000	1773868062.757397
-6538.095000	1367.820000	12512.385000	14910.435000	-16564.995000	-19416.195000	8649.540000	15610.320000	0.679214	-2.831442	-6.576861	-9.920959	-11.095085	-9.541707	-9.210980	-10.929498	-4.318580	6.531280	-4.318580	0.796751	0.380858	0.412902	-1.000000	-1.000000	-1.000000	-1.000000	-1.000000	-1.000000	-1.000000	73.172414	0.000000	-1.000000	-1.000000	1909459.000000	1773868062.757403
-6542.055000	1359.630000	12510.945000	14913.585000	-16528.095000	-19360.440000	8664.255000	15605.505000	11.326224	2.269669	-4.844688	-8.867928	-8.947327	-10.191182	-3.492445	2.659603	-4.318580	6.531280	-4.318580	0.796751	0.380858	0.412902	-1.000000	-1.000000	-1.000000	-1.000000	-1.000000	-1.000000	-1.000000	73.172414	0.000000	-1.000000	-1.000000	1909460.000000	1773868062.757408
-6547.275000	1351.035000	12497.220000	14886.450000	-16577.685000	-19389.735000	8670.555000	15618.510000	14.517240	5.449642	-0.598216	-2.692292	-0.506653	-4.232206	4.177282	14.334539	-0.015260	6.104000	-6.638100	0.797056	0.377868	0.414733	-1.000000	-1.000000	-1.000000	-1.000000	-1.000000	-1.000000	-1.000000	73.172414	0.000000	-1.000000	-1.000000	1909461.000000	1773868062.766474
-6563.655000	1332.675000	12479.355000	14868.630000	-16603.470000	-19430.820000	8647.110000	15616.620000	10.039728	3.883827	1.200311	0.889003	4.295263	1.620148	8.629954	19.194989	-0.015260	6.104000	-6.638100	0.797056	0.377868	0.414733	-1.000000	-1.000000	-1.000000	-1.000000	-1.000000	-1.000000	-1.000000	73.172414	0.000000	-1.000000	-1.000000	1909462.000000	1773868062.766485
-6541.020000	1326.645000	12468.915000	14858.280000	-16608.780000	-19434.105000	8648.145000	15647.985000	1.630065	-2.451612	-2.596195	-3.258933	-1.715899	-0.005134	6.628931	15.873701	-0.015260	6.104000	-6.638100	0.797056	0.377868	0.414733	-1.000000	-1.000000	-1.000000	-1.000000	-1.000000	-1.000000	-1.000000	73.172414	0.000000	-1.000000	-1.000000	1909463.000000	1773868062.766498
-6531.345000	1355.580000	12499.965000	14888.160000	-16580.565000	-19406.115000	8666.685000	15623.190000	-5.015570	-9.029587	-8.653881	-10.725580	-12.574705	-6.218629	0.307581	6.710116	-0.015260	6.104000	-6.638100	0.797056	0.377868	0.414733	-1.000000	-1.000000	-1.000000	-1.000000	-1.000000	-1.000000	-1.000000	73.172414	0.000000	-1.000000	-1.000000	1909464.000000	1773868062.766502
-6539.670000	1366.380000	12512.205000	14900.085000	-16570.620000	-19394.055000	8672.400000	15600.465000	-5.748542	-8.760351	-8.939835	-11.353986	-15.213941	-7.621571	-4.326740	-4.107499	-0.015260	6.104000	-6.638100	0.797056	0.377868	0.414733	-1.000000	-1.000000	-1.000000	-1.000000	-1.000000	-1.000000	-1.000000	73.172414	0.000000	-1.000000	-1.000000	1909465.000000	1773868062.768831
-6553.440000	1338.570000	12481.695000	14870.025000	-16599.645000	-19422.045000	8658.855000	15621.210000	-1.765362	-0.807020	-1.109103	-1.977320	-5.370811	-1.242360	-4.186209	-12.336502	-0.015260	6.104000	-6.638100	0.797056	0.377868	0.414733	-1.000000	-1.000000	-1.000000	-1.000000	-1.000000	-1.000000	-1.000000	73.172414	0.000000	-1.000000	-1.000000	1909466.000000	1773868062.768843
-6546.420000	1339.020000	12480.705000	14867.550000	-16603.830000	-19423.755000	8646.525000	15607.485000	2.221835	6.815520	7.276769	8.852272	7.568823	6.697690	-1.613456	-14.255843	-0.015260	6.104000	-6.638100	0.797056	0.377868	0.414733	-1.000000	-1.000000	-1.000000	-1.000000	-1.000000	-1.000000	-1.000000	73.172414	0.000000	-1.000000	-1.000000	1909467.000000	1773868062.770776
-6537.645000	1357.515000	12499.470000	14886.765000	-16583.940000	-19399.545000	8646.030000	15585.255000	3.417314	7.369247	8.744409	11.796581	12.555812	9.472226	-0.284409	-9.705117	-0.015260	6.104000	-6.638100	0.797056	0.377868	0.414733	-1.000000	-1.000000	-1.000000	-1.000000	-1.000000	-1.000000	-1.000000	73.172414	0.000000	-1.000000	-1.000000	1909468.000000	1773868062.770787
-6530.895000	1366.335000	12509.415000	14896.665000	-16579.890000	-19403.055000	8646.570000	15560.595000	2.455971	2.860792	4.510772	7.135340	8.356633	5.870764	-1.346934	-3.225098	-0.015260	6.104000	-6.638100	0.797056	0.377868	0.414733	-1.000000	-1.000000	-1.000000	-1.000000	-1.000000	-1.000000	-1.000000	73.172414	0.000000	-1.000000	-1.000000	1909469.000000	1773868062.788530
-6507.495000	1379.475000	12519.360000	14901.120000	-16581.105000	-19394.865000	8663.940000	15576.345000	1.326772	-0.732146	0.456270	1.463287	1.540014	-0.515242	-3.008961	0.876649	-0.015260	6.104000	-6.638100	0.797056	0.377868	0.414733	-1.000000	-1.000000	-1.000000	-1.000000	-1.000000	-1.000000	-1.000000	73.172414	0.000000	-1.000000	-1.000000	1909470.000000	1773868062.788543
-6502.590000	1379.070000	12517.920000	14902.380000	-16568.370000	-19390.455000	8667.495000	15627.510000	1.304926	-0.656180	-0.303417	-0.860553	-1.789025	-4.363821	-2.457568	2.780229	-1.693860	6.805960	-6.592320	0.800474	0.381652	0.417479	-1.000000	-1.000000	-1.000000	-1.000000	-1.000000	-1.000000	-1.000000	73.172414	0.000000	-1.000000	-1.000000	1909471.000000	1773868062.788573
-6541.245000	1315.755000	12451.365000	14830.155000	-16644.330000	-19441.530000	8670.330000	15713.955000	0.921176	0.557460	0.115642	-1.208942	-1.434571	-3.771841	0.991758	6.143593	-1.693860	6.805960	-6.592320	0.800474	0.381652	0.417479	-1.000000	-1.000000	-1.000000	-1.000000	-1.000000	-1.000000	-1.000000	73.172414	0.000000	-1.000000	-1.000000	1909472.000000	1773868062.788585
-6560.460000	1294.560000	12431.880000	14817.870000	-16642.845000	-19436.355000	8665.020000	15681.015000	-2.718793	-1.865303	-2.745134	-3.829498	-1.874586	-2.207421	4.715944	12.847785	-1.693860	6.805960	-6.592320	0.800474	0.381652	0.417479	-1.000000	-1.000000	-1.000000	-1.000000	-1.000000	-1.000000	-1.000000	73.172414	0.000000	-1.000000	-1.000000	1909473.000000	1773868062.788594
-6538.455000	1326.150000	12469.230000	14858.955000	-16616.790000	-19446.390000	8651.745000	15637.005000	-8.455977	-7.853650	-8.543308	-8.452813	-4.380741	-2.647959	5.461416	17.686678	-1.693860	6.805960	-6.592320	0.800474	0.381652	0.417479	-1.000000	-1.000000	-1.000000	-1.000000	-1.000000	-1.000000	-1.000000	73.172414	0.000000	-1.000000	-1.000000	1909474.000000	1773868062.788599
-6529.230000	1339.020000	12487.095000	14876.190000	-16601.715000	-19437.120000	8659.215000	15621.030000	-10.660016	-10.735164	-10.403568	-8.742784	-4.468876	-3.384561	2.789179	12.593912	-1.693860	6.805960	-6.592320	0.800474	0.381652	0.417479	-1.000000	-1.000000	-1.000000	-1.000000	-1.000000	-1.000000	-1.000000	73.172414	0.000000	-1.000000	-1.000000	1909475.000000	1773868062.788606
-6547.005000	1342.485000	12491.910000	14879.880000	-16595.280000	-19439.505000	8660.430000	15642.090000	-6.426111	-5.854222	-4.029065	-1.532541	0.364662	-1.775950	-0.660124	-2.012809	-1.693860	6.805960	-6.592320	0.800474	0.381652	0.417479	-1.000000	-1.000000	-1.000000	-1.000000	-1.000000	-1.000000	-1.000000	73.172414	0.000000	-1.000000	-1.000000	1909476.000000	1773868062.788612
-6564.510000	1341.945000	12493.575000	14886.540000	-16579.845000	-19400.130000	8651.295000	15666.345000	0.576124	3.573405	6.326736	8.155320	6.588058	1.828843	-2.533664	-15.657578	-1.693860	6.805960	-6.592320	0.800474	0.381652	0.417479	-1.000000	-1.000000	-1.000000	-1.000000	-1.000000	-1.000000	-1.000000	73.172414	0.000000	-1.000000	-1.000000	1909477.000000	1773868062.791908
-6549.480000	1349.955000	12502.215000	14899.275000	-16564.140000	-19387.845000	8657.730000	15647.220000	5.064766	10.952006	13.249936	13.475780	9.767782	5.765418	-2.913127	-18.990302	-1.693860	6.805960	-6.592320	0.800474	0.381652	0.417479	-1.000000	-1.000000	-1.000000	-1.000000	-1.000000	-1.000000	-1.000000	73.172414	0.000000	-1.000000	-1.000000	1909478.000000	1773868062.791918
-6496.470000	1366.605000	12505.950000	14893.470000	-16576.380000	-19400.940000	8669.880000	15645.060000	6.236549	12.607395	13.058842	11.868349	8.535965	8.544567	-2.565429	-12.977904	-1.693860	6.805960	-6.592320	0.800474	0.381652	0.417479	-1.000000	-1.000000	-1.000000	-1.000000	-1.000000	-1.000000	-1.000000	73.172414	0.000000	-1.000000	-1.000000	1909479.000000	1773868062.794842
-6466.680000	1377.945000	12512.610000	14897.610000	-16575.390000	-19410.795000	8663.445000	15644.385000	7.383187	9.682642	7.477118	5.389713	3.845247	8.296648	-1.588029	-6.021060	-1.693860	6.805960	-6.592320	0.800474	0.381652	0.417479	-1.000000	-1.000000	-1.000000	-1.000000	-1.000000	-1.000000	-1.000000	73.172414	0.000000	-1.000000	-1.000000	1909480.000000	1773868062.794852
-6499.260000	1352.655000	12492.630000	14876.820000	-16596.855000	-19437.120000	8646.210000	15644.880000	10.137864	5.689333	1.244370	-1.327987	-1.622191	4.357409	-0.533921	-4.178932	-3.494540	6.531280	-6.348160	0.807615	0.383239	0.419799	-1.000000	-1.000000	-1.000000	-1.000000	-1.000000	-1.000000	-1.000000	73.172414	0.000000	-1.000000	-1.000000	1909481.000000	1773868062.798934
-6542.145000	1340.235000	12493.845000	14884.425000	-16585.695000	-19408.365000	8645.310000	15610.230000	10.719515	1.927592	-2.706616	-5.134268	-5.318772	-1.491863	-0.322917	-5.537804	-3.494540	6.531280	-6.348160	0.807615	0.383239	0.419799	-1.000000	-1.000000	-1.000000	-1.000000	-1.000000	-1.000000	-1.000000	73.172414	0.000000	-1.000000	-1.000000	1909482.000000	1773868062.798943
-6561.180000	1364.085000	12521.835000	14911.965000	-16564.995000	-19383.165000	8651.700000	15550.830000	4.029555	-2.787839	-4.931945	-6.381938	-6.771254	-5.606024	-0.439849	-4.864786	-3.494540	6.531280	-6.348160	0.807615	0.383239	0.419799	-1.000000	-1.000000	-1.000000	-1.000000	-1.000000	-1.000000	-1.000000	73.172414	0.000000	-1.000000	-1.000000	1909483.000000	1773868062.802843
-6545.205000	1383.975000	12537.990000	14927.535000	-16544.655000	-19360.980000	8674.200000	15551.910000	-8.519888	-7.769158	-6.181783	-6.120954	-6.182690	-4.951454	0.717527	-0.772107	-3.494540	6.531280	-6.348160	0.807615	0.383239	0.419799	-1.000000	-1.000000	-1.000000	-1.000000	-1.000000	-1.000000	-1.000000	73.172414	0.000000	-1.000000	-1.000000	1909484.000000	1773868062.802850
-6527.070000	1332.270000	12475.080000	14864.355000	-16606.665000	-19419.795000	8667.360000	15675.750000	-18.087319	-10.842915	-6.928463	-5.544816	-4.816436	-1.646518	3.451903	6.449891	-3.494540	6.531280	-6.348160	0.807615	0.383239	0.419799	-1.000000	-1.000000	-1.000000	-1.000000	-1.000000	-1.000000	-1.000000	73.172414	0.000000	-1.000000	-1.000000	1909485.000000	1773868062.806766
-6481.395000	1352.205000	12485.160000	14871.645000	-16596.945000	-19408.230000	8668.215000	15695.280000	-16.420789	-11.639211	-8.559635	-6.736845	-5.451439	-1.845260	5.820669	17.664618	-3.494540	6.531280	-6.348160	0.807615	0.383239	0.419799	-1.000000	-1.000000	-1.000000	-1.000000	-1.000000	-1.000000	-1.000000	73.172414	0.000000	-1.000000	-1.000000	1909486.000000	1773868062.806775
-6487.335000	1410.300000	12547.395000	14937.120000	-16531.380000	-19344.015000	8694.585000	15666.210000	-4.223359	-9.364626	-9.514257	-8.217508	-6.973417	-6.158050	5.708606	28.656937	-3.494540	6.531280	-6.348160	0.807615	0.383239	0.419799	-1.000000	-1.000000	-1.000000	-1.000000	-1.000000	-1.000000	-1.000000	73.172414	0.000000	-1.000000	-1.000000	1909487.000000	1773868062.815633
-6512.670000	1391.355000	12536.145000	14928.030000	-16542.180000	-19366.605000	8684.685000	15675.930000	8.246764	-2.648098	-5.406777	-4.801602	-3.927546	-7.717001	2.983486	29.447909	-3.494540	6.531280	-6.348160	0.807615	0.383239	0.419799	-1.000000	-1.000000	-1.000000	-1.000000	-1.000000	-1.000000	-1.000000	73.172414	0.000000	-1.000000	-1.000000	1909488.000000	1773868062.815644
-6546.780000	1334.205000	12480.255000	14871.060000	-16595.415000	-19422.855000	8657.730000	15666.615000	10.659928	5.311858	3.037104	3.613518	4.154697	-3.390646	-1.382413	15.070991	-3.494540	6.531280	-6.348160	0.807615	0.383239	0.419799	-1.000000	-1.000000	-1.000000	-1.000000	-1.000000	-1.000000	-1.000000	73.172414	0.000000	-1.000000	-1.000000	1909489.000000	1773868062.815656
-6537.825000	1304.145000	12448.665000	14838.480000	-16631.010000	-19447.110000	8651.835000	15649.380000	3.327249	8.431189	9.022574	9.994736	10.290433	1.790883	-6.167795	-8.258454	-3.494540	6.531280	-6.348160	0.807615	0.383239	0.419799	-1.000000	-1.000000	-1.000000	-1.000000	-1.000000	-1.000000	-1.000000	73.172414	0.000000	-1.000000	-1.000000	1909490.000000	1773868062.815662
-6534.540000	1307.880000	12435.435000	14820.255000	-16649.955000	-19462.635000	8641.980000	15632.550000	-4.201543	4.929283	7.596978	8.384582	8.330532	2.311061	-9.383357	-27.673427	-3.830260	6.470240	-5.432560	0.813108	0.381591	0.422850	-1.000000	-1.000000	-1.000000	-1.000000	-1.000000	-1.000000	-1.000000	73.172414	0.000000	-1.000000	-1.000000	1909491.000000	1773868062.820657
-6521.985000	1350.540000	12469.590000	14846.535000	-16631.055000	-19432.800000	8653.905000	15626.565000	-4.397546	-1.018232	0.526317	-0.005672	-0.585510	-1.563048	-9.274907	-32.675712	-3.830260	6.470240	-5.432560	0.813108	0.381591	0.422850	-1.000000	-1.000000	-1.000000	-1.000000	-1.000000	-1.000000	-1.000000	73.172414	0.000000	-1.000000	-1.000000	1909492.000000	1773868062.820668
-6523.380000	1335.780000	12470.760000	14857.830000	-16611.570000	-19434.105000	8643.330000	15623.640000	1.660911	-3.645734	-5.335597	-7.603839	-8.726133	-4.498523	-5.871737	-23.131833	-3.830260	6.470240	-5.432560	0.813108	0.381591	0.422850	-1.000000	-1.000000	-1.000000	-1.000000	-1.000000	-1.000000	-1.000000	73.172414	0.000000	-1.000000	-1.000000	1909493.000000	1773868062.826115
-6553.665000	1338.795000	12479.400000	14863.635000	-16615.125000	-19439.280000	8650.530000	15620.535000	7.020332	-0.667035	-3.936427	-6.855076	-8.364673	-1.893226	-0.673091	-9.198960	-3.830260	6.470240	-5.432560	0.813108	0.381591	0.422850	-1.000000	-1.000000	-1.000000	-1.000000	-1.000000	-1.000000	-1.000000	73.172414	0.000000	-1.000000	-1.000000	1909494.000000	1773868062.826126
-6572.610000	1332.945000	12484.935000	14877.540000	-16589.970000	-19402.380000	8657.055000	15615.000000	5.271904	4.749214	3.855195	2.137536	0.578039	5.242258	4.488307	-0.327474	-3.830260	6.470240	-5.432560	0.813108	0.381591	0.422850	-1.000000	-1.000000	-1.000000	-1.000000	-1.000000	-1.000000	-1.000000	73.172414	0.000000	-1.000000	-1.000000	1909495.000000	1773868062.828374
-6577.065000	1344.060000	12493.575000	14885.595000	-16582.230000	-19406.835000	8654.985000	15607.575000	-3.474159	6.922986	10.719280	11.420837	10.541991	11.610668	7.673039	3.176329	-3.830260	6.470240	-5.432560	0.813108	0.381591	0.422850	-1.000000	-1.000000	-1.000000	-1.000000	-1.000000	-1.000000	-1.000000	73.172414	0.000000	-1.000000	-1.000000	1909496.000000	1773868062.828384
-6552.225000	1367.730000	12505.320000	14884.425000	-16592.310000	-19410.120000	8662.230000	15614.595000	-11.539702	4.590130	11.370582	14.102241	14.577625	13.212082	7.924406	5.484875	-3.830260	6.470240	-5.432560	0.813108	0.381591	0.422850	-1.000000	-1.000000	-1.000000	-1.000000	-1.000000	-1.000000	-1.000000	73.172414	0.000000	-1.000000	-1.000000	1909497.000000	1773868062.830884
-6525.180000	1350.180000	12494.385000	14886.405000	-16578.450000	-19394.595000	8663.985000	15609.465000	-10.133749	2.509590	7.808917	10.816340	12.451980	10.998397	6.600108	8.673103	-3.830260	6.470240	-5.432560	0.813108	0.381591	0.422850	-1.000000	-1.000000	-1.000000	-1.000000	-1.000000	-1.000000	-1.000000	73.172414	0.000000	-1.000000	-1.000000	1909498.000000	1773868062.830894
-6521.895000	1349.460000	12498.615000	14897.205000	-16567.065000	-19388.385000	8656.965000	15590.385000	1.871837	3.690226	4.154146	6.053625	8.183002	8.026407	5.283115	12.286379	-3.830260	6.470240	-5.432560	0.813108	0.381591	0.422850	-1.000000	-1.000000	-1.000000	-1.000000	-1.000000	-1.000000	-1.000000	73.172414	0.000000	-1.000000	-1.000000	1909499.000000	1773868062.834997
-6549.300000	1338.165000	12488.040000	14887.755000	-16576.605000	-19406.790000	8648.550000	15588.315000	15.644378	4.756406	0.760457	1.626584	3.802496	4.259135	3.410793	14.719990	-3.830260	6.470240	-5.432560	0.813108	0.381591	0.422850	-1.000000	-1.000000	-1.000000	-1.000000	-1.000000	-1.000000	-1.000000	73.172414	0.000000	-1.000000	-1.000000	1909500.000000	1773868062.835004
-6516.090000	1335.870000	12469.050000	14855.760000	-16627.455000	-19441.125000	8638.020000	15629.310000	20.511186	0.894919	-4.752231	-4.422335	-2.858416	-3.194536	-0.412273	14.759957	-1.983800	5.630940	-6.973820	0.813780	0.382018	0.421447	-1.000000	-1.000000	-1.000000	-1.000000	-1.000000	-1.000000	-1.000000	73.172414	0.000000	-1.000000	-1.000000	1909501.000000	1773868062.838893
-6505.425000	1329.390000	12463.380000	14856.705000	-16611.165000	-19427.265000	8634.060000	15638.535000	14.125641	-7.254319	-12.407229	-12.926466	-13.049632	-13.992077	-5.724486	11.910420	-1.983800	5.630940	-6.973820	0.813780	0.382018	0.421447	-1.000000	-1.000000	-1.000000	-1.000000	-1.000000	-1.000000	-1.000000	73.172414	0.000000	-1.000000	-1.000000	1909502.000000	1773868062.838904
-6532.380000	1327.230000	12474.405000	14867.505000	-16602.525000	-19410.840000	8646.840000	15614.010000	2.058088	-13.913795	-17.809522	-19.725782	-21.780057	-21.791162	-9.728979	5.329981	-1.983800	5.630940	-6.973820	0.813780	0.382018	0.421447	-1.000000	-1.000000	-1.000000	-1.000000	-1.000000	-1.000000	-1.000000	73.172414	0.000000	-1.000000	-1.000000	1909503.000000	1773868062.847620
-6563.655000	1332.585000	12479.085000	14871.330000	-16597.035000	-19405.845000	8653.680000	15590.160000	-9.900785	-14.656062	-16.655402	-19.704808	-22.575145	-20.911869	-9.734277	-4.849802	-1.983800	5.630940	-6.973820	0.813780	0.382018	0.421447	-1.000000	-1.000000	-1.000000	-1.000000	-1.000000	-1.000000	-1.000000	73.172414	0.000000	-1.000000	-1.000000	1909504.000000	1773868062.847633
-6568.560000	1344.420000	12489.480000	14882.985000	-16587.855000	-19412.190000	8656.920000	15585.570000	-18.483573	-9.427627	-8.910743	-12.021239	-14.319081	-11.881337	-5.482941	-15.496471	-1.983800	5.630940	-6.973820	0.813780	0.382018	0.421447	-1.000000	-1.000000	-1.000000	-1.000000	-1.000000	-1.000000	-1.000000	73.172414	0.000000	-1.000000	-1.000000	1909505.000000	1773868062.847647
-6564.690000	1350.900000	12493.980000	14886.360000	-16582.365000	-19392.165000	8670.645000	15589.530000	-21.264978	-0.543356	2.347206	0.553729	-0.290334	1.217773	1.078514	-21.626788	-1.983800	5.630940	-6.973820	0.813780	0.382018	0.421447	-1.000000	-1.000000	-1.000000	-1.000000	-1.000000	-1.000000	-1.000000	73.172414	0.000000	-1.000000	-1.000000	1909506.000000	1773868062.847652
-6520.680000	1379.295000	12526.695000	14919.480000	-16551.540000	-19361.295000	8693.055000	15643.530000	-16.465171	9.383553	13.514030	13.747208	14.391476	13.972908	7.509125	-18.678295	-1.983800	5.630940	-6.973820	0.813780	0.382018	0.421447	-1.000000	-1.000000	-1.000000	-1.000000	-1.000000	-1.000000	-1.000000	73.172414	0.000000	-1.000000	-1.000000	1909507.000000	1773868062.851855
-6488.055000	1367.280000	12513.060000	14906.430000	-16566.615000	-19382.310000	8667.810000	15659.190000	-4.051682	17.163387	20.873299	22.495460	23.785764	21.835903	11.432928	-5.273626	-1.983800	5.630940	-6.973820	0.813780	0.382018	0.421447	-1.000000	-1.000000	-1.000000	-1.000000	-1.000000	-1.000000	-1.000000	73.172414	0.000000	-1.000000	-1.000000	1909508.000000	1773868062.851876
-6504.570000	1315.215000	12455.685000	14847.075000	-16629.390000	-19438.965000	8628.615000	15653.610000	11.832379	17.866605	19.911738	21.764890	22.813848	20.401739	9.977420	12.615972	-1.983800	5.630940	-6.973820	0.813780	0.382018	0.421447	-1.000000	-1.000000	-1.000000	-1.000000	-1.000000	-1.000000	-1.000000	73.172414	0.000000	-1.000000	-1.000000	1909509.000000	1773868062.856314
-6528.690000	1319.130000	12464.595000	14861.520000	-16604.820000	-19428.705000	8631.045000	15641.145000	21.944013	8.587997	8.835447	10.398273	11.151954	9.029000	2.237400	22.978533	-1.983800	5.630940	-6.973820	0.813780	0.382018	0.421447	-1.000000	-1.000000	-1.000000	-1.000000	-1.000000	-1.000000	-1.000000	73.172414	0.000000	-1.000000	-1.000000	1909510.000000	1773868062.856325
-6539.355000	1340.325000	12486.330000	14880.645000	-16592.580000	-19412.640000	8639.145000	15632.910000	18.969191	-5.575981	-6.388807	-5.047545	-4.160418	-5.957741	-7.513507	18.013696	-5.066320	4.898460	-3.204600	0.810362	0.384582	0.422728	-1.000000	-1.000000	-1.000000	-1.000000	-1.000000	-1.000000	-1.000000	73.172414	0.000000	-1.000000	-1.000000	1909511.000000	1773868062.860120
-6529.005000	1346.985000	12490.110000	14886.360000	-16586.055000	-19410.390000	8645.085000	15629.670000	5.972007	-14.948054	-16.281668	-15.235170	-14.363693	-16.043984	-13.012160	2.025864	-5.066320	4.898460	-3.204600	0.810362	0.384582	0.422728	-1.000000	-1.000000	-1.000000	-1.000000	-1.000000	-1.000000	-1.000000	73.172414	0.000000	-1.000000	-1.000000	1909512.000000	1773868062.860130
-6504.165000	1345.095000	12487.005000	14879.385000	-16593.570000	-19405.530000	8663.130000	15637.230000	-6.236015	-14.816403	-16.735755	-16.350706	-16.165010	-17.250547	-11.355902	-13.000518	-5.066320	4.898460	-3.204600	0.810362	0.384582	0.422728	-1.000000	-1.000000	-1.000000	-1.000000	-1.000000	-1.000000	-1.000000	73.172414	0.000000	-1.000000	-1.000000	1909513.000000	1773868062.862890
-6501.195000	1333.620000	12489.165000	14883.165000	-16587.315000	-19402.650000	8668.170000	15646.995000	-9.725628	-8.086472	-10.230610	-10.710908	-11.406978	-10.576371	-3.928892	-18.023586	-5.066320	4.898460	-3.204600	0.810362	0.384582	0.422728	-1.000000	-1.000000	-1.000000	-1.000000	-1.000000	-1.000000	-1.000000	73.172414	0.000000	-1.000000	-1.000000	1909514.000000	1773868062.862898
-6550.065000	1328.400000	12487.230000	14882.715000	-16586.055000	-19406.835000	8659.935000	15632.460000	-6.353759	-0.592368	-1.626129	-2.711924	-3.747984	-0.524085	4.683882	-12.826075	-5.066320	4.898460	-3.204600	0.810362	0.384582	0.422728	-1.000000	-1.000000	-1.000000	-1.000000	-1.000000	-1.000000	-1.000000	73.172414	0.000000	-1.000000	-1.000000	1909515.000000	1773868062.867180
-6571.800000	1330.560000	12488.625000	14884.335000	-16586.100000	-19416.555000	8647.830000	15609.195000	-4.444204	3.738317	4.802649	3.619441	2.917419	6.825012	9.174293	-4.312234	-5.066320	4.898460	-3.204600	0.810362	0.384582	0.422728	-1.000000	-1.000000	-1.000000	-1.000000	-1.000000	-1.000000	-1.000000	73.172414	0.000000	-1.000000	-1.000000	1909516.000000	1773868062.867191
-6527.565000	1344.510000	12492.765000	14881.410000	-16600.005000	-19421.820000	8654.805000	15603.030000	-7.583140	5.042800	7.524611	6.567104	6.399651	8.647663	8.087833	0.643331	-5.066320	4.898460	-3.204600	0.810362	0.384582	0.422728	-1.000000	-1.000000	-1.000000	-1.000000	-1.000000	-1.000000	-1.000000	73.172414	0.000000	-1.000000	-1.000000	1909517.000000	1773868062.875660
-6520.410000	1335.780000	12475.125000	14861.655000	-16603.290000	-19388.205000	8655.705000	15596.055000	-9.822658	6.077551	8.054187	7.303044	7.485966	7.821217	4.806101	1.007653	-5.066320	4.898460	-3.204600	0.810362	0.384582	0.422728	-1.000000	-1.000000	-1.000000	-1.000000	-1.000000	-1.000000	-1.000000	73.172414	0.000000	-1.000000	-1.000000	1909518.000000	1773868062.875677
-6534.270000	1379.295000	12521.475000	14920.155000	-16551.090000	-19398.195000	8655.255000	15604.290000	-5.009643	8.164846	7.935799	7.389974	7.840516	7.807350	2.539130	0.240049	-5.066320	4.898460	-3.204600	0.810362	0.384582	0.422728	-1.000000	-1.000000	-1.000000	-1.000000	-1.000000	-1.000000	-1.000000	73.172414	0.000000	-1.000000	-1.000000	1909519.000000	1773868062.875694
-6527.565000	1391.130000	12530.160000	14926.185000	-16547.535000	-19372.680000	8660.880000	15610.680000	5.089274	9.815469	7.114866	7.180647	7.756088	7.485889	1.029398	1.889760	-5.066320	4.898460	-3.204600	0.810362	0.384582	0.422728	-1.000000	-1.000000	-1.000000	-1.000000	-1.000000	-1.000000	-1.000000	73.172414	0.000000	-1.000000	-1.000000	1909520.000000	1773868062.875699
-6511.950000	1383.030000	12520.080000	14916.465000	-16551.270000	-19360.620000	8662.095000	15616.530000	14.147520	8.455428	4.585323	5.633709	5.973991	4.486538	-1.182053	6.674430	-3.311420	4.227020	-2.380560	0.809751	0.386413	0.423156	-1.000000	-1.000000	-1.000000	-1.000000	-1.000000	-1.000000	-1.000000	73.172414	0.000000	-1.000000	-1.000000	1909521.000000	1773868062.880592
-6506.730000	1361.430000	12501.855000	14891.805000	-16582.905000	-19399.905000	8637.930000	15644.970000	17.122504	2.458613	-0.593495	1.089254	1.012209	-1.065677	-4.553160	12.060644	-3.311420	4.227020	-2.380560	0.809751	0.386413	0.423156	-1.000000	-1.000000	-1.000000	-1.000000	-1.000000	-1.000000	-1.000000	73.172414	0.000000	-1.000000	-1.000000	1909522.000000	1773868062.880604
-6522.210000	1351.035000	12493.845000	14882.985000	-16591.230000	-19409.220000	8640.810000	15661.620000	12.673964	-6.792516	-7.559547	-6.216720	-6.740073	-8.042308	-8.286754	14.761078	-3.311420	4.227020	-2.380560	0.809751	0.386413	0.423156	-1.000000	-1.000000	-1.000000	-1.000000	-1.000000	-1.000000	-1.000000	73.172414	0.000000	-1.000000	-1.000000	1909523.000000	1773868062.883067
-6543.225000	1349.100000	12494.520000	14889.375000	-16576.155000	-19381.050000	8653.635000	15612.300000	3.302028	-14.935648	-13.222649	-13.048435	-13.907450	-13.838588	-9.834301	12.346276	-3.311420	4.227020	-2.380560	0.809751	0.386413	0.423156	-1.000000	-1.000000	-1.000000	-1.000000	-1.000000	-1.000000	-1.000000	73.172414	0.000000	-1.000000	-1.000000	1909524.000000	1773868062.883074
-6517.350000	1389.555000	12531.420000	14927.580000	-16541.865000	-19357.245000	8655.435000	15562.710000	-6.399976	-17.093907	-13.753647	-14.627754	-15.194794	-13.652794	-6.443721	3.236918	-3.311420	4.227020	-2.380560	0.809751	0.386413	0.423156	-1.000000	-1.000000	-1.000000	-1.000000	-1.000000	-1.000000	-1.000000	73.172414	0.000000	-1.000000	-1.000000	1909525.000000	1773868062.886918
-6507.945000	1388.250000	12533.535000	14927.580000	-16549.875000	-19363.500000	8666.145000	15575.445000	-12.331711	-10.852243	-6.947975	-7.866148	-7.522186	-5.481764	1.422269	-10.377732	-3.311420	4.227020	-2.380560	0.809751	0.386413	0.423156	-1.000000	-1.000000	-1.000000	-1.000000	-1.000000	-1.000000	-1.000000	73.172414	0.000000	-1.000000	-1.000000	1909526.000000	1773868062.886936
-6525.540000	1335.420000	12494.700000	14900.085000	-16559.325000	-19375.560000	8678.115000	15671.430000	-12.869917	0.085238	3.976859	3.980774	4.993855	5.505164	9.855990	-19.749755	-3.311420	4.227020	-2.380560	0.809751	0.386413	0.423156	-1.000000	-1.000000	-1.000000	-1.000000	-1.000000	-1.000000	-1.000000	73.172414	0.000000	-1.000000	-1.000000	1909527.000000	1773868062.890909
-6498.945000	1344.780000	12495.105000	14892.885000	-16579.260000	-19396.305000	8663.670000	15662.295000	-8.660454	7.106834	10.610149	11.593012	12.605927	11.029775	14.141029	-16.196788	-3.311420	4.227020	-2.380560	0.809751	0.386413	0.423156	-1.000000	-1.000000	-1.000000	-1.000000	-1.000000	-1.000000	-1.000000	73.172414	0.000000	-1.000000	-1.000000	1909528.000000	1773868062.890923
-6507.630000	1335.510000	12473.415000	14863.545000	-16618.500000	-19425.465000	8649.765000	15640.650000	-1.632089	5.791617	7.731624	8.617461	8.961703	6.961355	11.158976	-2.289746	-3.311420	4.227020	-2.380560	0.809751	0.386413	0.423156	-1.000000	-1.000000	-1.000000	-1.000000	-1.000000	-1.000000	-1.000000	73.172414	0.000000	-1.000000	-1.000000	1909529.000000	1773868062.894965
-6536.295000	1321.875000	12463.335000	14858.145000	-16608.915000	-19419.615000	8646.210000	15638.220000	4.211447	0.082397	-1.160639	-1.622954	-2.486777	-3.458720	1.846304	9.948340	-3.311420	4.227020	-2.380560	0.809751	0.386413	0.423156	-1.000000	-1.000000	-1.000000	-1.000000	-1.000000	-1.000000	-1.000000	73.172414	0.000000	-1.000000	-1.000000	1909530.000000	1773868062.894976
-6533.010000	1340.595000	12489.930000	14890.320000	-16573.455000	-19392.615000	8651.655000	15577.785000	4.954476	-3.189766	-7.829203	-9.539767	-11.036223	-11.070420	-8.221352	10.905460	-2.060100	1.678600	-1.770160	0.810606	0.384459	0.422728	-1.000000	-1.000000	-1.000000	-1.000000	-1.000000	-1.000000	-1.000000	73.172414	0.000000	-1.000000	-1.000000	1909531.000000	1773868062.898940
-6519.870000	1379.835000	12529.485000	14926.680000	-16542.225000	-19370.205000	8668.755000	15536.970000	2.016381	0.259851	-5.885735	-7.450232	-8.160219	-8.281318	-12.792963	-0.174470	-2.060100	1.678600	-1.770160	0.810606	0.384459	0.422728	-1.000000	-1.000000	-1.000000	-1.000000	-1.000000	-1.000000	-1.000000	73.172414	0.000000	-1.000000	-1.000000	1909532.000000	1773868062.898956
-6497.145000	1388.295000	12529.035000	14917.455000	-16564.275000	-19404.630000	8674.920000	15607.080000	0.719838	9.120268	4.023811	3.497569	3.860862	2.550759	-9.744668	-13.494504	-2.060100	1.678600	-1.770160	0.810606	0.384459	0.422728	-1.000000	-1.000000	-1.000000	-1.000000	-1.000000	-1.000000	-1.000000	73.172414	0.000000	-1.000000	-1.000000	1909533.000000	1773868062.902861
-6516.225000	1315.755000	12465.045000	14870.340000	-16591.545000	-19423.935000	8636.805000	15707.205000	2.644784	15.399386	13.047071	13.335173	13.923843	11.280539	-2.461638	-13.581602	-2.060100	1.678600	-1.770160	0.810606	0.384459	0.422728	-1.000000	-1.000000	-1.000000	-1.000000	-1.000000	-1.000000	-1.000000	73.172414	0.000000	-1.000000	-1.000000	1909534.000000	1773868062.902873
-6519.960000	1331.910000	12480.570000	14881.050000	-16587.630000	-19395.765000	8630.730000	15669.855000	4.061262	11.459836	12.335020	13.183314	13.712032	11.421907	2.888659	3.648110	-2.060100	1.678600	-1.770160	0.810606	0.384459	0.422728	-1.000000	-1.000000	-1.000000	-1.000000	-1.000000	-1.000000	-1.000000	73.172414	0.000000	-1.000000	-1.000000	1909535.000000	1773868062.907001
-6514.425000	1340.910000	12488.490000	14884.155000	-16587.000000	-19396.710000	8643.150000	15658.695000	2.398266	-0.084673	3.167911	4.285643	4.806536	5.803293	3.229556	22.183027	-2.060100	1.678600	-1.770160	0.810606	0.384459	0.422728	-1.000000	-1.000000	-1.000000	-1.000000	-1.000000	-1.000000	-1.000000	73.172414	0.000000	-1.000000	-1.000000	1909536.000000	1773868062.907010
-6531.390000	1336.770000	12493.260000	14902.245000	-16549.740000	-19375.155000	8653.950000	15641.505000	-1.160379	-10.006193	-5.986552	-5.179125	-4.707645	0.840720	1.289880	24.164985	-2.060100	1.678600	-1.770160	0.810606	0.384459	0.422728	-1.000000	-1.000000	-1.000000	-1.000000	-1.000000	-1.000000	-1.000000	73.172414	0.000000	-1.000000	-1.000000	1909537.000000	1773868062.910820
-6544.125000	1352.295000	12499.470000	14909.580000	-16565.580000	-19378.755000	8662.995000	15607.035000	-4.687410	-12.692526	-9.014143	-8.389830	-7.625621	-0.221544	1.319619	8.593884	-2.060100	1.678600	-1.770160	0.810606	0.384459	0.422728	-1.000000	-1.000000	-1.000000	-1.000000	-1.000000	-1.000000	-1.000000	73.172414	0.000000	-1.000000	-1.000000	1909538.000000	1773868062.910826
-6546.240000	1378.530000	12523.770000	14937.840000	-16538.490000	-19349.865000	8675.370000	15599.745000	-6.419765	-7.753104	-5.209066	-4.117479	-3.494464	1.521680	4.304031	-12.626085	-2.060100	1.678600	-1.770160	0.810606	0.384459	0.422728	-1.000000	-1.000000	-1.000000	-1.000000	-1.000000	-1.000000	-1.000000	73.172414	0.000000	-1.000000	-1.000000	1909539.000000	1773868062.914879
-6543.045000	1351.260000	12497.445000	14908.185000	-16560.135000	-19378.305000	8647.380000	15623.640000	-4.957295	0.921416	1.249079	2.664468	1.803812	2.439562	7.267343	-25.397148	-2.060100	1.678600	-1.770160	0.810606	0.384459	0.422728	-1.000000	-1.000000	-1.000000	-1.000000	-1.000000	-1.000000	-1.000000	73.172414	0.000000	-1.000000	-1.000000	1909540.000000	1773868062.914885
-6598.440000	1289.790000	12436.605000	14830.920000	-16635.510000	-19438.110000	8614.305000	15602.400000	-1.605335	5.329623	3.039883	3.588047	1.251387	-1.537313	5.498191	-21.817718	-1.373400	2.563680	-3.280900	0.811460	0.382384	0.422973	-1.000000	-1.000000	-1.000000	-1.000000	-1.000000	-1.000000	-1.000000	73.172414	0.000000	-1.000000	-1.000000	1909541.000000	1773868062.918935
-6548.670000	1308.960000	12457.125000	14850.855000	-16601.355000	-19419.030000	8623.485000	15594.210000	0.544964	0.671254	-3.012602	-4.688554	-6.531487	-10.259577	-2.065871	-7.231806	-1.373400	2.563680	-3.280900	0.811460	0.382384	0.422973	-1.000000	-1.000000	-1.000000	-1.000000	-1.000000	-1.000000	-1.000000	73.172414	0.000000	-1.000000	-1.000000	1909542.000000	1773868062.918945
-6479.910000	1348.560000	12492.945000	14885.325000	-16576.830000	-19398.915000	8648.460000	15626.205000	2.548205	-6.621695	-9.717713	-13.905994	-13.422286	-16.578397	-9.366760	5.442951	-1.373400	2.563680	-3.280900	0.811460	0.382384	0.422973	-1.000000	-1.000000	-1.000000	-1.000000	-1.000000	-1.000000	-1.000000	73.172414	0.000000	-1.000000	-1.000000	1909543.000000	1773868062.922958
-6492.555000	1346.850000	12490.335000	14882.355000	-16581.780000	-19389.735000	8652.150000	15617.475000	8.012541	-6.363450	-7.743729	-13.041010	-10.612726	-13.706181	-9.391581	9.794456	-1.373400	2.563680	-3.280900	0.811460	0.382384	0.422973	-1.000000	-1.000000	-1.000000	-1.000000	-1.000000	-1.000000	-1.000000	73.172414	0.000000	-1.000000	-1.000000	1909544.000000	1773868062.922964
-6530.490000	1339.515000	12480.885000	14865.975000	-16626.780000	-19417.590000	8636.175000	15597.675000	13.911260	1.817242	1.993099	-2.059560	-0.187578	-3.244982	-2.658538	8.199586	-1.373400	2.563680	-3.280900	0.811460	0.382384	0.422973	-1.000000	-1.000000	-1.000000	-1.000000	-1.000000	-1.000000	-1.000000	73.172414	0.000000	-1.000000	-1.000000	1909545.000000	1773868062.928251
-6528.240000	1332.180000	12466.980000	14847.255000	-16664.310000	-19426.815000	8637.030000	15633.495000	12.900947	9.801863	10.741310	9.551215	7.912022	7.146854	4.270780	5.546998	-1.373400	2.563680	-3.280900	0.811460	0.382384	0.422973	-1.000000	-1.000000	-1.000000	-1.000000	-1.000000	-1.000000	-1.000000	73.172414	0.000000	-1.000000	-1.000000	1909546.000000	1773868062.928262
-6518.790000	1333.215000	12471.165000	14852.295000	-16650.360000	-19414.440000	8647.155000	15659.370000	4.125117	11.083518	12.127916	13.758545	7.819948	11.575396	6.555186	6.150068	-1.373400	2.563680	-3.280900	0.811460	0.382384	0.422973	-1.000000	-1.000000	-1.000000	-1.000000	-1.000000	-1.000000	-1.000000	73.172414	0.000000	-1.000000	-1.000000	1909547.000000	1773868062.932614
-6531.030000	1330.200000	12481.830000	14884.650000	-16580.655000	-19418.715000	8638.920000	15642.135000	-6.460752	5.235820	6.440923	10.108423	3.438876	9.783998	4.361419	10.220261	-1.373400	2.563680	-3.280900	0.811460	0.382384	0.422973	-1.000000	-1.000000	-1.000000	-1.000000	-1.000000	-1.000000	-1.000000	73.172414	0.000000	-1.000000	-1.000000	1909548.000000	1773868062.932624
-6551.640000	1323.090000	12485.745000	14896.170000	-16544.160000	-19408.725000	8634.600000	15627.060000	-13.423403	-3.100640	-1.006822	4.507330	3.391491	5.492227	0.694279	12.320975	-1.373400	2.563680	-3.280900	0.811460	0.382384	0.422973	-1.000000	-1.000000	-1.000000	-1.000000	-1.000000	-1.000000	-1.000000	73.172414	0.000000	-1.000000	-1.000000	1909549.000000	1773868062.938412
-6552.630000	1326.150000	12482.370000	14886.090000	-16575.120000	-19413.000000	8639.280000	15607.935000	-14.738611	-7.843278	-4.487461	2.799183	10.672539	3.174318	-1.399889	7.261487	-1.373400	2.563680	-3.280900	0.811460	0.382384	0.422973	-1.000000	-1.000000	-1.000000	-1.000000	-1.000000	-1.000000	-1.000000	73.172414	0.000000	-1.000000	-1.000000	1909550.000000	1773868062.938423
-6521.805000	1344.150000	12493.755000	14895.045000	-16571.520000	-19394.460000	8641.260000	15622.155000	-11.308577	-6.317411	-2.844169	4.523402	17.755687	4.037455	-0.931232	-4.377725	-0.534100	0.763000	-3.555580	0.808897	0.380370	0.424926	-1.000000	-1.000000	-1.000000	-1.000000	-1.000000	-1.000000	-1.000000	73.172414	0.000000	-1.000000	-1.000000	1909551.000000	1773868062.938899
-6511.995000	1339.245000	12488.985000	14891.850000	-16561.980000	-19380.690000	8645.895000	15631.785000	-5.759844	-1.167784	0.221134	4.472079	15.127189	5.074849	0.447452	-16.656022	-0.534100	0.763000	-3.555580	0.808897	0.380370	0.424926	-1.000000	-1.000000	-1.000000	-1.000000	-1.000000	-1.000000	-1.000000	73.172414	0.000000	-1.000000	-1.000000	1909552.000000	1773868062.938908
-6516.135000	1345.590000	12490.875000	14883.885000	-16574.400000	-19390.320000	8651.745000	15623.010000	0.096227	2.925656	0.872698	-0.382055	2.359324	3.270468	0.784825	-22.279551	-0.534100	0.763000	-3.555580	0.808897	0.380370	0.424926	-1.000000	-1.000000	-1.000000	-1.000000	-1.000000	-1.000000	-1.000000	73.172414	0.000000	-1.000000	-1.000000	1909553.000000	1773868062.942894
-6531.030000	1342.665000	12496.635000	14900.040000	-16555.095000	-19395.765000	8643.195000	15610.410000	5.702561	3.762395	-0.986944	-7.459681	-12.142863	-1.294914	-0.027530	-17.989137	-0.534100	0.763000	-3.555580	0.808897	0.380370	0.424926	-1.000000	-1.000000	-1.000000	-1.000000	-1.000000	-1.000000	-1.000000	73.172414	0.000000	-1.000000	-1.000000	1909554.000000	1773868062.942902
-6534.405000	1328.085000	12482.550000	14883.975000	-16599.015000	-19434.195000	8648.325000	15626.970000	9.692715	1.945895	-2.961564	-11.678251	-19.742582	-6.812508	-1.226077	-6.924194	-0.534100	0.763000	-3.555580	0.808897	0.380370	0.424926	-1.000000	-1.000000	-1.000000	-1.000000	-1.000000	-1.000000	-1.000000	73.172414	0.000000	-1.000000	-1.000000	1909555.000000	1773868062.950478
-6526.575000	1338.165000	12487.905000	14884.875000	-16592.130000	-19394.955000	8643.960000	15619.680000	10.207211	-1.198014	-3.826103	-11.198220	-19.308449	-11.393085	-2.394564	4.756488	-0.534100	0.763000	-3.555580	0.808897	0.380370	0.424926	-1.000000	-1.000000	-1.000000	-1.000000	-1.000000	-1.000000	-1.000000	73.172414	0.000000	-1.000000	-1.000000	1909556.000000	1773868062.950486
-6518.655000	1350.945000	12501.315000	14901.930000	-16563.285000	-19368.675000	8633.880000	15610.455000	7.564216	-3.593018	-3.663120	-7.962402	-15.273415	-11.917661	-3.098302	12.419012	-0.534100	0.763000	-3.555580	0.808897	0.380370	0.424926	-1.000000	-1.000000	-1.000000	-1.000000	-1.000000	-1.000000	-1.000000	73.172414	0.000000	-1.000000	-1.000000	1909557.000000	1773868062.958793
-6524.190000	1351.935000	12511.035000	14917.185000	-16549.380000	-19371.870000	8634.420000	15607.350000	4.221532	-2.881840	-1.872038	-3.181964	-9.575192	-5.938629	-2.718277	14.613568	-0.534100	0.763000	-3.555580	0.808897	0.380370	0.424926	-1.000000	-1.000000	-1.000000	-1.000000	-1.000000	-1.000000	-1.000000	73.172414	0.000000	-1.000000	-1.000000	1909558.000000	1773868062.958803
-6529.590000	1341.675000	12497.040000	14903.955000	-16554.690000	-19378.890000	8641.710000	15608.745000	1.217600	0.495909	1.518335	2.926380	-1.121735	3.605435	-1.023248	12.213872	-0.534100	0.763000	-3.555580	0.808897	0.380370	0.424926	-1.000000	-1.000000	-1.000000	-1.000000	-1.000000	-1.000000	-1.000000	73.172414	0.000000	-1.000000	-1.000000	1909559.000000	1773868062.958816
-6526.755000	1341.945000	12483.990000	14877.765000	-16583.445000	-19406.070000	8656.335000	15621.345000	-3.007450	2.923438	3.880263	7.558175	8.077308	9.488770	1.489841	6.743228	-0.534100	0.763000	-3.555580	0.808897	0.380370	0.424926	-1.000000	-1.000000	-1.000000	-1.000000	-1.000000	-1.000000	-1.000000	73.172414	0.000000	-1.000000	-1.000000	1909560.000000	1773868062.958821
-6525.495000	1340.505000	12488.760000	14885.100000	-16568.820000	-19401.570000	8652.510000	15626.250000	-8.558888	1.911067	2.792087	7.298471	13.024275	7.072625	3.677571	0.238763	-3.845520	0.198380	-2.884140	0.806455	0.384459	0.427062	-1.000000	-1.000000	-1.000000	-1.000000	-1.000000	-1.000000	-1.000000	73.172414	0.000000	-1.000000	-1.000000	1909561.000000	1773868062.958887
-6532.965000	1328.355000	12480.480000	14881.140000	-16558.290000	-19381.590000	8653.455000	15627.645000	-11.884925	-1.466060	-0.655991	3.046139	12.277976	-0.450724	4.280558	-4.413270	-3.845520	0.198380	-2.884140	0.806455	0.384459	0.427062	-1.000000	-1.000000	-1.000000	-1.000000	-1.000000	-1.000000	-1.000000	73.172414	0.000000	-1.000000	-1.000000	1909562.000000	1773868062.958893
-6544.485000	1353.330000	12501.855000	14901.705000	-16535.475000	-19384.065000	8646.210000	15628.905000	-9.790883	-4.119092	-3.178669	-0.998223	9.248229	-5.268557	2.881726	-5.461710	-3.845520	0.198380	-2.884140	0.806455	0.384459	0.427062	-1.000000	-1.000000	-1.000000	-1.000000	-1.000000	-1.000000	-1.000000	73.172414	0.000000	-1.000000	-1.000000	1909563.000000	1773868062.963538
-6575.130000	1347.255000	12491.010000	14878.620000	-16602.705000	-19401.480000	8643.735000	15608.880000	-3.656871	-3.371684	-2.443004	-1.925471	6.476476	-3.702414	0.058648	-4.319593	-3.845520	0.198380	-2.884140	0.806455	0.384459	0.427062	-1.000000	-1.000000	-1.000000	-1.000000	-1.000000	-1.000000	-1.000000	73.172414	0.000000	-1.000000	-1.000000	1909564.000000	1773868062.963556
-6545.295000	1353.060000	12492.810000	14879.025000	-16600.590000	-19426.725000	8649.045000	15606.225000	2.393737	0.358024	0.654261	-0.651461	1.883919	0.228115	-2.778064	-3.575349	-3.845520	0.198380	-2.884140	0.806455	0.384459	0.427062	-1.000000	-1.000000	-1.000000	-1.000000	-1.000000	-1.000000	-1.000000	73.172414	0.000000	-1.000000	-1.000000	1909565.000000	1773868062.967655
-6506.415000	1365.840000	12506.985000	14900.715000	-16545.870000	-19373.175000	8653.905000	15612.615000	6.963861	4.105441	3.209940	0.298790	-5.669350	1.420434	-3.628934	-3.366327	-3.845520	0.198380	-2.884140	0.806455	0.384459	0.427062	-1.000000	-1.000000	-1.000000	-1.000000	-1.000000	-1.000000	-1.000000	73.172414	0.000000	-1.000000	-1.000000	1909566.000000	1773868062.967666
-6532.020000	1372.770000	12519.540000	14919.075000	-16560.855000	-19342.935000	8658.585000	15591.465000	10.850887	5.926482	4.002166	0.786094	-11.294114	1.300369	-1.724757	-2.277748	-3.845520	0.198380	-2.884140	0.806455	0.384459	0.427062	-1.000000	-1.000000	-1.000000	-1.000000	-1.000000	-1.000000	-1.000000	73.172414	0.000000	-1.000000	-1.000000	1909567.000000	1773868062.971055
-6528.735000	1381.590000	12529.980000	14928.840000	-16569.720000	-19376.145000	8646.030000	15585.840000	12.076718	5.661529	3.965817	2.404829	-10.450261	3.427789	1.023305	-0.782874	-3.845520	0.198380	-2.884140	0.806455	0.384459	0.427062	-1.000000	-1.000000	-1.000000	-1.000000	-1.000000	-1.000000	-1.000000	73.172414	0.000000	-1.000000	-1.000000	1909568.000000	1773868062.971066
-6526.035000	1368.000000	12525.525000	14929.110000	-16558.695000	-19362.645000	8652.555000	15582.555000	7.928815	3.452123	3.781611	5.175739	-4.220437	6.267234	1.796399	-0.543302	-3.845520	0.198380	-2.884140	0.806455	0.384459	0.427062	-1.000000	-1.000000	-1.000000	-1.000000	-1.000000	-1.000000	-1.000000	73.172414	0.000000	-1.000000	-1.000000	1909569.000000	1773868062.975557
-6511.365000	1369.440000	12525.930000	14930.955000	-16546.860000	-19363.905000	8660.160000	15629.535000	0.188541	-0.411840	2.739768	6.811342	3.522918	6.264120	0.218293	-0.751823	-3.845520	0.198380	-2.884140	0.806455	0.384459	0.427062	-1.000000	-1.000000	-1.000000	-1.000000	-1.000000	-1.000000	-1.000000	73.172414	0.000000	-1.000000	-1.000000	1909570.000000	1773868062.975568
-6511.950000	1342.260000	12493.665000	14892.120000	-16587.585000	-19403.010000	8644.365000	15660.945000	-6.105724	-4.938844	-0.371765	4.371766	8.238767	2.024329	-1.658491	1.874786	-6.882260	-0.198380	-2.533160	0.806272	0.388732	0.427306	-1.000000	-1.000000	-1.000000	-1.000000	-1.000000	-1.000000	-1.000000	73.172414	0.000000	-1.000000	-1.000000	1909571.000000	1773868062.980362
-6519.780000	1330.560000	12479.985000	14879.070000	-16596.315000	-19407.645000	8629.740000	15552.495000	-7.609976	-8.995480	-5.829535	-3.112379	6.749306	-5.325855	-2.554674	6.571523	-6.882260	-0.198380	-2.533160	0.806272	0.388732	0.427306	-1.000000	-1.000000	-1.000000	-1.000000	-1.000000	-1.000000	-1.000000	73.172414	0.000000	-1.000000	-1.000000	1909572.000000	1773868062.980373
-6498.405000	1386.495000	12537.135000	14935.140000	-16544.880000	-19351.035000	8651.520000	15448.455000	-4.731041	-10.486077	-10.658255	-11.350153	1.845988	-10.826579	-2.394224	5.428343	-6.882260	-0.198380	-2.533160	0.806272	0.388732	0.427306	-1.000000	-1.000000	-1.000000	-1.000000	-1.000000	-1.000000	-1.000000	73.172414	0.000000	-1.000000	-1.000000	1909573.000000	1773868062.987159
-6484.770000	1414.755000	12568.635000	14971.860000	-16496.955000	-19314.495000	8690.040000	15530.085000	-0.424779	-6.111751	-9.318924	-12.643244	0.113201	-8.447379	-0.242087	-4.937976	-6.882260	-0.198380	-2.533160	0.806272	0.388732	0.427306	-1.000000	-1.000000	-1.000000	-1.000000	-1.000000	-1.000000	-1.000000	73.172414	0.000000	-1.000000	-1.000000	1909574.000000	1773868062.987169
-6553.035000	1331.100000	12496.995000	14908.680000	-16553.880000	-19376.865000	8676.630000	15737.850000	1.027901	2.611658	-1.617952	-5.638137	2.251176	0.150163	4.213303	-11.714349	-6.882260	-0.198380	-2.533160	0.806272	0.388732	0.427306	-1.000000	-1.000000	-1.000000	-1.000000	-1.000000	-1.000000	-1.000000	73.172414	0.000000	-1.000000	-1.000000	1909575.000000	1773868062.987182
-6613.290000	1287.180000	12452.670000	14857.065000	-16612.830000	-19425.645000	8634.915000	15677.235000	-3.792057	7.084933	4.108602	1.102440	1.687251	4.944264	7.419620	-0.370383	-6.882260	-0.198380	-2.533160	0.806272	0.388732	0.427306	-1.000000	-1.000000	-1.000000	-1.000000	-1.000000	-1.000000	-1.000000	73.172414	0.000000	-1.000000	-1.000000	1909576.000000	1773868062.987187
-6565.725000	1305.990000	12452.130000	14845.635000	-16625.430000	-19433.700000	8630.055000	15660.360000	-12.475692	2.367240	1.532714	0.041432	-5.456799	0.300387	4.885592	21.362523	-6.882260	-0.198380	-2.533160	0.806272	0.388732	0.427306	-1.000000	-1.000000	-1.000000	-1.000000	-1.000000	-1.000000	-1.000000	73.172414	0.000000	-1.000000	-1.000000	1909577.000000	1773868062.990996
-6545.790000	1292.985000	12427.740000	14820.255000	-16650.495000	-19460.160000	8639.370000	15659.235000	-16.119198	-5.632801	-5.703236	-6.401109	-14.935104	-8.583588	-2.569850	31.386345	-6.882260	-0.198380	-2.533160	0.806272	0.388732	0.427306	-1.000000	-1.000000	-1.000000	-1.000000	-1.000000	-1.000000	-1.000000	73.172414	0.000000	-1.000000	-1.000000	1909578.000000	1773868062.991006
-6515.595000	1326.735000	12457.980000	14846.535000	-16634.565000	-19455.165000	8641.215000	15632.730000	-8.169306	-7.771562	-9.256835	-10.010396	-19.151577	-13.223591	-9.124716	18.662527	-6.882260	-0.198380	-2.533160	0.806272	0.388732	0.427306	-1.000000	-1.000000	-1.000000	-1.000000	-1.000000	-1.000000	-1.000000	73.172414	0.000000	-1.000000	-1.000000	1909579.000000	1773868062.995474
-6529.230000	1324.845000	12462.255000	14855.445000	-16617.420000	-19434.285000	8636.850000	15622.560000	8.158716	-0.642119	-3.796038	-4.521691	-12.743952	-8.406940	-9.760890	-9.321073	-6.882260	-0.198380	-2.533160	0.806272	0.388732	0.427306	-1.000000	-1.000000	-1.000000	-1.000000	-1.000000	-1.000000	-1.000000	73.172414	0.000000	-1.000000	-1.000000	1909580.000000	1773868062.995485
-6550.920000	1342.710000	12489.930000	14886.765000	-16586.550000	-19425.240000	8641.305000	15606.855000	22.445822	11.306440	8.905914	9.276605	3.762336	4.999221	-4.170914	-33.385358	-6.226080	0.442540	-5.722500	0.805906	0.386413	0.425292	-1.000000	-1.000000	-1.000000	-1.000000	-1.000000	-1.000000	-1.000000	73.172414	0.000000	-1.000000	-1.000000	1909581.000000	1773868062.999466
-6555.150000	1327.185000	12477.780000	14871.285000	-16610.445000	-19424.430000	8645.715000	15617.205000	24.942312	18.711407	20.040349	22.437256	21.283498	18.587416	3.437497	-36.855434	-6.226080	0.442540	-5.722500	0.805906	0.386413	0.425292	-1.000000	-1.000000	-1.000000	-1.000000	-1.000000	-1.000000	-1.000000	73.172414	0.000000	-1.000000	-1.000000	1909582.000000	1773868062.999476
-6552.720000	1306.620000	12459.285000	14855.445000	-16608.510000	-19393.740000	8646.615000	15635.205000	14.189398	14.917299	20.657251	24.527628	27.434634	23.069989	7.773958	-21.064107	-6.226080	0.442540	-5.722500	0.805906	0.386413	0.425292	-1.000000	-1.000000	-1.000000	-1.000000	-1.000000	-1.000000	-1.000000	73.172414	0.000000	-1.000000	-1.000000	1909583.000000	1773868063.005987
-6550.335000	1307.160000	12458.925000	14862.555000	-16586.640000	-19400.445000	8632.845000	15629.175000	-1.017272	3.028436	10.650117	14.212570	19.511686	17.671873	6.922381	-2.728046	-6.226080	0.442540	-5.722500	0.805906	0.386413	0.425292	-1.000000	-1.000000	-1.000000	-1.000000	-1.000000	-1.000000	-1.000000	73.172414	0.000000	-1.000000	-1.000000	1909584.000000	1773868063.005998
-6541.470000	1325.025000	12477.330000	14879.115000	-16578.540000	-19390.050000	8642.520000	15622.560000	-9.727321	-7.144457	-1.424664	0.538288	7.043005	8.692933	3.520168	6.258002	-6.226080	0.442540	-5.722500	0.805906	0.386413	0.425292	-1.000000	-1.000000	-1.000000	-1.000000	-1.000000	-1.000000	-1.000000	73.172414	0.000000	-1.000000	-1.000000	1909585.000000	1773868063.008432
-6526.845000	1332.675000	12480.570000	14878.800000	-16599.600000	-19399.815000	8656.470000	15631.245000	-9.325561	-9.469290	-7.788669	-7.416075	-1.220137	1.118327	1.271808	8.164242	-6.226080	0.442540	-5.722500	0.805906	0.386413	0.425292	-1.000000	-1.000000	-1.000000	-1.000000	-1.000000	-1.000000	-1.000000	73.172414	0.000000	-1.000000	-1.000000	1909586.000000	1773868063.008441
-6526.395000	1336.590000	12480.300000	14873.130000	-16603.200000	-19431.585000	8655.885000	15626.700000	-5.339900	-5.617769	-7.570036	-8.309394	-5.191994	-4.876576	1.068630	9.226135	-6.226080	0.442540	-5.722500	0.805906	0.386413	0.425292	-1.000000	-1.000000	-1.000000	-1.000000	-1.000000	-1.000000	-1.000000	73.172414	0.000000	-1.000000	-1.000000	1909587.000000	1773868063.011048
-6544.665000	1325.385000	12473.685000	14875.020000	-16589.250000	-19415.835000	8644.770000	15627.060000	-3.560555	-1.107388	-4.930899	-6.457590	-8.085234	-10.691669	1.072632	11.139071	-6.226080	0.442540	-5.722500	0.805906	0.386413	0.425292	-1.000000	-1.000000	-1.000000	-1.000000	-1.000000	-1.000000	-1.000000	73.172414	0.000000	-1.000000	-1.000000	1909588.000000	1773868063.011058
-6552.495000	1328.760000	12481.110000	14884.695000	-16575.615000	-19387.260000	8647.290000	15621.660000	-5.092637	-0.127541	-4.027576	-5.861602	-10.644168	-15.018852	-0.296885	12.892473	-6.226080	0.442540	-5.722500	0.805906	0.386413	0.425292	-1.000000	-1.000000	-1.000000	-1.000000	-1.000000	-1.000000	-1.000000	73.172414	0.000000	-1.000000	-1.000000	1909589.000000	1773868063.015359
-6546.600000	1329.885000	12482.235000	14884.605000	-16581.645000	-19401.930000	8647.920000	15614.955000	-6.808654	-2.901548	-5.827320	-7.355914	-11.917004	-15.260020	-2.782561	13.592262	-6.226080	0.442540	-5.722500	0.805906	0.386413	0.425292	-1.000000	-1.000000	-1.000000	-1.000000	-1.000000	-1.000000	-1.000000	73.172414	0.000000	-1.000000	-1.000000	1909590.000000	1773868063.015369
-6528.285000	1331.190000	12480.570000	14878.260000	-16594.065000	-19415.430000	8655.660000	15624.495000	-5.321538	-6.442761	-8.331030	-9.366772	-11.593438	-12.053529	-5.151997	11.454465	-7.599480	2.334780	-5.493600	0.804197	0.383849	0.419860	-1.000000	-1.000000	-1.000000	-1.000000	-1.000000	-1.000000	-1.000000	73.172414	0.000000	-1.000000	-1.000000	1909591.000000	1773868063.018874
-6514.830000	1343.655000	12494.340000	14889.375000	-16586.865000	-19400.265000	8648.010000	15621.480000	0.156803	-6.621788	-7.975936	-8.987051	-9.517469	-7.890773	-6.070579	3.804845	-7.599480	2.334780	-5.493600	0.804197	0.383849	0.419860	-1.000000	-1.000000	-1.000000	-1.000000	-1.000000	-1.000000	-1.000000	73.172414	0.000000	-1.000000	-1.000000	1909592.000000	1773868063.018880
-6518.655000	1353.600000	12508.110000	14912.370000	-16548.345000	-19375.245000	8637.300000	15614.280000	7.564499	-1.391788	-2.452559	-3.916569	-4.549462	-2.527981	-4.686317	-8.244265	-7.599480	2.334780	-5.493600	0.804197	0.383849	0.419860	-1.000000	-1.000000	-1.000000	-1.000000	-1.000000	-1.000000	-1.000000	73.172414	0.000000	-1.000000	-1.000000	1909593.000000	1773868063.022947
-6553.305000	1344.420000	12498.570000	14901.480000	-16561.395000	-19384.380000	8642.340000	15608.970000	11.867407	6.084064	5.832141	4.437854	3.623190	5.140601	-1.599841	-18.113747	-7.599480	2.334780	-5.493600	0.804197	0.383849	0.419860	-1.000000	-1.000000	-1.000000	-1.000000	-1.000000	-1.000000	-1.000000	73.172414	0.000000	-1.000000	-1.000000	1909594.000000	1773868063.022959
-6597.405000	1336.770000	12497.220000	14899.005000	-16564.320000	-19379.520000	8649.855000	15596.055000	7.630686	9.765478	11.212537	11.145417	11.926063	12.883492	1.477597	-20.060414	-7.599480	2.334780	-5.493600	0.804197	0.383849	0.419860	-1.000000	-1.000000	-1.000000	-1.000000	-1.000000	-1.000000	-1.000000	73.172414	0.000000	-1.000000	-1.000000	1909595.000000	1773868063.028177
-6579.180000	1345.680000	12507.525000	14909.040000	-16555.815000	-19378.845000	8656.920000	15587.145000	-4.341566	6.943164	10.451421	12.315347	15.707996	16.940468	3.540090	-14.052269	-7.599480	2.334780	-5.493600	0.804197	0.383849	0.419860	-1.000000	-1.000000	-1.000000	-1.000000	-1.000000	-1.000000	-1.000000	73.172414	0.000000	-1.000000	-1.000000	1909596.000000	1773868063.028190
-6524.685000	1346.445000	12508.020000	14907.915000	-16559.010000	-19386.405000	8676.180000	15610.095000	-14.265961	0.450579	5.048260	8.019270	12.572399	14.756218	5.032709	-3.431904	-7.599480	2.334780	-5.493600	0.804197	0.383849	0.419860	-1.000000	-1.000000	-1.000000	-1.000000	-1.000000	-1.000000	-1.000000	73.172414	0.000000	-1.000000	-1.000000	1909597.000000	1773868063.031024
-6434.055000	1379.205000	12532.545000	14926.770000	-16545.015000	-19365.390000	8690.085000	15657.255000	-10.951009	-4.660883	-1.272670	1.004867	3.866988	6.148412	6.500165	9.011649	-7.599480	2.334780	-5.493600	0.804197	0.383849	0.419860	-1.000000	-1.000000	-1.000000	-1.000000	-1.000000	-1.000000	-1.000000	73.172414	0.000000	-1.000000	-1.000000	1909598.000000	1773868063.031043
-6472.440000	1371.060000	12517.425000	14912.145000	-16539.165000	-19355.130000	8662.725000	15631.245000	5.644237	-5.391943	-5.550188	-5.395923	-5.700083	-4.678950	6.622383	19.993363	-7.599480	2.334780	-5.493600	0.804197	0.383849	0.419860	-1.000000	-1.000000	-1.000000	-1.000000	-1.000000	-1.000000	-1.000000	73.172414	0.000000	-1.000000	-1.000000	1909599.000000	1773868063.034954
-6564.420000	1324.215000	12471.210000	14869.035000	-16587.540000	-19413.945000	8630.910000	15587.685000	20.428964	-3.192352	-7.490201	-9.318359	-11.536879	-12.373679	2.687375	22.562083	-7.599480	2.334780	-5.493600	0.804197	0.383849	0.419860	-1.000000	-1.000000	-1.000000	-1.000000	-1.000000	-1.000000	-1.000000	73.172414	0.000000	-1.000000	-1.000000	1909600.000000	1773868063.034968
-6554.115000	1312.740000	12446.460000	14856.750000	-16615.755000	-19434.240000	8621.640000	15583.140000	17.852678	-2.248843	-9.024050	-11.201811	-13.474866	-16.081860	-5.276402	11.778102	-6.638100	3.998120	-4.944240	0.798582	0.379516	0.418517	-1.000000	-1.000000	-1.000000	-1.000000	-1.000000	-1.000000	-1.000000	73.172414	0.000000	-1.000000	-1.000000	1909601.000000	1773868063.039972
-6542.595000	1330.290000	12456.360000	14873.445000	-16594.785000	-19413.180000	8639.280000	15609.060000	-0.096258	-3.940681	-10.572757	-11.177767	-13.338744	-16.613200	-12.256739	-6.225092	-6.638100	3.998120	-4.944240	0.798582	0.379516	0.418517	-1.000000	-1.000000	-1.000000	-1.000000	-1.000000	-1.000000	-1.000000	73.172414	0.000000	-1.000000	-1.000000	1909602.000000	1773868063.039983
-6546.645000	1343.655000	12479.085000	14887.620000	-16578.720000	-19399.095000	8655.885000	15608.970000	-17.442686	-4.806201	-8.935428	-7.204593	-9.671736	-11.956436	-12.584994	-18.632707	-6.638100	3.998120	-4.944240	0.798582	0.379516	0.418517	-1.000000	-1.000000	-1.000000	-1.000000	-1.000000	-1.000000	-1.000000	73.172414	0.000000	-1.000000	-1.000000	1909603.000000	1773868063.042973
-6546.690000	1360.755000	12509.910000	14904.495000	-16569.855000	-19394.955000	8669.295000	15606.090000	-21.625395	-1.289592	-1.027256	1.782990	-0.349733	-0.932337	-5.415887	-18.357524	-6.638100	3.998120	-4.944240	0.798582	0.379516	0.418517	-1.000000	-1.000000	-1.000000	-1.000000	-1.000000	-1.000000	-1.000000	73.172414	0.000000	-1.000000	-1.000000	1909604.000000	1773868063.042982
-6547.095000	1367.145000	12520.485000	14907.510000	-16562.160000	-19393.470000	8661.870000	15632.100000	-12.650488	5.688735	11.137520	12.410331	11.621000	12.326499	4.724596	-7.863964	-6.638100	3.998120	-4.944240	0.798582	0.379516	0.418517	-1.000000	-1.000000	-1.000000	-1.000000	-1.000000	-1.000000	-1.000000	73.172414	0.000000	-1.000000	-1.000000	1909605.000000	1773868063.046970
-6545.025000	1334.835000	12482.955000	14869.845000	-16592.265000	-19417.365000	8645.580000	15642.405000	0.002958	10.997064	20.150301	18.065071	19.143030	20.336017	11.152891	5.263837	-6.638100	3.998120	-4.944240	0.798582	0.379516	0.418517	-1.000000	-1.000000	-1.000000	-1.000000	-1.000000	-1.000000	-1.000000	73.172414	0.000000	-1.000000	-1.000000	1909606.000000	1773868063.046981
-6537.555000	1337.490000	12490.155000	14883.120000	-16578.765000	-19398.645000	8652.150000	15640.875000	6.800530	9.428315	18.760536	14.139745	17.071377	18.148936	9.998714	13.273705	-6.638100	3.998120	-4.944240	0.798582	0.379516	0.418517	-1.000000	-1.000000	-1.000000	-1.000000	-1.000000	-1.000000	-1.000000	73.172414	0.000000	-1.000000	-1.000000	1909607.000000	1773868063.050998
-6540.075000	1351.035000	12504.645000	14895.675000	-16581.465000	-19392.390000	8650.890000	15621.210000	6.673676	1.817560	7.849758	3.658437	7.248185	8.186756	3.773346	12.477029	-6.638100	3.998120	-4.944240	0.798582	0.379516	0.418517	-1.000000	-1.000000	-1.000000	-1.000000	-1.000000	-1.000000	-1.000000	73.172414	0.000000	-1.000000	-1.000000	1909608.000000	1773868063.051010
-6518.520000	1354.770000	12498.480000	14882.805000	-16600.005000	-19399.770000	8635.905000	15615.225000	6.134979	-4.639246	-3.684467	-4.984902	-3.042730	-1.704476	-1.640672	5.081874	-6.638100	3.998120	-4.944240	0.798582	0.379516	0.418517	-1.000000	-1.000000	-1.000000	-1.000000	-1.000000	-1.000000	-1.000000	73.172414	0.000000	-1.000000	-1.000000	1909609.000000	1773868063.055170
-6511.770000	1323.855000	12465.810000	14850.630000	-16634.745000	-19428.165000	8623.620000	15610.905000	9.352048	-5.263760	-9.188426	-7.661681	-8.760156	-6.450246	-3.376354	-3.656081	-6.638100	3.998120	-4.944240	0.798582	0.379516	0.418517	-1.000000	-1.000000	-1.000000	-1.000000	-1.000000	-1.000000	-1.000000	73.172414	0.000000	-1.000000	-1.000000	1909610.000000	1773868063.055182
-6527.970000	1327.815000	12478.455000	14875.560000	-16597.800000	-19410.480000	8611.560000	15557.535000	12.754615	-2.840490	-9.600279	-6.915579	-10.064376	-7.327387	-3.211837	-10.339928	-3.509800	6.271860	-6.363420	0.795408	0.381347	0.414855	-1.000000	-1.000000	-1.000000	-1.000000	-1.000000	-1.000000	-1.000000	73.172414	0.000000	-1.000000	-1.000000	1909611.000000	1773868063.058970
-6532.065000	1346.535000	12500.460000	14905.575000	-16555.095000	-19390.455000	8632.485000	15565.230000	10.797159	-1.498575	-8.135642	-5.098678	-7.522273	-6.705503	-3.593260	-14.158041	-3.509800	6.271860	-6.363420	0.795408	0.381347	0.414855	-1.000000	-1.000000	-1.000000	-1.000000	-1.000000	-1.000000	-1.000000	73.172414	0.000000	-1.000000	-1.000000	1909612.000000	1773868063.058980
-6550.470000	1329.885000	12482.190000	14883.120000	-16581.690000	-19414.395000	8660.700000	15673.275000	2.509443	-1.813535	-6.304940	-2.387717	-1.520039	-4.952225	-3.736711	-12.191753	-3.509800	6.271860	-6.363420	0.795408	0.381347	0.414855	-1.000000	-1.000000	-1.000000	-1.000000	-1.000000	-1.000000	-1.000000	73.172414	0.000000	-1.000000	-1.000000	1909613.000000	1773868063.064446
-6550.020000	1332.675000	12483.675000	14883.120000	-16583.670000	-19405.440000	8665.425000	15658.920000	-8.658706	-2.595066	-4.685396	0.098948	4.278919	-2.658274	-1.143709	-1.357513	-3.509800	6.271860	-6.363420	0.795408	0.381347	0.414855	-1.000000	-1.000000	-1.000000	-1.000000	-1.000000	-1.000000	-1.000000	73.172414	0.000000	-1.000000	-1.000000	1909614.000000	1773868063.064457
-6530.220000	1348.560000	12496.545000	14899.230000	-16557.390000	-19380.690000	8666.730000	15631.515000	-17.504463	-2.141081	-2.492742	1.559795	6.372331	-0.275363	3.921711	12.594031	-3.509800	6.271860	-6.363420	0.795408	0.381347	0.414855	-1.000000	-1.000000	-1.000000	-1.000000	-1.000000	-1.000000	-1.000000	73.172414	0.000000	-1.000000	-1.000000	1909615.000000	1773868063.073397
-6514.245000	1361.970000	12504.285000	14899.140000	-16563.195000	-19374.930000	8676.225000	15641.910000	-19.063960	0.845600	1.508921	2.637970	5.137077	2.425345	8.127529	18.896020	-3.509800	6.271860	-6.363420	0.795408	0.381347	0.414855	-1.000000	-1.000000	-1.000000	-1.000000	-1.000000	-1.000000	-1.000000	73.172414	0.000000	-1.000000	-1.000000	1909616.000000	1773868063.073405
-6538.950000	1368.180000	12516.705000	14909.355000	-16555.995000	-19375.965000	8668.845000	15621.480000	-11.727902	5.345960	6.533472	3.494123	2.525329	4.715964	8.723060	14.217264	-3.509800	6.271860	-6.363420	0.795408	0.381347	0.414855	-1.000000	-1.000000	-1.000000	-1.000000	-1.000000	-1.000000	-1.000000	73.172414	0.000000	-1.000000	-1.000000	1909617.000000	1773868063.073415
-6553.080000	1350.360000	12503.295000	14899.005000	-16565.085000	-19387.350000	8644.275000	15606.180000	-0.133721	8.446342	10.348688	3.887499	0.396414	5.440800	5.278860	3.190821	-3.509800	6.271860	-6.363420	0.795408	0.381347	0.414855	-1.000000	-1.000000	-1.000000	-1.000000	-1.000000	-1.000000	-1.000000	73.172414	0.000000	-1.000000	-1.000000	1909618.000000	1773868063.073420
-6541.515000	1320.390000	12470.310000	14867.505000	-16578.540000	-19417.995000	8635.455000	15633.450000	8.477014	7.326877	10.488793	3.125615	-0.646821	3.723380	-1.041993	-7.430310	-3.509800	6.271860	-6.363420	0.795408	0.381347	0.414855	-1.000000	-1.000000	-1.000000	-1.000000	-1.000000	-1.000000	-1.000000	73.172414	0.000000	-1.000000	-1.000000	1909619.000000	1773868063.075084
-6520.365000	1347.255000	12499.200000	14900.445000	-16533.450000	-19403.505000	8633.745000	15644.385000	11.624912	1.547059	5.458787	-0.047787	-1.923217	-0.915722	-7.854233	-11.289779	-3.509800	6.271860	-6.363420	0.795408	0.381347	0.414855	-1.000000	-1.000000	-1.000000	-1.000000	-1.000000	-1.000000	-1.000000	73.172414	0.000000	-1.000000	-1.000000	1909620.000000	1773868063.075094
-6512.310000	1371.555000	12513.105000	14904.630000	-16569.090000	-19399.680000	8636.265000	15631.470000	11.711948	-5.326053	-2.606727	-4.712909	-4.447616	-6.570034	-12.414143	-7.382415	-3.891300	7.217980	-7.248500	0.794493	0.385131	0.411681	-1.000000	-1.000000	-1.000000	-1.000000	-1.000000	-1.000000	-1.000000	73.172414	0.000000	-1.000000	-1.000000	1909621.000000	1773868063.079081
-6513.435000	1371.645000	12505.995000	14894.865000	-16605.720000	-19409.940000	8638.470000	15627.150000	10.546024	-8.266562	-8.758357	-7.555218	-7.918583	-9.289463	-13.048548	-2.688645	-3.891300	7.217980	-7.248500	0.794493	0.385131	0.411681	-1.000000	-1.000000	-1.000000	-1.000000	-1.000000	-1.000000	-1.000000	73.172414	0.000000	-1.000000	-1.000000	1909622.000000	1773868063.079087
-6527.070000	1351.935000	12490.290000	14881.995000	-16603.830000	-19453.005000	8650.845000	15620.130000	7.125427	-6.095589	-10.093197	-6.748097	-10.910283	-7.839596	-9.196325	-3.139552	-3.891300	7.217980	-7.248500	0.794493	0.385131	0.411681	-1.000000	-1.000000	-1.000000	-1.000000	-1.000000	-1.000000	-1.000000	73.172414	0.000000	-1.000000	-1.000000	1909623.000000	1773868063.083014
-6544.665000	1321.830000	12477.195000	14876.055000	-16602.795000	-19421.415000	8655.210000	15629.085000	-0.207224	-2.778135	-7.922683	-3.718741	-10.959884	-4.774916	-1.543614	-6.024683	-3.891300	7.217980	-7.248500	0.794493	0.385131	0.411681	-1.000000	-1.000000	-1.000000	-1.000000	-1.000000	-1.000000	-1.000000	73.172414	0.000000	-1.000000	-1.000000	1909624.000000	1773868063.083024
-6531.930000	1321.875000	12474.000000	14878.890000	-16580.250000	-19385.235000	8647.335000	15621.885000	-9.691409	-2.495491	-5.087733	-0.756952	-6.078284	-1.014100	7.014709	-5.513011	-3.891300	7.217980	-7.248500	0.794493	0.385131	0.411681	-1.000000	-1.000000	-1.000000	-1.000000	-1.000000	-1.000000	-1.000000	73.172414	0.000000	-1.000000	-1.000000	1909625.000000	1773868063.086988
-6540.885000	1330.560000	12480.480000	14879.430000	-16588.620000	-19399.590000	8648.325000	15603.435000	-15.455893	-4.390164	-2.517480	1.529344	3.340190	4.893926	12.747882	-0.201304	-3.891300	7.217980	-7.248500	0.794493	0.385131	0.411681	-1.000000	-1.000000	-1.000000	-1.000000	-1.000000	-1.000000	-1.000000	73.172414	0.000000	-1.000000	-1.000000	1909626.000000	1773868063.087000
-6542.865000	1336.185000	12492.630000	14893.785000	-16574.040000	-19387.980000	8659.080000	15614.010000	-13.386428	-3.718540	1.274038	4.144521	13.794441	11.806014	14.139896	6.658663	-3.891300	7.217980	-7.248500	0.794493	0.385131	0.411681	-1.000000	-1.000000	-1.000000	-1.000000	-1.000000	-1.000000	-1.000000	73.172414	0.000000	-1.000000	-1.000000	1909627.000000	1773868063.091081
-6528.375000	1349.865000	12504.015000	14906.205000	-16557.345000	-19371.600000	8672.400000	15643.530000	-5.237643	2.142208	7.227725	7.682611	20.272547	16.173282	12.103868	11.344002	-3.891300	7.217980	-7.248500	0.794493	0.385131	0.411681	-1.000000	-1.000000	-1.000000	-1.000000	-1.000000	-1.000000	-1.000000	73.172414	0.000000	-1.000000	-1.000000	1909628.000000	1773868063.091087
-6542.640000	1339.920000	12488.895000	14884.470000	-16584.660000	-19384.470000	8666.910000	15630.570000	3.768861	9.720137	12.225463	9.729654	18.532104	14.941457	7.595293	12.178950	-3.891300	7.217980	-7.248500	0.794493	0.385131	0.411681	-1.000000	-1.000000	-1.000000	-1.000000	-1.000000	-1.000000	-1.000000	73.172414	0.000000	-1.000000	-1.000000	1909629.000000	1773868063.095064
-6555.960000	1312.695000	12453.795000	14841.900000	-16633.620000	-19432.170000	8654.040000	15616.710000	8.670901	12.124072	10.855336	6.160855	7.768249	6.457597	0.638928	8.311561	-3.891300	7.217980	-7.248500	0.794493	0.385131	0.411681	-1.000000	-1.000000	-1.000000	-1.000000	-1.000000	-1.000000	-1.000000	73.172414	0.000000	-1.000000	-1.000000	1909630.000000	1773868063.095074
-6541.830000	1327.095000	12474.405000	14871.510000	-16597.620000	-19422.540000	8645.535000	15619.455000	7.946792	6.652340	2.431838	-2.597878	-6.512796	-6.889838	-7.973942	0.240142	-2.838360	5.615680	-8.682940	0.792478	0.385131	0.410033	-1.000000	-1.000000	-1.000000	-1.000000	-1.000000	-1.000000	-1.000000	73.172414	0.000000	-1.000000	-1.000000	1909631.000000	1773868063.099022
-6533.775000	1342.620000	12492.855000	14893.875000	-16567.515000	-19399.005000	8648.685000	15617.205000	4.469098	-1.576625	-6.439300	-9.615519	-15.078441	-17.446867	-15.255520	-8.066438	-2.838360	5.615680	-8.682940	0.792478	0.385131	0.410033	-1.000000	-1.000000	-1.000000	-1.000000	-1.000000	-1.000000	-1.000000	73.172414	0.000000	-1.000000	-1.000000	1909632.000000	1773868063.099032
-6536.745000	1342.935000	12500.235000	14901.930000	-16563.690000	-19391.355000	8656.515000	15601.680000	1.920213	-5.414487	-8.651591	-8.747422	-13.146534	-18.752956	-17.320796	-12.112338	-2.838360	5.615680	-8.682940	0.792478	0.385131	0.410033	-1.000000	-1.000000	-1.000000	-1.000000	-1.000000	-1.000000	-1.000000	73.172414	0.000000	-1.000000	-1.000000	1909633.000000	1773868063.103160
-6517.980000	1368.585000	12522.645000	14917.680000	-16561.755000	-19390.230000	8658.630000	15553.080000	1.485449	-2.960955	-3.484044	-1.069137	-4.377508	-11.763456	-12.195291	-11.200192	-2.838360	5.615680	-8.682940	0.792478	0.385131	0.410033	-1.000000	-1.000000	-1.000000	-1.000000	-1.000000	-1.000000	-1.000000	73.172414	0.000000	-1.000000	-1.000000	1909634.000000	1773868063.103169
-6505.695000	1408.185000	12561.525000	14957.730000	-16510.995000	-19330.020000	8670.285000	15531.480000	2.608109	2.904365	4.773258	7.885408	4.625441	-1.015053	-1.671432	-7.780902	-2.838360	5.615680	-8.682940	0.792478	0.385131	0.410033	-1.000000	-1.000000	-1.000000	-1.000000	-1.000000	-1.000000	-1.000000	73.172414	0.000000	-1.000000	-1.000000	1909635.000000	1773868063.109471
-6534.765000	1392.660000	12550.635000	14952.015000	-16512.120000	-19339.875000	8658.855000	15587.685000	3.514372	8.078727	10.978317	13.155879	10.036709	9.938207	9.076544	-3.547104	-2.838360	5.615680	-8.682940	0.792478	0.385131	0.410033	-1.000000	-1.000000	-1.000000	-1.000000	-1.000000	-1.000000	-1.000000	73.172414	0.000000	-1.000000	-1.000000	1909636.000000	1773868063.109481
-6559.605000	1337.760000	12489.075000	14887.080000	-16583.130000	-19424.880000	8643.420000	15662.520000	1.089379	7.548794	9.951748	10.646451	8.842460	15.412446	14.142131	3.032561	-2.838360	5.615680	-8.682940	0.792478	0.385131	0.410033	-1.000000	-1.000000	-1.000000	-1.000000	-1.000000	-1.000000	-1.000000	73.172414	0.000000	-1.000000	-1.000000	1909637.000000	1773868063.111119
-6564.870000	1310.940000	12457.035000	14855.130000	-16601.625000	-19415.160000	8638.875000	15623.055000	-5.375781	-1.737836	-0.755332	-1.060244	-0.466728	9.981926	11.069827	12.591957	-2.838360	5.615680	-8.682940	0.792478	0.385131	0.410033	-1.000000	-1.000000	-1.000000	-1.000000	-1.000000	-1.000000	-1.000000	73.172414	0.000000	-1.000000	-1.000000	1909638.000000	1773868063.111125
-6550.065000	1343.475000	12497.850000	14899.320000	-16557.345000	-19363.275000	8666.055000	15580.530000	-11.447339	-14.773589	-15.126091	-15.421796	-11.668582	-1.540081	3.397022	19.066224	-2.838360	5.615680	-8.682940	0.792478	0.385131	0.410033	-1.000000	-1.000000	-1.000000	-1.000000	-1.000000	-1.000000	-1.000000	73.172414	0.000000	-1.000000	-1.000000	1909639.000000	1773868063.115043
-6527.700000	1362.780000	12517.650000	14918.805000	-16544.925000	-19355.760000	8679.690000	15595.920000	-11.665552	-20.963335	-21.731315	-21.383759	-15.116633	-7.719176	-2.334328	15.303083	-2.838360	5.615680	-8.682940	0.792478	0.385131	0.410033	-1.000000	-1.000000	-1.000000	-1.000000	-1.000000	-1.000000	-1.000000	73.172414	0.000000	-1.000000	-1.000000	1909640.000000	1773868063.115054
-6551.865000	1364.040000	12521.250000	14921.145000	-16544.430000	-19355.760000	8665.380000	15593.580000	-5.294440	-14.821498	-15.275123	-14.725545	-9.007878	-4.999780	-3.074801	2.958709	-2.151660	5.585160	-9.568020	0.790830	0.383300	0.412047	-1.000000	-1.000000	-1.000000	-1.000000	-1.000000	-1.000000	-1.000000	73.172414	0.000000	-1.000000	-1.000000	1909641.000000	1773868063.119092
-6570.450000	1336.500000	12495.915000	14895.495000	-16576.155000	-19409.805000	8616.915000	15593.085000	2.791042	-1.091307	-1.282649	-1.485369	0.234200	-0.082780	-1.887737	-9.228106	-2.151660	5.585160	-9.568020	0.790830	0.383300	0.412047	-1.000000	-1.000000	-1.000000	-1.000000	-1.000000	-1.000000	-1.000000	73.172414	0.000000	-1.000000	-1.000000	1909642.000000	1773868063.119102
-6549.930000	1309.500000	12455.910000	14850.810000	-16616.565000	-19442.745000	8608.590000	15628.230000	7.117516	9.826974	9.459095	8.162364	5.041424	-0.751790	-3.305394	-13.108842	-2.151660	5.585160	-9.568020	0.790830	0.383300	0.412047	-1.000000	-1.000000	-1.000000	-1.000000	-1.000000	-1.000000	-1.000000	73.172414	0.000000	-1.000000	-1.000000	1909643.000000	1773868063.123189
-6513.210000	1315.395000	12465.585000	14862.780000	-16603.965000	-19423.305000	8644.365000	15695.280000	7.371324	10.988898	10.011037	8.108111	2.271759	-7.889635	-6.800135	-6.025752	-2.151660	5.585160	-9.568020	0.790830	0.383300	0.412047	-1.000000	-1.000000	-1.000000	-1.000000	-1.000000	-1.000000	-1.000000	73.172414	0.000000	-1.000000	-1.000000	1909644.000000	1773868063.123199
-6475.230000	1358.460000	12510.045000	14909.445000	-16555.050000	-19384.695000	8678.835000	15718.005000	7.779173	5.607540	4.037455	2.333105	-3.129942	-13.459586	-6.738088	6.248633	-2.151660	5.585160	-9.568020	0.790830	0.383300	0.412047	-1.000000	-1.000000	-1.000000	-1.000000	-1.000000	-1.000000	-1.000000	73.172414	0.000000	-1.000000	-1.000000	1909645.000000	1773868063.127163
-6524.820000	1324.665000	12470.535000	14862.105000	-16603.335000	-19417.545000	8650.170000	15653.655000	10.164706	2.633495	1.284649	0.466480	-2.373483	-8.213158	-0.060612	12.004296	-2.151660	5.585160	-9.568020	0.790830	0.383300	0.412047	-1.000000	-1.000000	-1.000000	-1.000000	-1.000000	-1.000000	-1.000000	73.172414	0.000000	-1.000000	-1.000000	1909646.000000	1773868063.127173
-6577.785000	1286.730000	12425.535000	14817.285000	-16650.540000	-19474.425000	8619.705000	15613.020000	9.597200	4.750720	4.542868	4.848716	5.309788	5.598900	8.146193	4.082165	-2.151660	5.585160	-9.568020	0.790830	0.383300	0.412047	-1.000000	-1.000000	-1.000000	-1.000000	-1.000000	-1.000000	-1.000000	73.172414	0.000000	-1.000000	-1.000000	1909647.000000	1773868063.131040
-6545.520000	1320.570000	12461.310000	14851.575000	-16612.425000	-19453.680000	8615.385000	15620.220000	1.090812	6.580490	7.519481	8.593267	11.489404	15.544213	9.875050	-12.030286	-2.151660	5.585160	-9.568020	0.790830	0.383300	0.412047	-1.000000	-1.000000	-1.000000	-1.000000	-1.000000	-1.000000	-1.000000	73.172414	0.000000	-1.000000	-1.000000	1909648.000000	1773868063.131051
-6549.750000	1324.935000	12476.745000	14866.605000	-16575.660000	-19413.900000	8629.380000	15600.645000	-11.566578	4.315347	5.730109	6.886389	10.937229	14.931349	3.614759	-23.932855	-2.151660	5.585160	-9.568020	0.790830	0.383300	0.412047	-1.000000	-1.000000	-1.000000	-1.000000	-1.000000	-1.000000	-1.000000	73.172414	0.000000	-1.000000	-1.000000	1909649.000000	1773868063.135140
-6560.910000	1302.795000	12458.520000	14856.255000	-16587.765000	-19424.655000	8631.360000	15552.450000	-19.263598	-0.479570	1.056334	1.889194	6.465169	8.461189	-4.200546	-24.494720	-2.151660	5.585160	-9.568020	0.790830	0.383300	0.412047	-1.000000	-1.000000	-1.000000	-1.000000	-1.000000	-1.000000	-1.000000	73.172414	0.000000	-1.000000	-1.000000	1909650.000000	1773868063.135150
-6543.045000	1321.020000	12473.505000	14866.245000	-16628.760000	-19435.905000	8645.175000	15556.005000	-16.837323	-4.462720	-2.751881	-2.012372	1.853613	3.081731	-6.105454	-15.120691	-0.778260	4.562740	-11.918060	0.791014	0.385558	0.412475	-1.000000	-1.000000	-1.000000	-1.000000	-1.000000	-1.000000	-1.000000	73.172414	0.000000	-1.000000	-1.000000	1909651.000000	1773868063.139024
-6533.415000	1333.935000	12477.735000	14875.110000	-16595.550000	-19401.840000	8655.120000	15664.320000	-6.374235	-4.898632	-3.213454	-2.161781	-1.816049	1.384122	-0.705727	0.138838	-0.778260	4.562740	-11.918060	0.791014	0.385558	0.412475	-1.000000	-1.000000	-1.000000	-1.000000	-1.000000	-1.000000	-1.000000	73.172414	0.000000	-1.000000	-1.000000	1909652.000000	1773868063.139035
-6529.545000	1333.755000	12473.325000	14867.685000	-16602.795000	-19418.130000	8652.960000	15675.705000	5.224208	-1.859149	-1.042738	0.219323	-4.353951	1.545198	6.204807	16.986642	-0.778260	4.562740	-11.918060	0.791014	0.385558	0.412475	-1.000000	-1.000000	-1.000000	-1.000000	-1.000000	-1.000000	-1.000000	73.172414	0.000000	-1.000000	-1.000000	1909653.000000	1773868063.143189
-6561.090000	1326.555000	12474.180000	14873.625000	-16587.990000	-19413.360000	8650.395000	15629.760000	11.301595	1.290686	0.439775	1.338950	-5.666380	0.178072	7.729720	27.872685	-0.778260	4.562740	-11.918060	0.791014	0.385558	0.412475	-1.000000	-1.000000	-1.000000	-1.000000	-1.000000	-1.000000	-1.000000	73.172414	0.000000	-1.000000	-1.000000	1909654.000000	1773868063.143199
-6609.195000	1319.085000	12466.530000	14860.260000	-16608.330000	-19430.955000	8653.185000	15618.510000	9.915316	2.238683	0.261864	0.413594	-4.758215	-3.092630	3.111534	26.494026	-0.778260	4.562740	-11.918060	0.791014	0.385558	0.412475	-1.000000	-1.000000	-1.000000	-1.000000	-1.000000	-1.000000	-1.000000	73.172414	0.000000	-1.000000	-1.000000	1909655.000000	1773868063.149967
-6611.130000	1328.130000	12480.480000	14872.095000	-16611.570000	-19410.345000	8653.680000	15608.700000	4.003752	1.780892	0.367777	-0.252509	-1.177619	-5.375390	-2.729103	15.271202	-0.778260	4.562740	-11.918060	0.791014	0.385558	0.412475	-1.000000	-1.000000	-1.000000	-1.000000	-1.000000	-1.000000	-1.000000	73.172414	0.000000	-1.000000	-1.000000	1909656.000000	1773868063.149976
-6574.095000	1335.330000	12486.645000	14876.955000	-16605.900000	-19394.865000	8654.220000	15603.660000	-1.652602	0.600385	0.830741	-0.536915	1.786929	-5.142528	-5.757742	1.541947	-0.778260	4.562740	-11.918060	0.791014	0.385558	0.412475	-1.000000	-1.000000	-1.000000	-1.000000	-1.000000	-1.000000	-1.000000	73.172414	0.000000	-1.000000	-1.000000	1909657.000000	1773868063.151129
-6520.545000	1347.480000	12495.645000	14892.345000	-16572.780000	-19385.865000	8649.630000	15596.460000	-2.347660	-1.314224	-0.150298	-2.035604	0.852885	-3.892291	-5.888637	-8.944594	-0.778260	4.562740	-11.918060	0.791014	0.385558	0.412475	-1.000000	-1.000000	-1.000000	-1.000000	-1.000000	-1.000000	-1.000000	73.172414	0.000000	-1.000000	-1.000000	1909658.000000	1773868063.151139
-6553.710000	1361.160000	12510.315000	14910.660000	-16542.180000	-19389.330000	8657.820000	15570.495000	3.308236	-2.455801	-2.124436	-3.827100	-1.346410	-2.956361	-4.470071	-13.112455	-0.778260	4.562740	-11.918060	0.791014	0.385558	0.412475	-1.000000	-1.000000	-1.000000	-1.000000	-1.000000	-1.000000	-1.000000	73.172414	0.000000	-1.000000	-1.000000	1909659.000000	1773868063.155469
-6540.570000	1370.205000	12526.020000	14928.840000	-16535.880000	-19374.075000	8665.335000	15510.780000	9.738981	-1.444253	-2.701845	-3.317122	0.303501	-1.772168	-2.174189	-12.891615	-0.778260	4.562740	-11.918060	0.791014	0.385558	0.412475	-1.000000	-1.000000	-1.000000	-1.000000	-1.000000	-1.000000	-1.000000	73.172414	0.000000	-1.000000	-1.000000	1909660.000000	1773868063.155480
-6505.155000	1382.580000	12540.600000	14944.005000	-16522.425000	-19351.755000	8676.990000	15542.775000	10.130561	0.588094	-1.017197	-0.119711	5.245998	0.033803	0.334730	-14.303785	-6.165040	5.875100	-9.919000	0.789366	0.388976	0.414306	-1.000000	-1.000000	-1.000000	-1.000000	-1.000000	-1.000000	-1.000000	73.172414	0.000000	-1.000000	-1.000000	1909661.000000	1773868063.159160
-6487.020000	1366.200000	12511.935000	14910.075000	-16552.395000	-19385.370000	8672.580000	15672.645000	4.591322	1.368200	1.037161	2.849374	7.387919	1.352148	2.016291	-16.092973	-6.165040	5.875100	-9.919000	0.789366	0.388976	0.414306	-1.000000	-1.000000	-1.000000	-1.000000	-1.000000	-1.000000	-1.000000	73.172414	0.000000	-1.000000	-1.000000	1909662.000000	1773868063.159166
-6504.345000	1360.080000	12501.945000	14896.980000	-16569.765000	-19408.230000	8670.960000	15706.665000	-1.698638	-0.068319	0.786288	2.182495	2.673312	0.615717	2.333000	-7.334044	-6.165040	5.875100	-9.919000	0.789366	0.388976	0.414306	-1.000000	-1.000000	-1.000000	-1.000000	-1.000000	-1.000000	-1.000000	73.172414	0.000000	-1.000000	-1.000000	1909663.000000	1773868063.163143
-6518.745000	1359.720000	12495.375000	14892.885000	-16573.140000	-19403.145000	8657.865000	15631.200000	-4.858819	-2.447862	-1.947680	-1.919815	-6.194857	-1.973853	1.540292	13.772871	-6.165040	5.875100	-9.919000	0.789366	0.388976	0.414306	-1.000000	-1.000000	-1.000000	-1.000000	-1.000000	-1.000000	-1.000000	73.172414	0.000000	-1.000000	-1.000000	1909664.000000	1773868063.163153
-6545.700000	1301.445000	12419.055000	14819.355000	-16639.875000	-19478.430000	8614.755000	15633.450000	-5.901216	-4.786974	-6.082356	-7.147602	-13.776619	-5.221735	-0.454014	31.540349	-6.165040	5.875100	-9.919000	0.789366	0.388976	0.414306	-1.000000	-1.000000	-1.000000	-1.000000	-1.000000	-1.000000	-1.000000	73.172414	0.000000	-1.000000	-1.000000	1909665.000000	1773868063.167078
-6547.545000	1299.195000	12421.305000	14819.085000	-16642.125000	-19469.295000	8622.270000	15639.030000	-8.861826	-7.967031	-11.404810	-12.516774	-17.974744	-9.258855	-3.821386	31.421000	-6.165040	5.875100	-9.919000	0.789366	0.388976	0.414306	-1.000000	-1.000000	-1.000000	-1.000000	-1.000000	-1.000000	-1.000000	73.172414	0.000000	-1.000000	-1.000000	1909666.000000	1773868063.167086
-6529.860000	1314.135000	12446.730000	14843.385000	-16611.660000	-19421.010000	8627.130000	15646.995000	-14.073183	-10.622507	-14.683941	-15.258372	-17.772884	-11.448354	-6.416478	15.026404	-6.165040	5.875100	-9.919000	0.789366	0.388976	0.414306	-1.000000	-1.000000	-1.000000	-1.000000	-1.000000	-1.000000	-1.000000	73.172414	0.000000	-1.000000	-1.000000	1909667.000000	1773868063.171197
-6525.180000	1325.160000	12467.430000	14858.190000	-16603.785000	-19408.860000	8632.080000	15643.575000	-15.992793	-8.574106	-10.206555	-10.591335	-10.554842	-5.870949	-5.143490	-5.388516	-6.165040	5.875100	-9.919000	0.789366	0.388976	0.414306	-1.000000	-1.000000	-1.000000	-1.000000	-1.000000	-1.000000	-1.000000	73.172414	0.000000	-1.000000	-1.000000	1909668.000000	1773868063.171206
-6524.460000	1344.555000	12500.640000	14899.455000	-16559.460000	-19396.215000	8632.845000	15626.205000	-10.453699	-0.488613	2.761762	2.052977	3.626712	7.300027	-0.133798	-19.410923	-6.165040	5.875100	-9.919000	0.789366	0.388976	0.414306	-1.000000	-1.000000	-1.000000	-1.000000	-1.000000	-1.000000	-1.000000	73.172414	0.000000	-1.000000	-1.000000	1909669.000000	1773868063.175097
-6514.920000	1367.820000	12526.470000	14913.090000	-16574.670000	-19389.465000	8645.805000	15613.155000	-0.245534	10.385160	18.438755	17.498403	19.367753	19.833437	5.486873	-25.548229	-6.165040	5.875100	-9.919000	0.789366	0.388976	0.414306	-1.000000	-1.000000	-1.000000	-1.000000	-1.000000	-1.000000	-1.000000	73.172414	0.000000	-1.000000	-1.000000	1909670.000000	1773868063.175106
-6520.905000	1355.085000	12515.895000	14892.435000	-16608.915000	-19402.065000	8658.045000	15613.290000	8.958924	19.052296	29.150901	28.337757	28.569130	24.305917	9.171688	-27.829514	-0.152600	7.263760	-8.545600	0.787779	0.391112	0.417296	-1.000000	-1.000000	-1.000000	-1.000000	-1.000000	-1.000000	-1.000000	73.172414	0.000000	-1.000000	-1.000000	1909671.000000	1773868063.179026
-6558.795000	1289.880000	12453.210000	14846.265000	-16600.365000	-19423.215000	8661.735000	15617.970000	13.918812	20.314424	28.465747	28.128078	26.104903	18.985640	10.284038	-26.383308	-0.152600	7.263760	-8.545600	0.787779	0.391112	0.417296	-1.000000	-1.000000	-1.000000	-1.000000	-1.000000	-1.000000	-1.000000	73.172414	0.000000	-1.000000	-1.000000	1909672.000000	1773868063.179035
-6581.835000	1284.795000	12444.210000	14849.505000	-16579.170000	-19452.240000	8660.610000	15627.195000	13.702620	11.426720	14.455919	15.475354	14.574365	6.335200	9.093593	-15.949930	-0.152600	7.263760	-8.545600	0.787779	0.391112	0.417296	-1.000000	-1.000000	-1.000000	-1.000000	-1.000000	-1.000000	-1.000000	73.172414	0.000000	-1.000000	-1.000000	1909673.000000	1773868063.183555
-6554.340000	1325.655000	12474.045000	14871.105000	-16590.510000	-19415.430000	8653.995000	15619.860000	9.245009	-2.488823	-5.627247	-2.442608	1.735370	-7.635003	6.097948	4.203055	-0.152600	7.263760	-8.545600	0.787779	0.391112	0.417296	-1.000000	-1.000000	-1.000000	-1.000000	-1.000000	-1.000000	-1.000000	73.172414	0.000000	-1.000000	-1.000000	1909674.000000	1773868063.183564
-6534.540000	1354.950000	12505.320000	14906.610000	-16579.440000	-19380.825000	8645.085000	15618.510000	3.835296	-11.018295	-19.290410	-14.749474	-7.300247	-15.446095	1.456859	24.921567	-0.152600	7.263760	-8.545600	0.787779	0.391112	0.417296	-1.000000	-1.000000	-1.000000	-1.000000	-1.000000	-1.000000	-1.000000	73.172414	0.000000	-1.000000	-1.000000	1909675.000000	1773868063.187043
-6537.690000	1361.655000	12505.410000	14901.210000	-16579.845000	-19388.565000	8659.980000	15628.725000	0.359070	-9.547525	-20.578402	-16.891767	-12.677991	-14.591765	-4.488469	35.282618	-0.152600	7.263760	-8.545600	0.787779	0.391112	0.417296	-1.000000	-1.000000	-1.000000	-1.000000	-1.000000	-1.000000	-1.000000	73.172414	0.000000	-1.000000	-1.000000	1909676.000000	1773868063.187053
-6556.905000	1338.885000	12478.095000	14865.030000	-16615.800000	-19415.070000	8658.225000	15614.955000	-1.525334	-3.204679	-14.167002	-13.412809	-16.423185	-9.757509	-9.806040	31.503968	-0.152600	7.263760	-8.545600	0.787779	0.391112	0.417296	-1.000000	-1.000000	-1.000000	-1.000000	-1.000000	-1.000000	-1.000000	73.172414	0.000000	-1.000000	-1.000000	1909677.000000	1773868063.190996
-6550.380000	1332.360000	12476.745000	14876.685000	-16580.925000	-19408.095000	8650.350000	15608.880000	-3.779275	-0.104556	-8.410697	-11.253122	-19.052209	-6.710864	-12.291736	16.884771	-0.152600	7.263760	-8.545600	0.787779	0.391112	0.417296	-1.000000	-1.000000	-1.000000	-1.000000	-1.000000	-1.000000	-1.000000	73.172414	0.000000	-1.000000	-1.000000	1909678.000000	1773868063.191006
-6545.025000	1330.920000	12477.960000	14877.225000	-16583.580000	-19408.365000	8651.520000	15620.085000	-6.501219	-3.196450	-6.676129	-11.465938	-17.453733	-6.021619	-11.480959	-1.949641	-0.152600	7.263760	-8.545600	0.787779	0.391112	0.417296	-1.000000	-1.000000	-1.000000	-1.000000	-1.000000	-1.000000	-1.000000	73.172414	0.000000	-1.000000	-1.000000	1909679.000000	1773868063.195004
-6558.345000	1322.370000	12466.935000	14863.815000	-16602.885000	-19418.940000	8653.455000	15626.340000	-7.326944	-8.081270	-5.543085	-9.264848	-8.525195	-4.183413	-8.025349	-17.396950	-0.152600	7.263760	-8.545600	0.787779	0.391112	0.417296	-1.000000	-1.000000	-1.000000	-1.000000	-1.000000	-1.000000	-1.000000	73.172414	0.000000	-1.000000	-1.000000	1909680.000000	1773868063.195011
-6547.680000	1327.635000	12470.580000	14868.720000	-16588.665000	-19403.370000	8656.470000	15619.230000	-3.955318	-8.012278	-0.294303	-1.345502	4.676435	1.193682	-2.671332	-23.438760	-0.503580	7.019600	-8.103060	0.786924	0.392760	0.419494	-1.000000	-1.000000	-1.000000	-1.000000	-1.000000	-1.000000	-1.000000	73.172414	0.000000	-1.000000	-1.000000	1909681.000000	1773868063.199217
-6515.865000	1355.085000	12505.500000	14902.920000	-16561.530000	-19394.055000	8670.645000	15619.545000	3.410784	-0.714215	9.590005	10.305518	15.681251	9.187175	3.797609	-18.948396	-0.503580	7.019600	-8.103060	0.786924	0.392760	0.419494	-1.000000	-1.000000	-1.000000	-1.000000	-1.000000	-1.000000	-1.000000	73.172414	0.000000	-1.000000	-1.000000	1909682.000000	1773868063.199225
-6538.095000	1349.505000	12503.160000	14900.220000	-16557.435000	-19387.665000	8652.105000	15600.375000	10.535633	9.035406	19.110727	19.879430	20.621700	15.468578	9.792149	-8.307455	-0.503580	7.019600	-8.103060	0.786924	0.392760	0.419494	-1.000000	-1.000000	-1.000000	-1.000000	-1.000000	-1.000000	-1.000000	73.172414	0.000000	-1.000000	-1.000000	1909683.000000	1773868063.205499
-6582.375000	1322.955000	12475.485000	14872.050000	-16580.520000	-19414.440000	8635.725000	15589.890000	10.554065	12.995862	20.520232	20.552095	17.876512	14.223985	12.192984	1.818732	-0.503580	7.019600	-8.103060	0.786924	0.392760	0.419494	-1.000000	-1.000000	-1.000000	-1.000000	-1.000000	-1.000000	-1.000000	73.172414	0.000000	-1.000000	-1.000000	1909684.000000	1773868063.205509
-6599.565000	1328.805000	12491.910000	14894.010000	-16568.505000	-19400.490000	8645.985000	15558.030000	0.799249	7.282679	10.627348	10.375159	7.910079	4.375875	8.776151	6.535858	-0.503580	7.019600	-8.103060	0.786924	0.392760	0.419494	-1.000000	-1.000000	-1.000000	-1.000000	-1.000000	-1.000000	-1.000000	73.172414	0.000000	-1.000000	-1.000000	1909685.000000	1773868063.206972
-6587.280000	1355.220000	12516.795000	14916.600000	-16566.705000	-19382.670000	8653.905000	15531.660000	-12.394951	-2.985378	-4.146010	-3.668460	-4.527689	-7.289687	1.654396	4.929702	-0.503580	7.019600	-8.103060	0.786924	0.392760	0.419494	-1.000000	-1.000000	-1.000000	-1.000000	-1.000000	-1.000000	-1.000000	73.172414	0.000000	-1.000000	-1.000000	1909686.000000	1773868063.206982
-6564.690000	1372.140000	12515.805000	14909.850000	-16564.545000	-19396.800000	8662.185000	15561.360000	-18.868191	-8.884178	-13.888578	-12.436100	-13.396970	-12.881553	-4.222756	0.231439	-0.503580	7.019600	-8.103060	0.786924	0.392760	0.419494	-1.000000	-1.000000	-1.000000	-1.000000	-1.000000	-1.000000	-1.000000	73.172414	0.000000	-1.000000	-1.000000	1909687.000000	1773868063.211029
-6545.340000	1325.520000	12466.080000	14852.970000	-16626.645000	-19443.915000	8665.245000	15655.095000	-13.343378	-7.091528	-15.071287	-13.661948	-16.218300	-11.285189	-5.758692	-1.319442	-0.503580	7.019600	-8.103060	0.786924	0.392760	0.419494	-1.000000	-1.000000	-1.000000	-1.000000	-1.000000	-1.000000	-1.000000	73.172414	0.000000	-1.000000	-1.000000	1909688.000000	1773868063.211038
-6542.955000	1322.370000	12469.860000	14863.275000	-16600.095000	-19404.000000	8662.590000	15648.255000	1.387842	-1.623151	-10.855824	-10.646727	-13.863448	-6.172836	-3.636422	4.705841	-0.503580	7.019600	-8.103060	0.786924	0.392760	0.419494	-1.000000	-1.000000	-1.000000	-1.000000	-1.000000	-1.000000	-1.000000	73.172414	0.000000	-1.000000	-1.000000	1909689.000000	1773868063.215041
-6529.005000	1347.570000	12499.335000	14895.810000	-16565.445000	-19401.030000	8645.310000	15623.820000	16.680971	2.762003	-4.565763	-5.661857	-7.406403	0.140087	-0.835514	14.247057	-0.503580	7.019600	-8.103060	0.786924	0.392760	0.419494	-1.000000	-1.000000	-1.000000	-1.000000	-1.000000	-1.000000	-1.000000	73.172414	0.000000	-1.000000	-1.000000	1909690.000000	1773868063.215051
-6529.860000	1347.525000	12497.220000	14888.970000	-16565.265000	-19401.795000	8654.310000	15628.680000	23.356071	4.459528	2.011473	0.523052	1.860094	6.112273	0.210274	17.809996	1.037680	9.690100	-5.936140	0.789060	0.393371	0.423949	-1.000000	-1.000000	-1.000000	-1.000000	-1.000000	-1.000000	-1.000000	73.172414	0.000000	-1.000000	-1.000000	1909691.000000	1773868063.220514
-6541.065000	1351.215000	12511.485000	14905.620000	-16561.080000	-19382.040000	8677.035000	15652.215000	17.925467	3.616996	6.743181	5.877178	10.369260	9.113442	0.218110	11.636006	1.037680	9.690100	-5.936140	0.789060	0.393371	0.423949	-1.000000	-1.000000	-1.000000	-1.000000	-1.000000	-1.000000	-1.000000	73.172414	0.000000	-1.000000	-1.000000	1909692.000000	1773868063.220530
-6558.705000	1334.205000	12493.305000	14886.450000	-16590.690000	-19405.800000	8666.325000	15666.840000	4.637805	1.255210	8.169298	8.369877	13.878231	8.001062	1.398019	0.704645	1.037680	9.690100	-5.936140	0.789060	0.393371	0.423949	-1.000000	-1.000000	-1.000000	-1.000000	-1.000000	-1.000000	-1.000000	73.172414	0.000000	-1.000000	-1.000000	1909693.000000	1773868063.223082
-6608.970000	1292.805000	12459.240000	14862.330000	-16588.080000	-19428.210000	8640.945000	15627.195000	-9.416431	-2.004171	5.583086	6.778780	10.585701	3.298283	2.780950	-8.407278	1.037680	9.690100	-5.936140	0.789060	0.393371	0.423949	-1.000000	-1.000000	-1.000000	-1.000000	-1.000000	-1.000000	-1.000000	73.172414	0.000000	-1.000000	-1.000000	1909694.000000	1773868063.223092
-6567.570000	1345.680000	12509.550000	14905.530000	-16576.200000	-19404.045000	8651.880000	15552.450000	-19.170545	-5.840051	-0.461764	1.368411	2.605073	-3.476895	1.409947	-14.354541	1.037680	9.690100	-5.936140	0.789060	0.393371	0.423949	-1.000000	-1.000000	-1.000000	-1.000000	-1.000000	-1.000000	-1.000000	73.172414	0.000000	-1.000000	-1.000000	1909695.000000	1773868063.227041
-6498.315000	1430.955000	12576.960000	14964.075000	-16524.270000	-19349.280000	8669.205000	15463.935000	-20.399778	-6.176735	-4.473541	-2.743410	-3.979320	-7.312807	-2.219745	-21.369538	1.037680	9.690100	-5.936140	0.789060	0.393371	0.423949	-1.000000	-1.000000	-1.000000	-1.000000	-1.000000	-1.000000	-1.000000	73.172414	0.000000	-1.000000	-1.000000	1909696.000000	1773868063.227051
-6431.580000	1443.510000	12581.100000	14971.950000	-16507.800000	-19342.575000	8687.655000	15527.565000	-9.970279	2.350392	0.176749	0.893366	-2.886412	-2.873799	-4.270028	-30.690164	1.037680	9.690100	-5.936140	0.789060	0.393371	0.423949	-1.000000	-1.000000	-1.000000	-1.000000	-1.000000	-1.000000	-1.000000	73.172414	0.000000	-1.000000	-1.000000	1909697.000000	1773868063.231074
-6489.450000	1325.160000	12448.305000	14829.030000	-16654.590000	-19462.680000	8652.105000	15735.870000	7.726318	14.745847	9.175692	8.280694	2.713998	5.400854	-2.736187	-30.224798	1.037680	9.690100	-5.936140	0.789060	0.393371	0.423949	-1.000000	-1.000000	-1.000000	-1.000000	-1.000000	-1.000000	-1.000000	73.172414	0.000000	-1.000000	-1.000000	1909698.000000	1773868063.231084
-6512.265000	1316.160000	12428.370000	14799.420000	-16682.805000	-19498.995000	8645.310000	15725.925000	19.530725	16.278605	8.499284	5.798775	0.227170	5.098735	0.172784	-5.770572	1.037680	9.690100	-5.936140	0.789060	0.393371	0.423949	-1.000000	-1.000000	-1.000000	-1.000000	-1.000000	-1.000000	-1.000000	73.172414	0.000000	-1.000000	-1.000000	1909699.000000	1773868063.236892
-6533.100000	1319.580000	12466.035000	14861.475000	-16604.055000	-19429.020000	8654.310000	15674.040000	15.601399	1.535735	-5.877387	-9.591955	-12.858111	-6.397319	1.462997	32.943808	1.037680	9.690100	-5.936140	0.789060	0.393371	0.423949	-1.000000	-1.000000	-1.000000	-1.000000	-1.000000	-1.000000	-1.000000	73.172414	0.000000	-1.000000	-1.000000	1909700.000000	1773868063.236899
-6557.310000	1293.525000	12445.470000	14845.410000	-16619.220000	-19431.315000	8631.810000	15646.005000	-0.338421	-18.094701	-21.166331	-23.497218	-22.178084	-16.680564	0.531534	56.259264	2.319520	12.482680	-6.317640	0.792051	0.398131	0.427367	-1.000000	-1.000000	-1.000000	-1.000000	-1.000000	-1.000000	-1.000000	73.172414	0.000000	-1.000000	-1.000000	1909701.000000	1773868063.240784
-6572.070000	1281.465000	12432.330000	14834.340000	-16620.435000	-19432.845000	8628.030000	15630.570000	-15.893786	-28.030410	-24.080462	-22.731013	-16.180334	-14.468285	-1.468401	46.403326	2.319520	12.482680	-6.317640	0.792051	0.398131	0.427367	-1.000000	-1.000000	-1.000000	-1.000000	-1.000000	-1.000000	-1.000000	73.172414	0.000000	-1.000000	-1.000000	1909702.000000	1773868063.240794
-6568.020000	1294.110000	12441.960000	14832.090000	-16630.335000	-19436.895000	8638.875000	15626.700000	-20.815771	-22.297358	-12.872105	-8.268403	1.173329	-1.128718	-2.420782	12.735603	2.319520	12.482680	-6.317640	0.792051	0.398131	0.427367	-1.000000	-1.000000	-1.000000	-1.000000	-1.000000	-1.000000	-1.000000	73.172414	0.000000	-1.000000	-1.000000	1909703.000000	1773868063.245475
-6573.375000	1298.970000	12451.950000	14846.715000	-16604.505000	-19414.350000	8653.320000	15621.210000	-14.121193	-5.779819	4.485086	9.427950	17.744467	13.473399	-0.674518	-20.552829	2.319520	12.482680	-6.317640	0.792051	0.398131	0.427367	-1.000000	-1.000000	-1.000000	-1.000000	-1.000000	-1.000000	-1.000000	73.172414	0.000000	-1.000000	-1.000000	1909704.000000	1773868063.245486
-6529.725000	1378.485000	12539.385000	14940.585000	-16527.555000	-19357.290000	8683.695000	15600.285000	-3.009820	11.289117	18.526219	21.290461	25.362390	20.929174	3.091206	-35.638603	2.319520	12.482680	-6.317640	0.792051	0.398131	0.427367	-1.000000	-1.000000	-1.000000	-1.000000	-1.000000	-1.000000	-1.000000	73.172414	0.000000	-1.000000	-1.000000	1909705.000000	1773868063.248609
-6494.400000	1448.010000	12606.210000	15000.570000	-16481.880000	-19323.135000	8695.260000	15561.270000	6.303063	24.052506	27.104342	27.170204	25.221726	20.672307	6.940377	-33.518860	2.319520	12.482680	-6.317640	0.792051	0.398131	0.427367	-1.000000	-1.000000	-1.000000	-1.000000	-1.000000	-1.000000	-1.000000	73.172414	0.000000	-1.000000	-1.000000	1909706.000000	1773868063.248621
-6515.325000	1411.560000	12552.930000	14931.495000	-16556.670000	-19387.620000	8650.215000	15545.520000	13.160844	33.122131	32.396150	30.274647	21.859747	16.736601	8.838789	-27.436136	2.319520	12.482680	-6.317640	0.792051	0.398131	0.427367	-1.000000	-1.000000	-1.000000	-1.000000	-1.000000	-1.000000	-1.000000	73.172414	0.000000	-1.000000	-1.000000	1909707.000000	1773868063.251087
-6567.570000	1294.110000	12429.270000	14810.895000	-16661.655000	-19463.490000	8618.445000	15633.045000	16.881991	33.175958	28.936671	25.199502	12.705296	8.686952	6.075228	-22.470872	2.319520	12.482680	-6.317640	0.792051	0.398131	0.427367	-1.000000	-1.000000	-1.000000	-1.000000	-1.000000	-1.000000	-1.000000	73.172414	0.000000	-1.000000	-1.000000	1909708.000000	1773868063.251100
-6555.915000	1281.780000	12428.910000	14828.940000	-16625.340000	-19446.930000	8636.715000	15675.885000	14.770708	15.653745	7.924340	3.484598	-7.677626	-7.254889	-1.924248	-9.376676	2.319520	12.482680	-6.317640	0.792051	0.398131	0.427367	-1.000000	-1.000000	-1.000000	-1.000000	-1.000000	-1.000000	-1.000000	73.172414	0.000000	-1.000000	-1.000000	1909709.000000	1773868063.255054
-6543.810000	1309.905000	12454.740000	14853.735000	-16602.795000	-19422.405000	8643.645000	15633.810000	7.974546	-13.939574	-23.928380	-27.475821	-31.773485	-26.107033	-10.031983	15.770941	2.319520	12.482680	-6.317640	0.792051	0.398131	0.427367	-1.000000	-1.000000	-1.000000	-1.000000	-1.000000	-1.000000	-1.000000	73.172414	0.000000	-1.000000	-1.000000	1909710.000000	1773868063.255064
-6543.315000	1324.890000	12469.770000	14863.050000	-16606.350000	-19420.335000	8643.015000	15619.410000	1.523742	-36.263311	-45.412331	-46.600607	-42.418793	-34.555225	-11.880477	39.754358	-3.097780	11.261880	-5.844580	0.794615	0.403319	0.427184	-1.000000	-1.000000	-1.000000	-1.000000	-1.000000	-1.000000	-1.000000	73.172414	0.000000	-1.000000	-1.000000	1909711.000000	1773868063.259772
-6552.765000	1327.320000	12477.420000	14869.440000	-16592.940000	-19411.830000	8648.685000	15615.315000	-2.283405	-38.082653	-42.850670	-41.421917	-32.082428	-25.875004	-6.862864	46.738372	-3.097780	11.261880	-5.844580	0.794615	0.403319	0.427184	-1.000000	-1.000000	-1.000000	-1.000000	-1.000000	-1.000000	-1.000000	73.172414	0.000000	-1.000000	-1.000000	1909712.000000	1773868063.259784
-6569.640000	1307.385000	12464.370000	14856.210000	-16595.955000	-19405.755000	8656.020000	15615.945000	-5.775867	-23.304464	-21.646457	-18.544517	-8.950208	-6.460247	0.309060	33.666141	-3.097780	11.261880	-5.844580	0.794615	0.403319	0.427184	-1.000000	-1.000000	-1.000000	-1.000000	-1.000000	-1.000000	-1.000000	73.172414	0.000000	-1.000000	-1.000000	1909713.000000	1773868063.263086
-6566.445000	1294.920000	12445.605000	14827.185000	-16639.065000	-19409.940000	8653.635000	15628.905000	-11.610406	-5.978624	1.418622	4.542805	11.199374	11.064732	4.557438	9.425450	-3.097780	11.261880	-5.844580	0.794615	0.403319	0.427184	-1.000000	-1.000000	-1.000000	-1.000000	-1.000000	-1.000000	-1.000000	73.172414	0.000000	-1.000000	-1.000000	1909714.000000	1773868063.263097
-6556.590000	1317.195000	12470.310000	14858.685000	-16608.690000	-19435.230000	8644.770000	15623.730000	-17.735117	4.087000	14.047521	15.772628	18.360343	18.349167	4.314431	-14.174043	-3.097780	11.261880	-5.844580	0.794615	0.403319	0.427184	-1.000000	-1.000000	-1.000000	-1.000000	-1.000000	-1.000000	-1.000000	73.172414	0.000000	-1.000000	-1.000000	1909715.000000	1773868063.272369
-6550.965000	1326.870000	12481.695000	14879.430000	-16587.405000	-19460.790000	8643.195000	15616.845000	-17.525202	9.200742	18.143616	18.711819	17.439014	16.657612	2.375823	-29.444929	-3.097780	11.261880	-5.844580	0.794615	0.403319	0.427184	-1.000000	-1.000000	-1.000000	-1.000000	-1.000000	-1.000000	-1.000000	73.172414	0.000000	-1.000000	-1.000000	1909716.000000	1773868063.272381
-6543.360000	1331.190000	12477.150000	14867.910000	-16609.365000	-19458.315000	8648.100000	15618.465000	-6.787919	16.605199	21.975461	22.657410	18.226923	12.074427	2.246135	-34.424425	-3.097780	11.261880	-5.844580	0.794615	0.403319	0.427184	-1.000000	-1.000000	-1.000000	-1.000000	-1.000000	-1.000000	-1.000000	73.172414	0.000000	-1.000000	-1.000000	1909717.000000	1773868063.272394
-6552.360000	1333.215000	12483.990000	14881.455000	-16552.710000	-19379.475000	8638.515000	15610.365000	9.979759	26.155887	26.287017	27.044961	20.656555	8.749904	3.736174	-30.195343	-3.097780	11.261880	-5.844580	0.794615	0.403319	0.427184	-1.000000	-1.000000	-1.000000	-1.000000	-1.000000	-1.000000	-1.000000	73.172414	0.000000	-1.000000	-1.000000	1909718.000000	1773868063.272399
-6556.365000	1332.585000	12487.680000	14885.730000	-16568.685000	-19379.520000	8642.835000	15614.010000	22.342799	29.474713	24.388015	24.050616	18.388110	7.781861	3.999144	-17.828932	-3.097780	11.261880	-5.844580	0.794615	0.403319	0.427184	-1.000000	-1.000000	-1.000000	-1.000000	-1.000000	-1.000000	-1.000000	73.172414	0.000000	-1.000000	-1.000000	1909719.000000	1773868063.275058
-6551.730000	1336.275000	12489.030000	14882.355000	-16610.940000	-19413.270000	8643.645000	15607.935000	23.051195	20.102933	12.302674	10.555150	7.886084	6.634670	1.711960	0.335782	-3.097780	11.261880	-5.844580	0.794615	0.403319	0.427184	-1.000000	-1.000000	-1.000000	-1.000000	-1.000000	-1.000000	-1.000000	73.172414	0.000000	-1.000000	-1.000000	1909720.000000	1773868063.275063
-6553.845000	1353.735000	12500.730000	14891.400000	-16584.795000	-19401.390000	8652.780000	15587.055000	13.121249	1.025101	-6.110330	-8.453399	-8.923151	1.051139	-1.926300	17.773445	-4.745860	8.408260	-5.234180	0.794615	0.404479	0.429870	-1.000000	-1.000000	-1.000000	-1.000000	-1.000000	-1.000000	-1.000000	73.172414	0.000000	-1.000000	-1.000000	1909721.000000	1773868063.279197
-6548.130000	1359.045000	12500.460000	14888.430000	-16583.760000	-19396.665000	8659.935000	15598.260000	-1.008144	-17.859447	-22.273498	-24.250061	-24.257913	-8.794855	-4.957806	26.650945	-4.745860	8.408260	-5.234180	0.794615	0.404479	0.429870	-1.000000	-1.000000	-1.000000	-1.000000	-1.000000	-1.000000	-1.000000	73.172414	0.000000	-1.000000	-1.000000	1909722.000000	1773868063.279215
-6545.970000	1344.870000	12489.885000	14880.510000	-16586.865000	-19408.095000	8661.735000	15619.815000	-12.666950	-28.096889	-29.351346	-30.286016	-29.471360	-17.473625	-5.836669	24.164965	-4.745860	8.408260	-5.234180	0.794615	0.404479	0.429870	-1.000000	-1.000000	-1.000000	-1.000000	-1.000000	-1.000000	-1.000000	73.172414	0.000000	-1.000000	-1.000000	1909723.000000	1773868063.283123
-6548.355000	1328.130000	12478.635000	14869.080000	-16602.750000	-19423.935000	8659.080000	15624.855000	-17.710440	-27.723462	-25.970059	-25.524908	-22.394571	-19.131254	-3.820432	14.010914	-4.745860	8.408260	-5.234180	0.794615	0.404479	0.429870	-1.000000	-1.000000	-1.000000	-1.000000	-1.000000	-1.000000	-1.000000	73.172414	0.000000	-1.000000	-1.000000	1909724.000000	1773868063.283133
-6550.920000	1343.430000	12493.530000	14881.770000	-16591.455000	-19406.745000	8653.185000	15598.980000	-15.161400	-18.961268	-14.595901	-13.120739	-7.711520	-11.527538	0.251708	1.710308	-4.745860	8.408260	-5.234180	0.794615	0.404479	0.429870	-1.000000	-1.000000	-1.000000	-1.000000	-1.000000	-1.000000	-1.000000	73.172414	0.000000	-1.000000	-1.000000	1909725.000000	1773868063.288385
-6529.545000	1369.710000	12518.955000	14912.055000	-16548.930000	-19375.470000	8648.775000	15592.905000	-6.913312	-4.723433	1.010238	2.494328	7.982137	1.797443	3.775062	-9.260554	-4.745860	8.408260	-5.234180	0.794615	0.404479	0.429870	-1.000000	-1.000000	-1.000000	-1.000000	-1.000000	-1.000000	-1.000000	73.172414	0.000000	-1.000000	-1.000000	1909726.000000	1773868063.288395
-6515.820000	1379.745000	12525.795000	14917.185000	-16536.510000	-19363.725000	8658.000000	15610.905000	3.510016	10.681145	15.590578	16.173557	19.017509	12.820991	4.606962	-15.810690	-4.745860	8.408260	-5.234180	0.794615	0.404479	0.429870	-1.000000	-1.000000	-1.000000	-1.000000	-1.000000	-1.000000	-1.000000	73.172414	0.000000	-1.000000	-1.000000	1909727.000000	1773868063.291105
-6559.470000	1349.640000	12496.950000	14878.260000	-16591.770000	-19386.540000	8675.325000	15605.100000	11.394785	20.618013	22.627059	22.025500	21.195876	15.094739	3.199956	-14.771335	-4.745860	8.408260	-5.234180	0.794615	0.404479	0.429870	-1.000000	-1.000000	-1.000000	-1.000000	-1.000000	-1.000000	-1.000000	73.172414	0.000000	-1.000000	-1.000000	1909728.000000	1773868063.291125
-6571.755000	1338.795000	12494.160000	14884.155000	-16590.780000	-19385.280000	8671.905000	15609.960000	11.854239	19.483020	18.137424	16.787616	13.668526	8.805847	1.260447	-6.716787	-4.745860	8.408260	-5.234180	0.794615	0.404479	0.429870	-1.000000	-1.000000	-1.000000	-1.000000	-1.000000	-1.000000	-1.000000	73.172414	0.000000	-1.000000	-1.000000	1909729.000000	1773868063.295153
-6543.450000	1320.885000	12473.955000	14871.060000	-16597.485000	-19433.655000	8652.240000	15648.750000	4.751076	7.662848	4.554048	3.713723	0.364790	-1.541212	-0.944299	4.103946	-4.745860	8.408260	-5.234180	0.794615	0.404479	0.429870	-1.000000	-1.000000	-1.000000	-1.000000	-1.000000	-1.000000	-1.000000	73.172414	0.000000	-1.000000	-1.000000	1909730.000000	1773868063.295164
-6525.495000	1332.630000	12481.335000	14869.710000	-16601.490000	-19426.185000	8660.835000	15628.680000	-3.641539	-7.574925	-10.250516	-9.305867	-11.849971	-11.398679	-3.969821	12.442887	-3.265640	5.463080	-3.052000	0.791136	0.402343	0.434264	-1.000000	-1.000000	-1.000000	-1.000000	-1.000000	-1.000000	-1.000000	73.172414	0.000000	-1.000000	-1.000000	1909731.000000	1773868063.299100
-6507.180000	1364.760000	12516.165000	14903.100000	-16571.070000	-19395.000000	8657.460000	15602.985000	-6.852326	-16.190958	-17.366281	-14.845182	-16.475974	-15.356613	-6.460058	12.871452	-3.265640	5.463080	-3.052000	0.791136	0.402343	0.434264	-1.000000	-1.000000	-1.000000	-1.000000	-1.000000	-1.000000	-1.000000	73.172414	0.000000	-1.000000	-1.000000	1909732.000000	1773868063.299109
-6507.450000	1359.225000	12512.070000	14903.685000	-16569.090000	-19388.115000	8650.620000	15604.425000	-3.571678	-12.363985	-12.337089	-9.882838	-10.751412	-8.800933	-6.043958	3.957311	-3.265640	5.463080	-3.052000	0.791136	0.402343	0.434264	-1.000000	-1.000000	-1.000000	-1.000000	-1.000000	-1.000000	-1.000000	73.172414	0.000000	-1.000000	-1.000000	1909733.000000	1773868063.303080
-6534.090000	1316.655000	12465.945000	14856.255000	-16616.790000	-19417.680000	8655.210000	15653.250000	2.157380	-0.413891	-0.044638	0.850253	0.633565	4.689156	-2.369115	-7.478894	-3.265640	5.463080	-3.052000	0.791136	0.402343	0.434264	-1.000000	-1.000000	-1.000000	-1.000000	-1.000000	-1.000000	-1.000000	73.172414	0.000000	-1.000000	-1.000000	1909734.000000	1773868063.303086
-6552.990000	1317.015000	12462.345000	14852.835000	-16623.360000	-19418.400000	8658.810000	15639.750000	4.164532	8.674206	8.607613	7.494966	7.447009	13.871016	2.729688	-12.072003	-3.265640	5.463080	-3.052000	0.791136	0.402343	0.434264	-1.000000	-1.000000	-1.000000	-1.000000	-1.000000	-1.000000	-1.000000	73.172414	0.000000	-1.000000	-1.000000	1909735.000000	1773868063.307139
-6540.030000	1322.550000	12465.135000	14855.535000	-16601.265000	-19421.865000	8643.735000	15634.755000	0.303851	8.851693	7.968855	5.426007	5.043470	11.720148	6.385874	-7.889449	-3.265640	5.463080	-3.052000	0.791136	0.402343	0.434264	-1.000000	-1.000000	-1.000000	-1.000000	-1.000000	-1.000000	-1.000000	73.172414	0.000000	-1.000000	-1.000000	1909736.000000	1773868063.307148
-6568.785000	1300.680000	12449.655000	14844.960000	-16607.070000	-19444.905000	8623.170000	15601.230000	-5.056663	3.332501	1.882547	-0.649621	-0.164307	1.986876	5.792718	-0.816224	-3.265640	5.463080	-3.052000	0.791136	0.402343	0.434264	-1.000000	-1.000000	-1.000000	-1.000000	-1.000000	-1.000000	-1.000000	73.172414	0.000000	-1.000000	-1.000000	1909737.000000	1773868063.311046
-6581.880000	1312.830000	12466.170000	14857.335000	-16615.305000	-19453.770000	8638.380000	15596.325000	-7.170811	-1.805683	-2.937145	-4.068079	-0.933821	-7.014050	1.087425	2.767585	-3.265640	5.463080	-3.052000	0.791136	0.402343	0.434264	-1.000000	-1.000000	-1.000000	-1.000000	-1.000000	-1.000000	-1.000000	73.172414	0.000000	-1.000000	-1.000000	1909738.000000	1773868063.311056
-6576.795000	1322.955000	12471.120000	14855.670000	-16625.565000	-19454.130000	8652.285000	15588.495000	-5.924394	-2.935660	-2.755064	-2.408954	2.181026	-9.639497	-3.366433	0.905756	-3.265640	5.463080	-3.052000	0.791136	0.402343	0.434264	-1.000000	-1.000000	-1.000000	-1.000000	-1.000000	-1.000000	-1.000000	73.172414	0.000000	-1.000000	-1.000000	1909739.000000	1773868063.315120
-6614.190000	1309.455000	12455.820000	14838.120000	-16638.345000	-19438.920000	8655.030000	15560.370000	-3.804982	-0.373838	1.356796	2.140390	4.630879	-5.056562	-3.433080	-3.731896	-3.265640	5.463080	-3.052000	0.791136	0.402343	0.434264	-1.000000	-1.000000	-1.000000	-1.000000	-1.000000	-1.000000	-1.000000	73.172414	0.000000	-1.000000	-1.000000	1909740.000000	1773868063.315131
-6591.825000	1330.155000	12487.545000	14880.375000	-16579.170000	-19390.905000	8645.490000	15564.735000	-2.335333	2.535084	5.097171	5.568407	4.272281	3.664010	0.408674	-6.521452	-3.311420	4.501700	-2.838360	0.793943	0.401366	0.434264	-1.000000	-1.000000	-1.000000	-1.000000	-1.000000	-1.000000	-1.000000	73.172414	0.000000	-1.000000	-1.000000	1909741.000000	1773868063.319046
-6538.050000	1352.385000	12517.425000	14917.005000	-16543.170000	-19364.220000	8637.660000	15530.670000	0.551622	4.063540	6.619757	7.056740	3.738411	12.546745	4.394396	-5.017869	-3.311420	4.501700	-2.838360	0.793943	0.401366	0.434264	-1.000000	-1.000000	-1.000000	-1.000000	-1.000000	-1.000000	-1.000000	73.172414	0.000000	-1.000000	-1.000000	1909742.000000	1773868063.319055
-6535.755000	1392.165000	12561.885000	14962.230000	-16499.790000	-19326.555000	8640.090000	15460.335000	8.004436	5.910896	8.162531	9.257847	6.654622	18.295692	5.306881	-2.024234	-3.311420	4.501700	-2.838360	0.793943	0.401366	0.434264	-1.000000	-1.000000	-1.000000	-1.000000	-1.000000	-1.000000	-1.000000	73.172414	0.000000	-1.000000	-1.000000	1909743.000000	1773868063.323017
-6526.395000	1388.205000	12538.035000	14928.390000	-16538.580000	-19362.330000	8653.455000	15573.015000	17.561473	8.584651	10.187665	11.869834	10.885526	17.492964	2.951240	-0.137208	-3.311420	4.501700	-2.838360	0.793943	0.401366	0.434264	-1.000000	-1.000000	-1.000000	-1.000000	-1.000000	-1.000000	-1.000000	73.172414	0.000000	-1.000000	-1.000000	1909744.000000	1773868063.323023
-6536.070000	1308.735000	12439.800000	14823.585000	-16645.725000	-19466.505000	8646.345000	15773.985000	21.956998	7.882229	7.459502	8.524532	8.073084	6.672413	-0.291480	7.314069	-3.311420	4.501700	-2.838360	0.793943	0.401366	0.434264	-1.000000	-1.000000	-1.000000	-1.000000	-1.000000	-1.000000	-1.000000	73.172414	0.000000	-1.000000	-1.000000	1909745.000000	1773868063.330013
-6535.215000	1303.830000	12440.655000	14826.060000	-16642.260000	-19460.520000	8648.325000	15706.170000	16.871675	-0.563916	-4.653825	-5.516902	-6.585529	-12.921637	-2.243721	25.986674	-3.311420	4.501700	-2.838360	0.793943	0.401366	0.434264	-1.000000	-1.000000	-1.000000	-1.000000	-1.000000	-1.000000	-1.000000	73.172414	0.000000	-1.000000	-1.000000	1909746.000000	1773868063.330023
-6554.655000	1304.325000	12451.905000	14841.045000	-16624.755000	-19443.105000	8658.945000	15663.285000	4.034019	-13.782346	-20.895782	-23.631746	-24.863006	-30.592670	-2.596794	42.383955	-3.311420	4.501700	-2.838360	0.793943	0.401366	0.434264	-1.000000	-1.000000	-1.000000	-1.000000	-1.000000	-1.000000	-1.000000	73.172414	0.000000	-1.000000	-1.000000	1909747.000000	1773868063.331126
-6564.150000	1301.310000	12457.080000	14847.705000	-16621.290000	-19438.380000	8661.870000	15656.085000	-11.357821	-22.935395	-29.252769	-32.075336	-31.873039	-33.595818	-2.204447	36.272042	-3.311420	4.501700	-2.838360	0.793943	0.401366	0.434264	-1.000000	-1.000000	-1.000000	-1.000000	-1.000000	-1.000000	-1.000000	73.172414	0.000000	-1.000000	-1.000000	1909748.000000	1773868063.331132
-6566.445000	1297.530000	12463.335000	14857.470000	-16609.635000	-19422.990000	8653.365000	15642.630000	-22.916479	-21.817615	-23.000757	-23.785753	-21.507793	-19.886396	-1.883463	6.526274	-3.311420	4.501700	-2.838360	0.793943	0.401366	0.434264	-1.000000	-1.000000	-1.000000	-1.000000	-1.000000	-1.000000	-1.000000	73.172414	0.000000	-1.000000	-1.000000	1909749.000000	1773868063.335175
-6559.245000	1301.490000	12459.015000	14848.605000	-16615.215000	-19412.865000	8651.655000	15629.535000	-25.905721	-11.270776	-6.194769	-4.466752	-1.419901	1.108814	-1.741631	-29.327619	-3.311420	4.501700	-2.838360	0.793943	0.401366	0.434264	-1.000000	-1.000000	-1.000000	-1.000000	-1.000000	-1.000000	-1.000000	73.172414	0.000000	-1.000000	-1.000000	1909750.000000	1773868063.335186
-6545.115000	1326.330000	12475.755000	14862.735000	-16601.130000	-19408.995000	8655.705000	15618.285000	-20.118687	3.048202	11.049960	13.615306	15.482946	17.560789	-1.266770	-51.766339	-3.464020	3.723440	-3.769220	0.798338	0.400634	0.431945	-1.000000	-1.000000	-1.000000	-1.000000	-1.000000	-1.000000	-1.000000	73.172414	0.000000	-1.000000	-1.000000	1909751.000000	1773868063.339119
-6538.320000	1338.120000	12482.955000	14873.445000	-16590.330000	-19422.405000	8644.860000	15622.560000	-8.613960	14.954778	20.703343	21.990712	21.792651	22.644259	-0.433684	-50.812288	-3.464020	3.723440	-3.769220	0.798338	0.400634	0.431945	-1.000000	-1.000000	-1.000000	-1.000000	-1.000000	-1.000000	-1.000000	73.172414	0.000000	-1.000000	-1.000000	1909752.000000	1773868063.339126
-6538.680000	1338.075000	12480.930000	14868.360000	-16601.895000	-19418.985000	8648.415000	15630.750000	4.435590	20.843919	21.549088	21.054761	19.244235	17.782197	-0.047421	-31.755021	-3.464020	3.723440	-3.769220	0.798338	0.400634	0.431945	-1.000000	-1.000000	-1.000000	-1.000000	-1.000000	-1.000000	-1.000000	73.172414	0.000000	-1.000000	-1.000000	1909753.000000	1773868063.343049
-6543.090000	1339.200000	12482.235000	14871.195000	-16594.020000	-19399.455000	8668.080000	15633.720000	14.584077	20.979664	17.893148	16.782567	14.478425	11.030343	0.068136	-9.938869	-3.464020	3.723440	-3.769220	0.798338	0.400634	0.431945	-1.000000	-1.000000	-1.000000	-1.000000	-1.000000	-1.000000	-1.000000	73.172414	0.000000	-1.000000	-1.000000	1909754.000000	1773868063.343058
-6529.860000	1367.325000	12510.540000	14895.180000	-16575.435000	-19409.445000	8685.180000	15638.130000	18.873683	17.321865	13.523323	13.028263	11.403153	8.121216	1.321253	5.654841	-3.464020	3.723440	-3.769220	0.798338	0.400634	0.431945	-1.000000	-1.000000	-1.000000	-1.000000	-1.000000	-1.000000	-1.000000	73.172414	0.000000	-1.000000	-1.000000	1909755.000000	1773868063.347075
-6546.780000	1352.340000	12496.455000	14883.705000	-16587.045000	-19426.635000	8662.860000	15620.130000	16.913187	10.483963	7.990190	8.322488	8.070356	6.248032	3.300658	17.112867	-3.464020	3.723440	-3.769220	0.798338	0.400634	0.431945	-1.000000	-1.000000	-1.000000	-1.000000	-1.000000	-1.000000	-1.000000	73.172414	0.000000	-1.000000	-1.000000	1909756.000000	1773868063.347081
-6596.415000	1302.300000	12457.350000	14849.955000	-16616.880000	-19440.225000	8642.160000	15598.080000	9.557489	-0.176661	-1.034205	-0.311075	0.762796	-0.016877	3.120373	26.083585	-3.464020	3.723440	-3.769220	0.798338	0.400634	0.431945	-1.000000	-1.000000	-1.000000	-1.000000	-1.000000	-1.000000	-1.000000	73.172414	0.000000	-1.000000	-1.000000	1909757.000000	1773868063.351204
-6575.715000	1318.050000	12470.895000	14862.465000	-16602.390000	-19410.930000	8637.660000	15600.510000	-1.331090	-13.487706	-13.171970	-12.471156	-10.690411	-10.485361	-0.496678	29.427185	-3.464020	3.723440	-3.769220	0.798338	0.400634	0.431945	-1.000000	-1.000000	-1.000000	-1.000000	-1.000000	-1.000000	-1.000000	73.172414	0.000000	-1.000000	-1.000000	1909758.000000	1773868063.351215
-6539.265000	1341.855000	12492.360000	14883.930000	-16585.290000	-19401.435000	8641.350000	15596.145000	-10.945041	-23.823191	-22.933020	-22.555128	-21.042576	-19.068727	-4.886182	25.216435	-3.464020	3.723440	-3.769220	0.798338	0.400634	0.431945	-1.000000	-1.000000	-1.000000	-1.000000	-1.000000	-1.000000	-1.000000	73.172414	0.000000	-1.000000	-1.000000	1909759.000000	1773868063.355103
-6542.820000	1349.010000	12506.715000	14896.845000	-16573.500000	-19393.245000	8649.135000	15590.385000	-13.815485	-25.010279	-23.872461	-24.019367	-23.703422	-19.867328	-6.289871	15.524826	-3.464020	3.723440	-3.769220	0.798338	0.400634	0.431945	-1.000000	-1.000000	-1.000000	-1.000000	-1.000000	-1.000000	-1.000000	73.172414	0.000000	-1.000000	-1.000000	1909760.000000	1773868063.355112
-6566.445000	1332.180000	12492.045000	14881.545000	-16587.135000	-19395.945000	8651.475000	15599.745000	-9.636592	-16.757393	-15.136256	-15.800228	-16.859573	-12.030149	-3.359451	3.605535	-3.021480	2.227960	-2.258480	0.794737	0.398436	0.430968	-1.000000	-1.000000	-1.000000	-1.000000	-1.000000	-1.000000	-1.000000	73.172414	0.000000	-1.000000	-1.000000	1909761.000000	1773868063.359085
-6562.845000	1335.330000	12488.085000	14880.240000	-16579.170000	-19393.200000	8654.940000	15609.690000	-2.934598	-3.816681	-1.479383	-2.331120	-3.800060	0.638951	2.006122	-8.448233	-3.021480	2.227960	-2.258480	0.794737	0.398436	0.430968	-1.000000	-1.000000	-1.000000	-1.000000	-1.000000	-1.000000	-1.000000	73.172414	0.000000	-1.000000	-1.000000	1909762.000000	1773868063.359094
-6545.205000	1359.000000	12499.605000	14884.200000	-16581.330000	-19401.615000	8659.575000	15615.900000	2.689742	8.746726	10.884203	10.295716	9.826659	11.979252	6.150340	-17.769633	-3.021480	2.227960	-2.258480	0.794737	0.398436	0.430968	-1.000000	-1.000000	-1.000000	-1.000000	-1.000000	-1.000000	-1.000000	73.172414	0.000000	-1.000000	-1.000000	1909763.000000	1773868063.363110
-6515.730000	1352.070000	12494.295000	14883.255000	-16582.500000	-19404.495000	8661.600000	15601.005000	6.786776	16.891541	16.924244	16.737616	17.786866	16.523678	6.491591	-20.175356	-3.021480	2.227960	-2.258480	0.794737	0.398436	0.430968	-1.000000	-1.000000	-1.000000	-1.000000	-1.000000	-1.000000	-1.000000	73.172414	0.000000	-1.000000	-1.000000	1909764.000000	1773868063.363117
-6515.955000	1372.230000	12521.745000	14910.660000	-16553.610000	-19378.035000	8687.880000	15597.675000	10.111530	18.547806	15.496108	15.567887	17.414761	13.536295	4.032696	-14.317865	-3.021480	2.227960	-2.258480	0.794737	0.398436	0.430968	-1.000000	-1.000000	-1.000000	-1.000000	-1.000000	-1.000000	-1.000000	73.172414	0.000000	-1.000000	-1.000000	1909765.000000	1773868063.367091
-6514.965000	1372.320000	12528.360000	14914.530000	-16558.380000	-19373.760000	8679.330000	15614.145000	12.284200	15.230150	10.296929	10.364446	11.648853	6.777241	2.130423	-3.185472	-3.021480	2.227960	-2.258480	0.794737	0.398436	0.430968	-1.000000	-1.000000	-1.000000	-1.000000	-1.000000	-1.000000	-1.000000	73.172414	0.000000	-1.000000	-1.000000	1909766.000000	1773868063.367098
-6546.690000	1308.915000	12458.430000	14846.940000	-16615.395000	-19422.045000	8640.855000	15611.400000	10.222146	8.301734	3.997700	3.778908	3.360293	-1.122213	1.417132	8.143281	-3.021480	2.227960	-2.258480	0.794737	0.398436	0.430968	-1.000000	-1.000000	-1.000000	-1.000000	-1.000000	-1.000000	-1.000000	73.172414	0.000000	-1.000000	-1.000000	1909767.000000	1773868063.371074
-6575.265000	1283.805000	12434.085000	14823.720000	-16637.265000	-19460.700000	8622.045000	15595.335000	0.487829	-3.601983	-5.261217	-5.676219	-7.608869	-10.505832	-1.156836	14.461341	-3.021480	2.227960	-2.258480	0.794737	0.398436	0.430968	-1.000000	-1.000000	-1.000000	-1.000000	-1.000000	-1.000000	-1.000000	73.172414	0.000000	-1.000000	-1.000000	1909768.000000	1773868063.371081
-6567.030000	1298.250000	12450.510000	14831.640000	-16646.220000	-19464.570000	8641.710000	15636.420000	-14.150746	-17.965568	-16.558853	-16.779791	-18.959154	-19.569915	-6.440469	13.363076	-3.021480	2.227960	-2.258480	0.794737	0.398436	0.430968	-1.000000	-1.000000	-1.000000	-1.000000	-1.000000	-1.000000	-1.000000	73.172414	0.000000	-1.000000	-1.000000	1909769.000000	1773868063.376944
-6568.380000	1311.435000	12464.190000	14850.675000	-16632.315000	-19438.650000	8647.650000	15627.420000	-23.956354	-25.419338	-21.894529	-21.757170	-23.557659	-21.952831	-10.344496	6.552386	-3.021480	2.227960	-2.258480	0.794737	0.398436	0.430968	-1.000000	-1.000000	-1.000000	-1.000000	-1.000000	-1.000000	-1.000000	73.172414	0.000000	-1.000000	-1.000000	1909770.000000	1773868063.376954
-6560.550000	1338.345000	12499.920000	14904.495000	-16549.740000	-19383.480000	8652.645000	15611.670000	-21.397752	-18.773390	-14.385299	-13.655992	-15.024286	-12.080694	-8.927731	-2.925548	-3.586100	1.770160	-0.305200	0.792173	0.399230	0.430419	-1.000000	-1.000000	-1.000000	-1.000000	-1.000000	-1.000000	-1.000000	73.172414	0.000000	-1.000000	-1.000000	1909771.000000	1773868063.379097
-6538.005000	1367.280000	12523.635000	14918.355000	-16548.930000	-19376.010000	8671.230000	15598.170000	-8.069163	-0.914082	3.422042	5.300555	5.251159	7.981259	-2.644203	-11.845660	-3.586100	1.770160	-0.305200	0.792173	0.399230	0.430419	-1.000000	-1.000000	-1.000000	-1.000000	-1.000000	-1.000000	-1.000000	73.172414	0.000000	-1.000000	-1.000000	1909772.000000	1773868063.379104
-6505.155000	1394.145000	12547.980000	14940.585000	-16526.205000	-19342.980000	8678.565000	15606.360000	8.501794	18.281446	21.485705	24.216639	26.327956	27.956738	5.075742	-16.009117	-3.586100	1.770160	-0.305200	0.792173	0.399230	0.430419	-1.000000	-1.000000	-1.000000	-1.000000	-1.000000	-1.000000	-1.000000	73.172414	0.000000	-1.000000	-1.000000	1909773.000000	1773868063.383046
-6528.690000	1360.980000	12511.215000	14893.740000	-16581.195000	-19390.680000	8650.620000	15612.660000	20.807100	28.834243	29.275108	31.066682	34.469614	35.586328	10.002519	-12.447736	-3.586100	1.770160	-0.305200	0.792173	0.399230	0.430419	-1.000000	-1.000000	-1.000000	-1.000000	-1.000000	-1.000000	-1.000000	73.172414	0.000000	-1.000000	-1.000000	1909774.000000	1773868063.383054
-6563.340000	1315.845000	12465.495000	14853.105000	-16616.520000	-19435.230000	8616.330000	15612.255000	23.310623	24.766137	21.373121	20.447345	23.174754	24.275429	8.917794	-2.843115	-3.586100	1.770160	-0.305200	0.792173	0.399230	0.430419	-1.000000	-1.000000	-1.000000	-1.000000	-1.000000	-1.000000	-1.000000	73.172414	0.000000	-1.000000	-1.000000	1909775.000000	1773868063.387078
-6546.870000	1316.385000	12460.365000	14846.670000	-16613.775000	-19436.670000	8632.530000	15623.370000	14.878898	8.166190	1.886201	-1.738570	-0.977906	-0.733980	2.952456	7.486742	-3.586100	1.770160	-0.305200	0.792173	0.399230	0.430419	-1.000000	-1.000000	-1.000000	-1.000000	-1.000000	-1.000000	-1.000000	73.172414	0.000000	-1.000000	-1.000000	1909776.000000	1773868063.387084
-6572.205000	1286.460000	12436.290000	14826.060000	-16608.105000	-19440.270000	8648.280000	15619.635000	1.069741	-11.146848	-17.550159	-21.970261	-22.519397	-24.072380	-2.460789	13.721081	-3.586100	1.770160	-0.305200	0.792173	0.399230	0.430419	-1.000000	-1.000000	-1.000000	-1.000000	-1.000000	-1.000000	-1.000000	73.172414	0.000000	-1.000000	-1.000000	1909777.000000	1773868063.398352
-6566.715000	1309.635000	12465.585000	14861.205000	-16581.330000	-19421.955000	8649.270000	15612.525000	-10.451085	-23.331114	-26.864006	-29.531407	-29.132719	-32.400846	-3.498202	12.959776	-3.586100	1.770160	-0.305200	0.792173	0.399230	0.430419	-1.000000	-1.000000	-1.000000	-1.000000	-1.000000	-1.000000	-1.000000	73.172414	0.000000	-1.000000	-1.000000	1909778.000000	1773868063.398364
-6561.540000	1315.215000	12466.350000	14858.550000	-16632.045000	-19431.900000	8645.175000	15608.430000	-15.155875	-23.869365	-22.958117	-22.416429	-20.594105	-24.241653	-1.477932	5.314682	-3.586100	1.770160	-0.305200	0.792173	0.399230	0.430419	-1.000000	-1.000000	-1.000000	-1.000000	-1.000000	-1.000000	-1.000000	73.172414	0.000000	-1.000000	-1.000000	1909779.000000	1773868063.398376
-6564.690000	1313.010000	12458.970000	14842.935000	-16646.715000	-19445.940000	8648.730000	15603.570000	-12.697888	-14.632957	-10.148557	-7.351325	-7.708292	-8.625455	0.180112	-4.444017	-3.586100	1.770160	-0.305200	0.792173	0.399230	0.430419	-1.000000	-1.000000	-1.000000	-1.000000	-1.000000	-1.000000	-1.000000	73.172414	0.000000	-1.000000	-1.000000	1909780.000000	1773868063.398381
-6558.840000	1321.695000	12471.885000	14857.110000	-16619.850000	-19428.030000	8658.810000	15610.095000	-6.577136	-2.328193	3.101938	5.707750	-0.072499	4.236652	-0.200909	-9.995086	-4.227020	1.770160	-0.289940	0.793577	0.400084	0.428649	-1.000000	-1.000000	-1.000000	-1.000000	-1.000000	-1.000000	-1.000000	73.172414	0.000000	-1.000000	-1.000000	1909781.000000	1773868063.398984
-6538.410000	1354.005000	12511.575000	14902.470000	-16567.065000	-19373.355000	8675.100000	15615.810000	-0.739114	7.409168	11.489259	12.469324	3.616546	11.213586	-1.496973	-8.578126	-4.227020	1.770160	-0.289940	0.793577	0.400084	0.428649	-1.000000	-1.000000	-1.000000	-1.000000	-1.000000	-1.000000	-1.000000	73.172414	0.000000	-1.000000	-1.000000	1909782.000000	1773868063.398991
-6528.105000	1387.305000	12546.585000	14937.075000	-16542.585000	-19352.655000	8671.365000	15582.645000	4.240657	14.225917	16.194747	16.111693	10.089564	15.721069	-1.080954	-2.818539	-4.227020	1.770160	-0.289940	0.793577	0.400084	0.428649	-1.000000	-1.000000	-1.000000	-1.000000	-1.000000	-1.000000	-1.000000	73.172414	0.000000	-1.000000	-1.000000	1909783.000000	1773868063.403084
-6531.480000	1385.775000	12539.655000	14931.405000	-16528.050000	-19360.665000	8645.220000	15532.560000	9.152415	19.779164	19.966796	20.065004	20.814895	20.256555	1.834970	1.263175	-4.227020	1.770160	-0.289940	0.793577	0.400084	0.428649	-1.000000	-1.000000	-1.000000	-1.000000	-1.000000	-1.000000	-1.000000	73.172414	0.000000	-1.000000	-1.000000	1909784.000000	1773868063.403091
-6565.815000	1342.665000	12494.700000	14884.605000	-16573.545000	-19391.490000	8659.170000	15554.115000	11.902907	21.699927	20.615793	21.313031	28.356654	21.325351	4.462611	0.120674	-4.227020	1.770160	-0.289940	0.793577	0.400084	0.428649	-1.000000	-1.000000	-1.000000	-1.000000	-1.000000	-1.000000	-1.000000	73.172414	0.000000	-1.000000	-1.000000	1909785.000000	1773868063.407097
-6571.080000	1311.300000	12469.005000	14863.500000	-16610.265000	-19424.160000	8655.750000	15635.250000	9.132989	14.628906	12.601145	13.392939	22.568899	13.231712	3.673925	-2.234021	-4.227020	1.770160	-0.289940	0.793577	0.400084	0.428649	-1.000000	-1.000000	-1.000000	-1.000000	-1.000000	-1.000000	-1.000000	73.172414	0.000000	-1.000000	-1.000000	1909786.000000	1773868063.407104
-6570.810000	1283.355000	12435.795000	14828.400000	-16645.050000	-19482.525000	8640.045000	15642.585000	1.282062	-2.353291	-4.981469	-4.795785	1.561992	-4.801868	-0.668260	1.126354	-4.227020	1.770160	-0.289940	0.793577	0.400084	0.428649	-1.000000	-1.000000	-1.000000	-1.000000	-1.000000	-1.000000	-1.000000	73.172414	0.000000	-1.000000	-1.000000	1909787.000000	1773868063.411029
-6544.845000	1312.110000	12466.080000	14855.220000	-16618.995000	-19442.880000	8647.380000	15630.795000	-6.859578	-21.835761	-24.481930	-25.309374	-23.701116	-25.305643	-6.003144	9.889565	-4.227020	1.770160	-0.289940	0.793577	0.400084	0.428649	-1.000000	-1.000000	-1.000000	-1.000000	-1.000000	-1.000000	-1.000000	73.172414	0.000000	-1.000000	-1.000000	1909788.000000	1773868063.411035
-6557.535000	1293.930000	12455.190000	14845.905000	-16620.030000	-19431.720000	8637.120000	15659.190000	-10.517756	-32.596432	-34.341594	-35.983657	-37.430717	-35.530790	-9.121414	16.626192	-4.227020	1.770160	-0.289940	0.793577	0.400084	0.428649	-1.000000	-1.000000	-1.000000	-1.000000	-1.000000	-1.000000	-1.000000	73.172414	0.000000	-1.000000	-1.000000	1909789.000000	1773868063.415050
-6596.415000	1295.505000	12452.445000	14839.155000	-16624.935000	-19434.195000	8642.205000	15644.205000	-9.638525	-28.938681	-28.989842	-30.685449	-32.776593	-28.463249	-8.528219	15.497189	-4.227020	1.770160	-0.289940	0.793577	0.400084	0.428649	-1.000000	-1.000000	-1.000000	-1.000000	-1.000000	-1.000000	-1.000000	73.172414	0.000000	-1.000000	-1.000000	1909790.000000	1773868063.415056
-6575.895000	1321.110000	12476.925000	14865.075000	-16601.220000	-19416.600000	8639.145000	15620.670000	-7.495734	-14.046861	-12.722915	-13.811348	-15.536319	-9.663837	-4.781884	5.934157	-4.440660	2.166920	-1.587040	0.794126	0.400695	0.425719	-1.000000	-1.000000	-1.000000	-1.000000	-1.000000	-1.000000	-1.000000	73.172414	0.000000	-1.000000	-1.000000	1909791.000000	1773868063.419090
-6552.360000	1317.735000	12467.430000	14854.320000	-16613.685000	-19421.190000	8643.735000	15605.640000	-4.565524	4.721604	6.064053	5.760295	4.149809	10.002311	1.107086	-7.790011	-4.440660	2.166920	-1.587040	0.794126	0.400695	0.425719	-1.000000	-1.000000	-1.000000	-1.000000	-1.000000	-1.000000	-1.000000	73.172414	0.000000	-1.000000	-1.000000	1909792.000000	1773868063.419100
-6546.960000	1325.475000	12470.355000	14855.535000	-16610.040000	-19413.360000	8648.055000	15610.995000	1.315593	20.319317	20.572746	20.899567	18.636355	23.136217	7.830646	-18.148657	-4.440660	2.166920	-1.587040	0.794126	0.400695	0.425719	-1.000000	-1.000000	-1.000000	-1.000000	-1.000000	-1.000000	-1.000000	73.172414	0.000000	-1.000000	-1.000000	1909793.000000	1773868063.423112
-6552.495000	1340.910000	12489.885000	14878.665000	-16580.565000	-19411.830000	8647.560000	15598.710000	9.580719	28.679219	27.808261	28.498344	25.223050	27.448729	12.559801	-20.462841	-4.440660	2.166920	-1.587040	0.794126	0.400695	0.425719	-1.000000	-1.000000	-1.000000	-1.000000	-1.000000	-1.000000	-1.000000	73.172414	0.000000	-1.000000	-1.000000	1909794.000000	1773868063.423121
-6556.140000	1337.445000	12486.285000	14878.890000	-16583.445000	-19418.850000	8651.610000	15583.455000	15.799737	29.021975	27.854910	28.748056	25.554304	24.082643	12.358455	-17.130486	-4.440660	2.166920	-1.587040	0.794126	0.400695	0.425719	-1.000000	-1.000000	-1.000000	-1.000000	-1.000000	-1.000000	-1.000000	73.172414	0.000000	-1.000000	-1.000000	1909795.000000	1773868063.427043
-6568.065000	1326.150000	12481.425000	14880.870000	-16584.165000	-19394.865000	8653.815000	15575.490000	15.091234	21.347940	21.005871	22.180805	21.106058	15.681802	7.352648	-12.299991	-4.440660	2.166920	-1.587040	0.794126	0.400695	0.425719	-1.000000	-1.000000	-1.000000	-1.000000	-1.000000	-1.000000	-1.000000	73.172414	0.000000	-1.000000	-1.000000	1909796.000000	1773868063.427052
-6580.530000	1320.660000	12470.850000	14858.595000	-16616.340000	-19423.620000	8647.830000	15577.335000	6.119902	6.428643	7.631050	9.150162	11.056495	4.390302	0.271169	-6.190617	-4.440660	2.166920	-1.587040	0.794126	0.400695	0.425719	-1.000000	-1.000000	-1.000000	-1.000000	-1.000000	-1.000000	-1.000000	73.172414	0.000000	-1.000000	-1.000000	1909797.000000	1773868063.431088
-6554.745000	1334.655000	12485.070000	14871.285000	-16593.120000	-19411.515000	8650.935000	15626.880000	-6.402314	-11.106673	-8.791232	-7.460017	-3.953436	-8.494020	-6.084197	2.739694	-4.440660	2.166920	-1.587040	0.794126	0.400695	0.425719	-1.000000	-1.000000	-1.000000	-1.000000	-1.000000	-1.000000	-1.000000	73.172414	0.000000	-1.000000	-1.000000	1909798.000000	1773868063.431098
-6528.870000	1348.380000	12492.180000	14876.910000	-16584.120000	-19396.845000	8636.715000	15589.890000	-13.846591	-23.569220	-21.578579	-21.378905	-18.426442	-19.712427	-9.881587	13.609123	-4.440660	2.166920	-1.587040	0.794126	0.400695	0.425719	-1.000000	-1.000000	-1.000000	-1.000000	-1.000000	-1.000000	-1.000000	73.172414	0.000000	-1.000000	-1.000000	1909799.000000	1773868063.435190
-6542.685000	1351.800000	12504.870000	14890.905000	-16577.145000	-19384.335000	8655.795000	15550.965000	-11.835523	-25.986508	-25.472373	-26.770816	-25.458949	-24.146823	-10.164227	21.520295	-4.440660	2.166920	-1.587040	0.794126	0.400695	0.425719	-1.000000	-1.000000	-1.000000	-1.000000	-1.000000	-1.000000	-1.000000	73.172414	0.000000	-1.000000	-1.000000	1909800.000000	1773868063.435200
-6552.990000	1345.545000	12501.270000	14891.805000	-16575.615000	-19401.390000	8671.635000	15613.110000	-4.781638	-19.134111	-19.776611	-21.882893	-22.242508	-19.527511	-6.386528	22.056502	-3.204600	2.533160	-1.739640	0.791807	0.402892	0.422545	-1.000000	-1.000000	-1.000000	-1.000000	-1.000000	-1.000000	-1.000000	73.172414	0.000000	-1.000000	-1.000000	1909801.000000	1773868063.443365
-6555.780000	1324.665000	12468.420000	14850.945000	-16618.995000	-19430.460000	8674.245000	15677.415000	0.572427	-7.773234	-8.351951	-10.083797	-11.839438	-9.134121	0.367111	17.382624	-3.204600	2.533160	-1.739640	0.791807	0.402892	0.422545	-1.000000	-1.000000	-1.000000	-1.000000	-1.000000	-1.000000	-1.000000	73.172414	0.000000	-1.000000	-1.000000	1909802.000000	1773868063.443375
-6561.900000	1339.110000	12489.570000	14874.975000	-16590.780000	-19406.790000	8675.055000	15632.370000	2.129115	2.688396	2.597518	1.849549	-0.691713	1.463936	6.472578	11.466426	-3.204600	2.533160	-1.739640	0.791807	0.402892	0.422545	-1.000000	-1.000000	-1.000000	-1.000000	-1.000000	-1.000000	-1.000000	73.172414	0.000000	-1.000000	-1.000000	1909803.000000	1773868063.443387
-6564.375000	1339.290000	12490.740000	14880.195000	-16583.760000	-19401.840000	8667.630000	15621.165000	1.474755	9.428989	9.311717	9.325745	7.305577	9.380865	8.364449	3.271796	-3.204600	2.533160	-1.739640	0.791807	0.402892	0.422545	-1.000000	-1.000000	-1.000000	-1.000000	-1.000000	-1.000000	-1.000000	73.172414	0.000000	-1.000000	-1.000000	1909804.000000	1773868063.443393
-6552.720000	1307.160000	12453.480000	14843.565000	-16617.735000	-19439.865000	8649.135000	15650.910000	0.749769	11.802425	11.193529	11.644030	11.717476	13.234039	5.069303	-7.842694	-3.204600	2.533160	-1.739640	0.791807	0.402892	0.422545	-1.000000	-1.000000	-1.000000	-1.000000	-1.000000	-1.000000	-1.000000	73.172414	0.000000	-1.000000	-1.000000	1909805.000000	1773868063.447470
-6552.630000	1311.120000	12458.250000	14846.580000	-16623.810000	-19463.850000	8649.090000	15652.440000	1.282595	9.501050	8.303845	9.239592	11.857826	10.951217	-1.485035	-17.510075	-3.204600	2.533160	-1.739640	0.791807	0.402892	0.422545	-1.000000	-1.000000	-1.000000	-1.000000	-1.000000	-1.000000	-1.000000	73.172414	0.000000	-1.000000	-1.000000	1909806.000000	1773868063.447481
-6584.040000	1320.210000	12468.555000	14852.115000	-16620.120000	-19447.965000	8660.160000	15628.095000	2.054347	3.929256	2.516153	3.994592	7.491749	3.234118	-7.151591	-21.903628	-3.204600	2.533160	-1.739640	0.791807	0.402892	0.422545	-1.000000	-1.000000	-1.000000	-1.000000	-1.000000	-1.000000	-1.000000	73.172414	0.000000	-1.000000	-1.000000	1909807.000000	1773868063.451102
-6580.485000	1330.560000	12481.335000	14867.415000	-16596.810000	-19409.760000	8642.925000	15615.945000	0.528538	-1.536089	-2.368850	-0.787607	1.073636	-4.513095	-8.336304	-20.238829	-3.204600	2.533160	-1.739640	0.791807	0.402892	0.422545	-1.000000	-1.000000	-1.000000	-1.000000	-1.000000	-1.000000	-1.000000	73.172414	0.000000	-1.000000	-1.000000	1909808.000000	1773868063.451114
-6560.460000	1317.375000	12476.385000	14866.920000	-16600.005000	-19414.620000	8643.960000	15613.245000	-2.708576	-4.206161	-3.795022	-2.778727	-3.469408	-6.499036	-5.258578	-12.728115	-3.204600	2.533160	-1.739640	0.791807	0.402892	0.422545	-1.000000	-1.000000	-1.000000	-1.000000	-1.000000	-1.000000	-1.000000	73.172414	0.000000	-1.000000	-1.000000	1909809.000000	1773868063.455050
-6525.720000	1319.490000	12466.035000	14850.360000	-16621.245000	-19434.690000	8656.290000	15621.570000	-3.135960	-3.453877	-1.836037	-1.746061	-4.034540	-1.970371	-0.788782	-2.511914	-3.204600	2.533160	-1.739640	0.791807	0.402892	0.422545	-1.000000	-1.000000	-1.000000	-1.000000	-1.000000	-1.000000	-1.000000	73.172414	0.000000	-1.000000	-1.000000	1909810.000000	1773868063.455059
-6513.480000	1344.555000	12493.350000	14883.210000	-16577.280000	-19391.310000	8673.840000	15638.400000	2.036507	0.112503	2.077911	1.318772	-1.110203	5.256917	3.238658	5.122643	-4.379620	3.860780	-1.144500	0.792723	0.399962	0.419616	-1.000000	-1.000000	-1.000000	-1.000000	-1.000000	-1.000000	-1.000000	73.172414	0.000000	-1.000000	-1.000000	1909811.000000	1773868063.459133
-6503.265000	1379.835000	12534.885000	14926.410000	-16536.240000	-19355.715000	8691.165000	15648.615000	9.887635	5.351425	6.586310	5.425340	4.121359	11.415330	6.678703	8.965279	-4.379620	3.860780	-1.144500	0.792723	0.399962	0.419616	-1.000000	-1.000000	-1.000000	-1.000000	-1.000000	-1.000000	-1.000000	73.172414	0.000000	-1.000000	-1.000000	1909812.000000	1773868063.459142
-6514.065000	1384.380000	12537.810000	14923.710000	-16543.485000	-19360.395000	8681.310000	15567.210000	14.133358	10.264872	10.311918	9.154626	9.494585	13.981322	9.145413	10.414917	-4.379620	3.860780	-1.144500	0.792723	0.399962	0.419616	-1.000000	-1.000000	-1.000000	-1.000000	-1.000000	-1.000000	-1.000000	73.172414	0.000000	-1.000000	-1.000000	1909813.000000	1773868063.465890
-6545.250000	1357.875000	12508.380000	14892.885000	-16573.230000	-19389.780000	8657.595000	15472.125000	9.976314	11.761663	10.886323	9.764564	11.173574	10.926195	8.901113	6.472456	-4.379620	3.860780	-1.144500	0.792723	0.399962	0.419616	-1.000000	-1.000000	-1.000000	-1.000000	-1.000000	-1.000000	-1.000000	73.172414	0.000000	-1.000000	-1.000000	1909814.000000	1773868063.465902
-6536.340000	1362.600000	12505.860000	14879.880000	-16595.640000	-19408.320000	8648.190000	15540.120000	-1.828483	7.070584	5.690645	4.534391	5.927230	1.904099	4.274714	-4.307386	-4.379620	3.860780	-1.144500	0.792723	0.399962	0.419616	-1.000000	-1.000000	-1.000000	-1.000000	-1.000000	-1.000000	-1.000000	73.172414	0.000000	-1.000000	-1.000000	1909815.000000	1773868063.467058
-6555.375000	1299.600000	12446.280000	14829.570000	-16632.765000	-19435.410000	8643.330000	15684.930000	-14.433747	-3.982418	-5.621569	-6.604721	-6.043630	-11.074763	-3.591040	-10.596503	-4.379620	3.860780	-1.144500	0.792723	0.399962	0.419616	-1.000000	-1.000000	-1.000000	-1.000000	-1.000000	-1.000000	-1.000000	73.172414	0.000000	-1.000000	-1.000000	1909816.000000	1773868063.467068
-6576.570000	1273.185000	12428.460000	14820.615000	-16636.590000	-19432.755000	8646.030000	15670.170000	-20.870766	-18.103244	-19.614050	-19.747885	-19.959213	-23.630667	-10.363647	0.715114	-4.379620	3.860780	-1.144500	0.792723	0.399962	0.419616	-1.000000	-1.000000	-1.000000	-1.000000	-1.000000	-1.000000	-1.000000	73.172414	0.000000	-1.000000	-1.000000	1909817.000000	1773868063.472207
-6553.845000	1318.410000	12467.970000	14853.645000	-16616.565000	-19428.390000	8647.290000	15632.685000	-19.172836	-27.668333	-28.399576	-27.040146	-27.339938	-28.863664	-12.028068	22.663745	-4.379620	3.860780	-1.144500	0.792723	0.399962	0.419616	-1.000000	-1.000000	-1.000000	-1.000000	-1.000000	-1.000000	-1.000000	73.172414	0.000000	-1.000000	-1.000000	1909818.000000	1773868063.472216
-6546.870000	1338.030000	12487.635000	14872.770000	-16601.490000	-19432.800000	8645.265000	15635.340000	-10.929799	-23.939934	-23.412469	-20.891922	-21.161978	-21.565952	-8.381251	33.476802	-4.379620	3.860780	-1.144500	0.792723	0.399962	0.419616	-1.000000	-1.000000	-1.000000	-1.000000	-1.000000	-1.000000	-1.000000	73.172414	0.000000	-1.000000	-1.000000	1909819.000000	1773868063.475219
-6554.115000	1332.045000	12481.920000	14865.480000	-16605.315000	-19443.960000	8646.750000	15635.070000	0.438321	-6.871526	-5.211231	-2.853074	-3.718422	-5.001877	-2.500383	21.849998	-4.379620	3.860780	-1.144500	0.792723	0.399962	0.419616	-1.000000	-1.000000	-1.000000	-1.000000	-1.000000	-1.000000	-1.000000	73.172414	0.000000	-1.000000	-1.000000	1909820.000000	1773868063.475225
-6577.470000	1318.815000	12479.895000	14873.175000	-16585.470000	-19404.495000	8651.835000	15616.935000	10.055862	12.522509	14.605724	15.566022	14.092074	11.367517	2.511094	-3.861095	-2.563680	5.585160	-1.251320	0.792906	0.396361	0.417540	-1.000000	-1.000000	-1.000000	-1.000000	-1.000000	-1.000000	-1.000000	73.172414	0.000000	-1.000000	-1.000000	1909821.000000	1773868063.479211
-6594.525000	1312.245000	12471.075000	14864.850000	-16592.715000	-19408.725000	8659.530000	15608.835000	14.046586	22.911104	24.741321	24.272142	23.496012	21.447292	5.900846	-26.027452	-2.563680	5.585160	-1.251320	0.792906	0.396361	0.417540	-1.000000	-1.000000	-1.000000	-1.000000	-1.000000	-1.000000	-1.000000	73.172414	0.000000	-1.000000	-1.000000	1909822.000000	1773868063.479221
-6558.480000	1322.325000	12467.205000	14855.985000	-16600.950000	-19418.220000	8653.545000	15614.325000	12.770014	21.757290	22.873078	21.983038	23.278572	24.622802	8.392376	-31.629760	-2.563680	5.585160	-1.251320	0.792906	0.396361	0.417540	-1.000000	-1.000000	-1.000000	-1.000000	-1.000000	-1.000000	-1.000000	73.172414	0.000000	-1.000000	-1.000000	1909823.000000	1773868063.483063
-6549.255000	1321.155000	12467.970000	14855.625000	-16607.070000	-19427.355000	8644.455000	15606.945000	10.152013	13.776384	13.613705	13.134098	16.304736	21.383961	9.492026	-21.917945	-2.563680	5.585160	-1.251320	0.792906	0.396361	0.417540	-1.000000	-1.000000	-1.000000	-1.000000	-1.000000	-1.000000	-1.000000	73.172414	0.000000	-1.000000	-1.000000	1909824.000000	1773868063.483072
-6557.670000	1331.685000	12483.810000	14875.380000	-16587.405000	-19414.350000	8649.630000	15595.920000	8.724292	5.421582	3.755326	3.611262	6.626427	12.648123	7.724978	-9.504948	-2.563680	5.585160	-1.251320	0.792906	0.396361	0.417540	-1.000000	-1.000000	-1.000000	-1.000000	-1.000000	-1.000000	-1.000000	73.172414	0.000000	-1.000000	-1.000000	1909825.000000	1773868063.489361
-6575.220000	1337.805000	12497.310000	14889.105000	-16575.795000	-19401.210000	8636.985000	15582.915000	6.899317	0.707930	-1.762261	-2.251378	-1.753387	1.506151	2.971162	-3.227388	-2.563680	5.585160	-1.251320	0.792906	0.396361	0.417540	-1.000000	-1.000000	-1.000000	-1.000000	-1.000000	-1.000000	-1.000000	73.172414	0.000000	-1.000000	-1.000000	1909826.000000	1773868063.489371
-6565.860000	1326.780000	12478.320000	14860.845000	-16613.865000	-19414.665000	8643.285000	15606.945000	1.779332	-1.565648	-3.516213	-4.827110	-7.486960	-7.925520	-3.167720	-0.607909	-2.563680	5.585160	-1.251320	0.792906	0.396361	0.417540	-1.000000	-1.000000	-1.000000	-1.000000	-1.000000	-1.000000	-1.000000	73.172414	0.000000	-1.000000	-1.000000	1909827.000000	1773868063.491196
-6555.780000	1316.205000	12469.590000	14857.785000	-16602.930000	-19408.770000	8651.835000	15615.855000	-6.145749	-5.402090	-5.860372	-7.770544	-12.012355	-13.243321	-8.038016	4.147183	-2.563680	5.585160	-1.251320	0.792906	0.396361	0.417540	-1.000000	-1.000000	-1.000000	-1.000000	-1.000000	-1.000000	-1.000000	73.172414	0.000000	-1.000000	-1.000000	1909828.000000	1773868063.491206
-6526.440000	1316.385000	12470.445000	14856.705000	-16604.640000	-19426.230000	8662.365000	15633.045000	-11.975334	-11.418523	-10.523971	-12.268740	-15.568485	-14.654102	-9.181374	11.935270	-2.563680	5.585160	-1.251320	0.792906	0.396361	0.417540	-1.000000	-1.000000	-1.000000	-1.000000	-1.000000	-1.000000	-1.000000	73.172414	0.000000	-1.000000	-1.000000	1909829.000000	1773868063.495198
-6525.495000	1316.880000	12475.620000	14861.520000	-16605.585000	-19430.910000	8663.895000	15629.940000	-10.874021	-15.474296	-14.205454	-15.106692	-15.936028	-13.880017	-6.216666	19.446540	-2.563680	5.585160	-1.251320	0.792906	0.396361	0.417540	-1.000000	-1.000000	-1.000000	-1.000000	-1.000000	-1.000000	-1.000000	73.172414	0.000000	-1.000000	-1.000000	1909830.000000	1773868063.495209
-6549.210000	1327.410000	12487.095000	14871.015000	-16594.605000	-19407.195000	8680.050000	15626.565000	-3.782830	-13.293890	-12.378384	-12.250524	-11.018490	-11.176728	-0.858409	22.690427	-1.587040	7.279020	-0.778260	0.791929	0.394286	0.417357	-1.000000	-1.000000	-1.000000	-1.000000	-1.000000	-1.000000	-1.000000	73.172414	0.000000	-1.000000	-1.000000	1909831.000000	1773868063.499148
-6516.630000	1363.005000	12510.855000	14888.160000	-16586.415000	-19391.040000	8673.795000	15637.905000	3.019961	-4.523607	-3.898377	-2.868920	-0.970870	-4.498226	4.508974	18.669352	-1.587040	7.279020	-0.778260	0.791929	0.394286	0.417357	-1.000000	-1.000000	-1.000000	-1.000000	-1.000000	-1.000000	-1.000000	73.172414	0.000000	-1.000000	-1.000000	1909832.000000	1773868063.499157
-6515.100000	1370.565000	12520.755000	14909.220000	-16546.320000	-19365.120000	8647.695000	15614.685000	5.111505	7.339790	7.783767	9.482521	11.116605	6.165916	7.192093	6.713780	-1.587040	7.279020	-0.778260	0.791929	0.394286	0.417357	-1.000000	-1.000000	-1.000000	-1.000000	-1.000000	-1.000000	-1.000000	73.172414	0.000000	-1.000000	-1.000000	1909833.000000	1773868063.505964
-6523.380000	1370.880000	12525.930000	14916.330000	-16542.630000	-19364.355000	8655.795000	15614.010000	3.285275	16.676561	16.563732	18.647602	20.127722	16.068808	5.292906	-9.521334	-1.587040	7.279020	-0.778260	0.791929	0.394286	0.417357	-1.000000	-1.000000	-1.000000	-1.000000	-1.000000	-1.000000	-1.000000	73.172414	0.000000	-1.000000	-1.000000	1909834.000000	1773868063.505972
-6545.520000	1353.330000	12510.270000	14899.950000	-16564.230000	-19391.625000	8653.455000	15614.235000	-0.261843	17.965012	17.094443	19.228109	20.996183	18.711296	0.150480	-22.355301	-1.587040	7.279020	-0.778260	0.791929	0.394286	0.417357	-1.000000	-1.000000	-1.000000	-1.000000	-1.000000	-1.000000	-1.000000	73.172414	0.000000	-1.000000	-1.000000	1909835.000000	1773868063.507164
-6572.655000	1315.395000	12463.965000	14846.085000	-16632.360000	-19437.840000	8647.335000	15586.785000	-4.836447	9.219304	8.065522	9.766136	11.415777	10.845746	-4.762675	-25.948206	-1.587040	7.279020	-0.778260	0.791929	0.394286	0.417357	-1.000000	-1.000000	-1.000000	-1.000000	-1.000000	-1.000000	-1.000000	73.172414	0.000000	-1.000000	-1.000000	1909836.000000	1773868063.507175
-6590.430000	1296.810000	12450.825000	14834.835000	-16641.495000	-19425.465000	8654.130000	15568.830000	-9.982421	-5.832900	-6.626121	-6.050420	-5.941800	-4.174523	-7.157588	-21.056567	-1.587040	7.279020	-0.778260	0.791929	0.394286	0.417357	-1.000000	-1.000000	-1.000000	-1.000000	-1.000000	-1.000000	-1.000000	73.172414	0.000000	-1.000000	-1.000000	1909837.000000	1773868063.511159
-6564.060000	1328.760000	12485.835000	14874.795000	-16585.830000	-19397.070000	8669.655000	15585.525000	-13.084767	-18.724645	-18.861679	-19.836730	-22.078488	-16.971283	-6.277619	-11.481174	-1.587040	7.279020	-0.778260	0.791929	0.394286	0.417357	-1.000000	-1.000000	-1.000000	-1.000000	-1.000000	-1.000000	-1.000000	73.172414	0.000000	-1.000000	-1.000000	1909838.000000	1773868063.511168
-6536.340000	1361.475000	12517.965000	14908.050000	-16546.365000	-19384.470000	8685.360000	15607.710000	-9.601734	-20.702957	-20.237240	-22.255480	-25.363804	-18.755419	-2.204545	0.783716	-1.587040	7.279020	-0.778260	0.791929	0.394286	0.417357	-1.000000	-1.000000	-1.000000	-1.000000	-1.000000	-1.000000	-1.000000	73.172414	0.000000	-1.000000	-1.000000	1909839.000000	1773868063.515116
-6545.070000	1373.985000	12529.620000	14915.115000	-16550.190000	-19385.505000	8683.380000	15583.950000	1.657133	-9.882040	-9.010714	-10.897490	-12.320604	-9.208554	3.426217	13.484662	-1.587040	7.279020	-0.778260	0.791929	0.394286	0.417357	-1.000000	-1.000000	-1.000000	-1.000000	-1.000000	-1.000000	-1.000000	73.172414	0.000000	-1.000000	-1.000000	1909840.000000	1773868063.515126
-6516.405000	1357.335000	12506.670000	14892.840000	-16576.740000	-19405.440000	8653.230000	15630.165000	14.646326	5.836711	6.955097	6.069981	7.139319	3.532115	7.402894	21.809671	-0.518840	6.317640	-1.251320	0.790220	0.394103	0.417357	-1.000000	-1.000000	-1.000000	-1.000000	-1.000000	-1.000000	-1.000000	73.172414	0.000000	-1.000000	-1.000000	1909841.000000	1773868063.522830
-6516.405000	1305.315000	12447.180000	14830.560000	-16634.880000	-19449.675000	8634.870000	15657.480000	21.562111	14.958211	15.834568	15.805101	17.767816	9.861092	6.956299	23.116193	-0.518840	6.317640	-1.251320	0.790220	0.394103	0.417357	-1.000000	-1.000000	-1.000000	-1.000000	-1.000000	-1.000000	-1.000000	73.172414	0.000000	-1.000000	-1.000000	1909842.000000	1773868063.522836
-6567.975000	1288.395000	12443.985000	14831.685000	-16628.895000	-19429.785000	8637.435000	15631.560000	18.896937	11.655145	11.458503	11.417071	12.336080	6.480703	2.167720	18.550455	-0.518840	6.317640	-1.251320	0.790220	0.394103	0.417357	-1.000000	-1.000000	-1.000000	-1.000000	-1.000000	-1.000000	-1.000000	73.172414	0.000000	-1.000000	-1.000000	1909843.000000	1773868063.523034
-6614.595000	1272.510000	12432.960000	14820.120000	-16642.395000	-19445.625000	8630.460000	15620.715000	7.161766	0.107263	-1.048284	-1.479932	-1.779036	-0.693602	-3.761803	8.961651	-0.518840	6.317640	-1.251320	0.790220	0.394103	0.417357	-1.000000	-1.000000	-1.000000	-1.000000	-1.000000	-1.000000	-1.000000	73.172414	0.000000	-1.000000	-1.000000	1909844.000000	1773868063.523040
-6605.145000	1296.630000	12453.210000	14842.080000	-16619.220000	-19432.665000	8646.885000	15618.105000	-8.618483	-9.148191	-9.902237	-10.132996	-10.379071	-3.275277	-6.910170	-3.862105	-0.518840	6.317640	-1.251320	0.790220	0.394103	0.417357	-1.000000	-1.000000	-1.000000	-1.000000	-1.000000	-1.000000	-1.000000	73.172414	0.000000	-1.000000	-1.000000	1909845.000000	1773868063.527202
-6552.135000	1325.790000	12476.835000	14865.075000	-16598.790000	-19420.155000	8664.480000	15615.990000	-18.995226	-8.054192	-7.605125	-6.994319	-6.405963	0.870595	-5.303293	-14.986600	-0.518840	6.317640	-1.251320	0.790220	0.394103	0.417357	-1.000000	-1.000000	-1.000000	-1.000000	-1.000000	-1.000000	-1.000000	73.172414	0.000000	-1.000000	-1.000000	1909846.000000	1773868063.527208
-6525.900000	1345.185000	12494.205000	14879.295000	-16585.605000	-19402.920000	8666.055000	15598.800000	-16.894682	2.270810	3.071771	4.277976	4.910882	7.304966	-0.216740	-20.286096	-0.518840	6.317640	-1.251320	0.790220	0.394103	0.417357	-1.000000	-1.000000	-1.000000	-1.000000	-1.000000	-1.000000	-1.000000	73.172414	0.000000	-1.000000	-1.000000	1909847.000000	1773868063.537241
-6541.290000	1364.130000	12521.835000	14912.640000	-16554.555000	-19397.475000	8643.780000	15539.175000	-4.716575	13.208802	13.158827	14.136057	13.403330	10.568144	4.297515	-20.023007	-0.518840	6.317640	-1.251320	0.790220	0.394103	0.417357	-1.000000	-1.000000	-1.000000	-1.000000	-1.000000	-1.000000	-1.000000	73.172414	0.000000	-1.000000	-1.000000	1909848.000000	1773868063.537251
-6552.000000	1377.360000	12539.160000	14920.245000	-16566.300000	-19395.945000	8639.820000	15515.505000	7.584178	16.825327	16.108579	16.403396	13.876507	8.476751	4.854599	-17.143102	-0.518840	6.317640	-1.251320	0.790220	0.394103	0.417357	-1.000000	-1.000000	-1.000000	-1.000000	-1.000000	-1.000000	-1.000000	73.172414	0.000000	-1.000000	-1.000000	1909849.000000	1773868063.537263
-6556.770000	1338.210000	12495.645000	14878.890000	-16587.900000	-19403.820000	8641.845000	15610.680000	11.341719	11.378537	11.309416	10.927665	7.597113	2.684348	2.475616	-12.108837	-0.518840	6.317640	-1.251320	0.790220	0.394103	0.417357	-1.000000	-1.000000	-1.000000	-1.000000	-1.000000	-1.000000	-1.000000	73.172414	0.000000	-1.000000	-1.000000	1909850.000000	1773868063.537268
-6556.815000	1280.835000	12425.130000	14810.355000	-16647.795000	-19476.630000	8653.905000	15701.220000	6.095628	-0.141355	0.903372	0.001890	-2.112683	-4.318634	0.891151	-0.642861	-1.800680	6.699140	-2.670500	0.792539	0.394530	0.415831	-1.000000	-1.000000	-1.000000	-1.000000	-1.000000	-1.000000	-1.000000	73.172414	0.000000	-1.000000	-1.000000	1909851.000000	1773868063.545632
-6552.090000	1298.655000	12448.260000	14838.120000	-16616.745000	-19423.305000	8653.545000	15653.115000	-1.019643	-12.514538	-11.700828	-12.657355	-11.590024	-10.751201	1.659412	18.108611	-1.800680	6.699140	-2.670500	0.792539	0.394530	0.415831	-1.000000	-1.000000	-1.000000	-1.000000	-1.000000	-1.000000	-1.000000	73.172414	0.000000	-1.000000	-1.000000	1909852.000000	1773868063.545644
-6553.125000	1315.215000	12463.380000	14848.830000	-16610.445000	-19412.370000	8648.055000	15625.530000	-2.785367	-18.950994	-19.914763	-20.283663	-15.788906	-12.810893	2.952745	33.606009	-1.800680	6.699140	-2.670500	0.792539	0.394530	0.415831	-1.000000	-1.000000	-1.000000	-1.000000	-1.000000	-1.000000	-1.000000	73.172414	0.000000	-1.000000	-1.000000	1909853.000000	1773868063.545655
-6572.880000	1317.195000	12465.810000	14846.400000	-16613.190000	-19411.830000	8649.990000	15596.460000	0.530737	-15.551178	-18.124761	-17.772187	-11.899584	-7.666556	2.051460	32.882357	-1.800680	6.699140	-2.670500	0.792539	0.394530	0.415831	-1.000000	-1.000000	-1.000000	-1.000000	-1.000000	-1.000000	-1.000000	73.172414	0.000000	-1.000000	-1.000000	1909854.000000	1773868063.545661
-6568.425000	1329.390000	12481.155000	14861.925000	-16605.630000	-19419.705000	8656.155000	15605.010000	2.196588	-5.745813	-8.187810	-7.696354	-3.616809	0.745840	-1.790505	14.717186	-1.800680	6.699140	-2.670500	0.792539	0.394530	0.415831	-1.000000	-1.000000	-1.000000	-1.000000	-1.000000	-1.000000	-1.000000	73.172414	0.000000	-1.000000	-1.000000	1909855.000000	1773868063.547202
-6548.670000	1325.430000	12474.585000	14857.020000	-16607.835000	-19430.010000	8658.090000	15631.830000	-1.626244	3.308870	2.741823	2.796349	2.753335	5.558152	-6.258842	-8.879557	-1.800680	6.699140	-2.670500	0.792539	0.394530	0.415831	-1.000000	-1.000000	-1.000000	-1.000000	-1.000000	-1.000000	-1.000000	73.172414	0.000000	-1.000000	-1.000000	1909856.000000	1773868063.547212
-6558.345000	1312.380000	12464.550000	14852.160000	-16606.980000	-19422.045000	8667.135000	15634.305000	-7.074128	6.651243	8.297358	8.058191	4.184830	4.225120	-7.698251	-22.577356	-1.800680	6.699140	-2.670500	0.792539	0.394530	0.415831	-1.000000	-1.000000	-1.000000	-1.000000	-1.000000	-1.000000	-1.000000	73.172414	0.000000	-1.000000	-1.000000	1909857.000000	1773868063.560897
-6548.220000	1336.680000	12492.810000	14880.060000	-16579.890000	-19396.620000	8685.090000	15633.630000	-8.509266	4.538476	7.384618	7.613490	2.813240	0.218855	-4.068807	-20.791441	-1.800680	6.699140	-2.670500	0.792539	0.394530	0.415831	-1.000000	-1.000000	-1.000000	-1.000000	-1.000000	-1.000000	-1.000000	73.172414	0.000000	-1.000000	-1.000000	1909858.000000	1773868063.560910
-6516.315000	1392.210000	12554.055000	14944.635000	-16516.530000	-19338.615000	8700.570000	15630.750000	-4.111512	3.227577	6.212725	7.442594	4.488056	0.069623	3.213571	-11.903160	-1.800680	6.699140	-2.670500	0.792539	0.394530	0.415831	-1.000000	-1.000000	-1.000000	-1.000000	-1.000000	-1.000000	-1.000000	73.172414	0.000000	-1.000000	-1.000000	1909859.000000	1773868063.560924
-6528.105000	1380.825000	12537.720000	14923.125000	-16539.390000	-19347.390000	8676.090000	15601.860000	4.162034	8.547676	11.164717	12.914161	12.091902	6.981653	9.371503	-7.396515	-1.800680	6.699140	-2.670500	0.792539	0.394530	0.415831	-1.000000	-1.000000	-1.000000	-1.000000	-1.000000	-1.000000	-1.000000	73.172414	0.000000	-1.000000	-1.000000	1909860.000000	1773868063.560929
-6577.065000	1304.145000	12457.485000	14845.320000	-16615.170000	-19433.205000	8636.535000	15575.355000	10.978113	15.635446	17.217687	18.246131	18.276936	13.963143	8.965363	-9.048980	-3.479280	5.859840	-4.211760	0.794432	0.394835	0.417052	-1.000000	-1.000000	-1.000000	-1.000000	-1.000000	-1.000000	-1.000000	73.172414	0.000000	-1.000000	-1.000000	1909861.000000	1773868063.564058
-6559.875000	1305.090000	12453.300000	14836.230000	-16629.840000	-19441.305000	8636.940000	15568.560000	10.912103	12.959784	12.469596	11.913337	11.935110	9.472994	0.798936	-9.762391	-3.479280	5.859840	-4.211760	0.794432	0.394835	0.417052	-1.000000	-1.000000	-1.000000	-1.000000	-1.000000	-1.000000	-1.000000	73.172414	0.000000	-1.000000	-1.000000	1909862.000000	1773868063.564068
-6559.245000	1331.685000	12485.430000	14872.410000	-16585.245000	-19409.220000	8644.770000	15557.040000	4.257657	-1.552059	-4.456935	-6.320668	-6.183391	-6.448573	-9.837166	-3.877210	-3.479280	5.859840	-4.211760	0.794432	0.394835	0.417052	-1.000000	-1.000000	-1.000000	-1.000000	-1.000000	-1.000000	-1.000000	73.172414	0.000000	-1.000000	-1.000000	1909863.000000	1773868063.564245
-6571.080000	1315.710000	12464.010000	14845.905000	-16627.095000	-19450.260000	8659.350000	15635.655000	-4.275976	-17.751845	-22.017997	-24.129519	-23.379744	-21.357518	-15.273420	7.870707	-3.479280	5.859840	-4.211760	0.794432	0.394835	0.417052	-1.000000	-1.000000	-1.000000	-1.000000	-1.000000	-1.000000	-1.000000	73.172414	0.000000	-1.000000	-1.000000	1909864.000000	1773868063.564256
-6571.305000	1311.120000	12451.500000	14826.060000	-16648.065000	-19464.075000	8665.605000	15672.780000	-10.638425	-25.346233	-29.336842	-30.931292	-29.710263	-25.406947	-11.583309	21.418403	-3.479280	5.859840	-4.211760	0.794432	0.394835	0.417052	-1.000000	-1.000000	-1.000000	-1.000000	-1.000000	-1.000000	-1.000000	73.172414	0.000000	-1.000000	-1.000000	1909865.000000	1773868063.567110
-6561.090000	1319.130000	12477.285000	14867.640000	-16589.655000	-19418.850000	8651.475000	15637.095000	-12.096845	-21.131111	-23.579065	-24.496226	-23.362505	-17.574615	-1.349557	30.630400	-3.479280	5.859840	-4.211760	0.794432	0.394835	0.417052	-1.000000	-1.000000	-1.000000	-1.000000	-1.000000	-1.000000	-1.000000	73.172414	0.000000	-1.000000	-1.000000	1909866.000000	1773868063.567117
-6552.000000	1314.360000	12479.580000	14869.035000	-16588.530000	-19408.230000	8654.400000	15629.085000	-7.729371	-8.425293	-8.327101	-8.257103	-7.074506	-1.963868	8.496857	27.618788	-3.479280	5.859840	-4.211760	0.794432	0.394835	0.417052	-1.000000	-1.000000	-1.000000	-1.000000	-1.000000	-1.000000	-1.000000	73.172414	0.000000	-1.000000	-1.000000	1909867.000000	1773868063.571116
-6541.965000	1318.320000	12472.425000	14858.775000	-16602.750000	-19423.575000	8648.190000	15622.380000	0.099119	5.725207	8.704899	10.065903	11.609150	13.888273	12.373747	10.037488	-3.479280	5.859840	-4.211760	0.794432	0.394835	0.417052	-1.000000	-1.000000	-1.000000	-1.000000	-1.000000	-1.000000	-1.000000	73.172414	0.000000	-1.000000	-1.000000	1909868.000000	1773868063.571128
-6548.355000	1319.985000	12474.405000	14858.955000	-16609.860000	-19434.330000	8652.735000	15616.080000	7.728019	15.697546	20.246331	22.348973	23.605479	22.340175	10.204218	-13.193060	-3.479280	5.859840	-4.211760	0.794432	0.394835	0.417052	-1.000000	-1.000000	-1.000000	-1.000000	-1.000000	-1.000000	-1.000000	73.172414	0.000000	-1.000000	-1.000000	1909869.000000	1773868063.577162
-6529.680000	1355.580000	12503.520000	14884.830000	-16572.060000	-19392.255000	8650.350000	15615.135000	12.941751	20.805024	24.591945	26.291956	26.289766	22.181521	6.000053	-28.285800	-3.479280	5.859840	-4.211760	0.794432	0.394835	0.417052	-1.000000	-1.000000	-1.000000	-1.000000	-1.000000	-1.000000	-1.000000	73.172414	0.000000	-1.000000	-1.000000	1909870.000000	1773868063.577219
-6507.180000	1394.145000	12533.760000	14910.030000	-16542.945000	-19365.615000	8659.395000	15602.220000	14.658263	22.377788	23.586642	23.998539	22.869469	17.809245	2.846312	-27.935844	-1.358140	6.104000	-3.677660	0.793516	0.395019	0.419555	-1.000000	-1.000000	-1.000000	-1.000000	-1.000000	-1.000000	-1.000000	73.172414	0.000000	-1.000000	-1.000000	1909871.000000	1773868063.579336
-6561.990000	1379.070000	12545.010000	14937.120000	-16513.965000	-19329.750000	8676.585000	15560.370000	11.246993	19.229701	17.664533	16.821393	15.765496	12.292464	0.780334	-16.357094	-1.358140	6.104000	-3.677660	0.793516	0.395019	0.419555	-1.000000	-1.000000	-1.000000	-1.000000	-1.000000	-1.000000	-1.000000	73.172414	0.000000	-1.000000	-1.000000	1909872.000000	1773868063.579346
-6598.215000	1355.535000	12531.330000	14923.485000	-16542.180000	-19345.320000	8687.205000	15569.100000	1.160975	8.985012	6.740711	5.848482	5.741304	5.944749	-1.036056	-4.598797	-1.358140	6.104000	-3.677660	0.793516	0.395019	0.419555	-1.000000	-1.000000	-1.000000	-1.000000	-1.000000	-1.000000	-1.000000	73.172414	0.000000	-1.000000	-1.000000	1909873.000000	1773868063.588468
-6572.385000	1304.955000	12467.610000	14854.230000	-16610.985000	-19428.255000	8674.875000	15646.680000	-12.614549	-7.417194	-7.652181	-7.337584	-6.963152	-2.899311	-2.886238	1.603660	-1.358140	6.104000	-3.677660	0.793516	0.395019	0.419555	-1.000000	-1.000000	-1.000000	-1.000000	-1.000000	-1.000000	-1.000000	73.172414	0.000000	-1.000000	-1.000000	1909874.000000	1773868063.588478
-6522.705000	1314.180000	12465.990000	14852.430000	-16602.795000	-19423.350000	8668.890000	15667.155000	-21.187177	-24.311369	-22.711833	-21.544673	-21.962339	-16.558170	-4.814369	6.810285	-1.358140	6.104000	-3.677660	0.793516	0.395019	0.419555	-1.000000	-1.000000	-1.000000	-1.000000	-1.000000	-1.000000	-1.000000	73.172414	0.000000	-1.000000	-1.000000	1909875.000000	1773868063.588490
-6541.695000	1300.680000	12451.095000	14832.945000	-16628.040000	-19448.010000	8650.845000	15641.100000	-17.888076	-33.531676	-33.144776	-32.757906	-34.526362	-31.445607	-6.720932	14.460582	-1.358140	6.104000	-3.677660	0.793516	0.395019	0.419555	-1.000000	-1.000000	-1.000000	-1.000000	-1.000000	-1.000000	-1.000000	73.172414	0.000000	-1.000000	-1.000000	1909876.000000	1773868063.588556
-6556.005000	1306.800000	12459.015000	14842.890000	-16617.645000	-19433.520000	8638.245000	15616.485000	-5.845533	-29.557993	-32.403348	-33.795927	-36.156444	-37.417937	-8.096460	19.290660	-1.358140	6.104000	-3.677660	0.793516	0.395019	0.419555	-1.000000	-1.000000	-1.000000	-1.000000	-1.000000	-1.000000	-1.000000	73.172414	0.000000	-1.000000	-1.000000	1909877.000000	1773868063.591120
-6550.380000	1326.240000	12482.145000	14868.675000	-16591.095000	-19406.340000	8654.085000	15617.520000	6.435248	-13.385937	-18.101655	-20.593680	-22.183901	-26.890302	-7.502141	15.709087	-1.358140	6.104000	-3.677660	0.793516	0.395019	0.419555	-1.000000	-1.000000	-1.000000	-1.000000	-1.000000	-1.000000	-1.000000	73.172414	0.000000	-1.000000	-1.000000	1909878.000000	1773868063.591129
-6565.455000	1310.715000	12466.980000	14848.920000	-16615.845000	-19431.495000	8651.835000	15603.210000	12.736152	7.344297	4.090114	2.197902	2.146803	-3.235163	-3.553186	5.215471	-1.358140	6.104000	-3.677660	0.793516	0.395019	0.419555	-1.000000	-1.000000	-1.000000	-1.000000	-1.000000	-1.000000	-1.000000	73.172414	0.000000	-1.000000	-1.000000	1909879.000000	1773868063.608634
-6561.945000	1306.980000	12463.965000	14839.650000	-16630.155000	-19452.600000	8659.125000	15606.180000	11.324739	21.718341	22.296348	22.089046	23.019938	19.536253	2.529103	-5.940313	-1.358140	6.104000	-3.677660	0.793516	0.395019	0.419555	-1.000000	-1.000000	-1.000000	-1.000000	-1.000000	-1.000000	-1.000000	73.172414	0.000000	-1.000000	-1.000000	1909880.000000	1773868063.608644
-6549.120000	1328.355000	12488.580000	14872.005000	-16593.120000	-19419.705000	8660.160000	15615.855000	5.895831	24.047490	27.877487	28.913343	29.814400	29.091716	7.211843	-11.971929	-2.075360	4.928980	-3.250380	0.792356	0.397399	0.423034	-1.000000	-1.000000	-1.000000	-1.000000	-1.000000	-1.000000	-1.000000	73.172414	0.000000	-1.000000	-1.000000	1909881.000000	1773868063.608656
-6574.230000	1301.580000	12455.640000	14836.275000	-16624.710000	-19428.615000	8653.185000	15619.005000	2.153241	17.954328	22.165236	23.385572	24.329122	25.758966	7.937879	-11.758010	-2.075360	4.928980	-3.250380	0.792356	0.397399	0.423034	-1.000000	-1.000000	-1.000000	-1.000000	-1.000000	-1.000000	-1.000000	73.172414	0.000000	-1.000000	-1.000000	1909882.000000	1773868063.608662
-6567.435000	1311.480000	12466.305000	14846.850000	-16618.005000	-19445.130000	8656.560000	15612.120000	0.638841	9.872659	11.948399	12.830485	14.560014	17.410979	5.230253	-9.140571	-2.075360	4.928980	-3.250380	0.792356	0.397399	0.423034	-1.000000	-1.000000	-1.000000	-1.000000	-1.000000	-1.000000	-1.000000	73.172414	0.000000	-1.000000	-1.000000	1909883.000000	1773868063.608668
-6550.155000	1339.605000	12496.590000	14880.060000	-16582.995000	-19398.915000	8659.035000	15601.140000	-1.735883	3.580134	3.183329	3.777028	6.012255	9.545426	1.870559	-7.702374	-2.075360	4.928980	-3.250380	0.792356	0.397399	0.423034	-1.000000	-1.000000	-1.000000	-1.000000	-1.000000	-1.000000	-1.000000	73.172414	0.000000	-1.000000	-1.000000	1909884.000000	1773868063.608673
-6556.365000	1336.500000	12492.765000	14880.060000	-16575.705000	-19383.705000	8653.185000	15596.460000	-4.858837	0.138703	-1.290606	-0.617371	1.043956	4.257145	0.235159	-6.465675	-2.075360	4.928980	-3.250380	0.792356	0.397399	0.423034	-1.000000	-1.000000	-1.000000	-1.000000	-1.000000	-1.000000	-1.000000	73.172414	0.000000	-1.000000	-1.000000	1909885.000000	1773868063.608679
-6579.945000	1307.025000	12461.535000	14845.320000	-16612.245000	-19419.525000	8644.545000	15602.265000	-6.106089	-2.197538	-3.141988	-2.098714	-1.464221	0.729926	0.369014	-2.162467	-2.075360	4.928980	-3.250380	0.792356	0.397399	0.423034	-1.000000	-1.000000	-1.000000	-1.000000	-1.000000	-1.000000	-1.000000	73.172414	0.000000	-1.000000	-1.000000	1909886.000000	1773868063.608684
-6580.890000	1314.495000	12468.105000	14852.295000	-16609.770000	-19427.490000	8649.135000	15601.005000	-4.917106	-6.259921	-6.298279	-5.184882	-5.451679	-4.750990	0.521107	5.623322	-2.075360	4.928980	-3.250380	0.792356	0.397399	0.423034	-1.000000	-1.000000	-1.000000	-1.000000	-1.000000	-1.000000	-1.000000	73.172414	0.000000	-1.000000	-1.000000	1909887.000000	1773868063.611122
-6578.145000	1316.385000	12469.410000	14851.845000	-16609.545000	-19429.335000	8650.620000	15601.635000	-2.521728	-11.600455	-11.206400	-10.622777	-11.727600	-13.011311	-0.566618	13.320375	-2.075360	4.928980	-3.250380	0.792356	0.397399	0.423034	-1.000000	-1.000000	-1.000000	-1.000000	-1.000000	-1.000000	-1.000000	73.172414	0.000000	-1.000000	-1.000000	1909888.000000	1773868063.611131
-6559.200000	1334.970000	12493.260000	14879.160000	-16577.505000	-19399.005000	8668.305000	15603.705000	0.584622	-14.256323	-14.091631	-14.321885	-15.984246	-19.058152	-2.344444	16.608182	-2.075360	4.928980	-3.250380	0.792356	0.397399	0.423034	-1.000000	-1.000000	-1.000000	-1.000000	-1.000000	-1.000000	-1.000000	73.172414	0.000000	-1.000000	-1.000000	1909889.000000	1773868063.615133
-6552.990000	1336.365000	12492.135000	14873.895000	-16585.830000	-19398.015000	8663.895000	15596.820000	4.547679	-11.114862	-11.584283	-12.619763	-14.142274	-17.772788	-3.374375	13.145678	-2.075360	4.928980	-3.250380	0.792356	0.397399	0.423034	-1.000000	-1.000000	-1.000000	-1.000000	-1.000000	-1.000000	-1.000000	73.172414	0.000000	-1.000000	-1.000000	1909890.000000	1773868063.615140
-6576.885000	1310.400000	12466.620000	14844.735000	-16617.195000	-19420.200000	8640.405000	15584.490000	7.997111	-3.088262	-4.046404	-5.786012	-6.703848	-9.209639	-3.188130	3.463155	-2.380560	4.623780	-4.333840	0.794981	0.400329	0.425475	-1.000000	-1.000000	-1.000000	-1.000000	-1.000000	-1.000000	-1.000000	73.172414	0.000000	-1.000000	-1.000000	1909891.000000	1773868063.620386
-6579.000000	1321.695000	12486.375000	14875.245000	-16580.025000	-19423.890000	8634.870000	15578.235000	7.560233	5.167709	4.463601	2.448058	2.037155	1.617851	-2.758541	-8.523833	-2.380560	4.623780	-4.333840	0.794981	0.400329	0.425475	-1.000000	-1.000000	-1.000000	-1.000000	-1.000000	-1.000000	-1.000000	73.172414	0.000000	-1.000000	-1.000000	1909892.000000	1773868063.620393
-6559.740000	1326.015000	12480.525000	14859.945000	-16609.905000	-19451.880000	8643.105000	15601.590000	2.022961	9.058632	9.326020	7.838780	7.564795	8.103378	-2.482795	-16.278440	-2.380560	4.623780	-4.333840	0.794981	0.400329	0.425475	-1.000000	-1.000000	-1.000000	-1.000000	-1.000000	-1.000000	-1.000000	73.172414	0.000000	-1.000000	-1.000000	1909893.000000	1773868063.623197
-6547.410000	1323.450000	12474.000000	14853.915000	-16609.635000	-19419.930000	8638.560000	15622.920000	-4.343758	7.929665	8.932361	8.439480	7.815596	7.488855	-1.204434	-14.416470	-2.380560	4.623780	-4.333840	0.794981	0.400329	0.425475	-1.000000	-1.000000	-1.000000	-1.000000	-1.000000	-1.000000	-1.000000	73.172414	0.000000	-1.000000	-1.000000	1909894.000000	1773868063.623203
-6563.250000	1347.480000	12501.540000	14881.995000	-16577.730000	-19385.640000	8648.145000	15587.235000	-6.292067	4.763955	5.500347	5.825641	4.838473	4.317789	1.676573	-4.198494	-2.380560	4.623780	-4.333840	0.794981	0.400329	0.425475	-1.000000	-1.000000	-1.000000	-1.000000	-1.000000	-1.000000	-1.000000	73.172414	0.000000	-1.000000	-1.000000	1909895.000000	1773868063.627229
-6616.530000	1324.620000	12487.005000	14872.455000	-16580.205000	-19394.730000	8660.880000	15582.555000	-4.340753	2.297298	2.328581	3.280846	2.956709	4.620353	5.007383	6.371210	-2.380560	4.623780	-4.333840	0.794981	0.400329	0.425475	-1.000000	-1.000000	-1.000000	-1.000000	-1.000000	-1.000000	-1.000000	73.172414	0.000000	-1.000000	-1.000000	1909896.000000	1773868063.627238
-6622.695000	1301.310000	12462.255000	14844.735000	-16617.330000	-19425.240000	8658.225000	15600.555000	-3.388484	-0.106964	-0.248431	1.332571	2.720201	7.339458	6.820322	10.600036	-2.380560	4.623780	-4.333840	0.794981	0.400329	0.425475	-1.000000	-1.000000	-1.000000	-1.000000	-1.000000	-1.000000	-1.000000	73.172414	0.000000	-1.000000	-1.000000	1909897.000000	1773868063.633266
-6553.530000	1321.605000	12474.720000	14855.265000	-16605.945000	-19417.140000	8666.505000	15644.790000	-4.452061	-3.933355	-3.908882	-2.075899	0.603000	6.426399	5.532689	8.943964	-2.380560	4.623780	-4.333840	0.794981	0.400329	0.425475	-1.000000	-1.000000	-1.000000	-1.000000	-1.000000	-1.000000	-1.000000	73.172414	0.000000	-1.000000	-1.000000	1909898.000000	1773868063.633296
-6510.960000	1338.525000	12483.360000	14857.920000	-16606.890000	-19414.980000	8667.495000	15652.980000	-2.246715	-6.839048	-7.227999	-6.013838	-3.654854	0.260083	1.685873	5.804086	-2.380560	4.623780	-4.333840	0.794981	0.400329	0.425475	-1.000000	-1.000000	-1.000000	-1.000000	-1.000000	-1.000000	-1.000000	73.172414	0.000000	-1.000000	-1.000000	1909899.000000	1773868063.636078
-6522.435000	1327.410000	12473.775000	14853.960000	-16602.795000	-19430.595000	8643.510000	15624.090000	6.153167	-5.048059	-6.543135	-6.592808	-5.800888	-6.312060	-2.275851	3.210679	-2.380560	4.623780	-4.333840	0.794981	0.400329	0.425475	-1.000000	-1.000000	-1.000000	-1.000000	-1.000000	-1.000000	-1.000000	73.172414	0.000000	-1.000000	-1.000000	1909900.000000	1773868063.636087
-6536.070000	1326.555000	12471.435000	14847.030000	-16614.945000	-19411.380000	8652.510000	15544.575000	14.687086	0.368906	-2.025799	-3.265329	-4.073260	-8.509305	-4.710920	-1.358895	-1.144500	6.332900	-2.441600	0.798216	0.402404	0.428588	-1.000000	-1.000000	-1.000000	-1.000000	-1.000000	-1.000000	-1.000000	73.172414	0.000000	-1.000000	-1.000000	1909901.000000	1773868063.639189
-6538.410000	1354.410000	12502.170000	14880.735000	-16576.380000	-19391.175000	8656.155000	15526.305000	14.653312	5.007622	3.008690	1.276725	-0.225281	-5.258117	-5.191753	-10.656317	-1.144500	6.332900	-2.441600	0.798216	0.402404	0.428588	-1.000000	-1.000000	-1.000000	-1.000000	-1.000000	-1.000000	-1.000000	73.172414	0.000000	-1.000000	-1.000000	1909902.000000	1773868063.639197
-6551.685000	1365.075000	12523.680000	14908.545000	-16549.830000	-19387.080000	8656.605000	15591.330000	4.542269	6.914241	7.066865	5.921157	4.758838	1.026720	-3.673857	-20.207965	-1.144500	6.332900	-2.441600	0.798216	0.402404	0.428588	-1.000000	-1.000000	-1.000000	-1.000000	-1.000000	-1.000000	-1.000000	73.172414	0.000000	-1.000000	-1.000000	1909903.000000	1773868063.643182
-6576.075000	1347.750000	12498.255000	14871.240000	-16599.150000	-19434.240000	8657.550000	15636.420000	-9.095803	6.069972	9.151252	9.326593	8.703678	4.969963	-1.163597	-19.004223	-1.144500	6.332900	-2.441600	0.798216	0.402404	0.428588	-1.000000	-1.000000	-1.000000	-1.000000	-1.000000	-1.000000	-1.000000	73.172414	0.000000	-1.000000	-1.000000	1909904.000000	1773868063.643191
-6584.850000	1336.410000	12498.840000	14880.735000	-16580.520000	-19412.505000	8662.320000	15602.310000	-17.727912	2.406837	7.162109	8.298781	7.561726	3.027032	0.665485	-3.150202	-1.144500	6.332900	-2.441600	0.798216	0.402404	0.428588	-1.000000	-1.000000	-1.000000	-1.000000	-1.000000	-1.000000	-1.000000	73.172414	0.000000	-1.000000	-1.000000	1909905.000000	1773868063.647087
-6574.995000	1297.980000	12467.160000	14855.310000	-16601.670000	-19426.275000	8650.305000	15626.385000	-17.178483	-3.261003	0.967261	2.273070	1.305136	-2.012511	0.885121	16.461851	-1.144500	6.332900	-2.441600	0.798216	0.402404	0.428588	-1.000000	-1.000000	-1.000000	-1.000000	-1.000000	-1.000000	-1.000000	73.172414	0.000000	-1.000000	-1.000000	1909906.000000	1773868063.647094
-6579.540000	1277.010000	12447.450000	14833.485000	-16624.440000	-19431.765000	8650.845000	15655.320000	-10.301855	-9.643141	-7.197894	-5.952632	-6.192677	-5.351608	-0.340425	25.939626	-1.144500	6.332900	-2.441600	0.798216	0.402404	0.428588	-1.000000	-1.000000	-1.000000	-1.000000	-1.000000	-1.000000	-1.000000	73.172414	0.000000	-1.000000	-1.000000	1909907.000000	1773868063.651192
-6619.725000	1294.335000	12467.295000	14856.885000	-16591.500000	-19401.390000	8662.050000	15618.240000	-3.489662	-14.266096	-13.612554	-12.362202	-11.033409	-4.731818	-1.420583	21.003135	-1.144500	6.332900	-2.441600	0.798216	0.402404	0.428588	-1.000000	-1.000000	-1.000000	-1.000000	-1.000000	-1.000000	-1.000000	73.172414	0.000000	-1.000000	-1.000000	1909908.000000	1773868063.651202
-6606.405000	1316.745000	12480.120000	14864.130000	-16598.565000	-19427.580000	8655.210000	15625.080000	0.038713	-12.696868	-13.624599	-12.712969	-10.219959	-0.242477	-0.257277	6.997055	-1.144500	6.332900	-2.441600	0.798216	0.402404	0.428588	-1.000000	-1.000000	-1.000000	-1.000000	-1.000000	-1.000000	-1.000000	73.172414	0.000000	-1.000000	-1.000000	1909909.000000	1773868063.666752
-6539.220000	1328.490000	12477.960000	14856.120000	-16614.315000	-19447.110000	8638.245000	15638.535000	3.310298	-3.193490	-6.052793	-6.293410	-4.365260	4.508721	2.535092	-5.953815	-1.144500	6.332900	-2.441600	0.798216	0.402404	0.428588	-1.000000	-1.000000	-1.000000	-1.000000	-1.000000	-1.000000	-1.000000	73.172414	0.000000	-1.000000	-1.000000	1909910.000000	1773868063.666762
-6499.305000	1342.530000	12480.615000	14856.570000	-16608.645000	-19445.175000	8640.720000	15630.120000	11.011465	9.559502	4.212835	2.174331	1.782610	4.694974	3.886828	-10.854603	-1.220800	7.156940	-2.533160	0.800108	0.404906	0.431151	-1.000000	-1.000000	-1.000000	-1.000000	-1.000000	-1.000000	-1.000000	73.172414	0.000000	-1.000000	-1.000000	1909911.000000	1773868063.666773
-6501.645000	1363.230000	12502.035000	14872.950000	-16601.085000	-19416.195000	8652.735000	15631.425000	21.884962	18.399676	10.957000	7.328795	4.491778	0.740187	2.616092	-9.936706	-1.220800	7.156940	-2.533160	0.800108	0.404906	0.431151	-1.000000	-1.000000	-1.000000	-1.000000	-1.000000	-1.000000	-1.000000	73.172414	0.000000	-1.000000	-1.000000	1909912.000000	1773868063.666778
-6528.915000	1360.935000	12511.125000	14890.950000	-16564.185000	-19363.725000	8662.095000	15632.460000	28.071493	19.649520	12.404937	8.542274	5.075275	-1.113011	0.472698	-8.947846	-1.220800	7.156940	-2.533160	0.800108	0.404906	0.431151	-1.000000	-1.000000	-1.000000	-1.000000	-1.000000	-1.000000	-1.000000	73.172414	0.000000	-1.000000	-1.000000	1909913.000000	1773868063.666784
-6574.950000	1305.945000	12465.135000	14851.755000	-16601.040000	-19408.950000	8656.155000	15612.930000	21.751870	13.513434	9.970114	7.904004	6.399516	2.824294	-0.749595	-9.173825	-1.220800	7.156940	-2.533160	0.800108	0.404906	0.431151	-1.000000	-1.000000	-1.000000	-1.000000	-1.000000	-1.000000	-1.000000	73.172414	0.000000	-1.000000	-1.000000	1909914.000000	1773868063.666789
-6585.570000	1286.595000	12442.590000	14828.355000	-16626.960000	-19434.600000	8668.980000	15597.540000	1.857609	1.914794	4.308993	5.354184	7.152883	7.476526	-0.704845	-9.306710	-1.220800	7.156940	-2.533160	0.800108	0.404906	0.431151	-1.000000	-1.000000	-1.000000	-1.000000	-1.000000	-1.000000	-1.000000	73.172414	0.000000	-1.000000	-1.000000	1909915.000000	1773868063.667764
-6558.570000	1331.280000	12488.985000	14874.885000	-16577.865000	-19385.685000	8679.510000	15582.105000	-22.436866	-10.261139	-2.744879	0.983480	5.003727	6.490039	0.306822	-8.856808	-1.220800	7.156940	-2.533160	0.800108	0.404906	0.431151	-1.000000	-1.000000	-1.000000	-1.000000	-1.000000	-1.000000	-1.000000	73.172414	0.000000	-1.000000	-1.000000	1909916.000000	1773868063.667774
-6547.365000	1351.485000	12510.135000	14890.095000	-16572.465000	-19383.570000	8664.120000	15581.835000	-36.069731	-16.038589	-6.632530	-2.129270	1.491258	1.051308	1.482137	-6.257967	-1.220800	7.156940	-2.533160	0.800108	0.404906	0.431151	-1.000000	-1.000000	-1.000000	-1.000000	-1.000000	-1.000000	-1.000000	73.172414	0.000000	-1.000000	-1.000000	1909917.000000	1773868063.672536
-6559.155000	1320.840000	12477.645000	14860.530000	-16595.280000	-19408.410000	8636.310000	15615.090000	-31.306078	-13.319951	-5.541342	-2.417301	-1.288602	-4.092123	1.151674	1.061134	-1.220800	7.156940	-2.533160	0.800108	0.404906	0.431151	-1.000000	-1.000000	-1.000000	-1.000000	-1.000000	-1.000000	-1.000000	73.172414	0.000000	-1.000000	-1.000000	1909918.000000	1773868063.672546
-6563.250000	1311.840000	12472.245000	14862.735000	-16587.675000	-19409.355000	8635.320000	15629.625000	-14.870496	-7.270884	-3.058182	-2.179113	-3.470612	-6.909797	-1.548077	12.521762	-1.220800	7.156940	-2.533160	0.800108	0.404906	0.431151	-1.000000	-1.000000	-1.000000	-1.000000	-1.000000	-1.000000	-1.000000	73.172414	0.000000	-1.000000	-1.000000	1909919.000000	1773868063.675115
-6568.425000	1318.905000	12477.735000	14860.980000	-16599.420000	-19412.595000	8653.680000	15622.245000	0.963928	-3.415431	-2.783799	-3.463192	-5.572624	-7.790282	-4.751756	22.390992	-1.220800	7.156940	-2.533160	0.800108	0.404906	0.431151	-1.000000	-1.000000	-1.000000	-1.000000	-1.000000	-1.000000	-1.000000	73.172414	0.000000	-1.000000	-1.000000	1909920.000000	1773868063.675124
-6568.830000	1314.585000	12471.210000	14852.880000	-16610.085000	-19436.085000	8658.810000	15619.680000	10.222437	-2.309666	-4.462341	-5.753899	-7.568145	-7.991672	-5.537170	23.537750	-7.248500	5.066320	-0.976640	0.798216	0.407164	0.435119	-1.000000	-1.000000	-1.000000	-1.000000	-1.000000	-1.000000	-1.000000	73.172414	0.000000	-1.000000	-1.000000	1909921.000000	1773868063.679182
-6567.615000	1311.615000	12466.035000	14847.705000	-16611.165000	-19432.080000	8661.375000	15614.505000	14.554993	-1.047706	-5.492125	-7.166955	-8.781537	-8.416956	-3.124358	14.087745	-7.248500	5.066320	-0.976640	0.798216	0.407164	0.435119	-1.000000	-1.000000	-1.000000	-1.000000	-1.000000	-1.000000	-1.000000	73.172414	0.000000	-1.000000	-1.000000	1909922.000000	1773868063.679192
-6565.545000	1327.095000	12488.940000	14872.455000	-16585.020000	-19411.650000	8662.860000	15601.815000	17.082826	3.521413	-2.766138	-5.046737	-6.856206	-6.844322	0.876916	-0.860061	-7.248500	5.066320	-0.976640	0.798216	0.407164	0.435119	-1.000000	-1.000000	-1.000000	-1.000000	-1.000000	-1.000000	-1.000000	73.172414	0.000000	-1.000000	-1.000000	1909923.000000	1773868063.683187
-6572.565000	1314.090000	12482.775000	14865.255000	-16595.415000	-19433.430000	8662.005000	15599.025000	17.513086	11.065183	4.520088	1.823013	0.082958	-0.383375	4.077418	-13.898863	-7.248500	5.066320	-0.976640	0.798216	0.407164	0.435119	-1.000000	-1.000000	-1.000000	-1.000000	-1.000000	-1.000000	-1.000000	73.172414	0.000000	-1.000000	-1.000000	1909924.000000	1773868063.683195
-6555.285000	1321.470000	12488.670000	14871.060000	-16589.070000	-19408.320000	8653.095000	15615.135000	13.460327	15.806116	11.548254	9.352705	8.440854	8.161263	4.642392	-19.319422	-7.248500	5.066320	-0.976640	0.798216	0.407164	0.435119	-1.000000	-1.000000	-1.000000	-1.000000	-1.000000	-1.000000	-1.000000	73.172414	0.000000	-1.000000	-1.000000	1909925.000000	1773868063.687146
-6550.515000	1310.130000	12471.660000	14856.210000	-16598.115000	-19409.040000	8633.295000	15602.130000	5.098287	12.208880	11.810392	11.207461	11.840562	13.297097	2.564526	-15.492228	-7.248500	5.066320	-0.976640	0.798216	0.407164	0.435119	-1.000000	-1.000000	-1.000000	-1.000000	-1.000000	-1.000000	-1.000000	73.172414	0.000000	-1.000000	-1.000000	1909926.000000	1773868063.687158
-6567.210000	1299.645000	12454.830000	14836.140000	-16623.270000	-19437.120000	8629.335000	15600.870000	-4.499350	1.721573	4.579998	6.000810	8.408354	13.089883	-0.262348	-6.648104	-7.248500	5.066320	-0.976640	0.798216	0.407164	0.435119	-1.000000	-1.000000	-1.000000	-1.000000	-1.000000	-1.000000	-1.000000	73.172414	0.000000	-1.000000	-1.000000	1909927.000000	1773868063.691361
-6566.310000	1325.880000	12472.155000	14848.110000	-16612.380000	-19417.005000	8644.230000	15609.600000	-12.309786	-8.781947	-4.859626	-2.214253	1.100577	8.437239	-1.715849	0.917362	-7.248500	5.066320	-0.976640	0.798216	0.407164	0.435119	-1.000000	-1.000000	-1.000000	-1.000000	-1.000000	-1.000000	-1.000000	73.172414	0.000000	-1.000000	-1.000000	1909928.000000	1773868063.691370
-6568.740000	1323.765000	12466.980000	14841.540000	-16618.590000	-19421.640000	8647.740000	15608.610000	-15.897899	-13.218890	-10.573506	-8.217639	-5.469478	1.766592	-1.235897	4.571041	-7.248500	5.066320	-0.976640	0.798216	0.407164	0.435119	-1.000000	-1.000000	-1.000000	-1.000000	-1.000000	-1.000000	-1.000000	73.172414	0.000000	-1.000000	-1.000000	1909929.000000	1773868063.701059
-6593.715000	1317.735000	12475.170000	14859.315000	-16591.860000	-19415.295000	8637.165000	15552.630000	-13.939069	-10.436210	-9.968967	-8.769029	-7.376707	-3.775679	-0.124111	4.512743	-7.248500	5.066320	-0.976640	0.798216	0.407164	0.435119	-1.000000	-1.000000	-1.000000	-1.000000	-1.000000	-1.000000	-1.000000	73.172414	0.000000	-1.000000	-1.000000	1909930.000000	1773868063.701075
-6596.100000	1338.885000	12497.985000	14873.085000	-16592.490000	-19409.715000	8632.440000	15477.750000	-7.756996	-3.234995	-3.880259	-3.692832	-3.769976	-6.336870	0.017332	0.367001	-6.867000	5.264700	0.625660	0.796385	0.406371	0.433898	-1.000000	-1.000000	-1.000000	-1.000000	-1.000000	-1.000000	-1.000000	73.172414	0.000000	-1.000000	-1.000000	1909931.000000	1773868063.701085
-6570.900000	1372.320000	12524.400000	14896.845000	-16565.265000	-19372.860000	8660.835000	15480.225000	0.060187	5.174184	4.925989	4.367297	2.719921	-5.344054	-0.631053	-6.823986	-6.867000	5.264700	0.625660	0.796385	0.406371	0.433898	-1.000000	-1.000000	-1.000000	-1.000000	-1.000000	-1.000000	-1.000000	73.172414	0.000000	-1.000000	-1.000000	1909932.000000	1773868063.701090
-6555.285000	1340.910000	12492.360000	14875.650000	-16573.275000	-19385.190000	8673.390000	15599.745000	7.569363	11.355199	11.733533	10.640913	7.918309	-1.578601	-0.135278	-10.010843	-6.867000	5.264700	0.625660	0.796385	0.406371	0.433898	-1.000000	-1.000000	-1.000000	-1.000000	-1.000000	-1.000000	-1.000000	73.172414	0.000000	-1.000000	-1.000000	1909933.000000	1773868063.703203
-6543.855000	1338.120000	12494.790000	14874.885000	-16588.845000	-19415.700000	8652.240000	15622.110000	12.683531	11.043318	11.425526	10.502573	8.128105	1.231340	2.278034	-0.910212	-6.867000	5.264700	0.625660	0.796385	0.406371	0.433898	-1.000000	-1.000000	-1.000000	-1.000000	-1.000000	-1.000000	-1.000000	73.172414	0.000000	-1.000000	-1.000000	1909934.000000	1773868063.703212
-6558.705000	1322.280000	12479.805000	14857.245000	-16604.955000	-19428.750000	8655.075000	15666.390000	13.030174	3.377584	3.729791	3.672493	2.598112	-0.556597	4.810495	18.084739	-6.867000	5.264700	0.625660	0.796385	0.406371	0.433898	-1.000000	-1.000000	-1.000000	-1.000000	-1.000000	-1.000000	-1.000000	73.172414	0.000000	-1.000000	-1.000000	1909935.000000	1773868063.713170
-6589.215000	1300.770000	12465.630000	14845.725000	-16611.570000	-19430.280000	8665.830000	15659.910000	7.606557	-7.159965	-6.082113	-5.343158	-5.258433	-5.361400	5.393311	33.604141	-6.867000	5.264700	0.625660	0.796385	0.406371	0.433898	-1.000000	-1.000000	-1.000000	-1.000000	-1.000000	-1.000000	-1.000000	73.172414	0.000000	-1.000000	-1.000000	1909936.000000	1773868063.713180
-6585.795000	1329.435000	12495.195000	14880.780000	-16570.440000	-19395.990000	8666.055000	15623.730000	-1.766688	-14.803713	-12.377482	-11.227476	-10.192734	-8.043893	3.256619	32.685852	-6.867000	5.264700	0.625660	0.796385	0.406371	0.433898	-1.000000	-1.000000	-1.000000	-1.000000	-1.000000	-1.000000	-1.000000	73.172414	0.000000	-1.000000	-1.000000	1909937.000000	1773868063.713191
-6533.550000	1338.885000	12481.605000	14853.735000	-16607.610000	-19427.085000	8679.105000	15679.080000	-9.453813	-15.168165	-12.207685	-11.028425	-9.182603	-5.588623	-0.955867	13.685407	-6.867000	5.264700	0.625660	0.796385	0.406371	0.433898	-1.000000	-1.000000	-1.000000	-1.000000	-1.000000	-1.000000	-1.000000	73.172414	0.000000	-1.000000	-1.000000	1909938.000000	1773868063.713197
-6536.430000	1321.515000	12464.460000	14838.660000	-16627.770000	-19449.135000	8666.595000	15670.305000	-9.170881	-7.544752	-6.737183	-6.393867	-4.708195	-0.277633	-5.081515	-10.780794	-6.867000	5.264700	0.625660	0.796385	0.406371	0.433898	-1.000000	-1.000000	-1.000000	-1.000000	-1.000000	-1.000000	-1.000000	73.172414	0.000000	-1.000000	-1.000000	1909939.000000	1773868063.718819
-6560.865000	1301.490000	12452.220000	14826.645000	-16638.795000	-19461.735000	8640.135000	15625.350000	-1.676744	2.684280	-0.821426	-2.047066	-1.805874	2.903485	-7.593018	-25.889402	-6.867000	5.264700	0.625660	0.796385	0.406371	0.433898	-1.000000	-1.000000	-1.000000	-1.000000	-1.000000	-1.000000	-1.000000	73.172414	0.000000	-1.000000	-1.000000	1909940.000000	1773868063.718835
-6562.395000	1296.945000	12459.780000	14836.230000	-16627.365000	-19446.435000	8639.415000	15621.885000	4.812909	8.339068	1.899360	-0.371265	-1.755330	2.067432	-9.100311	-28.740665	-5.066320	2.502640	-1.175020	0.797056	0.404906	0.431517	-1.000000	-1.000000	-1.000000	-1.000000	-1.000000	-1.000000	-1.000000	73.172414	0.000000	-1.000000	-1.000000	1909941.000000	1773868063.733472
-6545.115000	1329.660000	12493.980000	14872.680000	-16583.625000	-19382.760000	8658.270000	15623.685000	4.283068	8.104645	2.897830	0.875584	-1.114261	0.952837	-9.276445	-26.047855	-5.066320	2.502640	-1.175020	0.797056	0.404906	0.431517	-1.000000	-1.000000	-1.000000	-1.000000	-1.000000	-1.000000	-1.000000	73.172414	0.000000	-1.000000	-1.000000	1909942.000000	1773868063.733480
-6518.205000	1358.010000	12515.220000	14890.905000	-16565.265000	-19379.250000	8677.170000	15639.660000	-1.065370	6.847128	6.055430	5.243115	4.181166	4.908103	-5.255421	-22.461660	-5.066320	2.502640	-1.175020	0.797056	0.404906	0.431517	-1.000000	-1.000000	-1.000000	-1.000000	-1.000000	-1.000000	-1.000000	73.172414	0.000000	-1.000000	-1.000000	1909943.000000	1773868063.733490
-6541.875000	1323.360000	12482.055000	14854.545000	-16613.100000	-19440.675000	8656.830000	15631.920000	-5.009453	8.010292	11.425678	11.995686	12.781671	12.435949	3.417105	-16.590974	-5.066320	2.502640	-1.175020	0.797056	0.404906	0.431517	-1.000000	-1.000000	-1.000000	-1.000000	-1.000000	-1.000000	-1.000000	73.172414	0.000000	-1.000000	-1.000000	1909944.000000	1773868063.733495
-6586.290000	1295.685000	12460.005000	14840.415000	-16613.055000	-19431.450000	8637.390000	15609.915000	-4.946125	8.578005	13.573736	15.019511	17.004570	14.725730	11.188829	-6.382177	-5.066320	2.502640	-1.175020	0.797056	0.404906	0.431517	-1.000000	-1.000000	-1.000000	-1.000000	-1.000000	-1.000000	-1.000000	73.172414	0.000000	-1.000000	-1.000000	1909945.000000	1773868063.733501
-6591.060000	1300.860000	12463.965000	14850.630000	-16594.695000	-19408.590000	8648.010000	15603.885000	-3.668261	3.722953	7.762197	9.580953	11.582339	7.207774	12.036731	6.566709	-5.066320	2.502640	-1.175020	0.797056	0.404906	0.431517	-1.000000	-1.000000	-1.000000	-1.000000	-1.000000	-1.000000	-1.000000	73.172414	0.000000	-1.000000	-1.000000	1909946.000000	1773868063.733506
-6576.345000	1316.520000	12474.900000	14849.775000	-16612.785000	-19425.015000	8651.745000	15605.910000	-3.834954	-5.320573	-3.289348	-1.330216	0.122901	-4.584627	6.314811	17.826589	-5.066320	2.502640	-1.175020	0.797056	0.404906	0.431517	-1.000000	-1.000000	-1.000000	-1.000000	-1.000000	-1.000000	-1.000000	73.172414	0.000000	-1.000000	-1.000000	1909947.000000	1773868063.733512
-6564.735000	1315.890000	12473.145000	14849.370000	-16606.755000	-19427.940000	8644.680000	15611.625000	-3.690272	-11.755774	-11.746212	-10.218239	-9.682851	-12.547494	-0.636762	24.176247	-5.066320	2.502640	-1.175020	0.797056	0.404906	0.431517	-1.000000	-1.000000	-1.000000	-1.000000	-1.000000	-1.000000	-1.000000	73.172414	0.000000	-1.000000	-1.000000	1909948.000000	1773868063.733517
-6562.665000	1299.375000	12462.030000	14845.455000	-16604.325000	-19423.980000	8643.780000	15610.365000	-0.078173	-11.147079	-12.954035	-12.606745	-13.141283	-13.459234	-4.271710	25.638775	-5.066320	2.502640	-1.175020	0.797056	0.404906	0.431517	-1.000000	-1.000000	-1.000000	-1.000000	-1.000000	-1.000000	-1.000000	73.172414	0.000000	-1.000000	-1.000000	1909949.000000	1773868063.742105
-6571.035000	1305.675000	12475.080000	14862.195000	-16585.245000	-19402.785000	8644.050000	15597.315000	6.080435	-5.315975	-8.415174	-9.281455	-10.469278	-9.148547	-3.930147	21.859427	-5.066320	2.502640	-1.175020	0.797056	0.404906	0.431517	-1.000000	-1.000000	-1.000000	-1.000000	-1.000000	-1.000000	-1.000000	73.172414	0.000000	-1.000000	-1.000000	1909950.000000	1773868063.742113
-6565.005000	1324.035000	12493.260000	14879.520000	-16570.530000	-19388.880000	8655.345000	15584.715000	9.929562	1.062743	-2.156290	-3.585133	-4.954674	-3.415740	-1.726391	11.132396	-6.699140	1.922760	1.083460	0.796446	0.404967	0.427916	-1.000000	-1.000000	-1.000000	-1.000000	-1.000000	-1.000000	-1.000000	73.241379	0.000000	-1.000000	-1.000000	1909951.000000	1773868063.742122
-6539.715000	1347.840000	12511.350000	14889.105000	-16569.810000	-19385.685000	8667.045000	15589.665000	8.612875	5.229081	3.235262	1.846450	0.413124	1.529748	0.442856	-4.659463	-6.699140	1.922760	1.083460	0.796446	0.404967	0.427916	-1.000000	-1.000000	-1.000000	-1.000000	-1.000000	-1.000000	-1.000000	73.241379	0.000000	-1.000000	-1.000000	1909952.000000	1773868063.742127
-6537.960000	1346.445000	12511.035000	14891.985000	-16565.355000	-19398.960000	8664.480000	15614.370000	4.885284	7.742390	7.503594	6.299490	4.755192	5.780793	2.183438	-18.050529	-6.699140	1.922760	1.083460	0.796446	0.404967	0.427916	-1.000000	-1.000000	-1.000000	-1.000000	-1.000000	-1.000000	-1.000000	73.241379	0.000000	-1.000000	-1.000000	1909953.000000	1773868063.743240
-6571.080000	1297.980000	12455.955000	14837.355000	-16620.795000	-19452.825000	8635.590000	15625.080000	2.589501	8.691466	9.562691	8.390275	6.714094	7.602566	2.966322	-20.922497	-6.699140	1.922760	1.083460	0.796446	0.404967	0.427916	-1.000000	-1.000000	-1.000000	-1.000000	-1.000000	-1.000000	-1.000000	73.241379	0.000000	-1.000000	-1.000000	1909954.000000	1773868063.743246
-6577.155000	1297.530000	12450.645000	14829.480000	-16620.795000	-19436.670000	8637.120000	15622.155000	0.942515	5.387839	6.267326	5.105173	3.581222	3.793242	1.252966	-12.193874	-6.699140	1.922760	1.083460	0.796446	0.404967	0.427916	-1.000000	-1.000000	-1.000000	-1.000000	-1.000000	-1.000000	-1.000000	73.241379	0.000000	-1.000000	-1.000000	1909955.000000	1773868063.747435
-6583.365000	1300.185000	12451.680000	14826.420000	-16627.905000	-19436.445000	8651.070000	15612.750000	-2.895578	-2.502987	-2.199873	-2.995665	-3.390382	-3.353262	-2.581109	0.753839	-6.699140	1.922760	1.083460	0.796446	0.404967	0.427916	-1.000000	-1.000000	-1.000000	-1.000000	-1.000000	-1.000000	-1.000000	73.241379	0.000000	-1.000000	-1.000000	1909956.000000	1773868063.747446
-6590.565000	1302.165000	12459.915000	14836.095000	-16621.875000	-19439.820000	8647.290000	15603.975000	-8.442161	-9.989695	-10.032220	-10.011653	-8.453555	-7.322466	-5.129674	9.290574	-6.699140	1.922760	1.083460	0.796446	0.404967	0.427916	-1.000000	-1.000000	-1.000000	-1.000000	-1.000000	-1.000000	-1.000000	73.241379	0.000000	-1.000000	-1.000000	1909957.000000	1773868063.752670
-6578.415000	1313.910000	12475.305000	14852.745000	-16600.590000	-19422.405000	8643.465000	15597.675000	-12.009308	-11.491633	-11.283122	-10.447235	-7.600050	-5.385788	-4.145262	9.721944	-6.699140	1.922760	1.083460	0.796446	0.404967	0.427916	-1.000000	-1.000000	-1.000000	-1.000000	-1.000000	-1.000000	-1.000000	73.241379	0.000000	-1.000000	-1.000000	1909958.000000	1773868063.752680
-6568.110000	1318.275000	12480.390000	14865.480000	-16575.120000	-19408.905000	8630.460000	15585.120000	-10.276748	-6.133583	-5.364479	-4.111903	-1.425882	-0.023329	-1.183860	3.616474	-6.699140	1.922760	1.083460	0.796446	0.404967	0.427916	-1.000000	-1.000000	-1.000000	-1.000000	-1.000000	-1.000000	-1.000000	73.241379	0.000000	-1.000000	-1.000000	1909959.000000	1773868063.755962
-6566.445000	1319.355000	12477.960000	14860.530000	-16582.905000	-19400.670000	8640.000000	15583.185000	-3.600766	1.593367	2.752531	4.216538	6.128118	4.906897	0.841149	-4.462818	-6.699140	1.922760	1.083460	0.796446	0.404967	0.427916	-1.000000	-1.000000	-1.000000	-1.000000	-1.000000	-1.000000	-1.000000	73.241379	0.000000	-1.000000	-1.000000	1909960.000000	1773868063.755975
-6568.830000	1326.195000	12490.380000	14871.645000	-16590.420000	-19410.930000	8651.205000	15594.435000	3.956239	6.399333	7.654762	9.369356	10.511947	7.279372	1.137804	-9.777051	-3.525060	1.068200	3.082520	0.793028	0.399352	0.426146	-1.000000	-1.000000	-1.000000	-1.000000	-1.000000	-1.000000	-1.000000	73.241379	0.000000	-1.000000	-1.000000	1909961.000000	1773868063.759220
-6606.090000	1306.845000	12474.585000	14858.730000	-16593.885000	-19414.845000	8657.460000	15597.000000	8.285494	6.872496	8.126931	9.822595	9.739226	7.101874	1.473595	-9.720565	-3.525060	1.068200	3.082520	0.793028	0.399352	0.426146	-1.000000	-1.000000	-1.000000	-1.000000	-1.000000	-1.000000	-1.000000	73.241379	0.000000	-1.000000	-1.000000	1909962.000000	1773868063.759226
-6625.890000	1289.070000	12455.730000	14842.170000	-16603.290000	-19425.015000	8659.485000	15610.545000	7.845094	4.710157	6.014073	7.063502	5.397153	5.193511	3.378517	-4.650363	-3.525060	1.068200	3.082520	0.793028	0.399352	0.426146	-1.000000	-1.000000	-1.000000	-1.000000	-1.000000	-1.000000	-1.000000	73.241379	0.000000	-1.000000	-1.000000	1909963.000000	1773868063.766469
-6606.630000	1300.815000	12467.880000	14849.910000	-16605.315000	-19432.575000	8654.085000	15605.505000	4.023540	1.732704	3.024865	3.035145	0.449109	1.980078	5.616082	2.753576	-3.525060	1.068200	3.082520	0.793028	0.399352	0.426146	-1.000000	-1.000000	-1.000000	-1.000000	-1.000000	-1.000000	-1.000000	73.241379	0.000000	-1.000000	-1.000000	1909964.000000	1773868063.766478
-6566.805000	1325.205000	12493.845000	14874.075000	-16581.420000	-19401.210000	8670.915000	15611.175000	0.815429	-0.471217	0.408856	-0.537771	-2.946071	-1.822138	5.595382	9.082442	-3.525060	1.068200	3.082520	0.793028	0.399352	0.426146	-1.000000	-1.000000	-1.000000	-1.000000	-1.000000	-1.000000	-1.000000	73.241379	0.000000	-1.000000	-1.000000	1909965.000000	1773868063.767245
-6543.315000	1354.680000	12516.930000	14893.470000	-16565.265000	-19391.715000	8663.085000	15604.155000	1.860674	-0.200173	-0.545438	-2.231912	-3.768089	-4.140148	2.743624	11.736397	-3.525060	1.068200	3.082520	0.793028	0.399352	0.426146	-1.000000	-1.000000	-1.000000	-1.000000	-1.000000	-1.000000	-1.000000	73.241379	0.000000	-1.000000	-1.000000	1909966.000000	1773868063.767251
-6551.865000	1330.020000	12484.260000	14860.215000	-16596.090000	-19413.720000	8642.070000	15591.780000	5.945320	2.095102	-0.433180	-2.744724	-3.354088	-4.411261	-1.609995	9.570585	-3.525060	1.068200	3.082520	0.793028	0.399352	0.426146	-1.000000	-1.000000	-1.000000	-1.000000	-1.000000	-1.000000	-1.000000	73.241379	0.000000	-1.000000	-1.000000	1909967.000000	1773868063.771173
-6521.445000	1314.225000	12465.900000	14844.735000	-16605.945000	-19420.290000	8633.790000	15610.455000	7.978363	2.572749	-2.316069	-4.956677	-4.978316	-5.118199	-6.141592	3.720926	-3.525060	1.068200	3.082520	0.793028	0.399352	0.426146	-1.000000	-1.000000	-1.000000	-1.000000	-1.000000	-1.000000	-1.000000	73.241379	0.000000	-1.000000	-1.000000	1909968.000000	1773868063.771183
-6537.600000	1327.725000	12481.785000	14856.075000	-16605.360000	-19428.120000	8638.245000	15609.285000	4.812627	-1.386970	-7.125926	-9.264846	-8.790212	-7.323051	-9.438286	-2.558750	-3.525060	1.068200	3.082520	0.793028	0.399352	0.426146	-1.000000	-1.000000	-1.000000	-1.000000	-1.000000	-1.000000	-1.000000	73.241379	0.000000	-1.000000	-1.000000	1909969.000000	1773868063.775383
-6552.855000	1312.110000	12465.720000	14842.215000	-16616.025000	-19432.440000	8644.455000	15594.210000	-2.449490	-7.139882	-11.138467	-11.786533	-10.514306	-8.371613	-9.746027	-6.921488	-3.525060	1.068200	3.082520	0.793028	0.399352	0.426146	-1.000000	-1.000000	-1.000000	-1.000000	-1.000000	-1.000000	-1.000000	73.241379	0.000000	-1.000000	-1.000000	1909970.000000	1773868063.775394
-6564.240000	1275.885000	12430.305000	14812.560000	-16636.680000	-19445.895000	8640.090000	15611.445000	-9.782632	-10.166349	-10.526581	-9.272370	-7.101757	-5.524553	-6.161701	-9.026144	-4.135460	0.503580	3.433500	0.792234	0.397399	0.427001	-1.000000	-1.000000	-1.000000	-1.000000	-1.000000	-1.000000	-1.000000	73.241379	0.000000	-1.000000	-1.000000	1909971.000000	1773868063.779699
-6558.300000	1299.285000	12447.270000	14824.215000	-16626.330000	-19452.780000	8636.895000	15628.410000	-12.858177	-8.423769	-5.046305	-2.294266	0.279054	0.678023	0.021041	-8.305570	-4.135460	0.503580	3.433500	0.792234	0.397399	0.427001	-1.000000	-1.000000	-1.000000	-1.000000	-1.000000	-1.000000	-1.000000	73.241379	0.000000	-1.000000	-1.000000	1909972.000000	1773868063.779709
-6577.695000	1312.560000	12463.605000	14837.670000	-16619.220000	-19461.870000	8652.960000	15610.230000	-10.982496	-2.523655	3.016236	6.223228	8.331141	6.822005	5.989989	-4.386908	-4.135460	0.503580	3.433500	0.792234	0.397399	0.427001	-1.000000	-1.000000	-1.000000	-1.000000	-1.000000	-1.000000	-1.000000	73.241379	0.000000	-1.000000	-1.000000	1909973.000000	1773868063.783232
-6582.510000	1305.765000	12471.795000	14854.500000	-16597.260000	-19419.255000	8652.735000	15555.960000	-7.560200	4.483320	10.117816	12.675867	13.585197	9.771855	9.436266	0.071705	-4.135460	0.503580	3.433500	0.792234	0.397399	0.427001	-1.000000	-1.000000	-1.000000	-1.000000	-1.000000	-1.000000	-1.000000	73.241379	0.000000	-1.000000	-1.000000	1909974.000000	1773868063.783242
-6575.805000	1332.945000	12504.735000	14893.965000	-16551.360000	-19376.865000	8644.005000	15505.335000	-5.265547	8.682898	13.272695	14.805461	14.424140	9.929300	9.449153	0.587693	-4.135460	0.503580	3.433500	0.792234	0.397399	0.427001	-1.000000	-1.000000	-1.000000	-1.000000	-1.000000	-1.000000	-1.000000	73.241379	0.000000	-1.000000	-1.000000	1909975.000000	1773868063.787210
-6565.905000	1332.540000	12502.395000	14879.475000	-16585.470000	-19405.395000	8654.355000	15563.520000	-3.033354	9.181711	12.544419	13.162752	11.713245	9.369400	6.769584	-2.834377	-4.135460	0.503580	3.433500	0.792234	0.397399	0.427001	-1.000000	-1.000000	-1.000000	-1.000000	-1.000000	-1.000000	-1.000000	73.241379	0.000000	-1.000000	-1.000000	1909976.000000	1773868063.787219
-6576.165000	1305.405000	12476.430000	14855.805000	-16598.565000	-19407.240000	8644.275000	15659.910000	0.787679	7.222216	9.086959	8.521909	5.954349	7.392746	3.066956	-2.977521	-4.135460	0.503580	3.433500	0.792234	0.397399	0.427001	-1.000000	-1.000000	-1.000000	-1.000000	-1.000000	-1.000000	-1.000000	73.241379	0.000000	-1.000000	-1.000000	1909977.000000	1773868063.791153
-6554.430000	1324.755000	12483.450000	14858.955000	-16601.670000	-19424.520000	8648.865000	15654.510000	5.917455	3.188754	2.702168	0.658036	-2.488544	2.223651	-0.803380	5.956660	-4.135460	0.503580	3.433500	0.792234	0.397399	0.427001	-1.000000	-1.000000	-1.000000	-1.000000	-1.000000	-1.000000	-1.000000	73.241379	0.000000	-1.000000	-1.000000	1909978.000000	1773868063.791160
-6536.835000	1337.895000	12484.485000	14858.145000	-16597.170000	-19432.845000	8658.495000	15630.165000	11.811525	-1.059090	-4.934795	-8.086357	-10.374456	-5.059482	-4.310264	18.402212	-4.135460	0.503580	3.433500	0.792234	0.397399	0.427001	-1.000000	-1.000000	-1.000000	-1.000000	-1.000000	-1.000000	-1.000000	73.241379	0.000000	-1.000000	-1.000000	1909979.000000	1773868063.801604
-6565.050000	1300.725000	12457.755000	14833.530000	-16623.720000	-19450.035000	8666.415000	15621.390000	16.821339	-2.572545	-9.702533	-13.088726	-13.630619	-11.147856	-5.985638	22.086805	-4.135460	0.503580	3.433500	0.792234	0.397399	0.427001	-1.000000	-1.000000	-1.000000	-1.000000	-1.000000	-1.000000	-1.000000	73.241379	0.000000	-1.000000	-1.000000	1909980.000000	1773868063.801614
-6568.965000	1297.755000	12460.905000	14840.910000	-16609.005000	-19410.345000	8666.235000	15618.465000	16.644858	-2.482417	-10.268986	-12.637491	-11.556409	-12.624487	-4.948392	11.600793	-5.264700	0.350980	2.197440	0.794248	0.398070	0.427489	-1.000000	-1.000000	-1.000000	-1.000000	-1.000000	-1.000000	-1.000000	73.241379	0.000000	-1.000000	-1.000000	1909981.000000	1773868063.801625
-6544.530000	1356.165000	12517.425000	14894.775000	-16556.985000	-19374.255000	8679.645000	15618.645000	9.206538	-3.298558	-8.037310	-8.160088	-5.828095	-7.627110	-2.375787	-6.242371	-5.264700	0.350980	2.197440	0.794248	0.398070	0.427489	-1.000000	-1.000000	-1.000000	-1.000000	-1.000000	-1.000000	-1.000000	73.241379	0.000000	-1.000000	-1.000000	1909982.000000	1773868063.801631
-6542.865000	1357.470000	12519.765000	14899.320000	-16549.920000	-19375.920000	8674.245000	15604.920000	-1.676105	-3.623134	-3.615145	-1.438448	1.517543	1.176579	-0.045976	-19.113257	-5.264700	0.350980	2.197440	0.794248	0.398070	0.427489	-1.000000	-1.000000	-1.000000	-1.000000	-1.000000	-1.000000	-1.000000	73.241379	0.000000	-1.000000	-1.000000	1909983.000000	1773868063.808558
-6577.020000	1300.770000	12469.410000	14857.245000	-16592.130000	-19407.060000	8643.285000	15587.055000	-11.088006	-2.760167	0.869628	4.107352	6.594641	6.821804	0.848623	-20.061455	-5.264700	0.350980	2.197440	0.794248	0.398070	0.427489	-1.000000	-1.000000	-1.000000	-1.000000	-1.000000	-1.000000	-1.000000	73.241379	0.000000	-1.000000	-1.000000	1909984.000000	1773868063.808573
-6583.140000	1315.800000	12484.080000	14869.845000	-16575.120000	-19386.855000	8652.195000	15582.780000	-17.138946	-3.118235	1.949895	4.999790	6.212880	5.397157	-0.265839	-13.053309	-5.264700	0.350980	2.197440	0.794248	0.398070	0.427489	-1.000000	-1.000000	-1.000000	-1.000000	-1.000000	-1.000000	-1.000000	73.241379	0.000000	-1.000000	-1.000000	1909985.000000	1773868063.808584
-6551.505000	1350.990000	12515.985000	14902.515000	-16544.160000	-19373.445000	8645.715000	15597.990000	-18.359703	-3.891839	0.766071	2.983411	2.966220	0.641779	-2.317798	-6.953781	-5.264700	0.350980	2.197440	0.794248	0.398070	0.427489	-1.000000	-1.000000	-1.000000	-1.000000	-1.000000	-1.000000	-1.000000	73.241379	0.000000	-1.000000	-1.000000	1909986.000000	1773868063.808589
-6549.480000	1321.380000	12476.970000	14852.250000	-16605.180000	-19418.940000	8649.315000	15640.605000	-12.807231	-1.934917	1.093673	1.976416	1.012532	-2.107918	-3.259090	-3.943209	-5.264700	0.350980	2.197440	0.794248	0.398070	0.427489	-1.000000	-1.000000	-1.000000	-1.000000	-1.000000	-1.000000	-1.000000	73.241379	0.000000	-1.000000	-1.000000	1909987.000000	1773868063.811299
-6553.215000	1292.895000	12445.560000	14821.020000	-16634.925000	-19452.465000	8655.210000	15652.485000	-1.957928	1.684403	2.539006	1.519220	-0.525904	-2.611790	-2.189808	1.157486	-5.264700	0.350980	2.197440	0.794248	0.398070	0.427489	-1.000000	-1.000000	-1.000000	-1.000000	-1.000000	-1.000000	-1.000000	73.241379	0.000000	-1.000000	-1.000000	1909988.000000	1773868063.811307
-6554.385000	1311.075000	12465.180000	14840.955000	-16609.500000	-19422.765000	8660.970000	15617.880000	9.114365	3.972627	2.703921	-0.250871	-3.339689	-2.880283	0.472741	9.803362	-5.264700	0.350980	2.197440	0.794248	0.398070	0.427489	-1.000000	-1.000000	-1.000000	-1.000000	-1.000000	-1.000000	-1.000000	73.241379	0.000000	-1.000000	-1.000000	1909989.000000	1773868063.815357
-6547.140000	1340.775000	12500.595000	14879.790000	-16571.925000	-19396.305000	8665.740000	15598.800000	15.571401	4.738643	1.992399	-1.807923	-4.925727	-2.524008	3.503703	15.825427	-5.264700	0.350980	2.197440	0.794248	0.398070	0.427489	-1.000000	-1.000000	-1.000000	-1.000000	-1.000000	-1.000000	-1.000000	73.241379	0.000000	-1.000000	-1.000000	1909990.000000	1773868063.815362
-6515.325000	1380.510000	12536.415000	14905.530000	-16563.960000	-19380.600000	8679.465000	15619.095000	15.332832	4.978981	1.940492	-1.083017	-3.070218	-0.649206	5.441369	14.371391	-7.294280	0.915600	3.128300	0.792417	0.397399	0.426940	-1.000000	-1.000000	-1.000000	-1.000000	-1.000000	-1.000000	-1.000000	73.241379	0.000000	-1.000000	-1.000000	1909991.000000	1773868063.819359
-6522.030000	1354.635000	12514.185000	14887.395000	-16578.270000	-19382.040000	8678.835000	15650.730000	9.889735	4.780839	2.586406	1.233691	0.466931	1.997865	5.881338	8.508767	-7.294280	0.915600	3.128300	0.792417	0.397399	0.426940	-1.000000	-1.000000	-1.000000	-1.000000	-1.000000	-1.000000	-1.000000	73.241379	0.000000	-1.000000	-1.000000	1909992.000000	1773868063.819370
-6561.315000	1312.920000	12481.200000	14867.910000	-16573.320000	-19391.670000	8656.470000	15626.790000	2.258569	3.256193	2.570344	2.973022	3.332487	4.280623	5.102352	3.591952	-7.294280	0.915600	3.128300	0.792417	0.397399	0.426940	-1.000000	-1.000000	-1.000000	-1.000000	-1.000000	-1.000000	-1.000000	73.241379	0.000000	-1.000000	-1.000000	1909993.000000	1773868063.823272
-6578.640000	1287.000000	12450.870000	14831.055000	-16617.375000	-19439.820000	8650.755000	15616.845000	-5.908336	-1.237269	-0.193075	1.933954	4.192768	4.375001	2.555218	-0.608115	-7.294280	0.915600	3.128300	0.792417	0.397399	0.426940	-1.000000	-1.000000	-1.000000	-1.000000	-1.000000	-1.000000	-1.000000	73.241379	0.000000	-1.000000	-1.000000	1909994.000000	1773868063.823278
-6580.530000	1306.755000	12473.955000	14857.380000	-16591.770000	-19433.700000	8651.880000	15603.525000	-13.399918	-8.350294	-5.861396	-2.377774	2.067620	0.680997	-1.831282	-7.195490	-7.294280	0.915600	3.128300	0.792417	0.397399	0.426940	-1.000000	-1.000000	-1.000000	-1.000000	-1.000000	-1.000000	-1.000000	73.241379	0.000000	-1.000000	-1.000000	1909995.000000	1773868063.827286
-6576.480000	1307.205000	12469.455000	14848.065000	-16608.915000	-19439.370000	8649.000000	15606.225000	-17.258355	-12.969024	-9.737149	-5.907071	-0.742527	-3.849595	-6.174699	-15.305864	-7.294280	0.915600	3.128300	0.792417	0.397399	0.426940	-1.000000	-1.000000	-1.000000	-1.000000	-1.000000	-1.000000	-1.000000	73.241379	0.000000	-1.000000	-1.000000	1909996.000000	1773868063.827296
-6582.240000	1298.880000	12454.290000	14824.755000	-16638.255000	-19473.480000	8652.060000	15611.985000	-14.272412	-9.715284	-6.854489	-4.093166	-0.753116	-4.441264	-8.257973	-19.687689	-7.294280	0.915600	3.128300	0.792417	0.397399	0.426940	-1.000000	-1.000000	-1.000000	-1.000000	-1.000000	-1.000000	-1.000000	73.241379	0.000000	-1.000000	-1.000000	1909997.000000	1773868063.832069
-6586.290000	1316.790000	12474.225000	14845.365000	-16607.835000	-19419.615000	8645.580000	15583.095000	-4.827397	0.000876	0.998060	1.307560	0.893810	-1.238355	-7.273807	-15.609066	-7.294280	0.915600	3.128300	0.792417	0.397399	0.426940	-1.000000	-1.000000	-1.000000	-1.000000	-1.000000	-1.000000	-1.000000	73.241379	0.000000	-1.000000	-1.000000	1909998.000000	1773868063.832080
-6572.700000	1337.985000	12503.070000	14881.545000	-16562.520000	-19370.340000	8644.995000	15561.180000	6.272071	9.155088	7.479011	5.080911	1.436773	3.045583	-4.129330	-4.224297	-7.294280	0.915600	3.128300	0.792417	0.397399	0.426940	-1.000000	-1.000000	-1.000000	-1.000000	-1.000000	-1.000000	-1.000000	73.241379	0.000000	-1.000000	-1.000000	1909999.000000	1773868063.835368
-6555.195000	1328.625000	12498.030000	14878.935000	-16570.890000	-19387.620000	8656.920000	15594.930000	13.620445	11.921783	8.517535	4.994777	1.015205	6.712220	-0.342832	8.175552	-7.294280	0.915600	3.128300	0.792417	0.397399	0.426940	-1.000000	-1.000000	-1.000000	-1.000000	-1.000000	-1.000000	-1.000000	73.241379	0.000000	-1.000000	-1.000000	1910000.000000	1773868063.835409
-6545.880000	1322.640000	12488.940000	14866.290000	-16589.430000	-19407.735000	8657.010000	15642.225000	15.535925	8.291219	5.084738	2.524036	0.583045	7.486547	3.522368	16.887820	-5.661460	1.342880	2.121140	0.792173	0.395141	0.426085	-1.000000	-1.000000	-1.000000	-1.000000	-1.000000	-1.000000	-1.000000	73.241379	0.000000	-1.000000	-1.000000	1910001.000000	1773868063.839454
-6550.155000	1314.270000	12476.295000	14857.830000	-16590.420000	-19413.405000	8659.845000	15636.195000	13.916094	3.000207	1.120217	0.254798	0.039287	3.993883	7.308400	20.980531	-5.661460	1.342880	2.121140	0.792173	0.395141	0.426085	-1.000000	-1.000000	-1.000000	-1.000000	-1.000000	-1.000000	-1.000000	73.241379	0.000000	-1.000000	-1.000000	1910002.000000	1773868063.839532
-6538.815000	1334.790000	12490.110000	14867.055000	-16589.700000	-19428.210000	8663.175000	15630.570000	10.446085	0.044890	-0.689745	-0.409715	-0.569843	-1.628108	9.816679	19.555859	-5.661460	1.342880	2.121140	0.792173	0.395141	0.426085	-1.000000	-1.000000	-1.000000	-1.000000	-1.000000	-1.000000	-1.000000	73.241379	0.000000	-1.000000	-1.000000	1910003.000000	1773868063.843810
-6543.045000	1323.945000	12475.080000	14846.355000	-16608.240000	-19416.780000	8667.585000	15627.960000	5.070667	-0.511464	-0.734972	-0.109494	-0.963125	-5.691132	9.355670	11.523943	-5.661460	1.342880	2.121140	0.792173	0.395141	0.426085	-1.000000	-1.000000	-1.000000	-1.000000	-1.000000	-1.000000	-1.000000	73.241379	0.000000	-1.000000	-1.000000	1910004.000000	1773868063.843820
-6560.370000	1335.105000	12499.560000	14878.260000	-16569.000000	-19369.845000	8678.520000	15562.710000	-2.310137	-0.514255	-0.262313	0.287772	-0.481520	-5.065246	5.545249	-2.016446	-5.661460	1.342880	2.121140	0.792173	0.395141	0.426085	-1.000000	-1.000000	-1.000000	-1.000000	-1.000000	-1.000000	-1.000000	73.241379	0.000000	-1.000000	-1.000000	1910005.000000	1773868063.849349
-6552.045000	1387.080000	12559.860000	14939.820000	-16513.920000	-19338.030000	8692.155000	15543.450000	-10.040865	-0.316684	1.336958	2.122356	2.713321	1.242417	0.103820	-17.273391	-5.661460	1.342880	2.121140	0.792173	0.395141	0.426085	-1.000000	-1.000000	-1.000000	-1.000000	-1.000000	-1.000000	-1.000000	73.241379	0.000000	-1.000000	-1.000000	1910006.000000	1773868063.849360
-6565.590000	1350.945000	12521.160000	14901.390000	-16548.795000	-19362.015000	8684.145000	15601.095000	-15.071800	0.061256	3.756467	5.242208	7.274083	8.111859	-4.534860	-26.369596	-5.661460	1.342880	2.121140	0.792173	0.395141	0.426085	-1.000000	-1.000000	-1.000000	-1.000000	-1.000000	-1.000000	-1.000000	73.241379	0.000000	-1.000000	-1.000000	1910007.000000	1773868063.854875
-6572.205000	1281.915000	12441.150000	14818.590000	-16632.990000	-19444.050000	8639.910000	15673.995000	-15.880386	-2.790200	1.567087	3.335196	5.495714	5.868215	-7.888800	-20.470996	-5.661460	1.342880	2.121140	0.792173	0.395141	0.426085	-1.000000	-1.000000	-1.000000	-1.000000	-1.000000	-1.000000	-1.000000	73.241379	0.000000	-1.000000	-1.000000	1910008.000000	1773868063.854887
-6526.395000	1305.180000	12460.005000	14834.880000	-16619.580000	-19447.020000	8627.220000	15651.360000	-12.605104	-10.692118	-8.634257	-7.778369	-6.722514	-8.186748	-11.208219	-1.033680	-5.661460	1.342880	2.121140	0.792173	0.395141	0.426085	-1.000000	-1.000000	-1.000000	-1.000000	-1.000000	-1.000000	-1.000000	73.241379	0.000000	-1.000000	-1.000000	1910009.000000	1773868063.855607
-6556.770000	1307.430000	12475.530000	14854.365000	-16594.875000	-19412.055000	8647.830000	15635.565000	-5.299221	-16.950018	-18.968438	-19.883355	-20.215348	-22.941886	-13.345666	17.342254	-5.661460	1.342880	2.121140	0.792173	0.395141	0.426085	-1.000000	-1.000000	-1.000000	-1.000000	-1.000000	-1.000000	-1.000000	73.241379	0.000000	-1.000000	-1.000000	1910010.000000	1773868063.855617
-6572.340000	1309.770000	12479.085000	14857.245000	-16592.715000	-19407.780000	8656.425000	15624.945000	3.632845	-13.587374	-18.218458	-20.577853	-21.813547	-23.838861	-10.478055	21.250585	-5.035800	0.961380	1.052940	0.792295	0.394042	0.424071	-1.000000	-1.000000	-1.000000	-1.000000	-1.000000	-1.000000	-1.000000	73.241379	0.000000	-1.000000	-1.000000	1910011.000000	1773868063.859362
-6582.510000	1299.870000	12463.785000	14841.000000	-16608.150000	-19423.080000	8655.480000	15624.270000	9.290418	-1.685567	-5.514459	-7.972907	-9.207622	-8.309706	-1.735301	10.637870	-5.035800	0.961380	1.052940	0.792295	0.394042	0.424071	-1.000000	-1.000000	-1.000000	-1.000000	-1.000000	-1.000000	-1.000000	73.241379	0.000000	-1.000000	-1.000000	1910012.000000	1773868063.859375
-6597.495000	1307.295000	12475.305000	14851.305000	-16603.155000	-19419.570000	8661.285000	15626.745000	9.246085	11.060982	10.360227	9.202414	8.710535	12.578397	8.538668	-4.417571	-5.035800	0.961380	1.052940	0.792295	0.394042	0.424071	-1.000000	-1.000000	-1.000000	-1.000000	-1.000000	-1.000000	-1.000000	73.241379	0.000000	-1.000000	-1.000000	1910013.000000	1773868063.870682
-6586.785000	1311.615000	12477.555000	14850.945000	-16604.730000	-19423.710000	8661.015000	15623.100000	5.591817	17.951078	20.085676	20.665583	20.842624	25.037985	14.674448	-12.949571	-5.035800	0.961380	1.052940	0.792295	0.394042	0.424071	-1.000000	-1.000000	-1.000000	-1.000000	-1.000000	-1.000000	-1.000000	73.241379	0.000000	-1.000000	-1.000000	1910014.000000	1773868063.870696
-6569.010000	1311.120000	12475.665000	14849.010000	-16611.480000	-19443.915000	8658.810000	15615.270000	2.469760	16.191654	18.911376	20.470961	20.599216	22.315975	13.833025	-10.738743	-5.035800	0.961380	1.052940	0.792295	0.394042	0.424071	-1.000000	-1.000000	-1.000000	-1.000000	-1.000000	-1.000000	-1.000000	73.241379	0.000000	-1.000000	-1.000000	1910015.000000	1773868063.870710
-6555.015000	1306.170000	12470.355000	14843.385000	-16616.565000	-19415.880000	8657.010000	15614.100000	2.574675	7.983273	9.050825	10.416165	9.882129	8.459175	7.604259	-3.102565	-5.035800	0.961380	1.052940	0.792295	0.394042	0.424071	-1.000000	-1.000000	-1.000000	-1.000000	-1.000000	-1.000000	-1.000000	73.241379	0.000000	-1.000000	-1.000000	1910016.000000	1773868063.870716
-6546.600000	1314.540000	12478.230000	14850.045000	-16600.770000	-19403.235000	8651.700000	15622.245000	4.902610	-0.227277	-1.272426	-0.764816	-1.749900	-4.303725	0.651585	1.321132	-5.035800	0.961380	1.052940	0.792295	0.394042	0.424071	-1.000000	-1.000000	-1.000000	-1.000000	-1.000000	-1.000000	-1.000000	73.241379	0.000000	-1.000000	-1.000000	1910017.000000	1773868063.871456
-6533.955000	1338.300000	12495.060000	14865.210000	-16585.560000	-19410.615000	8651.115000	15620.535000	5.958439	-3.329567	-5.362179	-5.656695	-5.979877	-7.029380	-3.359866	-0.015438	-5.035800	0.961380	1.052940	0.792295	0.394042	0.424071	-1.000000	-1.000000	-1.000000	-1.000000	-1.000000	-1.000000	-1.000000	73.241379	0.000000	-1.000000	-1.000000	1910018.000000	1773868063.871468
-6535.530000	1350.315000	12507.390000	14880.015000	-16572.555000	-19384.740000	8658.630000	15619.275000	4.014442	-1.465037	-3.374201	-4.061055	-2.942295	-2.089752	-4.365779	-2.677085	-5.035800	0.961380	1.052940	0.792295	0.394042	0.424071	-1.000000	-1.000000	-1.000000	-1.000000	-1.000000	-1.000000	-1.000000	73.241379	0.000000	-1.000000	-1.000000	1910019.000000	1773868063.875319
-6528.915000	1357.335000	12513.870000	14885.730000	-16563.690000	-19368.180000	8680.095000	15634.710000	0.527239	1.790881	0.511625	-0.068214	2.017161	3.518981	-3.877038	-1.886729	-5.035800	0.961380	1.052940	0.792295	0.394042	0.424071	-1.000000	-1.000000	-1.000000	-1.000000	-1.000000	-1.000000	-1.000000	73.241379	0.000000	-1.000000	-1.000000	1910020.000000	1773868063.875330
-6545.790000	1341.000000	12502.035000	14877.360000	-16575.255000	-19404.585000	8674.695000	15619.500000	-2.755522	2.638242	2.490857	2.536376	4.507312	5.470210	-2.630084	2.722272	-5.356260	2.533160	1.144500	0.791136	0.392821	0.420958	-1.000000	-1.000000	-1.000000	-1.000000	-1.000000	-1.000000	-1.000000	73.241379	0.000000	-1.000000	-1.000000	1910021.000000	1773868063.879265
-6591.015000	1302.660000	12473.640000	14856.705000	-16585.605000	-19409.535000	8661.915000	15581.025000	-5.941672	-1.260643	0.285476	1.359713	2.504277	1.694774	-1.566378	7.237900	-5.356260	2.533160	1.144500	0.791136	0.392821	0.420958	-1.000000	-1.000000	-1.000000	-1.000000	-1.000000	-1.000000	-1.000000	73.241379	0.000000	-1.000000	-1.000000	1910022.000000	1773868063.879275
-6591.600000	1298.250000	12474.000000	14856.885000	-16594.110000	-19412.325000	8652.285000	15583.500000	-9.947485	-9.548195	-6.269561	-4.148047	-3.864601	-6.662329	-2.099049	7.657351	-5.356260	2.533160	1.144500	0.791136	0.392821	0.420958	-1.000000	-1.000000	-1.000000	-1.000000	-1.000000	-1.000000	-1.000000	73.241379	0.000000	-1.000000	-1.000000	1910023.000000	1773868063.884689
-6578.595000	1296.720000	12475.485000	14857.830000	-16590.600000	-19407.195000	8651.790000	15603.120000	-13.411938	-17.563584	-13.373700	-10.915426	-11.301162	-14.264589	-3.949891	4.197383	-5.356260	2.533160	1.144500	0.791136	0.392821	0.420958	-1.000000	-1.000000	-1.000000	-1.000000	-1.000000	-1.000000	-1.000000	73.241379	0.000000	-1.000000	-1.000000	1910024.000000	1773868063.884700
-6568.470000	1305.945000	12483.990000	14866.560000	-16585.920000	-19403.820000	8654.265000	15625.080000	-12.707642	-18.398070	-14.765199	-13.237536	-14.327141	-15.691702	-4.691292	0.200691	-5.356260	2.533160	1.144500	0.791136	0.392821	0.420958	-1.000000	-1.000000	-1.000000	-1.000000	-1.000000	-1.000000	-1.000000	73.241379	0.000000	-1.000000	-1.000000	1910025.000000	1773868063.891181
-6533.595000	1331.235000	12496.185000	14873.130000	-16585.380000	-19397.295000	8661.150000	15618.690000	-5.976844	-9.185564	-7.713331	-8.133339	-10.148463	-9.641589	-2.217445	-1.953173	-5.356260	2.533160	1.144500	0.791136	0.392821	0.420958	-1.000000	-1.000000	-1.000000	-1.000000	-1.000000	-1.000000	-1.000000	73.241379	0.000000	-1.000000	-1.000000	1910026.000000	1773868063.891192
-6522.840000	1344.420000	12505.185000	14878.530000	-16577.550000	-19379.025000	8671.680000	15608.475000	4.910086	5.763721	3.910823	1.321760	-1.634295	0.787512	2.857050	-2.358130	-5.356260	2.533160	1.144500	0.791136	0.392821	0.420958	-1.000000	-1.000000	-1.000000	-1.000000	-1.000000	-1.000000	-1.000000	73.241379	0.000000	-1.000000	-1.000000	1910027.000000	1773868063.891314
-6528.645000	1348.425000	12509.145000	14887.530000	-16562.835000	-19385.370000	8652.960000	15593.535000	15.218420	18.304783	13.231737	9.193509	6.140981	10.138461	7.099628	-2.461538	-5.356260	2.533160	1.144500	0.791136	0.392821	0.420958	-1.000000	-1.000000	-1.000000	-1.000000	-1.000000	-1.000000	-1.000000	73.241379	0.000000	-1.000000	-1.000000	1910028.000000	1773868063.891325
-6550.020000	1352.205000	12495.915000	14862.420000	-16596.360000	-19419.750000	8640.180000	15600.690000	19.276844	22.259650	15.600613	11.563108	9.902528	13.401740	6.697299	-3.201475	-5.356260	2.533160	1.144500	0.791136	0.392821	0.420958	-1.000000	-1.000000	-1.000000	-1.000000	-1.000000	-1.000000	-1.000000	73.241379	0.000000	-1.000000	-1.000000	1910029.000000	1773868063.895356
-6559.605000	1350.045000	12508.380000	14883.390000	-16570.440000	-19391.355000	8667.675000	15596.370000	14.621487	17.122781	11.134352	8.456510	9.033443	9.797043	1.739368	-3.465867	-5.356260	2.533160	1.144500	0.791136	0.392821	0.420958	-1.000000	-1.000000	-1.000000	-1.000000	-1.000000	-1.000000	-1.000000	73.241379	0.000000	-1.000000	-1.000000	1910030.000000	1773868063.895366
-6562.080000	1328.760000	12502.350000	14885.640000	-16562.790000	-19380.915000	8681.445000	15604.380000	4.632522	6.857548	3.759093	3.260524	5.779536	3.800722	-2.767950	-1.092386	-4.165980	5.279960	1.052940	0.789976	0.390136	0.419066	-1.000000	-1.000000	-1.000000	-1.000000	-1.000000	-1.000000	-1.000000	73.241379	0.000000	-1.000000	-1.000000	1910031.000000	1773868063.899410
-6529.905000	1329.525000	12484.890000	14860.845000	-16589.610000	-19404.135000	8662.320000	15625.305000	-4.585641	-4.041394	-2.859943	-0.935187	2.679485	-0.272673	-2.812639	3.902153	-4.165980	5.279960	1.052940	0.789976	0.390136	0.419066	-1.000000	-1.000000	-1.000000	-1.000000	-1.000000	-1.000000	-1.000000	73.241379	0.000000	-1.000000	-1.000000	1910032.000000	1773868063.899416
-6540.795000	1332.270000	12487.770000	14863.275000	-16588.350000	-19408.410000	8650.980000	15627.555000	-9.228839	-11.973671	-7.390273	-3.809757	-0.188301	-2.513218	-0.035016	8.088347	-4.165980	5.279960	1.052940	0.789976	0.390136	0.419066	-1.000000	-1.000000	-1.000000	-1.000000	-1.000000	-1.000000	-1.000000	73.241379	0.000000	-1.000000	-1.000000	1910033.000000	1773868063.904082
-6578.595000	1309.950000	12474.360000	14851.620000	-16597.395000	-19418.760000	8628.705000	15618.960000	-10.377234	-14.940252	-9.407188	-5.720593	-3.248498	-4.560304	1.332478	7.344359	-4.165980	5.279960	1.052940	0.789976	0.390136	0.419066	-1.000000	-1.000000	-1.000000	-1.000000	-1.000000	-1.000000	-1.000000	73.241379	0.000000	-1.000000	-1.000000	1910034.000000	1773868063.904090
-6572.520000	1321.560000	12491.730000	14873.130000	-16577.190000	-19402.065000	8633.835000	15621.120000	-11.516639	-13.783989	-8.837848	-6.186671	-5.512763	-6.224944	-0.627094	1.241328	-4.165980	5.279960	1.052940	0.789976	0.390136	0.419066	-1.000000	-1.000000	-1.000000	-1.000000	-1.000000	-1.000000	-1.000000	73.241379	0.000000	-1.000000	-1.000000	1910035.000000	1773868063.907376
-6577.605000	1312.200000	12484.710000	14862.420000	-16595.370000	-19422.135000	8657.550000	15621.210000	-12.706019	-10.283850	-6.056028	-4.704059	-5.889633	-6.420000	-3.818417	-5.897553	-4.165980	5.279960	1.052940	0.789976	0.390136	0.419066	-1.000000	-1.000000	-1.000000	-1.000000	-1.000000	-1.000000	-1.000000	73.241379	0.000000	-1.000000	-1.000000	1910036.000000	1773868063.907384
-6586.830000	1284.930000	12457.620000	14835.780000	-16617.915000	-19444.770000	8669.970000	15616.845000	-10.464172	-5.629117	-2.195179	-2.063137	-4.851402	-5.081313	-4.070724	-9.281815	-4.165980	5.279960	1.052940	0.789976	0.390136	0.419066	-1.000000	-1.000000	-1.000000	-1.000000	-1.000000	-1.000000	-1.000000	73.241379	0.000000	-1.000000	-1.000000	1910037.000000	1773868063.911574
-6569.865000	1309.590000	12477.600000	14856.660000	-16590.015000	-19404.450000	8661.420000	15605.055000	-2.688174	-0.620235	1.305734	0.416886	-2.979765	-2.027559	0.017792	-7.862203	-4.165980	5.279960	1.052940	0.789976	0.390136	0.419066	-1.000000	-1.000000	-1.000000	-1.000000	-1.000000	-1.000000	-1.000000	73.241379	0.000000	-1.000000	-1.000000	1910038.000000	1773868063.911584
-6568.065000	1322.010000	12491.595000	14870.025000	-16580.205000	-19396.485000	8660.745000	15594.840000	9.049729	5.318212	4.473668	2.848685	0.428315	3.357582	4.794085	-3.773954	-4.165980	5.279960	1.052940	0.789976	0.390136	0.419066	-1.000000	-1.000000	-1.000000	-1.000000	-1.000000	-1.000000	-1.000000	73.241379	0.000000	-1.000000	-1.000000	1910039.000000	1773868063.915311
-6564.870000	1315.305000	12483.135000	14855.940000	-16597.170000	-19399.860000	8667.000000	15607.215000	19.432803	12.305116	7.713304	5.428694	4.790124	9.202016	5.982314	0.415044	-4.165980	5.279960	1.052940	0.789976	0.390136	0.419066	-1.000000	-1.000000	-1.000000	-1.000000	-1.000000	-1.000000	-1.000000	73.241379	0.000000	-1.000000	-1.000000	1910040.000000	1773868063.915319
-6542.730000	1312.155000	12471.345000	14842.755000	-16606.890000	-19402.290000	8664.390000	15627.600000	22.240219	17.122951	9.588615	6.792055	7.530283	11.868060	3.561625	3.234686	-2.472120	5.417300	-1.129240	0.788267	0.388488	0.418090	-1.000000	-1.000000	-1.000000	-1.000000	-1.000000	-1.000000	-1.000000	73.241379	0.000000	-1.000000	-1.000000	1910041.000000	1773868063.919347
-6551.595000	1313.055000	12475.980000	14852.925000	-16595.055000	-19400.265000	8655.435000	15616.125000	15.878982	15.962344	8.205398	5.703005	7.105830	9.730497	0.377318	4.305406	-2.472120	5.417300	-1.129240	0.788267	0.388488	0.418090	-1.000000	-1.000000	-1.000000	-1.000000	-1.000000	-1.000000	-1.000000	73.241379	0.000000	-1.000000	-1.000000	1910042.000000	1773868063.919358
-6569.010000	1325.250000	12494.925000	14871.240000	-16580.115000	-19389.015000	8669.835000	15606.135000	4.080680	8.820678	3.904478	2.891619	4.426233	4.054935	-1.400664	3.601450	-2.472120	5.417300	-1.129240	0.788267	0.388488	0.418090	-1.000000	-1.000000	-1.000000	-1.000000	-1.000000	-1.000000	-1.000000	73.241379	0.000000	-1.000000	-1.000000	1910043.000000	1773868063.923401
-6550.830000	1346.535000	12519.405000	14896.485000	-16560.045000	-19395.945000	8672.130000	15613.155000	-7.888544	-0.532869	-0.755943	0.333245	1.476617	-2.623284	-1.480052	1.641891	-2.472120	5.417300	-1.129240	0.788267	0.388488	0.418090	-1.000000	-1.000000	-1.000000	-1.000000	-1.000000	-1.000000	-1.000000	73.241379	0.000000	-1.000000	-1.000000	1910044.000000	1773868063.923411
-6504.570000	1402.335000	12570.795000	14949.270000	-16504.875000	-19326.015000	8705.475000	15580.170000	-14.601134	-6.791027	-2.574240	0.163166	0.499817	-6.848741	-0.848973	-0.511175	-2.472120	5.417300	-1.129240	0.788267	0.388488	0.418090	-1.000000	-1.000000	-1.000000	-1.000000	-1.000000	-1.000000	-1.000000	73.241379	0.000000	-1.000000	-1.000000	1910045.000000	1773868063.927451
-6450.300000	1465.245000	12622.275000	14988.420000	-16484.580000	-19307.835000	8734.185000	15582.105000	-11.786815	-5.607476	0.725833	3.841056	3.145277	-4.897014	0.215042	-2.267566	-2.472120	5.417300	-1.129240	0.788267	0.388488	0.418090	-1.000000	-1.000000	-1.000000	-1.000000	-1.000000	-1.000000	-1.000000	73.241379	0.000000	-1.000000	-1.000000	1910046.000000	1773868063.927460
-6491.655000	1394.685000	12548.025000	14910.435000	-16553.880000	-19366.515000	8689.995000	15619.455000	-1.440678	0.893641	6.108586	7.920062	6.013447	0.941566	1.475811	-2.327657	-2.472120	5.417300	-1.129240	0.788267	0.388488	0.418090	-1.000000	-1.000000	-1.000000	-1.000000	-1.000000	-1.000000	-1.000000	73.241379	0.000000	-1.000000	-1.000000	1910047.000000	1773868063.931369
-6597.315000	1241.910000	12398.085000	14776.515000	-16662.600000	-19479.735000	8611.560000	15675.165000	5.885410	1.529742	3.250907	2.785910	0.499487	0.629192	-0.375654	1.824723	-2.472120	5.417300	-1.129240	0.788267	0.388488	0.418090	-1.000000	-1.000000	-1.000000	-1.000000	-1.000000	-1.000000	-1.000000	73.241379	0.000000	-1.000000	-1.000000	1910048.000000	1773868063.931379
-6586.290000	1264.905000	12423.870000	14803.785000	-16637.355000	-19455.030000	8608.860000	15633.585000	0.506762	-11.593048	-13.333497	-15.036811	-15.345046	-10.761299	-7.974382	8.802991	-2.472120	5.417300	-1.129240	0.788267	0.388488	0.418090	-1.000000	-1.000000	-1.000000	-1.000000	-1.000000	-1.000000	-1.000000	73.241379	0.000000	-1.000000	-1.000000	1910049.000000	1773868063.935417
-6575.625000	1286.955000	12452.850000	14830.335000	-16621.155000	-19428.120000	8635.950000	15617.205000	-13.765101	-28.906140	-31.660164	-32.503536	-29.451114	-23.271200	-16.046971	11.193133	-2.472120	5.417300	-1.129240	0.788267	0.388488	0.418090	-1.000000	-1.000000	-1.000000	-1.000000	-1.000000	-1.000000	-1.000000	73.241379	0.000000	-1.000000	-1.000000	1910050.000000	1773868063.935428
-6585.840000	1286.370000	12459.780000	14834.115000	-16632.855000	-19420.110000	8638.695000	15597.720000	-22.973150	-32.764342	-33.686827	-32.892786	-28.415685	-22.803395	-15.346946	4.134166	-2.807840	5.508860	-1.144500	0.786314	0.388183	0.416564	-1.000000	-1.000000	-1.000000	-1.000000	-1.000000	-1.000000	-1.000000	73.241379	0.000000	-1.000000	-1.000000	1910051.000000	1773868063.939451
-6594.525000	1291.500000	12458.070000	14831.235000	-16621.065000	-19422.045000	8643.600000	15580.710000	-18.229899	-17.518020	-15.736516	-14.390056	-11.945358	-7.078104	-3.863972	-8.345814	-2.807840	5.508860	-1.144500	0.786314	0.388183	0.416564	-1.000000	-1.000000	-1.000000	-1.000000	-1.000000	-1.000000	-1.000000	73.241379	0.000000	-1.000000	-1.000000	1910052.000000	1773868063.939462
-6581.565000	1315.665000	12483.135000	14862.555000	-16586.235000	-19424.115000	8649.270000	15586.155000	-2.630906	7.464532	10.322371	10.793588	9.902323	13.638321	11.045575	-17.821077	-2.807840	5.508860	-1.144500	0.786314	0.388183	0.416564	-1.000000	-1.000000	-1.000000	-1.000000	-1.000000	-1.000000	-1.000000	73.241379	0.000000	-1.000000	-1.000000	1910053.000000	1773868063.943490
-6553.260000	1305.315000	12464.370000	14840.370000	-16599.735000	-19418.490000	8658.900000	15638.760000	14.078805	27.747601	29.286556	28.525636	26.056689	26.561932	20.028065	-17.196114	-2.807840	5.508860	-1.144500	0.786314	0.388183	0.416564	-1.000000	-1.000000	-1.000000	-1.000000	-1.000000	-1.000000	-1.000000	73.241379	0.000000	-1.000000	-1.000000	1910054.000000	1773868063.943500
-6560.505000	1290.420000	12451.815000	14825.745000	-16612.830000	-19431.495000	8656.380000	15642.900000	23.486832	33.043501	32.193899	30.953157	29.637154	25.538513	18.806186	-5.084105	-2.807840	5.508860	-1.144500	0.786314	0.388183	0.416564	-1.000000	-1.000000	-1.000000	-1.000000	-1.000000	-1.000000	-1.000000	73.241379	0.000000	-1.000000	-1.000000	1910055.000000	1773868063.947430
-6558.435000	1295.415000	12461.535000	14833.395000	-16607.430000	-19433.790000	8656.335000	15641.460000	23.605562	24.495080	22.035547	21.141379	22.042042	14.761728	10.682543	10.639647	-2.807840	5.508860	-1.144500	0.786314	0.388183	0.416564	-1.000000	-1.000000	-1.000000	-1.000000	-1.000000	-1.000000	-1.000000	73.241379	0.000000	-1.000000	-1.000000	1910056.000000	1773868063.947440
-6565.140000	1298.070000	12463.380000	14834.520000	-16610.040000	-19434.465000	8656.560000	15633.720000	18.504460	13.380247	10.921550	10.350954	11.728672	4.253212	2.970455	18.272333	-2.807840	5.508860	-1.144500	0.786314	0.388183	0.416564	-1.000000	-1.000000	-1.000000	-1.000000	-1.000000	-1.000000	-1.000000	73.241379	0.000000	-1.000000	-1.000000	1910057.000000	1773868063.951470
-6576.615000	1306.890000	12474.810000	14851.125000	-16594.380000	-19400.355000	8657.280000	15615.855000	11.432270	7.364573	6.070365	5.337793	4.540867	-0.140094	-0.501133	13.401044	-2.807840	5.508860	-1.144500	0.786314	0.388183	0.416564	-1.000000	-1.000000	-1.000000	-1.000000	-1.000000	-1.000000	-1.000000	73.241379	0.000000	-1.000000	-1.000000	1910058.000000	1773868063.951480
-6559.920000	1320.795000	12491.955000	14872.680000	-16569.045000	-19380.780000	8650.575000	15611.265000	2.165739	3.746785	3.758948	3.036906	-0.387993	-0.397422	-2.056101	1.538897	-2.807840	5.508860	-1.144500	0.786314	0.388183	0.416564	-1.000000	-1.000000	-1.000000	-1.000000	-1.000000	-1.000000	-1.000000	73.241379	0.000000	-1.000000	-1.000000	1910059.000000	1773868063.955544
-6553.800000	1321.335000	12488.985000	14864.535000	-16590.285000	-19421.010000	8650.485000	15612.435000	-7.622293	-2.116681	-1.514423	-1.431412	-5.356969	-1.489297	-5.096588	-8.421802	-2.807840	5.508860	-1.144500	0.786314	0.388183	0.416564	-1.000000	-1.000000	-1.000000	-1.000000	-1.000000	-1.000000	-1.000000	73.241379	0.000000	-1.000000	-1.000000	1910060.000000	1773868063.955554
-6564.645000	1313.865000	12479.445000	14852.205000	-16605.360000	-19427.265000	8661.060000	15611.130000	-14.112067	-10.608457	-10.333976	-9.214194	-11.575855	-6.549750	-9.392718	-10.946661	-2.273740	5.112100	-3.570840	0.787535	0.390136	0.416442	-1.000000	-1.000000	-1.000000	-1.000000	-1.000000	-1.000000	-1.000000	73.241379	0.000000	-1.000000	-1.000000	1910061.000000	1773868063.959408
-6593.940000	1303.110000	12472.695000	14851.755000	-16591.905000	-19409.940000	8661.105000	15604.605000	-16.663184	-19.337690	-19.673936	-18.240448	-18.614757	-13.933182	-12.184099	-6.782925	-2.273740	5.112100	-3.570840	0.787535	0.390136	0.416442	-1.000000	-1.000000	-1.000000	-1.000000	-1.000000	-1.000000	-1.000000	73.241379	0.000000	-1.000000	-1.000000	1910062.000000	1773868063.959419
-6628.455000	1291.860000	12468.645000	14848.560000	-16595.145000	-19407.555000	8666.235000	15602.535000	-17.965853	-24.828689	-24.986315	-23.913396	-22.541203	-18.178907	-11.554573	-1.219206	-2.273740	5.112100	-3.570840	0.787535	0.390136	0.416442	-1.000000	-1.000000	-1.000000	-1.000000	-1.000000	-1.000000	-1.000000	73.241379	0.000000	-1.000000	-1.000000	1910063.000000	1773868063.963327
-6639.390000	1287.090000	12474.495000	14854.995000	-16595.190000	-19418.265000	8659.305000	15590.250000	-18.617607	-23.301259	-22.022886	-21.267449	-18.565150	-15.193717	-7.338684	1.092139	-2.273740	5.112100	-3.570840	0.787535	0.390136	0.416442	-1.000000	-1.000000	-1.000000	-1.000000	-1.000000	-1.000000	-1.000000	73.241379	0.000000	-1.000000	-1.000000	1910064.000000	1773868063.963335
-6609.555000	1302.120000	12488.220000	14867.010000	-16582.095000	-19402.380000	8654.445000	15591.735000	-14.390933	-12.591953	-9.559924	-8.953016	-6.018566	-5.139191	-0.531594	-0.295066	-2.273740	5.112100	-3.570840	0.787535	0.390136	0.416442	-1.000000	-1.000000	-1.000000	-1.000000	-1.000000	-1.000000	-1.000000	73.241379	0.000000	-1.000000	-1.000000	1910065.000000	1773868063.967301
-6549.210000	1320.390000	12493.215000	14865.345000	-16589.880000	-19430.055000	8659.125000	15618.735000	-1.009708	4.758276	8.047216	8.134336	9.977108	7.316300	6.613509	-1.868612	-2.273740	5.112100	-3.570840	0.787535	0.390136	0.416442	-1.000000	-1.000000	-1.000000	-1.000000	-1.000000	-1.000000	-1.000000	73.241379	0.000000	-1.000000	-1.000000	1910066.000000	1773868063.967313
-6507.630000	1330.515000	12489.570000	14859.765000	-16593.525000	-19419.750000	8650.125000	15621.615000	19.135784	20.848093	21.636571	20.473160	20.673887	14.500036	11.013406	0.535880	-2.273740	5.112100	-3.570840	0.787535	0.390136	0.416442	-1.000000	-1.000000	-1.000000	-1.000000	-1.000000	-1.000000	-1.000000	73.241379	0.000000	-1.000000	-1.000000	1910067.000000	1773868063.971355
-6525.585000	1351.035000	12512.970000	14887.170000	-16561.485000	-19381.905000	8649.810000	15595.020000	35.832782	27.598866	23.882659	21.294570	20.509317	12.836580	10.606502	6.497022	-2.273740	5.112100	-3.570840	0.787535	0.390136	0.416442	-1.000000	-1.000000	-1.000000	-1.000000	-1.000000	-1.000000	-1.000000	73.241379	0.000000	-1.000000	-1.000000	1910068.000000	1773868063.971366
-6551.280000	1344.240000	12508.920000	14882.985000	-16566.345000	-19379.205000	8666.460000	15582.780000	37.298563	22.574912	15.349645	12.449095	12.138281	7.104157	6.146272	10.524679	-2.273740	5.112100	-3.570840	0.787535	0.390136	0.416442	-1.000000	-1.000000	-1.000000	-1.000000	-1.000000	-1.000000	-1.000000	73.241379	0.000000	-1.000000	-1.000000	1910069.000000	1773868063.976753
-6540.030000	1348.830000	12515.130000	14893.965000	-16550.640000	-19360.125000	8696.655000	15606.900000	20.428730	9.287122	2.418586	0.975188	2.097922	3.316911	0.910096	8.779467	-2.273740	5.112100	-3.570840	0.787535	0.390136	0.416442	-1.000000	-1.000000	-1.000000	-1.000000	-1.000000	-1.000000	-1.000000	73.241379	0.000000	-1.000000	-1.000000	1910070.000000	1773868063.976766
-6503.355000	1391.355000	12550.005000	14924.925000	-16523.370000	-19339.245000	8709.705000	15617.835000	-4.742685	-5.075235	-7.812122	-6.879725	-4.974558	2.245743	-1.885519	3.162135	-3.265640	5.600420	-1.358140	0.787229	0.389098	0.419982	-1.000000	-1.000000	-1.000000	-1.000000	-1.000000	-1.000000	-1.000000	73.241379	0.000000	-1.000000	-1.000000	1910071.000000	1773868063.979347
-6520.905000	1347.750000	12501.540000	14871.780000	-16575.705000	-19392.570000	8665.470000	15621.075000	-23.268097	-13.606066	-11.386443	-8.776355	-7.794590	1.027454	-2.248344	-2.207436	-3.265640	5.600420	-1.358140	0.787229	0.389098	0.419982	-1.000000	-1.000000	-1.000000	-1.000000	-1.000000	-1.000000	-1.000000	73.241379	0.000000	-1.000000	-1.000000	1910072.000000	1773868063.979357
-6563.700000	1280.655000	12428.550000	14796.315000	-16651.755000	-19461.465000	8627.265000	15622.245000	-28.275081	-15.662910	-10.824638	-8.260069	-9.271459	-3.832773	-3.379546	-5.101246	-3.265640	5.600420	-1.358140	0.787229	0.389098	0.419982	-1.000000	-1.000000	-1.000000	-1.000000	-1.000000	-1.000000	-1.000000	73.241379	0.000000	-1.000000	-1.000000	1910073.000000	1773868063.983287
-6569.460000	1284.840000	12436.560000	14799.285000	-16656.030000	-19458.045000	8630.190000	15610.545000	-24.038347	-15.629280	-11.273159	-10.219647	-12.887247	-12.643742	-6.917087	-5.854058	-3.265640	5.600420	-1.358140	0.787229	0.389098	0.419982	-1.000000	-1.000000	-1.000000	-1.000000	-1.000000	-1.000000	-1.000000	73.241379	0.000000	-1.000000	-1.000000	1910074.000000	1773868063.983296
-6569.190000	1301.310000	12464.190000	14833.755000	-16607.160000	-19407.555000	8632.755000	15595.515000	-17.829165	-14.904741	-12.084281	-12.735643	-15.701553	-18.998419	-9.990321	-6.251082	-3.265640	5.600420	-1.358140	0.787229	0.389098	0.419982	-1.000000	-1.000000	-1.000000	-1.000000	-1.000000	-1.000000	-1.000000	73.241379	0.000000	-1.000000	-1.000000	1910075.000000	1773868063.987348
-6563.790000	1321.380000	12489.885000	14865.030000	-16581.915000	-19398.510000	8624.520000	15553.035000	-12.365877	-10.642857	-8.017358	-9.211906	-10.809820	-15.274717	-8.739122	-7.514480	-3.265640	5.600420	-1.358140	0.787229	0.389098	0.419982	-1.000000	-1.000000	-1.000000	-1.000000	-1.000000	-1.000000	-1.000000	73.241379	0.000000	-1.000000	-1.000000	1910076.000000	1773868063.987359
-6553.125000	1347.795000	12516.705000	14893.605000	-16553.160000	-19376.055000	8616.645000	15448.725000	-5.365473	-1.214875	2.537075	2.295089	2.856801	-1.961761	-2.978055	-9.942710	-3.265640	5.600420	-1.358140	0.787229	0.389098	0.419982	-1.000000	-1.000000	-1.000000	-1.000000	-1.000000	-1.000000	-1.000000	73.241379	0.000000	-1.000000	-1.000000	1910077.000000	1773868063.991436
-6531.750000	1361.880000	12529.710000	14904.270000	-16544.700000	-19371.780000	8649.450000	15468.570000	5.765421	11.038404	15.150885	16.362537	18.350549	13.078624	4.042356	-12.793173	-3.265640	5.600420	-1.358140	0.787229	0.389098	0.419982	-1.000000	-1.000000	-1.000000	-1.000000	-1.000000	-1.000000	-1.000000	73.241379	0.000000	-1.000000	-1.000000	1910078.000000	1773868063.991444
-6554.385000	1315.530000	12480.570000	14851.935000	-16596.765000	-19419.840000	8668.035000	15663.555000	18.348834	20.021964	22.195774	23.920129	25.762301	20.761436	9.219607	-9.930822	-3.265640	5.600420	-1.358140	0.787229	0.389098	0.419982	-1.000000	-1.000000	-1.000000	-1.000000	-1.000000	-1.000000	-1.000000	73.241379	0.000000	-1.000000	-1.000000	1910079.000000	1773868063.995603
-6561.810000	1289.295000	12446.460000	14817.555000	-16628.490000	-19447.605000	8668.080000	15742.395000	24.865563	18.894160	17.306308	18.067343	18.574004	15.732365	11.364596	7.261813	-3.265640	5.600420	-1.358140	0.787229	0.389098	0.419982	-1.000000	-1.000000	-1.000000	-1.000000	-1.000000	-1.000000	-1.000000	73.241379	0.000000	-1.000000	-1.000000	1910080.000000	1773868063.995614
-6575.625000	1297.080000	12455.460000	14825.835000	-16624.305000	-19432.170000	8660.160000	15656.535000	21.063578	8.124211	2.789297	1.952053	1.087149	2.373184	10.934322	33.258980	-0.213640	6.928040	-2.411080	0.789244	0.389708	0.420287	-1.000000	-1.000000	-1.000000	-1.000000	-1.000000	-1.000000	-1.000000	73.241379	0.000000	-1.000000	-1.000000	1910081.000000	1773868063.999327
-6584.310000	1299.960000	12473.910000	14848.290000	-16594.920000	-19419.390000	8654.085000	15643.080000	10.353307	-2.766988	-9.707353	-11.484889	-12.794919	-7.186122	8.945911	46.377264	-0.213640	6.928040	-2.411080	0.789244	0.389708	0.420287	-1.000000	-1.000000	-1.000000	-1.000000	-1.000000	-1.000000	-1.000000	73.241379	0.000000	-1.000000	-1.000000	1910082.000000	1773868063.999338
-6570.945000	1296.225000	12474.180000	14846.085000	-16592.940000	-19408.680000	8652.105000	15636.960000	-1.025145	-6.385122	-11.558210	-13.006056	-13.512022	-6.108941	5.306079	32.538916	-0.213640	6.928040	-2.411080	0.789244	0.389708	0.420287	-1.000000	-1.000000	-1.000000	-1.000000	-1.000000	-1.000000	-1.000000	73.241379	0.000000	-1.000000	-1.000000	1910083.000000	1773868064.003388
-6558.660000	1305.720000	12475.260000	14846.985000	-16597.170000	-19402.290000	8650.665000	15627.105000	-8.787596	-4.423419	-5.641759	-6.055828	-5.148437	0.765906	-0.441052	0.008333	-0.213640	6.928040	-2.411080	0.789244	0.389708	0.420287	-1.000000	-1.000000	-1.000000	-1.000000	-1.000000	-1.000000	-1.000000	73.241379	0.000000	-1.000000	-1.000000	1910084.000000	1773868064.003398
-6554.610000	1315.890000	12480.030000	14851.935000	-16604.280000	-19422.495000	8650.980000	15628.050000	-11.224432	-2.116534	-0.212201	-0.011709	1.458578	4.411738	-6.808495	-30.245272	-0.213640	6.928040	-2.411080	0.789244	0.389708	0.420287	-1.000000	-1.000000	-1.000000	-1.000000	-1.000000	-1.000000	-1.000000	73.241379	0.000000	-1.000000	-1.000000	1910085.000000	1773868064.007380
-6563.655000	1306.935000	12472.650000	14843.880000	-16613.415000	-19448.100000	8652.960000	15625.485000	-9.207466	-2.302985	0.034882	0.017091	0.410646	0.410238	-11.166792	-40.884670	-0.213640	6.928040	-2.411080	0.789244	0.389708	0.420287	-1.000000	-1.000000	-1.000000	-1.000000	-1.000000	-1.000000	-1.000000	73.241379	0.000000	-1.000000	-1.000000	1910086.000000	1773868064.007386
-6576.885000	1319.985000	12481.110000	14847.840000	-16605.090000	-19404.675000	8660.610000	15591.915000	-5.683570	-4.272491	-3.455345	-4.049551	-5.491066	-7.834245	-12.453228	-31.262877	-0.213640	6.928040	-2.411080	0.789244	0.389708	0.420287	-1.000000	-1.000000	-1.000000	-1.000000	-1.000000	-1.000000	-1.000000	73.241379	0.000000	-1.000000	-1.000000	1910087.000000	1773868064.012424
-6594.120000	1326.105000	12489.300000	14857.605000	-16591.410000	-19393.335000	8655.435000	15562.080000	-3.304586	-4.580742	-5.287764	-6.173047	-8.535876	-11.448568	-11.242509	-17.661187	-0.213640	6.928040	-2.411080	0.789244	0.389708	0.420287	-1.000000	-1.000000	-1.000000	-1.000000	-1.000000	-1.000000	-1.000000	73.241379	0.000000	-1.000000	-1.000000	1910088.000000	1773868064.012438
-6590.115000	1290.375000	12469.050000	14851.215000	-16589.115000	-19408.185000	8653.950000	15594.705000	-2.143814	-1.036015	-1.616249	-1.925396	-3.331066	-5.149479	-7.743059	-13.006808	-0.213640	6.928040	-2.411080	0.789244	0.389708	0.420287	-1.000000	-1.000000	-1.000000	-1.000000	-1.000000	-1.000000	-1.000000	73.241379	0.000000	-1.000000	-1.000000	1910089.000000	1773868064.015396
-6533.280000	1319.355000	12486.195000	14859.000000	-16600.770000	-19430.055000	8661.285000	15642.045000	0.563434	4.313499	5.624331	6.820107	7.568758	6.201234	-1.505258	-10.631990	-0.213640	6.928040	-2.411080	0.789244	0.389708	0.420287	-1.000000	-1.000000	-1.000000	-1.000000	-1.000000	-1.000000	-1.000000	73.241379	0.000000	-1.000000	-1.000000	1910090.000000	1773868064.015402
-6504.255000	1336.680000	12494.295000	14855.625000	-16618.995000	-19434.645000	8664.435000	15661.485000	7.273095	8.344594	11.120334	13.475546	15.358978	12.893445	6.534954	2.370998	0.198380	7.065380	-1.953280	0.792051	0.391112	0.420470	-1.000000	-1.000000	-1.000000	-1.000000	-1.000000	-1.000000	-1.000000	73.241379	0.000000	-1.000000	-1.000000	1910091.000000	1773868064.019658
-6516.675000	1350.585000	12512.970000	14884.380000	-16561.350000	-19394.280000	8651.475000	15632.640000	14.866775	9.498103	11.236446	13.060186	13.906616	10.357118	12.867422	24.195041	0.198380	7.065380	-1.953280	0.792051	0.391112	0.420470	-1.000000	-1.000000	-1.000000	-1.000000	-1.000000	-1.000000	-1.000000	73.241379	0.000000	-1.000000	-1.000000	1910092.000000	1773868064.019668
-6542.775000	1335.105000	12498.885000	14871.105000	-16570.170000	-19377.720000	8646.525000	15599.565000	15.587743	6.643250	5.812452	5.937501	5.626622	2.465576	13.704786	39.933354	0.198380	7.065380	-1.953280	0.792051	0.391112	0.420470	-1.000000	-1.000000	-1.000000	-1.000000	-1.000000	-1.000000	-1.000000	73.241379	0.000000	-1.000000	-1.000000	1910093.000000	1773868064.023552
-6599.385000	1301.670000	12475.845000	14852.385000	-16580.790000	-19371.915000	8659.935000	15587.865000	5.012890	-0.962700	-3.211872	-4.408798	-3.583486	-3.794455	8.646464	38.137762	0.198380	7.065380	-1.953280	0.792051	0.391112	0.420470	-1.000000	-1.000000	-1.000000	-1.000000	-1.000000	-1.000000	-1.000000	73.241379	0.000000	-1.000000	-1.000000	1910094.000000	1773868064.023562
-6581.790000	1316.070000	12492.945000	14868.495000	-16584.120000	-19421.955000	8680.005000	15627.555000	-12.377851	-11.116022	-12.306936	-13.632437	-10.306975	-5.810322	1.135059	20.747364	0.198380	7.065380	-1.953280	0.792051	0.391112	0.420470	-1.000000	-1.000000	-1.000000	-1.000000	-1.000000	-1.000000	-1.000000	73.241379	0.000000	-1.000000	-1.000000	1910095.000000	1773868064.027624
-6557.130000	1317.780000	12490.920000	14865.210000	-16589.925000	-19424.655000	8693.325000	15654.060000	-24.846519	-17.844565	-16.498788	-16.994392	-13.096354	-6.700762	-4.626458	-0.937603	0.198380	7.065380	-1.953280	0.792051	0.391112	0.420470	-1.000000	-1.000000	-1.000000	-1.000000	-1.000000	-1.000000	-1.000000	73.241379	0.000000	-1.000000	-1.000000	1910096.000000	1773868064.027634
-6561.810000	1325.610000	12504.645000	14883.300000	-16558.335000	-19363.680000	8675.010000	15596.730000	-22.730224	-15.778055	-12.584666	-12.142864	-11.042524	-7.831301	-6.676075	-17.489737	0.198380	7.065380	-1.953280	0.792051	0.391112	0.420470	-1.000000	-1.000000	-1.000000	-1.000000	-1.000000	-1.000000	-1.000000	73.241379	0.000000	-1.000000	-1.000000	1910097.000000	1773868064.031463
-6544.305000	1334.340000	12511.080000	14888.475000	-16556.445000	-19386.540000	8664.480000	15589.980000	-7.573416	-4.813408	-1.944516	-1.253890	-4.154733	-5.362724	-5.957956	-26.827949	0.198380	7.065380	-1.953280	0.792051	0.391112	0.420470	-1.000000	-1.000000	-1.000000	-1.000000	-1.000000	-1.000000	-1.000000	73.241379	0.000000	-1.000000	-1.000000	1910098.000000	1773868064.031473
-6513.345000	1339.470000	12506.940000	14875.785000	-16577.865000	-19398.285000	8652.780000	15629.940000	10.101394	9.138613	9.661817	9.788998	4.752314	1.695794	-4.661091	-29.112172	0.198380	7.065380	-1.953280	0.792051	0.391112	0.420470	-1.000000	-1.000000	-1.000000	-1.000000	-1.000000	-1.000000	-1.000000	73.241379	0.000000	-1.000000	-1.000000	1910099.000000	1773868064.035433
-6529.140000	1309.455000	12473.820000	14841.720000	-16606.530000	-19417.860000	8638.245000	15637.095000	20.015273	17.257108	14.768308	14.041680	9.768993	7.670645	-4.088073	-22.580639	0.198380	7.065380	-1.953280	0.792051	0.391112	0.420470	-1.000000	-1.000000	-1.000000	-1.000000	-1.000000	-1.000000	-1.000000	73.241379	0.000000	-1.000000	-1.000000	1910100.000000	1773868064.035443
-6586.560000	1276.380000	12444.795000	14819.670000	-16621.470000	-19436.220000	8636.985000	15599.835000	17.568197	13.865788	9.334414	8.057867	6.197850	6.462827	-3.773007	-7.781716	0.320460	6.775440	-1.632820	0.793699	0.391601	0.421691	-1.000000	-1.000000	-1.000000	-1.000000	-1.000000	-1.000000	-1.000000	73.241379	0.000000	-1.000000	-1.000000	1910101.000000	1773868064.043760
-6586.380000	1284.795000	12450.510000	14825.745000	-16616.070000	-19425.915000	8642.880000	15588.000000	5.471053	1.590470	-2.967485	-4.155124	-3.780515	-1.814600	-2.258835	9.159694	0.320460	6.775440	-1.632820	0.793699	0.391601	0.421691	-1.000000	-1.000000	-1.000000	-1.000000	-1.000000	-1.000000	-1.000000	73.241379	0.000000	-1.000000	-1.000000	1910102.000000	1773868064.043770
-6559.875000	1320.165000	12478.770000	14842.395000	-16611.300000	-19415.565000	8639.865000	15596.505000	-6.856840	-9.503651	-12.405789	-13.062014	-11.621667	-9.791556	0.694746	20.507515	0.320460	6.775440	-1.632820	0.793699	0.391601	0.421691	-1.000000	-1.000000	-1.000000	-1.000000	-1.000000	-1.000000	-1.000000	73.241379	0.000000	-1.000000	-1.000000	1910103.000000	1773868064.043838
-6566.535000	1320.885000	12476.970000	14836.365000	-16623.135000	-19444.050000	8640.360000	15607.530000	-10.800822	-10.802352	-11.640974	-11.989252	-10.693575	-9.895587	3.214749	21.723095	0.320460	6.775440	-1.632820	0.793699	0.391601	0.421691	-1.000000	-1.000000	-1.000000	-1.000000	-1.000000	-1.000000	-1.000000	73.241379	0.000000	-1.000000	-1.000000	1910104.000000	1773868064.043847
-6590.970000	1286.685000	12452.085000	14819.580000	-16635.015000	-19448.325000	8647.380000	15601.860000	-6.730587	-3.497003	-2.530697	-2.912821	-2.361092	-2.618019	3.828254	13.429582	0.320460	6.775440	-1.632820	0.793699	0.391601	0.421691	-1.000000	-1.000000	-1.000000	-1.000000	-1.000000	-1.000000	-1.000000	73.241379	0.000000	-1.000000	-1.000000	1910105.000000	1773868064.049669
-6583.005000	1278.945000	12446.235000	14821.560000	-16620.570000	-19437.255000	8649.090000	15607.215000	-0.915948	4.293739	6.890956	6.854014	6.892491	5.336764	3.633883	1.644912	0.320460	6.775440	-1.632820	0.793699	0.391601	0.421691	-1.000000	-1.000000	-1.000000	-1.000000	-1.000000	-1.000000	-1.000000	73.241379	0.000000	-1.000000	-1.000000	1910106.000000	1773868064.049680
-6575.940000	1286.325000	12457.845000	14828.310000	-16618.545000	-19425.555000	8647.830000	15605.415000	2.130382	6.707623	10.669073	11.796748	12.243539	9.743025	4.327791	-6.720713	0.320460	6.775440	-1.632820	0.793699	0.391601	0.421691	-1.000000	-1.000000	-1.000000	-1.000000	-1.000000	-1.000000	-1.000000	73.241379	0.000000	-1.000000	-1.000000	1910107.000000	1773868064.051630
-6574.770000	1289.880000	12469.950000	14847.435000	-16593.120000	-19409.130000	8642.610000	15598.665000	1.530653	4.085850	8.953807	11.658158	13.501689	11.393611	5.559460	-9.902972	0.320460	6.775440	-1.632820	0.793699	0.391601	0.421691	-1.000000	-1.000000	-1.000000	-1.000000	-1.000000	-1.000000	-1.000000	73.241379	0.000000	-1.000000	-1.000000	1910108.000000	1773868064.051648
-6579.720000	1292.940000	12468.960000	14845.545000	-16599.375000	-19412.505000	8644.995000	15594.120000	-0.580005	0.563134	5.568251	9.334143	12.393736	11.461940	5.720511	-9.640157	0.320460	6.775440	-1.632820	0.793699	0.391601	0.421691	-1.000000	-1.000000	-1.000000	-1.000000	-1.000000	-1.000000	-1.000000	73.241379	0.000000	-1.000000	-1.000000	1910109.000000	1773868064.056728
-6575.085000	1306.305000	12476.295000	14848.605000	-16602.480000	-19409.310000	8654.220000	15586.920000	-0.310070	-0.056314	3.465814	6.661087	9.024057	9.009663	3.995154	-6.284978	0.320460	6.775440	-1.632820	0.793699	0.391601	0.421691	-1.000000	-1.000000	-1.000000	-1.000000	-1.000000	-1.000000	-1.000000	73.241379	0.000000	-1.000000	-1.000000	1910110.000000	1773868064.056741
-6563.205000	1325.250000	12495.555000	14871.015000	-16573.680000	-19387.305000	8663.895000	15582.960000	3.908844	2.578304	2.681707	3.409300	3.033661	3.414367	0.811913	-0.089795	-1.770160	4.623780	-2.014320	0.794676	0.394774	0.423461	-1.000000	-1.000000	-1.000000	-1.000000	-1.000000	-1.000000	-1.000000	73.241379	0.000000	-1.000000	-1.000000	1910111.000000	1773868064.059434
-6568.875000	1328.490000	12496.635000	14869.935000	-16574.085000	-19389.465000	8667.045000	15587.325000	8.698029	5.192422	1.356126	-0.813885	-3.717793	-3.296202	-2.794669	5.745451	-1.770160	4.623780	-2.014320	0.794676	0.394774	0.423461	-1.000000	-1.000000	-1.000000	-1.000000	-1.000000	-1.000000	-1.000000	73.241379	0.000000	-1.000000	-1.000000	1910112.000000	1773868064.059445
-6622.695000	1304.235000	12474.630000	14848.290000	-16596.855000	-19419.705000	8648.190000	15587.190000	8.563133	4.138406	-2.050702	-5.724170	-8.810373	-8.313992	-6.076562	7.290273	-1.770160	4.623780	-2.014320	0.794676	0.394774	0.423461	-1.000000	-1.000000	-1.000000	-1.000000	-1.000000	-1.000000	-1.000000	73.241379	0.000000	-1.000000	-1.000000	1910113.000000	1773868064.063367
-6658.290000	1294.830000	12468.060000	14837.985000	-16614.270000	-19433.520000	8640.720000	15568.380000	1.044638	-0.871744	-6.871608	-10.401510	-11.906473	-11.281710	-8.724448	3.955566	-1.770160	4.623780	-2.014320	0.794676	0.394774	0.423461	-1.000000	-1.000000	-1.000000	-1.000000	-1.000000	-1.000000	-1.000000	73.241379	0.000000	-1.000000	-1.000000	1910114.000000	1773868064.063379
-6616.440000	1298.520000	12472.785000	14846.355000	-16601.580000	-19427.715000	8651.655000	15583.950000	-10.012833	-6.667355	-10.477697	-13.136402	-13.433898	-12.951890	-9.641883	-1.279687	-1.770160	4.623780	-2.014320	0.794676	0.394774	0.423461	-1.000000	-1.000000	-1.000000	-1.000000	-1.000000	-1.000000	-1.000000	73.241379	0.000000	-1.000000	-1.000000	1910115.000000	1773868064.067405
-6517.080000	1307.790000	12467.250000	14835.780000	-16614.675000	-19428.120000	8646.660000	15633.630000	-15.366213	-9.762394	-10.791738	-12.350188	-12.535921	-12.304003	-7.156931	-4.132626	-1.770160	4.623780	-2.014320	0.794676	0.394774	0.423461	-1.000000	-1.000000	-1.000000	-1.000000	-1.000000	-1.000000	-1.000000	73.241379	0.000000	-1.000000	-1.000000	1910116.000000	1773868064.067416
-6508.170000	1325.070000	12478.365000	14843.115000	-16606.665000	-19413.540000	8639.235000	15619.995000	-7.914955	-8.388906	-7.669511	-8.029960	-8.423078	-7.909959	-1.520229	-1.951241	-1.770160	4.623780	-2.014320	0.794676	0.394774	0.423461	-1.000000	-1.000000	-1.000000	-1.000000	-1.000000	-1.000000	-1.000000	73.241379	0.000000	-1.000000	-1.000000	1910117.000000	1773868064.074474
-6517.890000	1331.280000	12492.000000	14858.685000	-16589.340000	-19403.370000	8644.275000	15601.410000	8.405615	-2.877037	-1.863036	-1.278955	-1.554520	-0.154120	4.523317	3.244954	-1.770160	4.623780	-2.014320	0.794676	0.394774	0.423461	-1.000000	-1.000000	-1.000000	-1.000000	-1.000000	-1.000000	-1.000000	73.241379	0.000000	-1.000000	-1.000000	1910118.000000	1773868064.074484
-6527.115000	1331.910000	12499.740000	14874.030000	-16571.835000	-19397.790000	8642.880000	15600.510000	20.898921	3.793702	5.030753	6.330922	6.718216	8.332353	7.944090	6.527798	-1.770160	4.623780	-2.014320	0.794676	0.394774	0.423461	-1.000000	-1.000000	-1.000000	-1.000000	-1.000000	-1.000000	-1.000000	73.241379	0.000000	-1.000000	-1.000000	1910119.000000	1773868064.075496
-6535.350000	1329.255000	12498.345000	14868.720000	-16579.215000	-19395.405000	8667.495000	15628.185000	19.715178	7.178813	9.766381	11.889763	13.264823	13.519856	7.660177	5.497161	-1.770160	4.623780	-2.014320	0.794676	0.394774	0.423461	-1.000000	-1.000000	-1.000000	-1.000000	-1.000000	-1.000000	-1.000000	73.241379	0.000000	-1.000000	-1.000000	1910120.000000	1773868064.075509
-6563.880000	1299.825000	12462.570000	14820.255000	-16629.120000	-19411.155000	8672.130000	15626.520000	5.384881	4.894140	9.218060	11.863862	13.890067	12.999941	5.205333	1.510421	-4.547480	4.669560	-0.839300	0.798582	0.395934	0.425597	-1.000000	-1.000000	-1.000000	-1.000000	-1.000000	-1.000000	-1.000000	73.241379	0.000000	-1.000000	-1.000000	1910121.000000	1773868064.079368
-6578.415000	1298.025000	12467.070000	14833.665000	-16617.060000	-19426.545000	8654.715000	15606.495000	-12.486968	-0.974890	3.709106	5.781561	7.623626	7.820743	2.685974	-3.268047	-4.547480	4.669560	-0.839300	0.798582	0.395934	0.425597	-1.000000	-1.000000	-1.000000	-1.000000	-1.000000	-1.000000	-1.000000	73.241379	0.000000	-1.000000	-1.000000	1910122.000000	1773868064.079377
-6556.500000	1330.425000	12499.515000	14874.120000	-16573.140000	-19422.720000	8662.545000	15597.810000	-22.708724	-5.068207	-2.160884	-1.431930	-0.535875	0.909016	0.595144	-7.361998	-4.547480	4.669560	-0.839300	0.798582	0.395934	0.425597	-1.000000	-1.000000	-1.000000	-1.000000	-1.000000	-1.000000	-1.000000	73.241379	0.000000	-1.000000	-1.000000	1910123.000000	1773868064.083544
-6568.965000	1305.810000	12468.015000	14831.640000	-16638.120000	-19459.890000	8643.510000	15598.260000	-21.535872	-3.925392	-4.087408	-4.417457	-4.956813	-5.308908	-1.603224	-9.925071	-4.547480	4.669560	-0.839300	0.798582	0.395934	0.425597	-1.000000	-1.000000	-1.000000	-1.000000	-1.000000	-1.000000	-1.000000	73.241379	0.000000	-1.000000	-1.000000	1910124.000000	1773868064.083554
-6578.595000	1309.140000	12481.875000	14858.820000	-16583.625000	-19404.405000	8629.560000	15556.905000	-14.605890	0.175620	-2.596466	-3.272218	-5.268740	-9.145605	-4.172420	-11.192654	-4.547480	4.669560	-0.839300	0.798582	0.395934	0.425597	-1.000000	-1.000000	-1.000000	-1.000000	-1.000000	-1.000000	-1.000000	73.241379	0.000000	-1.000000	-1.000000	1910125.000000	1773868064.087545
-6560.280000	1344.510000	12516.300000	14892.300000	-16549.650000	-19397.295000	8649.630000	15520.950000	-7.779304	3.268713	-0.114651	-0.430884	-2.664529	-8.479958	-6.107663	-11.499791	-4.547480	4.669560	-0.839300	0.798582	0.395934	0.425597	-1.000000	-1.000000	-1.000000	-1.000000	-1.000000	-1.000000	-1.000000	73.241379	0.000000	-1.000000	-1.000000	1910126.000000	1773868064.087555
-6544.980000	1342.035000	12506.670000	14873.625000	-16584.930000	-19427.940000	8655.210000	15551.550000	-0.303759	4.524944	2.300722	2.524013	1.683326	-3.547960	-5.457373	-8.909151	-4.547480	4.669560	-0.839300	0.798582	0.395934	0.425597	-1.000000	-1.000000	-1.000000	-1.000000	-1.000000	-1.000000	-1.000000	73.241379	0.000000	-1.000000	-1.000000	1910127.000000	1773868064.091396
-6548.895000	1307.925000	12471.345000	14836.950000	-16618.770000	-19383.840000	8638.605000	15653.385000	9.576743	3.861091	2.759359	2.607941	3.166255	1.715495	-2.250430	0.389941	-4.547480	4.669560	-0.839300	0.798582	0.395934	0.425597	-1.000000	-1.000000	-1.000000	-1.000000	-1.000000	-1.000000	-1.000000	73.241379	0.000000	-1.000000	-1.000000	1910128.000000	1773868064.091406
-6536.115000	1305.720000	12466.530000	14828.670000	-16622.190000	-19414.125000	8650.080000	15665.850000	19.034253	0.442767	-0.606052	-2.112892	-1.293920	4.564514	0.746935	16.390190	-4.547480	4.669560	-0.839300	0.798582	0.395934	0.425597	-1.000000	-1.000000	-1.000000	-1.000000	-1.000000	-1.000000	-1.000000	73.241379	0.000000	-1.000000	-1.000000	1910129.000000	1773868064.098230
-6547.500000	1292.400000	12458.655000	14826.735000	-16618.230000	-19432.485000	8656.155000	15637.365000	23.780119	-4.012386	-5.391642	-7.817141	-7.146047	4.751520	1.945768	30.437606	-4.547480	4.669560	-0.839300	0.798582	0.395934	0.425597	-1.000000	-1.000000	-1.000000	-1.000000	-1.000000	-1.000000	-1.000000	73.241379	0.000000	-1.000000	-1.000000	1910130.000000	1773868064.098241
-6571.125000	1288.260000	12463.560000	14837.445000	-16595.730000	-19424.610000	8659.575000	15628.230000	21.215415	-6.152835	-7.124606	-8.944454	-7.853563	2.805173	2.628098	31.483932	-2.334780	3.769220	-1.434440	0.801756	0.393920	0.427062	-1.000000	-1.000000	-1.000000	-1.000000	-1.000000	-1.000000	-1.000000	73.241379	0.000000	-1.000000	-1.000000	1910131.000000	1773868064.099357
-6584.580000	1297.260000	12469.770000	14841.540000	-16597.845000	-19419.165000	8659.890000	15617.520000	10.371553	-5.011264	-4.532814	-4.632119	-2.561935	0.538588	3.839322	16.901043	-2.334780	3.769220	-1.434440	0.801756	0.393920	0.427062	-1.000000	-1.000000	-1.000000	-1.000000	-1.000000	-1.000000	-1.000000	73.241379	0.000000	-1.000000	-1.000000	1910132.000000	1773868064.099367
-6559.830000	1321.785000	12493.395000	14866.830000	-16576.245000	-19401.030000	8658.855000	15621.840000	-5.800799	-1.201414	1.030464	2.617999	5.230529	-0.007813	4.938351	-5.779287	-2.334780	3.769220	-1.434440	0.801756	0.393920	0.427062	-1.000000	-1.000000	-1.000000	-1.000000	-1.000000	-1.000000	-1.000000	73.241379	0.000000	-1.000000	-1.000000	1910133.000000	1773868064.103629
-6521.760000	1344.870000	12501.135000	14865.705000	-16582.905000	-19406.745000	8649.270000	15626.925000	-18.910861	4.438520	7.317052	9.505276	10.838017	0.603148	4.818004	-24.182303	-2.334780	3.769220	-1.434440	0.801756	0.393920	0.427062	-1.000000	-1.000000	-1.000000	-1.000000	-1.000000	-1.000000	-1.000000	73.241379	0.000000	-1.000000	-1.000000	1910134.000000	1773868064.103639
-6519.915000	1334.025000	12498.300000	14866.560000	-16576.290000	-19392.120000	8656.245000	15630.345000	-21.238457	9.022534	10.594316	11.871901	10.053383	0.189271	2.497501	-28.710489	-2.334780	3.769220	-1.434440	0.801756	0.393920	0.427062	-1.000000	-1.000000	-1.000000	-1.000000	-1.000000	-1.000000	-1.000000	73.241379	0.000000	-1.000000	-1.000000	1910135.000000	1773868064.107469
-6561.630000	1318.545000	12497.220000	14868.585000	-16582.320000	-19396.755000	8664.705000	15612.660000	-13.683007	8.786665	8.335503	8.103693	3.459428	-1.383432	-1.587934	-20.330498	-2.334780	3.769220	-1.434440	0.801756	0.393920	0.427062	-1.000000	-1.000000	-1.000000	-1.000000	-1.000000	-1.000000	-1.000000	73.241379	0.000000	-1.000000	-1.000000	1910136.000000	1773868064.107479
-6593.265000	1305.810000	12484.710000	14857.470000	-16590.015000	-19412.055000	8657.010000	15593.220000	-4.422288	3.377389	2.365234	1.506659	-3.548329	-3.162005	-5.167055	-9.705027	-2.334780	3.769220	-1.434440	0.801756	0.393920	0.427062	-1.000000	-1.000000	-1.000000	-1.000000	-1.000000	-1.000000	-1.000000	73.241379	0.000000	-1.000000	-1.000000	1910137.000000	1773868064.111463
-6566.265000	1319.850000	12484.035000	14848.560000	-16602.255000	-19418.805000	8659.260000	15594.120000	0.618952	-3.329169	-3.313489	-3.597121	-6.743142	-4.550067	-6.607949	-4.988615	-2.334780	3.769220	-1.434440	0.801756	0.393920	0.427062	-1.000000	-1.000000	-1.000000	-1.000000	-1.000000	-1.000000	-1.000000	73.241379	0.000000	-1.000000	-1.000000	1910138.000000	1773868064.111485
-6530.535000	1354.545000	12516.705000	14879.925000	-16572.915000	-19387.665000	8675.505000	15609.645000	3.443084	-6.201910	-5.643551	-5.286471	-5.794199	-3.680537	-5.648603	-3.409325	-2.334780	3.769220	-1.434440	0.801756	0.393920	0.427062	-1.000000	-1.000000	-1.000000	-1.000000	-1.000000	-1.000000	-1.000000	73.241379	0.000000	-1.000000	-1.000000	1910139.000000	1773868064.115567
-6533.055000	1349.370000	12518.910000	14883.795000	-16570.440000	-19387.395000	8681.985000	15626.520000	8.380691	-3.262468	-3.889306	-3.922156	-2.637138	0.685175	-2.375086	2.104220	-2.334780	3.769220	-1.434440	0.801756	0.393920	0.427062	-1.000000	-1.000000	-1.000000	-1.000000	-1.000000	-1.000000	-1.000000	73.241379	0.000000	-1.000000	-1.000000	1910140.000000	1773868064.115585
-6561.000000	1308.690000	12485.385000	14857.155000	-16580.790000	-19403.055000	8668.710000	15620.580000	13.599186	1.334376	-0.843981	-1.837091	0.317054	5.810096	1.954231	12.354722	-1.968540	4.471180	0.000000	0.804258	0.390807	0.427733	-1.000000	-1.000000	-1.000000	-1.000000	-1.000000	-1.000000	-1.000000	73.241379	0.000000	-1.000000	-1.000000	1910141.000000	1773868064.119357
-6555.105000	1302.030000	12484.440000	14858.460000	-16583.670000	-19402.965000	8664.975000	15630.345000	12.705590	1.052828	-0.886841	-2.031384	1.079650	6.908613	4.899741	21.288989	-1.968540	4.471180	0.000000	0.804258	0.390807	0.427733	-1.000000	-1.000000	-1.000000	-1.000000	-1.000000	-1.000000	-1.000000	73.241379	0.000000	-1.000000	-1.000000	1910142.000000	1773868064.119372
-6532.470000	1327.635000	12504.375000	14873.805000	-16583.715000	-19399.545000	8679.645000	15647.130000	3.791172	-5.052204	-4.653556	-4.717992	-0.890161	2.456440	5.106999	23.254715	-1.968540	4.471180	0.000000	0.804258	0.390807	0.427733	-1.000000	-1.000000	-1.000000	-1.000000	-1.000000	-1.000000	-1.000000	73.241379	0.000000	-1.000000	-1.000000	1910143.000000	1773868064.123429
-6528.330000	1361.700000	12530.970000	14898.825000	-16549.785000	-19368.630000	8675.235000	15586.785000	-7.172353	-10.203925	-7.459304	-6.202289	-3.213342	-3.689354	3.121989	16.530229	-1.968540	4.471180	0.000000	0.804258	0.390807	0.427733	-1.000000	-1.000000	-1.000000	-1.000000	-1.000000	-1.000000	-1.000000	73.241379	0.000000	-1.000000	-1.000000	1910144.000000	1773868064.123443
-6543.765000	1351.080000	12523.725000	14892.435000	-16565.895000	-19393.245000	8656.335000	15524.460000	-12.271733	-7.332725	-4.667517	-3.037537	-2.275550	-6.512571	-0.113329	1.353365	-1.968540	4.471180	0.000000	0.804258	0.390807	0.427733	-1.000000	-1.000000	-1.000000	-1.000000	-1.000000	-1.000000	-1.000000	73.241379	0.000000	-1.000000	-1.000000	1910145.000000	1773868064.127488
-6563.430000	1321.290000	12487.185000	14856.660000	-16588.440000	-19401.840000	8654.985000	15550.380000	-9.261210	2.262544	2.402768	3.330369	1.911823	-4.932767	-3.753686	-17.769105	-1.968540	4.471180	0.000000	0.804258	0.390807	0.427733	-1.000000	-1.000000	-1.000000	-1.000000	-1.000000	-1.000000	-1.000000	73.241379	0.000000	-1.000000	-1.000000	1910146.000000	1773868064.127500
-6587.055000	1285.560000	12444.030000	14808.645000	-16621.065000	-19431.585000	8654.445000	15637.185000	-3.108739	9.761242	7.127522	7.063378	4.957690	-1.601126	-6.319892	-28.869016	-1.968540	4.471180	0.000000	0.804258	0.390807	0.427733	-1.000000	-1.000000	-1.000000	-1.000000	-1.000000	-1.000000	-1.000000	73.241379	0.000000	-1.000000	-1.000000	1910147.000000	1773868064.131527
-6586.695000	1284.570000	12438.585000	14794.110000	-16654.635000	-19479.960000	8645.580000	15644.880000	-0.077786	8.176296	4.289287	3.381426	2.395140	-0.542400	-6.556675	-21.753362	-1.968540	4.471180	0.000000	0.804258	0.390807	0.427733	-1.000000	-1.000000	-1.000000	-1.000000	-1.000000	-1.000000	-1.000000	73.241379	0.000000	-1.000000	-1.000000	1910148.000000	1773868064.131537
-6587.145000	1290.060000	12451.320000	14811.165000	-16648.065000	-19456.560000	8639.010000	15595.875000	-0.935515	-0.274586	-3.619795	-5.330330	-5.241361	-3.324883	-4.568760	-1.327309	-1.968540	4.471180	0.000000	0.804258	0.390807	0.427733	-1.000000	-1.000000	-1.000000	-1.000000	-1.000000	-1.000000	-1.000000	73.241379	0.000000	-1.000000	-1.000000	1910149.000000	1773868064.135446
-6576.750000	1284.795000	12463.560000	14843.295000	-16601.760000	-19407.780000	8634.780000	15600.915000	-1.561932	-6.956275	-8.178708	-10.135586	-10.788468	-5.191441	-1.022924	16.353792	-1.968540	4.471180	0.000000	0.804258	0.390807	0.427733	-1.000000	-1.000000	-1.000000	-1.000000	-1.000000	-1.000000	-1.000000	73.241379	0.000000	-1.000000	-1.000000	1910150.000000	1773868064.135456
-6551.415000	1302.030000	12470.535000	14843.385000	-16600.815000	-19397.880000	8640.900000	15631.065000	1.006014	-6.290722	-4.322561	-5.086033	-7.226447	-0.311156	3.312995	20.886021	-0.076300	3.967600	0.259420	0.803831	0.389770	0.428588	-1.000000	-1.000000	-1.000000	-1.000000	-1.000000	-1.000000	-1.000000	73.241379	0.000000	-1.000000	-1.000000	1910151.000000	1773868064.139456
-6541.110000	1320.750000	12481.965000	14857.920000	-16579.305000	-19397.430000	8645.265000	15626.070000	5.648135	0.016870	4.641192	6.110916	4.084597	9.440232	6.945685	14.190214	-0.076300	3.967600	0.259420	0.803831	0.389770	0.428588	-1.000000	-1.000000	-1.000000	-1.000000	-1.000000	-1.000000	-1.000000	73.241379	0.000000	-1.000000	-1.000000	1910152.000000	1773868064.139465
-6536.115000	1349.685000	12511.755000	14885.280000	-16558.380000	-19384.065000	8644.860000	15564.960000	9.469417	7.102151	12.059944	15.221747	15.349952	16.291655	8.370733	3.502090	-0.076300	3.967600	0.259420	0.803831	0.389770	0.428588	-1.000000	-1.000000	-1.000000	-1.000000	-1.000000	-1.000000	-1.000000	73.241379	0.000000	-1.000000	-1.000000	1910153.000000	1773868064.143432
-6532.965000	1364.400000	12529.305000	14897.925000	-16549.740000	-19368.270000	8655.795000	15548.220000	10.783545	11.930931	14.805863	17.844956	20.287159	15.668589	7.541855	-5.934938	-0.076300	3.967600	0.259420	0.803831	0.389770	0.428588	-1.000000	-1.000000	-1.000000	-1.000000	-1.000000	-1.000000	-1.000000	73.241379	0.000000	-1.000000	-1.000000	1910154.000000	1773868064.143441
-6569.010000	1310.535000	12480.435000	14848.425000	-16594.830000	-19393.380000	8674.380000	15622.875000	8.865131	13.023980	13.180208	14.246744	17.051216	9.146314	5.648300	-11.433990	-0.076300	3.967600	0.259420	0.803831	0.389770	0.428588	-1.000000	-1.000000	-1.000000	-1.000000	-1.000000	-1.000000	-1.000000	73.241379	0.000000	-1.000000	-1.000000	1910155.000000	1773868064.147457
-6563.700000	1299.330000	12462.840000	14827.410000	-16618.545000	-19435.905000	8687.655000	15692.310000	3.147671	8.410309	7.078975	5.597787	6.469052	-0.178100	3.695502	-10.776660	-0.076300	3.967600	0.259420	0.803831	0.389770	0.428588	-1.000000	-1.000000	-1.000000	-1.000000	-1.000000	-1.000000	-1.000000	73.241379	0.000000	-1.000000	-1.000000	1910156.000000	1773868064.147475
-6548.760000	1329.480000	12503.835000	14871.375000	-16587.810000	-19429.785000	8685.675000	15646.995000	-4.623174	-1.252679	-2.540153	-5.525818	-7.284305	-9.683663	1.728210	-4.020654	-0.076300	3.967600	0.259420	0.803831	0.389770	0.428588	-1.000000	-1.000000	-1.000000	-1.000000	-1.000000	-1.000000	-1.000000	73.241379	0.000000	-1.000000	-1.000000	1910157.000000	1773868064.151491
-6556.230000	1327.995000	12505.275000	14877.765000	-16568.100000	-19384.335000	8670.240000	15640.515000	-10.362867	-10.379454	-11.062916	-13.873154	-16.972907	-15.667492	-0.940779	4.138668	-0.076300	3.967600	0.259420	0.803831	0.389770	0.428588	-1.000000	-1.000000	-1.000000	-1.000000	-1.000000	-1.000000	-1.000000	73.241379	0.000000	-1.000000	-1.000000	1910158.000000	1773868064.151501
-6593.220000	1302.570000	12480.435000	14853.870000	-16593.390000	-19407.240000	8659.620000	15620.130000	-12.358148	-14.131892	-14.739096	-16.370389	-18.748125	-15.656617	-4.828837	7.545472	-0.076300	3.967600	0.259420	0.803831	0.389770	0.428588	-1.000000	-1.000000	-1.000000	-1.000000	-1.000000	-1.000000	-1.000000	73.241379	0.000000	-1.000000	-1.000000	1910159.000000	1773868064.155386
-6612.345000	1290.420000	12467.385000	14839.515000	-16613.055000	-19437.795000	8651.115000	15595.605000	-12.839513	-13.321530	-14.529504	-14.905530	-15.314412	-11.694868	-9.366129	3.176682	-0.076300	3.967600	0.259420	0.803831	0.389770	0.428588	-1.000000	-1.000000	-1.000000	-1.000000	-1.000000	-1.000000	-1.000000	73.241379	0.000000	-1.000000	-1.000000	1910160.000000	1773868064.155400
-6607.575000	1275.120000	12447.810000	14820.660000	-16624.035000	-19441.755000	8633.790000	15605.325000	-12.978924	-11.387539	-13.041783	-12.425910	-11.026664	-7.570282	-12.841679	-5.728992	-3.616620	3.326680	0.350980	0.802366	0.395202	0.427123	-1.000000	-1.000000	-1.000000	-1.000000	-1.000000	-1.000000	-1.000000	73.241379	0.000000	-1.000000	-1.000000	1910161.000000	1773868064.160962
-6569.280000	1288.980000	12458.970000	14834.745000	-16598.475000	-19410.120000	8642.655000	15612.390000	-9.594533	-9.444351	-10.976215	-9.632617	-7.029301	-3.849043	-13.044811	-10.249568	-3.616620	3.326680	0.350980	0.802366	0.395202	0.427123	-1.000000	-1.000000	-1.000000	-1.000000	-1.000000	-1.000000	-1.000000	73.241379	0.000000	-1.000000	-1.000000	1910162.000000	1773868064.160981
-6552.720000	1296.585000	12460.230000	14826.195000	-16622.865000	-19432.980000	8656.380000	15602.085000	0.743567	-5.149070	-6.428766	-4.691647	-1.405661	1.427098	-8.474246	-5.324286	-3.616620	3.326680	0.350980	0.802366	0.395202	0.427123	-1.000000	-1.000000	-1.000000	-1.000000	-1.000000	-1.000000	-1.000000	73.241379	0.000000	-1.000000	-1.000000	1910163.000000	1773868064.163370
-6549.300000	1296.585000	12462.705000	14834.520000	-16608.555000	-19428.075000	8648.235000	15619.230000	15.778748	4.048456	2.905020	4.508225	7.181428	8.579254	-0.327316	2.798597	-3.616620	3.326680	0.350980	0.802366	0.395202	0.427123	-1.000000	-1.000000	-1.000000	-1.000000	-1.000000	-1.000000	-1.000000	73.241379	0.000000	-1.000000	-1.000000	1910164.000000	1773868064.163383
-6573.870000	1287.945000	12460.140000	14830.335000	-16614.045000	-19421.145000	8648.145000	15622.290000	26.927235	15.680389	15.032824	16.089716	16.695499	15.757451	7.441905	5.114126	-3.616620	3.326680	0.350980	0.802366	0.395202	0.427123	-1.000000	-1.000000	-1.000000	-1.000000	-1.000000	-1.000000	-1.000000	73.241379	0.000000	-1.000000	-1.000000	1910165.000000	1773868064.167490
-6572.115000	1303.605000	12484.575000	14853.555000	-16595.145000	-19413.990000	8665.560000	15586.875000	25.694991	22.487761	23.086311	23.442934	21.992494	19.682178	11.790767	1.289954	-3.616620	3.326680	0.350980	0.802366	0.395202	0.427123	-1.000000	-1.000000	-1.000000	-1.000000	-1.000000	-1.000000	-1.000000	73.241379	0.000000	-1.000000	-1.000000	1910166.000000	1773868064.167501
-6554.520000	1357.335000	12535.335000	14908.050000	-16537.680000	-19353.240000	8692.650000	15566.535000	12.238600	20.591717	22.600925	22.020215	19.506205	17.069895	13.208744	-3.090362	-3.616620	3.326680	0.350980	0.802366	0.395202	0.427123	-1.000000	-1.000000	-1.000000	-1.000000	-1.000000	-1.000000	-1.000000	73.241379	0.000000	-1.000000	-1.000000	1910167.000000	1773868064.171420
-6512.760000	1393.380000	12560.580000	14927.580000	-16520.580000	-19327.005000	8697.780000	15595.335000	-3.848709	13.750801	16.184352	14.543181	11.828907	9.354843	13.281968	-3.883076	-3.616620	3.326680	0.350980	0.802366	0.395202	0.427123	-1.000000	-1.000000	-1.000000	-1.000000	-1.000000	-1.000000	-1.000000	73.241379	0.000000	-1.000000	-1.000000	1910168.000000	1773868064.171434
-6506.910000	1362.150000	12528.405000	14892.075000	-16562.880000	-19386.765000	8660.295000	15628.095000	-12.574824	6.458318	7.860206	5.557943	3.282789	0.893154	11.045204	0.779092	-3.616620	3.326680	0.350980	0.802366	0.395202	0.427123	-1.000000	-1.000000	-1.000000	-1.000000	-1.000000	-1.000000	-1.000000	73.241379	0.000000	-1.000000	-1.000000	1910169.000000	1773868064.175382
-6533.730000	1317.690000	12481.065000	14844.600000	-16606.530000	-19419.930000	8643.285000	15614.370000	-12.621846	-2.299385	-2.601078	-4.807355	-6.359269	-8.118741	4.103851	9.563894	-3.616620	3.326680	0.350980	0.802366	0.395202	0.427123	-1.000000	-1.000000	-1.000000	-1.000000	-1.000000	-1.000000	-1.000000	73.241379	0.000000	-1.000000	-1.000000	1910170.000000	1773868064.175401
-6548.670000	1301.220000	12458.610000	14821.605000	-16628.895000	-19447.155000	8649.090000	15628.140000	-10.479908	-14.631721	-16.131873	-17.404674	-18.186121	-19.023318	-6.767952	16.713941	-5.844580	4.211760	2.411080	0.801451	0.399169	0.425658	-1.000000	-1.000000	-1.000000	-1.000000	-1.000000	-1.000000	-1.000000	73.241379	0.000000	-1.000000	-1.000000	1910171.000000	1773868064.179451
-6559.920000	1302.300000	12456.495000	14814.720000	-16640.280000	-19453.905000	8647.830000	15635.115000	-11.210719	-26.599046	-28.274638	-27.972634	-27.759821	-27.739969	-16.572178	16.217466	-5.844580	4.211760	2.411080	0.801451	0.399169	0.425658	-1.000000	-1.000000	-1.000000	-1.000000	-1.000000	-1.000000	-1.000000	73.241379	0.000000	-1.000000	-1.000000	1910172.000000	1773868064.179467
-6550.920000	1302.120000	12467.205000	14834.880000	-16613.730000	-19425.825000	8653.185000	15616.080000	-12.941746	-30.019674	-30.914639	-28.967428	-27.557629	-26.687271	-19.863879	6.259171	-5.844580	4.211760	2.411080	0.801451	0.399169	0.425658	-1.000000	-1.000000	-1.000000	-1.000000	-1.000000	-1.000000	-1.000000	73.241379	0.000000	-1.000000	-1.000000	1910173.000000	1773868064.183402
-6553.845000	1294.290000	12469.230000	14840.460000	-16608.015000	-19421.595000	8650.935000	15605.415000	-10.710662	-21.167746	-20.588156	-17.451232	-14.896501	-12.941917	-14.783985	-9.125162	-5.844580	4.211760	2.411080	0.801451	0.399169	0.425658	-1.000000	-1.000000	-1.000000	-1.000000	-1.000000	-1.000000	-1.000000	73.241379	0.000000	-1.000000	-1.000000	1910174.000000	1773868064.183412
-6548.805000	1291.365000	12463.920000	14833.755000	-16613.190000	-19421.865000	8643.060000	15612.570000	-2.961007	-4.911843	-2.879108	0.586436	3.881833	6.796280	-4.518612	-20.836614	-5.844580	4.211760	2.411080	0.801451	0.399169	0.425658	-1.000000	-1.000000	-1.000000	-1.000000	-1.000000	-1.000000	-1.000000	73.241379	0.000000	-1.000000	-1.000000	1910175.000000	1773868064.187413
-6538.455000	1300.635000	12475.845000	14851.620000	-16592.580000	-19418.040000	8639.280000	15602.445000	6.795885	9.745050	12.303180	14.877076	17.955828	20.680642	4.976381	-21.473898	-5.844580	4.211760	2.411080	0.801451	0.399169	0.425658	-1.000000	-1.000000	-1.000000	-1.000000	-1.000000	-1.000000	-1.000000	73.241379	0.000000	-1.000000	-1.000000	1910176.000000	1773868064.187418
-6549.750000	1312.200000	12483.225000	14854.320000	-16590.465000	-19406.880000	8647.110000	15597.180000	13.141834	17.043821	19.077155	19.857335	21.669105	22.521170	9.937558	-12.394320	-5.844580	4.211760	2.411080	0.801451	0.399169	0.425658	-1.000000	-1.000000	-1.000000	-1.000000	-1.000000	-1.000000	-1.000000	73.241379	0.000000	-1.000000	-1.000000	1910177.000000	1773868064.191417
-6570.720000	1308.645000	12478.185000	14850.045000	-16591.545000	-19402.290000	8650.170000	15600.465000	12.751341	17.801364	18.725061	17.658634	17.766936	16.408980	11.308995	-1.020454	-5.844580	4.211760	2.411080	0.801451	0.399169	0.425658	-1.000000	-1.000000	-1.000000	-1.000000	-1.000000	-1.000000	-1.000000	73.241379	0.000000	-1.000000	-1.000000	1910178.000000	1773868064.191424
-6590.205000	1304.820000	12478.950000	14850.720000	-16595.370000	-19406.880000	8655.480000	15597.180000	6.596044	15.914781	15.612658	13.272196	11.788330	9.733218	11.457775	7.000331	-5.844580	4.211760	2.411080	0.801451	0.399169	0.425658	-1.000000	-1.000000	-1.000000	-1.000000	-1.000000	-1.000000	-1.000000	73.241379	0.000000	-1.000000	-1.000000	1910179.000000	1773868064.195494
-6580.530000	1299.240000	12472.425000	14841.090000	-16606.935000	-19415.385000	8657.325000	15601.545000	-0.827420	13.132479	12.068999	9.335154	6.601108	5.380536	10.251685	10.101553	-5.844580	4.211760	2.411080	0.801451	0.399169	0.425658	-1.000000	-1.000000	-1.000000	-1.000000	-1.000000	-1.000000	-1.000000	73.241379	0.000000	-1.000000	-1.000000	1910180.000000	1773868064.195503
-6572.925000	1298.610000	12473.595000	14842.845000	-16601.490000	-19406.970000	8668.170000	15619.905000	-4.571928	8.631819	7.511302	5.222609	1.928455	1.964856	6.404152	8.986145	-6.378680	3.082520	2.136400	0.798887	0.397643	0.423949	-1.000000	-1.000000	-1.000000	-1.000000	-1.000000	-1.000000	-1.000000	73.241379	0.000000	-1.000000	-1.000000	1910181.000000	1773868064.201028
-6586.605000	1300.860000	12479.085000	14847.435000	-16605.585000	-19422.270000	8662.545000	15598.710000	-3.045980	2.033215	0.985753	-0.504323	-3.420236	-2.639420	0.392164	5.764109	-6.378680	3.082520	2.136400	0.798887	0.397643	0.423949	-1.000000	-1.000000	-1.000000	-1.000000	-1.000000	-1.000000	-1.000000	73.241379	0.000000	-1.000000	-1.000000	1910182.000000	1773868064.201039
-6570.315000	1315.530000	12484.800000	14854.770000	-16592.670000	-19407.870000	8661.420000	15589.260000	1.179309	-4.920702	-6.556519	-7.399985	-9.255447	-8.808289	-5.791367	2.558432	-6.378680	3.082520	2.136400	0.798887	0.397643	0.423949	-1.000000	-1.000000	-1.000000	-1.000000	-1.000000	-1.000000	-1.000000	73.241379	0.000000	-1.000000	-1.000000	1910183.000000	1773868064.203586
-6550.515000	1331.775000	12497.355000	14863.680000	-16591.230000	-19413.270000	8651.565000	15584.310000	4.830401	-9.565320	-12.485824	-12.941387	-13.528303	-14.287531	-10.143870	0.185889	-6.378680	3.082520	2.136400	0.798887	0.397643	0.423949	-1.000000	-1.000000	-1.000000	-1.000000	-1.000000	-1.000000	-1.000000	73.241379	0.000000	-1.000000	-1.000000	1910184.000000	1773868064.203594
-6524.370000	1357.200000	12513.420000	14871.510000	-16590.330000	-19415.070000	8645.490000	15598.305000	6.430566	-10.460224	-14.383658	-14.669847	-14.320925	-16.202002	-11.532574	-1.096005	-6.378680	3.082520	2.136400	0.798887	0.397643	0.423949	-1.000000	-1.000000	-1.000000	-1.000000	-1.000000	-1.000000	-1.000000	73.241379	0.000000	-1.000000	-1.000000	1910185.000000	1773868064.207422
-6513.615000	1349.595000	12506.580000	14870.115000	-16585.020000	-19400.265000	8662.995000	15639.705000	6.133583	-8.030717	-11.512095	-11.681637	-10.969400	-12.934154	-9.524240	-0.542155	-6.378680	3.082520	2.136400	0.798887	0.397643	0.423949	-1.000000	-1.000000	-1.000000	-1.000000	-1.000000	-1.000000	-1.000000	73.241379	0.000000	-1.000000	-1.000000	1910186.000000	1773868064.207432
-6533.640000	1325.655000	12493.350000	14864.760000	-16582.140000	-19378.845000	8673.795000	15641.460000	4.524681	-4.240518	-5.332600	-4.866558	-3.800095	-4.314322	-4.059525	2.203825	-6.378680	3.082520	2.136400	0.798887	0.397643	0.423949	-1.000000	-1.000000	-1.000000	-1.000000	-1.000000	-1.000000	-1.000000	73.241379	0.000000	-1.000000	-1.000000	1910187.000000	1773868064.213682
-6563.700000	1288.305000	12463.380000	14836.860000	-16603.965000	-19414.350000	8653.995000	15618.285000	1.043353	-1.947144	0.824388	2.784840	4.907684	6.873144	2.912312	4.812062	-6.378680	3.082520	2.136400	0.798887	0.397643	0.423949	-1.000000	-1.000000	-1.000000	-1.000000	-1.000000	-1.000000	-1.000000	73.241379	0.000000	-1.000000	-1.000000	1910188.000000	1773868064.213692
-6578.010000	1280.070000	12451.545000	14821.695000	-16618.050000	-19430.955000	8639.730000	15584.130000	-5.238967	-2.738846	3.723518	7.314881	10.948806	14.523693	7.093038	2.789600	-6.378680	3.082520	2.136400	0.798887	0.397643	0.423949	-1.000000	-1.000000	-1.000000	-1.000000	-1.000000	-1.000000	-1.000000	73.241379	0.000000	-1.000000	-1.000000	1910189.000000	1773868064.215546
-6555.555000	1318.005000	12494.340000	14868.405000	-16572.465000	-19390.365000	8654.895000	15549.930000	-12.282145	-4.400759	3.373065	7.399409	11.735709	14.469262	6.022864	-5.664565	-6.378680	3.082520	2.136400	0.798887	0.397643	0.423949	-1.000000	-1.000000	-1.000000	-1.000000	-1.000000	-1.000000	-1.000000	73.241379	0.000000	-1.000000	-1.000000	1910190.000000	1773868064.215556
-6519.420000	1354.050000	12532.635000	14904.405000	-16540.155000	-19368.405000	8668.800000	15582.780000	-14.563921	-2.302198	3.393193	5.995626	9.152203	9.134097	2.176272	-15.334716	-4.639040	2.914660	3.860780	0.796018	0.390258	0.423156	-1.000000	-1.000000	-1.000000	-1.000000	-1.000000	-1.000000	-1.000000	73.241379	0.000000	-1.000000	-1.000000	1910191.000000	1773868064.219410
-6533.145000	1315.395000	12490.335000	14862.780000	-16581.735000	-19407.645000	8641.845000	15647.220000	-8.990265	4.194996	5.582020	5.467778	5.730583	2.907405	-0.496655	-16.367043	-4.639040	2.914660	3.860780	0.796018	0.390258	0.423156	-1.000000	-1.000000	-1.000000	-1.000000	-1.000000	-1.000000	-1.000000	73.241379	0.000000	-1.000000	-1.000000	1910192.000000	1773868064.219425
-6577.920000	1272.375000	12439.890000	14806.305000	-16646.040000	-19470.150000	8639.910000	15656.760000	-0.417429	8.551674	5.620316	2.805979	-0.240256	-4.108807	-1.085016	-4.114650	-4.639040	2.914660	3.860780	0.796018	0.390258	0.423156	-1.000000	-1.000000	-1.000000	-1.000000	-1.000000	-1.000000	-1.000000	73.241379	0.000000	-1.000000	-1.000000	1910193.000000	1773868064.223404
-6576.795000	1284.255000	12450.285000	14817.015000	-16624.530000	-19410.570000	8645.625000	15623.055000	3.244757	4.815352	-0.705636	-4.949616	-10.011343	-11.947673	-0.672960	13.344143	-4.639040	2.914660	3.860780	0.796018	0.390258	0.423156	-1.000000	-1.000000	-1.000000	-1.000000	-1.000000	-1.000000	-1.000000	73.241379	0.000000	-1.000000	-1.000000	1910194.000000	1773868064.223410
-6573.195000	1289.880000	12454.110000	14819.445000	-16621.830000	-19413.675000	8646.255000	15616.305000	0.874273	-3.511743	-9.290590	-13.258125	-18.014843	-15.619295	-0.037766	21.526813	-4.639040	2.914660	3.860780	0.796018	0.390258	0.423156	-1.000000	-1.000000	-1.000000	-1.000000	-1.000000	-1.000000	-1.000000	73.241379	0.000000	-1.000000	-1.000000	1910195.000000	1773868064.227498
-6579.495000	1303.965000	12474.720000	14843.520000	-16599.555000	-19427.940000	8648.955000	15608.655000	-1.500897	-7.184576	-11.438958	-13.963539	-16.683882	-11.213573	0.365102	14.282831	-4.639040	2.914660	3.860780	0.796018	0.390258	0.423156	-1.000000	-1.000000	-1.000000	-1.000000	-1.000000	-1.000000	-1.000000	73.241379	0.000000	-1.000000	-1.000000	1910196.000000	1773868064.227516
-6577.650000	1321.605000	12492.585000	14858.415000	-16592.130000	-19399.275000	8657.055000	15562.800000	1.132335	-1.307147	-3.240615	-3.935288	-4.542646	-0.677832	0.810695	-1.833321	-4.639040	2.914660	3.860780	0.796018	0.390258	0.423156	-1.000000	-1.000000	-1.000000	-1.000000	-1.000000	-1.000000	-1.000000	73.241379	0.000000	-1.000000	-1.000000	1910197.000000	1773868064.231473
-6570.855000	1337.985000	12514.635000	14889.870000	-16543.170000	-19338.480000	8652.870000	15488.820000	7.802081	10.357135	10.831145	11.925134	12.586362	11.958478	1.852078	-16.746812	-4.639040	2.914660	3.860780	0.796018	0.390258	0.423156	-1.000000	-1.000000	-1.000000	-1.000000	-1.000000	-1.000000	-1.000000	73.241379	0.000000	-1.000000	-1.000000	1910198.000000	1773868064.231490
-6540.885000	1367.685000	12540.195000	14910.660000	-16536.150000	-19361.790000	8647.380000	15501.825000	13.502944	18.746753	21.068541	23.597285	25.073658	21.321839	2.441029	-23.823545	-4.639040	2.914660	3.860780	0.796018	0.390258	0.423156	-1.000000	-1.000000	-1.000000	-1.000000	-1.000000	-1.000000	-1.000000	73.241379	0.000000	-1.000000	-1.000000	1910199.000000	1773868064.235548
-6554.520000	1289.835000	12456.360000	14823.720000	-16622.595000	-19438.920000	8641.755000	15652.395000	13.662123	16.098232	18.959973	21.991627	24.059674	19.857243	0.976667	-18.412962	-4.639040	2.914660	3.860780	0.796018	0.390258	0.423156	-1.000000	-1.000000	-1.000000	-1.000000	-1.000000	-1.000000	-1.000000	73.241379	0.000000	-1.000000	-1.000000	1910200.000000	1773868064.235556
-6579.450000	1257.120000	12432.960000	14804.640000	-16634.970000	-19449.000000	8641.215000	15688.620000	7.061069	1.348383	3.497481	5.803073	7.999854	5.200691	-1.744244	0.673470	-1.663340	2.289000	1.403920	0.796995	0.385009	0.422240	-1.000000	-1.000000	-1.000000	-1.000000	-1.000000	-1.000000	-1.000000	73.241379	0.000000	-1.000000	-1.000000	1910201.000000	1773868064.239395
-6560.505000	1291.185000	12462.930000	14830.920000	-16612.110000	-19428.930000	8642.880000	15645.870000	-2.946184	-17.122980	-15.770411	-14.787486	-12.738283	-13.377947	-3.265194	24.153951	-1.663340	2.289000	1.403920	0.796995	0.385009	0.422240	-1.000000	-1.000000	-1.000000	-1.000000	-1.000000	-1.000000	-1.000000	73.241379	0.000000	-1.000000	-1.000000	1910202.000000	1773868064.239401
-6537.510000	1329.480000	12494.430000	14855.445000	-16592.220000	-19412.235000	8672.580000	15645.510000	-10.111462	-26.158829	-25.032152	-25.254347	-23.726180	-23.247077	-2.272564	35.960507	-1.663340	2.289000	1.403920	0.796995	0.385009	0.422240	-1.000000	-1.000000	-1.000000	-1.000000	-1.000000	-1.000000	-1.000000	73.241379	0.000000	-1.000000	-1.000000	1910203.000000	1773868064.248530
-6544.170000	1319.445000	12487.680000	14849.550000	-16597.980000	-19409.715000	8677.395000	15635.070000	-10.457091	-19.371839	-18.556926	-19.834648	-19.717832	-19.812855	0.792459	27.965549	-1.663340	2.289000	1.403920	0.796995	0.385009	0.422240	-1.000000	-1.000000	-1.000000	-1.000000	-1.000000	-1.000000	-1.000000	73.241379	0.000000	-1.000000	-1.000000	1910204.000000	1773868064.248542
-6569.865000	1296.945000	12471.795000	14843.700000	-16598.340000	-19418.400000	8650.890000	15592.185000	-5.681103	-2.904972	-3.006447	-4.981122	-6.622198	-7.036954	3.678331	5.639065	-1.663340	2.289000	1.403920	0.796995	0.385009	0.422240	-1.000000	-1.000000	-1.000000	-1.000000	-1.000000	-1.000000	-1.000000	73.241379	0.000000	-1.000000	-1.000000	1910205.000000	1773868064.248554
-6565.770000	1307.700000	12478.545000	14842.845000	-16609.995000	-19418.310000	8657.595000	15572.520000	-0.753778	11.263207	10.062850	8.321223	5.775958	6.629678	3.496323	-18.036573	-1.663340	2.289000	1.403920	0.796995	0.385009	0.422240	-1.000000	-1.000000	-1.000000	-1.000000	-1.000000	-1.000000	-1.000000	73.241379	0.000000	-1.000000	-1.000000	1910206.000000	1773868064.248559
-6577.515000	1301.895000	12478.995000	14854.005000	-16580.970000	-19397.790000	8662.860000	15578.415000	0.706460	15.386758	13.504430	12.810030	10.591234	13.195866	0.151746	-30.189630	-1.663340	2.289000	1.403920	0.796995	0.385009	0.422240	-1.000000	-1.000000	-1.000000	-1.000000	-1.000000	-1.000000	-1.000000	73.241379	0.000000	-1.000000	-1.000000	1910207.000000	1773868064.252237
-6603.930000	1286.820000	12469.185000	14843.880000	-16598.205000	-19438.065000	8650.710000	15608.835000	-2.109608	9.486555	7.803978	8.410096	7.670570	10.991820	-3.571006	-26.244753	-1.663340	2.289000	1.403920	0.796995	0.385009	0.422240	-1.000000	-1.000000	-1.000000	-1.000000	-1.000000	-1.000000	-1.000000	73.241379	0.000000	-1.000000	-1.000000	1910208.000000	1773868064.252250
-6624.000000	1285.920000	12466.980000	14837.040000	-16606.395000	-19430.190000	8638.380000	15601.230000	-7.166635	0.241596	-0.179208	1.489741	2.806758	5.150255	-5.420213	-14.083488	-1.663340	2.289000	1.403920	0.796995	0.385009	0.422240	-1.000000	-1.000000	-1.000000	-1.000000	-1.000000	-1.000000	-1.000000	73.241379	0.000000	-1.000000	-1.000000	1910209.000000	1773868064.259559
-6602.355000	1297.485000	12478.770000	14851.035000	-16580.115000	-19389.690000	8635.635000	15587.235000	-9.487309	-4.047750	-2.886180	-1.002841	1.717424	2.235675	-4.961001	-4.864546	-1.663340	2.289000	1.403920	0.796995	0.385009	0.422240	-1.000000	-1.000000	-1.000000	-1.000000	-1.000000	-1.000000	-1.000000	73.241379	0.000000	-1.000000	-1.000000	1910210.000000	1773868064.259571
-6545.520000	1290.780000	12467.610000	14840.145000	-16590.645000	-19399.995000	8650.575000	15628.590000	-4.502156	-1.744849	0.189475	1.364316	4.319423	3.806528	-2.754667	-0.205902	-2.227960	1.205540	0.366240	0.797666	0.386168	0.422118	-1.000000	-1.000000	-1.000000	-1.000000	-1.000000	-1.000000	-1.000000	73.241379	0.000000	-1.000000	-1.000000	1910211.000000	1773868064.259584
-6529.140000	1298.385000	12464.820000	14829.345000	-16626.240000	-19434.420000	8653.995000	15635.880000	7.164737	1.739453	3.109175	3.229163	5.166416	4.668342	0.114205	5.650047	-2.227960	1.205540	0.366240	0.797666	0.386168	0.422118	-1.000000	-1.000000	-1.000000	-1.000000	-1.000000	-1.000000	-1.000000	73.241379	0.000000	-1.000000	-1.000000	1910212.000000	1773868064.259589
-6560.685000	1287.180000	12451.725000	14811.480000	-16646.040000	-19453.005000	8653.095000	15626.970000	18.836450	2.235564	1.761025	0.698398	-0.010664	-0.238866	2.550156	14.469228	-2.227960	1.205540	0.366240	0.797666	0.386168	0.422118	-1.000000	-1.000000	-1.000000	-1.000000	-1.000000	-1.000000	-1.000000	73.241379	0.000000	-1.000000	-1.000000	1910213.000000	1773868064.263528
-6574.230000	1294.245000	12465.810000	14833.710000	-16611.480000	-19428.570000	8636.490000	15592.905000	22.285910	0.469329	-2.245575	-4.504657	-8.423517	-8.725022	4.015948	21.551641	-2.227960	1.205540	0.366240	0.797666	0.386168	0.422118	-1.000000	-1.000000	-1.000000	-1.000000	-1.000000	-1.000000	-1.000000	73.241379	0.000000	-1.000000	-1.000000	1910214.000000	1773868064.263538
-6585.570000	1318.815000	12491.370000	14857.110000	-16586.955000	-19398.420000	8640.045000	15545.385000	14.216697	-1.085133	-4.772502	-7.488193	-12.610171	-13.785042	4.095566	21.198181	-2.227960	1.205540	0.366240	0.797666	0.386168	0.422118	-1.000000	-1.000000	-1.000000	-1.000000	-1.000000	-1.000000	-1.000000	73.241379	0.000000	-1.000000	-1.000000	1910215.000000	1773868064.272570
-6602.715000	1334.970000	12514.635000	14881.545000	-16566.165000	-19380.015000	8644.905000	15531.030000	-1.361071	-0.811814	-3.269485	-5.217901	-8.552281	-10.744071	2.745129	10.929890	-2.227960	1.205540	0.366240	0.797666	0.386168	0.422118	-1.000000	-1.000000	-1.000000	-1.000000	-1.000000	-1.000000	-1.000000	73.241379	0.000000	-1.000000	-1.000000	1910216.000000	1773868064.272582
-6607.980000	1313.595000	12499.695000	14871.285000	-16570.575000	-19384.065000	8641.935000	15565.230000	-15.987260	1.301933	1.685516	1.365791	1.422021	-0.366716	1.153270	-6.142612	-2.227960	1.205540	0.366240	0.797666	0.386168	0.422118	-1.000000	-1.000000	-1.000000	-1.000000	-1.000000	-1.000000	-1.000000	73.241379	0.000000	-1.000000	-1.000000	1910217.000000	1773868064.272596
-6586.290000	1298.520000	12481.245000	14853.780000	-16584.525000	-19391.670000	8649.495000	15614.910000	-21.616665	3.216608	6.556202	8.166347	11.403237	11.348207	0.731074	-20.550945	-2.227960	1.205540	0.366240	0.797666	0.386168	0.422118	-1.000000	-1.000000	-1.000000	-1.000000	-1.000000	-1.000000	-1.000000	73.241379	0.000000	-1.000000	-1.000000	1910218.000000	1773868064.272601
-6547.905000	1315.620000	12486.645000	14852.205000	-16592.040000	-19411.515000	8660.475000	15640.065000	-15.684609	2.387483	7.036558	10.070679	14.775843	15.826740	1.553781	-22.002880	-2.227960	1.205540	0.366240	0.797666	0.386168	0.422118	-1.000000	-1.000000	-1.000000	-1.000000	-1.000000	-1.000000	-1.000000	73.241379	0.000000	-1.000000	-1.000000	1910219.000000	1773868064.281064
-6487.380000	1295.235000	12451.860000	14810.715000	-16637.355000	-19440.360000	8639.415000	15640.650000	-2.561063	-1.499282	1.758987	4.740611	8.467857	8.858639	1.833521	-9.712048	-2.227960	1.205540	0.366240	0.797666	0.386168	0.422118	-1.000000	-1.000000	-1.000000	-1.000000	-1.000000	-1.000000	-1.000000	73.241379	0.000000	-1.000000	-1.000000	1910220.000000	1773868064.281076
-6511.815000	1297.260000	12455.460000	14815.260000	-16638.075000	-19443.960000	8640.000000	15596.955000	10.336363	-6.315823	-6.408487	-4.992955	-3.709187	-4.599441	-0.513856	5.813397	-3.921820	2.731540	0.701960	0.795225	0.391112	0.422789	-1.000000	-1.000000	-1.000000	-1.000000	-1.000000	-1.000000	-1.000000	73.241379	0.000000	-1.000000	-1.000000	1910221.000000	1773868064.281089
-6539.400000	1333.485000	12489.030000	14844.330000	-16602.570000	-19413.945000	8653.905000	15589.935000	16.543592	-8.420303	-11.699490	-12.323282	-13.178947	-14.351617	-4.374826	13.528714	-3.921820	2.731540	0.701960	0.795225	0.391112	0.422789	-1.000000	-1.000000	-1.000000	-1.000000	-1.000000	-1.000000	-1.000000	73.241379	0.000000	-1.000000	-1.000000	1910222.000000	1773868064.281094
-6511.995000	1337.625000	12502.395000	14865.705000	-16577.820000	-19403.370000	8649.945000	15583.905000	13.632318	-5.103686	-9.556196	-11.615605	-13.449825	-14.006933	-5.945702	11.694477	-3.921820	2.731540	0.701960	0.795225	0.391112	0.422789	-1.000000	-1.000000	-1.000000	-1.000000	-1.000000	-1.000000	-1.000000	73.241379	0.000000	-1.000000	-1.000000	1910223.000000	1773868064.283530
-6534.270000	1314.855000	12487.770000	14857.380000	-16586.775000	-19404.585000	8642.160000	15563.970000	4.760480	1.112281	-1.910074	-4.092703	-5.913422	-5.972727	-3.873794	5.830583	-3.921820	2.731540	0.701960	0.795225	0.391112	0.422789	-1.000000	-1.000000	-1.000000	-1.000000	-1.000000	-1.000000	-1.000000	73.241379	0.000000	-1.000000	-1.000000	1910224.000000	1773868064.283540
-6555.420000	1296.405000	12476.610000	14847.435000	-16594.200000	-19406.565000	8639.280000	15623.505000	-4.906029	4.377310	4.590307	3.702380	2.454163	2.882267	-0.483403	0.849192	-3.921820	2.731540	0.701960	0.795225	0.391112	0.422789	-1.000000	-1.000000	-1.000000	-1.000000	-1.000000	-1.000000	-1.000000	73.241379	0.000000	-1.000000	-1.000000	1910225.000000	1773868064.287533
-6548.985000	1311.705000	12481.335000	14846.355000	-16598.970000	-19411.380000	8647.605000	15666.930000	-11.695350	3.107747	6.377156	7.208938	6.655468	8.130232	1.968725	-1.514825	-3.921820	2.731540	0.701960	0.795225	0.391112	0.422789	-1.000000	-1.000000	-1.000000	-1.000000	-1.000000	-1.000000	-1.000000	73.241379	0.000000	-1.000000	-1.000000	1910226.000000	1773868064.287543
-6552.630000	1327.680000	12489.165000	14846.130000	-16610.130000	-19436.040000	8653.725000	15633.000000	-13.902909	1.167091	5.298330	6.799287	6.405500	8.645828	3.071806	-2.367794	-3.921820	2.731540	0.701960	0.795225	0.391112	0.422789	-1.000000	-1.000000	-1.000000	-1.000000	-1.000000	-1.000000	-1.000000	73.241379	0.000000	-1.000000	-1.000000	1910227.000000	1773868064.294138
-6560.595000	1291.005000	12470.445000	14844.330000	-16599.780000	-19410.165000	8667.450000	15628.320000	-12.812912	1.101708	3.911941	4.811984	3.923034	5.551005	3.198757	-4.937509	-3.921820	2.731540	0.701960	0.795225	0.391112	0.422789	-1.000000	-1.000000	-1.000000	-1.000000	-1.000000	-1.000000	-1.000000	73.241379	0.000000	-1.000000	-1.000000	1910228.000000	1773868064.294144
-6561.225000	1292.040000	12473.865000	14851.935000	-16579.980000	-19367.010000	8676.810000	15609.195000	-11.013178	1.297071	2.782238	3.279335	2.626284	3.065688	3.037621	-9.861876	-3.921820	2.731540	0.701960	0.795225	0.391112	0.422789	-1.000000	-1.000000	-1.000000	-1.000000	-1.000000	-1.000000	-1.000000	73.241379	0.000000	-1.000000	-1.000000	1910229.000000	1773868064.301491
-6558.075000	1305.135000	12475.710000	14841.180000	-16602.030000	-19412.415000	8657.685000	15590.025000	-7.614961	0.339945	1.608593	2.671863	3.971953	4.060556	2.737864	-12.951660	-3.921820	2.731540	0.701960	0.795225	0.391112	0.422789	-1.000000	-1.000000	-1.000000	-1.000000	-1.000000	-1.000000	-1.000000	73.241379	0.000000	-1.000000	-1.000000	1910230.000000	1773868064.301502
-6573.060000	1270.260000	12432.150000	14789.295000	-16668.180000	-19475.730000	8635.005000	15600.285000	0.137900	-1.558965	-0.921070	0.284219	3.386571	3.708340	0.861094	-9.893901	-6.088740	2.838360	-0.991900	0.795042	0.389892	0.423888	-1.000000	-1.000000	-1.000000	-1.000000	-1.000000	-1.000000	-1.000000	73.241379	0.000000	-1.000000	-1.000000	1910231.000000	1773868064.301514
-6576.030000	1271.790000	12441.105000	14808.600000	-16632.990000	-19431.090000	8633.385000	15618.105000	10.399369	-4.278544	-6.037068	-6.379276	-4.020942	-3.649280	-3.342935	-0.208274	-6.088740	2.838360	-0.991900	0.795042	0.389892	0.423888	-1.000000	-1.000000	-1.000000	-1.000000	-1.000000	-1.000000	-1.000000	73.241379	0.000000	-1.000000	-1.000000	1910232.000000	1773868064.301520
-6555.195000	1303.785000	12467.520000	14831.505000	-16612.470000	-19410.165000	8642.610000	15623.190000	18.219446	-5.661011	-10.632244	-13.338828	-13.596207	-13.270642	-7.319139	12.027540	-6.088740	2.838360	-0.991900	0.795042	0.389892	0.423888	-1.000000	-1.000000	-1.000000	-1.000000	-1.000000	-1.000000	-1.000000	73.241379	0.000000	-1.000000	-1.000000	1910233.000000	1773868064.303503
-6531.255000	1332.720000	12494.295000	14861.655000	-16572.915000	-19390.455000	8646.210000	15616.935000	21.415697	-1.644731	-8.612570	-12.653153	-14.905586	-15.079461	-7.429852	18.676884	-6.088740	2.838360	-0.991900	0.795042	0.389892	0.423888	-1.000000	-1.000000	-1.000000	-1.000000	-1.000000	-1.000000	-1.000000	73.241379	0.000000	-1.000000	-1.000000	1910234.000000	1773868064.303511
-6536.385000	1320.480000	12501.180000	14881.365000	-16560.810000	-19385.325000	8652.150000	15608.835000	19.679046	7.236487	1.302520	-1.744951	-4.032941	-6.002048	-3.081326	13.405845	-6.088740	2.838360	-0.991900	0.795042	0.389892	0.423888	-1.000000	-1.000000	-1.000000	-1.000000	-1.000000	-1.000000	-1.000000	73.241379	0.000000	-1.000000	-1.000000	1910235.000000	1773868064.307556
-6562.620000	1304.235000	12479.400000	14846.220000	-16608.105000	-19408.995000	8644.455000	15586.470000	11.703156	13.889336	12.589363	12.680332	11.673990	7.607621	2.624317	-0.899758	-6.088740	2.838360	-0.991900	0.795042	0.389892	0.423888	-1.000000	-1.000000	-1.000000	-1.000000	-1.000000	-1.000000	-1.000000	73.241379	0.000000	-1.000000	-1.000000	1910236.000000	1773868064.307562
-6593.850000	1273.140000	12447.405000	14817.060000	-16620.255000	-19424.205000	8633.205000	15579.675000	-2.738129	12.101040	16.676221	19.784699	19.860463	15.627354	5.651318	-14.405869	-6.088740	2.838360	-0.991900	0.795042	0.389892	0.423888	-1.000000	-1.000000	-1.000000	-1.000000	-1.000000	-1.000000	-1.000000	73.241379	0.000000	-1.000000	-1.000000	1910237.000000	1773868064.317902
-6591.105000	1280.610000	12461.580000	14838.210000	-16596.315000	-19422.810000	8644.365000	15597.945000	-18.962663	2.533712	10.529952	14.395096	14.911571	12.359936	4.557442	-18.225951	-6.088740	2.838360	-0.991900	0.795042	0.389892	0.423888	-1.000000	-1.000000	-1.000000	-1.000000	-1.000000	-1.000000	-1.000000	73.241379	0.000000	-1.000000	-1.000000	1910238.000000	1773868064.317913
-6578.640000	1290.510000	12465.495000	14835.555000	-16607.880000	-19424.835000	8644.995000	15588.405000	-28.012821	-8.661335	-1.086504	1.638089	2.544542	1.879551	1.808619	-9.788401	-6.088740	2.838360	-0.991900	0.795042	0.389892	0.423888	-1.000000	-1.000000	-1.000000	-1.000000	-1.000000	-1.000000	-1.000000	73.241379	0.000000	-1.000000	-1.000000	1910239.000000	1773868064.317926
-6573.780000	1291.995000	12463.650000	14831.055000	-16611.210000	-19420.920000	8648.550000	15582.645000	-23.587714	-14.438373	-10.175926	-9.154274	-7.870667	-6.574648	0.824843	4.949548	-6.088740	2.838360	-0.991900	0.795042	0.389892	0.423888	-1.000000	-1.000000	-1.000000	-1.000000	-1.000000	-1.000000	-1.000000	73.241379	0.000000	-1.000000	-1.000000	1910240.000000	1773868064.317931
-6580.980000	1282.770000	12457.935000	14825.655000	-16617.555000	-19424.295000	8641.620000	15597.180000	-8.202042	-12.065483	-12.432169	-13.204037	-12.183800	-8.597867	2.075374	16.079848	-5.524120	4.333840	-1.754900	0.797178	0.384032	0.423034	-1.000000	-1.000000	-1.000000	-1.000000	-1.000000	-1.000000	-1.000000	73.241379	0.000000	-1.000000	-1.000000	1910241.000000	1773868064.321241
-6564.375000	1314.180000	12492.630000	14860.890000	-16586.730000	-19399.230000	8651.970000	15597.630000	8.898452	-4.666182	-9.025603	-11.386335	-11.587752	-6.371973	3.233625	17.613512	-5.524120	4.333840	-1.754900	0.797178	0.384032	0.423034	-1.000000	-1.000000	-1.000000	-1.000000	-1.000000	-1.000000	-1.000000	73.241379	0.000000	-1.000000	-1.000000	1910242.000000	1773868064.321252
-6529.590000	1358.460000	12533.940000	14901.120000	-16548.480000	-19362.915000	8669.070000	15594.300000	19.418848	3.467134	-2.540104	-5.665450	-7.556506	-2.344584	2.610563	9.902814	-5.524120	4.333840	-1.754900	0.797178	0.384032	0.423034	-1.000000	-1.000000	-1.000000	-1.000000	-1.000000	-1.000000	-1.000000	73.241379	0.000000	-1.000000	-1.000000	1910243.000000	1773868064.323590
-6568.920000	1321.110000	12496.275000	14868.270000	-16573.680000	-19394.640000	8648.280000	15556.230000	20.384039	9.675260	4.502238	1.819109	-0.898507	2.581891	0.375081	-2.294741	-5.524120	4.333840	-1.754900	0.797178	0.384032	0.423034	-1.000000	-1.000000	-1.000000	-1.000000	-1.000000	-1.000000	-1.000000	73.241379	0.000000	-1.000000	-1.000000	1910244.000000	1773868064.323599
-6617.835000	1277.235000	12454.560000	14820.705000	-16629.075000	-19448.505000	8617.770000	15478.695000	12.413365	11.026106	8.118519	6.993381	5.382836	5.584120	-3.199211	-13.665393	-5.524120	4.333840	-1.754900	0.797178	0.384032	0.423034	-1.000000	-1.000000	-1.000000	-1.000000	-1.000000	-1.000000	-1.000000	73.241379	0.000000	-1.000000	-1.000000	1910245.000000	1773868064.327585
-6607.305000	1289.790000	12476.430000	14851.350000	-16584.390000	-19390.005000	8611.380000	15492.645000	-0.890386	6.112854	5.984492	6.870380	7.512008	4.000852	-7.598347	-20.578418	-5.524120	4.333840	-1.754900	0.797178	0.384032	0.423034	-1.000000	-1.000000	-1.000000	-1.000000	-1.000000	-1.000000	-1.000000	73.241379	0.000000	-1.000000	-1.000000	1910246.000000	1773868064.327595
-6590.205000	1263.825000	12446.055000	14817.960000	-16621.335000	-19430.460000	8622.135000	15636.780000	-12.161715	-2.236471	0.218961	2.649802	5.077661	0.002137	-10.436674	-17.738610	-5.524120	4.333840	-1.754900	0.797178	0.384032	0.423034	-1.000000	-1.000000	-1.000000	-1.000000	-1.000000	-1.000000	-1.000000	73.241379	0.000000	-1.000000	-1.000000	1910247.000000	1773868064.336360
-6588.585000	1255.635000	12431.205000	14798.205000	-16644.105000	-19454.355000	8640.450000	15691.950000	-14.992430	-9.743274	-5.815782	-2.863006	0.213990	-3.130617	-8.485902	0.021384	-5.524120	4.333840	-1.754900	0.797178	0.384032	0.423034	-1.000000	-1.000000	-1.000000	-1.000000	-1.000000	-1.000000	-1.000000	73.241379	0.000000	-1.000000	-1.000000	1910248.000000	1773868064.336370
-6529.140000	1302.165000	12457.755000	14818.635000	-16627.005000	-19458.720000	8650.125000	15648.750000	-8.497270	-12.426685	-9.129516	-6.925937	-4.481999	-5.149838	-0.973128	25.717702	-5.524120	4.333840	-1.754900	0.797178	0.384032	0.423034	-1.000000	-1.000000	-1.000000	-1.000000	-1.000000	-1.000000	-1.000000	73.241379	0.000000	-1.000000	-1.000000	1910249.000000	1773868064.336382
-6517.125000	1315.710000	12474.495000	14835.060000	-16612.605000	-19430.685000	8646.570000	15634.080000	3.706888	-7.441987	-7.054931	-6.725360	-6.098439	-5.902854	8.533058	39.855929	-5.524120	4.333840	-1.754900	0.797178	0.384032	0.423034	-1.000000	-1.000000	-1.000000	-1.000000	-1.000000	-1.000000	-1.000000	73.241379	0.000000	-1.000000	-1.000000	1910250.000000	1773868064.336387
-6548.490000	1294.650000	12471.435000	14841.180000	-16599.825000	-19396.710000	8642.160000	15615.360000	13.959954	2.167208	-0.691310	-2.315391	-3.758238	-3.836646	14.059123	29.290545	-2.334780	4.730600	-2.319520	0.795652	0.379882	0.423766	-1.000000	-1.000000	-1.000000	-1.000000	-1.000000	-1.000000	-1.000000	73.241379	0.000000	-1.000000	-1.000000	1910251.000000	1773868064.339615
-6564.780000	1291.590000	12477.375000	14856.030000	-16574.985000	-19380.915000	8657.280000	15575.310000	13.766265	8.385210	4.985686	2.800778	0.508333	1.469102	12.106970	-0.331986	-2.334780	4.730600	-2.319520	0.795652	0.379882	0.423766	-1.000000	-1.000000	-1.000000	-1.000000	-1.000000	-1.000000	-1.000000	73.241379	0.000000	-1.000000	-1.000000	1910252.000000	1773868064.339626
-6527.655000	1345.860000	12522.870000	14893.785000	-16546.815000	-19357.830000	8684.910000	15561.225000	3.571800	8.617146	8.039145	7.082365	5.729399	8.789877	5.379713	-30.616580	-2.334780	4.730600	-2.319520	0.795652	0.379882	0.423766	-1.000000	-1.000000	-1.000000	-1.000000	-1.000000	-1.000000	-1.000000	73.241379	0.000000	-1.000000	-1.000000	1910253.000000	1773868064.343540
-6531.345000	1365.480000	12534.975000	14896.350000	-16550.415000	-19362.150000	8679.825000	15606.630000	-6.349118	8.442654	11.267589	11.943339	12.006868	15.591631	-0.060715	-43.036188	-2.334780	4.730600	-2.319520	0.795652	0.379882	0.423766	-1.000000	-1.000000	-1.000000	-1.000000	-1.000000	-1.000000	-1.000000	73.241379	0.000000	-1.000000	-1.000000	1910254.000000	1773868064.343550
-6596.280000	1284.210000	12457.665000	14824.980000	-16618.005000	-19425.195000	8652.285000	15646.455000	-9.575225	9.877503	13.583972	14.577475	14.763252	16.207255	-2.167132	-31.167531	-2.334780	4.730600	-2.319520	0.795652	0.379882	0.423766	-1.000000	-1.000000	-1.000000	-1.000000	-1.000000	-1.000000	-1.000000	73.241379	0.000000	-1.000000	-1.000000	1910255.000000	1773868064.347561
-6569.415000	1305.900000	12476.115000	14842.710000	-16600.995000	-19407.375000	8667.990000	15607.845000	-9.287455	7.351983	9.166516	9.191281	8.297847	6.623933	-3.851039	-6.927530	-2.334780	4.730600	-2.319520	0.795652	0.379882	0.423766	-1.000000	-1.000000	-1.000000	-1.000000	-1.000000	-1.000000	-1.000000	73.241379	0.000000	-1.000000	-1.000000	1910256.000000	1773868064.347582
-6545.475000	1315.935000	12479.985000	14842.845000	-16603.920000	-19418.130000	8643.825000	15600.330000	-8.543248	-1.148863	-1.891035	-2.711784	-4.337294	-7.868614	-7.171491	10.487966	-2.334780	4.730600	-2.319520	0.795652	0.379882	0.423766	-1.000000	-1.000000	-1.000000	-1.000000	-1.000000	-1.000000	-1.000000	73.241379	0.000000	-1.000000	-1.000000	1910257.000000	1773868064.351987
-6586.965000	1248.345000	12417.255000	14787.720000	-16657.785000	-19471.680000	8604.405000	15613.020000	-6.970725	-11.708790	-13.652607	-14.270781	-15.397848	-18.699042	-11.469485	13.866723	-2.334780	4.730600	-2.319520	0.795652	0.379882	0.423766	-1.000000	-1.000000	-1.000000	-1.000000	-1.000000	-1.000000	-1.000000	73.241379	0.000000	-1.000000	-1.000000	1910258.000000	1773868064.351997
-6579.990000	1263.960000	12434.040000	14801.985000	-16646.670000	-19452.510000	8618.940000	15619.635000	-5.119507	-20.667302	-22.022575	-21.576430	-21.340278	-22.973720	-14.501123	10.131861	-2.334780	4.730600	-2.319520	0.795652	0.379882	0.423766	-1.000000	-1.000000	-1.000000	-1.000000	-1.000000	-1.000000	-1.000000	73.241379	0.000000	-1.000000	-1.000000	1910259.000000	1773868064.356680
-6574.770000	1280.880000	12454.200000	14826.420000	-16609.140000	-19427.445000	8630.460000	15600.060000	-2.572603	-23.358114	-23.576097	-22.248789	-20.678385	-20.673405	-12.724031	7.374176	-2.334780	4.730600	-2.319520	0.795652	0.379882	0.423766	-1.000000	-1.000000	-1.000000	-1.000000	-1.000000	-1.000000	-1.000000	73.241379	0.000000	-1.000000	-1.000000	1910260.000000	1773868064.356702
-6571.215000	1271.340000	12435.795000	14796.720000	-16655.220000	-19465.605000	8630.730000	15602.175000	2.618617	-15.621995	-15.636251	-14.684457	-12.603752	-11.942386	-4.665213	7.943360	-3.052000	4.837420	-1.983800	0.795408	0.383849	0.421813	-1.000000	-1.000000	-1.000000	-1.000000	-1.000000	-1.000000	-1.000000	73.241379	0.000000	-1.000000	-1.000000	1910261.000000	1773868064.360935
-6562.620000	1282.680000	12443.715000	14809.005000	-16628.220000	-19413.720000	8631.585000	15601.635000	9.573431	-0.448072	-1.312478	-1.824073	-0.215824	0.929498	6.280945	10.193101	-3.052000	4.837420	-1.983800	0.795408	0.383849	0.421813	-1.000000	-1.000000	-1.000000	-1.000000	-1.000000	-1.000000	-1.000000	73.241379	0.000000	-1.000000	-1.000000	1910262.000000	1773868064.360945
-6557.895000	1300.770000	12465.045000	14834.295000	-16600.050000	-19416.285000	8627.760000	15594.435000	14.988282	14.630397	12.974598	11.367657	12.310830	14.567882	14.935030	10.026224	-3.052000	4.837420	-1.983800	0.795408	0.383849	0.421813	-1.000000	-1.000000	-1.000000	-1.000000	-1.000000	-1.000000	-1.000000	73.241379	0.000000	-1.000000	-1.000000	1910263.000000	1773868064.363574
-6572.115000	1281.960000	12456.000000	14826.285000	-16616.430000	-19434.510000	8629.155000	15591.150000	16.459822	24.507538	23.264135	21.998185	22.648311	25.165137	18.164365	3.335285	-3.052000	4.837420	-1.983800	0.795408	0.383849	0.421813	-1.000000	-1.000000	-1.000000	-1.000000	-1.000000	-1.000000	-1.000000	73.241379	0.000000	-1.000000	-1.000000	1910264.000000	1773868064.363585
-6572.205000	1298.070000	12474.810000	14842.575000	-16600.140000	-19414.665000	8641.260000	15586.245000	12.356446	26.440867	27.155002	27.271617	27.502885	28.178934	15.494671	-8.321448	-3.052000	4.837420	-1.983800	0.795408	0.383849	0.421813	-1.000000	-1.000000	-1.000000	-1.000000	-1.000000	-1.000000	-1.000000	73.241379	0.000000	-1.000000	-1.000000	1910265.000000	1773868064.367590
-6567.030000	1318.770000	12496.725000	14860.980000	-16584.570000	-19398.420000	8649.225000	15584.445000	2.547907	19.651548	23.051820	24.414276	23.747461	22.096761	9.079837	-17.356043	-3.052000	4.837420	-1.983800	0.795408	0.383849	0.421813	-1.000000	-1.000000	-1.000000	-1.000000	-1.000000	-1.000000	-1.000000	73.241379	0.000000	-1.000000	-1.000000	1910266.000000	1773868064.367599
-6574.365000	1311.705000	12493.485000	14859.720000	-16591.185000	-19398.960000	8642.205000	15580.665000	-8.861180	7.721570	12.805268	14.342006	12.668143	10.358552	2.470446	-17.767379	-3.052000	4.837420	-1.983800	0.795408	0.383849	0.421813	-1.000000	-1.000000	-1.000000	-1.000000	-1.000000	-1.000000	-1.000000	73.241379	0.000000	-1.000000	-1.000000	1910267.000000	1773868064.371883
-6573.330000	1287.360000	12462.615000	14835.555000	-16601.760000	-19410.795000	8632.260000	15609.420000	-15.868674	-4.647670	-0.459443	0.196999	-2.011410	-3.188340	-2.900068	-9.532838	-3.052000	4.837420	-1.983800	0.795408	0.383849	0.421813	-1.000000	-1.000000	-1.000000	-1.000000	-1.000000	-1.000000	-1.000000	73.241379	0.000000	-1.000000	-1.000000	1910268.000000	1773868064.371893
-6560.820000	1299.735000	12470.535000	14843.565000	-16597.080000	-19406.115000	8640.045000	15606.225000	-15.469816	-15.082636	-14.544248	-14.948904	-16.750902	-16.204009	-7.866448	3.627694	-3.052000	4.837420	-1.983800	0.795408	0.383849	0.421813	-1.000000	-1.000000	-1.000000	-1.000000	-1.000000	-1.000000	-1.000000	73.241379	0.000000	-1.000000	-1.000000	1910269.000000	1773868064.376684
-6565.815000	1305.270000	12471.795000	14840.055000	-16604.505000	-19412.055000	8650.080000	15590.970000	-8.931807	-21.057894	-25.095425	-25.948844	-26.495397	-24.872176	-11.819539	15.731886	-3.052000	4.837420	-1.983800	0.795408	0.383849	0.421813	-1.000000	-1.000000	-1.000000	-1.000000	-1.000000	-1.000000	-1.000000	73.241379	0.000000	-1.000000	-1.000000	1910270.000000	1773868064.376696
-6561.315000	1316.790000	12482.595000	14849.415000	-16594.515000	-19412.010000	8658.630000	15588.135000	-0.418173	-20.047139	-26.858384	-27.543262	-26.844521	-25.704330	-12.265143	20.085533	-4.822160	4.806900	-1.831200	0.794981	0.387267	0.420958	-1.000000	-1.000000	-1.000000	-1.000000	-1.000000	-1.000000	-1.000000	73.241379	0.000000	-1.000000	-1.000000	1910271.000000	1773868064.379853
-6565.230000	1294.695000	12468.870000	14835.105000	-16610.265000	-19420.785000	8653.005000	15592.230000	6.084839	-12.608979	-18.904872	-19.403541	-18.328128	-18.744411	-8.093100	14.000446	-4.822160	4.806900	-1.831200	0.794981	0.387267	0.420958	-1.000000	-1.000000	-1.000000	-1.000000	-1.000000	-1.000000	-1.000000	73.241379	0.000000	-1.000000	-1.000000	1910272.000000	1773868064.379860
-6580.440000	1273.635000	12452.220000	14820.120000	-16623.855000	-19431.405000	8641.485000	15597.585000	8.662601	-2.657589	-5.656173	-6.248766	-5.514479	-6.695213	-1.685927	1.433716	-4.822160	4.806900	-1.831200	0.794981	0.387267	0.420958	-1.000000	-1.000000	-1.000000	-1.000000	-1.000000	-1.000000	-1.000000	73.241379	0.000000	-1.000000	-1.000000	1910273.000000	1773868064.383530
-6580.125000	1273.995000	12451.770000	14824.845000	-16614.540000	-19429.380000	8637.660000	15603.165000	6.759092	4.692322	5.999338	5.507909	6.058155	5.663926	2.851963	-9.899363	-4.822160	4.806900	-1.831200	0.794981	0.387267	0.420958	-1.000000	-1.000000	-1.000000	-1.000000	-1.000000	-1.000000	-1.000000	73.241379	0.000000	-1.000000	-1.000000	1910274.000000	1773868064.383541
-6568.785000	1284.885000	12463.785000	14837.130000	-16602.930000	-19417.230000	8636.445000	15598.800000	1.864050	7.132454	11.678009	11.966265	12.962214	13.707596	3.751636	-14.271663	-4.822160	4.806900	-1.831200	0.794981	0.387267	0.420958	-1.000000	-1.000000	-1.000000	-1.000000	-1.000000	-1.000000	-1.000000	73.241379	0.000000	-1.000000	-1.000000	1910275.000000	1773868064.387533
-6571.665000	1302.660000	12476.610000	14843.475000	-16604.685000	-19422.135000	8642.340000	15598.080000	-2.356572	7.083662	12.356138	13.568884	15.087449	15.942545	2.702275	-11.488891	-4.822160	4.806900	-1.831200	0.794981	0.387267	0.420958	-1.000000	-1.000000	-1.000000	-1.000000	-1.000000	-1.000000	-1.000000	73.241379	0.000000	-1.000000	-1.000000	1910276.000000	1773868064.387544
-6585.570000	1330.605000	12495.285000	14854.455000	-16595.415000	-19393.740000	8649.990000	15570.585000	-3.677237	8.177130	11.512251	12.533318	13.451944	13.518659	2.124876	-5.665854	-4.822160	4.806900	-1.831200	0.794981	0.387267	0.420958	-1.000000	-1.000000	-1.000000	-1.000000	-1.000000	-1.000000	-1.000000	73.241379	0.000000	-1.000000	-1.000000	1910277.000000	1773868064.391577
-6605.865000	1305.810000	12490.605000	14866.245000	-16567.605000	-19371.555000	8647.110000	15531.660000	-3.331203	10.412212	10.696501	10.316888	9.551558	9.264875	2.580507	-1.495844	-4.822160	4.806900	-1.831200	0.794981	0.387267	0.420958	-1.000000	-1.000000	-1.000000	-1.000000	-1.000000	-1.000000	-1.000000	73.241379	0.000000	-1.000000	-1.000000	1910278.000000	1773868064.391585
-6561.540000	1342.170000	12517.650000	14887.530000	-16552.845000	-19364.490000	8668.080000	15507.270000	-2.679633	10.253248	8.776478	7.469451	5.681467	5.731260	3.021454	-0.996001	-4.822160	4.806900	-1.831200	0.794981	0.387267	0.420958	-1.000000	-1.000000	-1.000000	-1.000000	-1.000000	-1.000000	-1.000000	73.241379	0.000000	-1.000000	-1.000000	1910279.000000	1773868064.395766
-6486.390000	1385.370000	12556.530000	14925.735000	-16520.040000	-19342.080000	8689.635000	15555.780000	0.398178	6.563241	5.250684	4.522207	3.128524	3.139952	3.115311	-1.975624	-4.822160	4.806900	-1.831200	0.794981	0.387267	0.420958	-1.000000	-1.000000	-1.000000	-1.000000	-1.000000	-1.000000	-1.000000	73.241379	0.000000	-1.000000	-1.000000	1910280.000000	1773868064.395778
-6526.305000	1337.670000	12506.220000	14868.045000	-16586.820000	-19416.690000	8661.600000	15600.555000	7.526946	2.029714	1.185434	1.596480	0.913525	-0.049823	3.138564	0.429094	-5.920880	4.700080	-1.876980	0.793516	0.385070	0.421935	-1.000000	-1.000000	-1.000000	-1.000000	-1.000000	-1.000000	-1.000000	73.241379	0.000000	-1.000000	-1.000000	1910281.000000	1773868064.399720
-6591.825000	1261.395000	12425.220000	14780.655000	-16681.680000	-19509.615000	8638.335000	15659.145000	12.881090	-3.352926	-4.712907	-4.005734	-4.724351	-7.083343	1.767083	8.847882	-5.920880	4.700080	-1.876980	0.793516	0.385070	0.421935	-1.000000	-1.000000	-1.000000	-1.000000	-1.000000	-1.000000	-1.000000	73.241379	0.000000	-1.000000	-1.000000	1910282.000000	1773868064.399731
-6607.845000	1278.540000	12463.650000	14839.560000	-16596.945000	-19406.340000	8635.635000	15599.025000	8.060314	-11.804562	-13.948541	-13.918421	-15.057517	-17.678845	-2.225020	18.897662	-5.920880	4.700080	-1.876980	0.793516	0.385070	0.421935	-1.000000	-1.000000	-1.000000	-1.000000	-1.000000	-1.000000	-1.000000	73.241379	0.000000	-1.000000	-1.000000	1910283.000000	1773868064.403605
-6568.065000	1355.310000	12544.740000	14920.020000	-16513.605000	-19324.845000	8639.595000	15533.145000	-5.574652	-19.073271	-20.510594	-20.813050	-21.140405	-21.601635	-6.855367	20.274589	-5.920880	4.700080	-1.876980	0.793516	0.385070	0.421935	-1.000000	-1.000000	-1.000000	-1.000000	-1.000000	-1.000000	-1.000000	73.241379	0.000000	-1.000000	-1.000000	1910284.000000	1773868064.403615
-6555.015000	1358.595000	12546.090000	14919.570000	-16519.905000	-19329.390000	8640.405000	15500.835000	-16.678807	-16.849370	-15.684193	-15.128740	-12.984532	-10.005138	-8.673035	6.793720	-5.920880	4.700080	-1.876980	0.793516	0.385070	0.421935	-1.000000	-1.000000	-1.000000	-1.000000	-1.000000	-1.000000	-1.000000	73.241379	0.000000	-1.000000	-1.000000	1910285.000000	1773868064.408767
-6531.345000	1278.630000	12447.990000	14815.665000	-16630.110000	-19433.520000	8628.480000	15628.770000	-15.898485	-5.734838	-2.088511	-0.426023	3.682899	8.689897	-6.543758	-12.745564	-5.920880	4.700080	-1.876980	0.793516	0.385070	0.421935	-1.000000	-1.000000	-1.000000	-1.000000	-1.000000	-1.000000	-1.000000	73.241379	0.000000	-1.000000	-1.000000	1910286.000000	1773868064.408790
-6528.690000	1262.970000	12424.635000	14786.325000	-16660.800000	-19458.765000	8638.830000	15699.330000	-4.057094	4.053963	7.354147	8.797453	12.089536	16.465278	-2.141197	-19.349610	-5.920880	4.700080	-1.876980	0.793516	0.385070	0.421935	-1.000000	-1.000000	-1.000000	-1.000000	-1.000000	-1.000000	-1.000000	73.241379	0.000000	-1.000000	-1.000000	1910287.000000	1773868064.411640
-6577.920000	1248.120000	12419.100000	14788.710000	-16643.115000	-19450.620000	8640.810000	15649.470000	8.478065	5.184052	5.163518	4.837341	5.050446	7.092880	2.109153	-5.983017	-5.920880	4.700080	-1.876980	0.793516	0.385070	0.421935	-1.000000	-1.000000	-1.000000	-1.000000	-1.000000	-1.000000	-1.000000	73.241379	0.000000	-1.000000	-1.000000	1910288.000000	1773868064.411651
-6585.255000	1253.610000	12430.215000	14802.885000	-16630.425000	-19438.965000	8646.705000	15624.720000	10.290910	-0.127401	-3.367883	-5.357733	-7.646577	-8.120211	4.728690	11.575034	-5.920880	4.700080	-1.876980	0.793516	0.385070	0.421935	-1.000000	-1.000000	-1.000000	-1.000000	-1.000000	-1.000000	-1.000000	73.241379	0.000000	-1.000000	-1.000000	1910289.000000	1773868064.415594
-6576.705000	1270.710000	12448.845000	14816.880000	-16623.630000	-19437.165000	8649.225000	15619.590000	1.533610	-3.010664	-6.570659	-8.510524	-10.879449	-13.198929	6.096157	13.488052	-5.920880	4.700080	-1.876980	0.793516	0.385070	0.421935	-1.000000	-1.000000	-1.000000	-1.000000	-1.000000	-1.000000	-1.000000	73.241379	0.000000	-1.000000	-1.000000	1910290.000000	1773868064.415616
-6546.915000	1303.785000	12477.960000	14839.695000	-16603.290000	-19416.015000	8646.030000	15621.525000	-5.821943	4.007922	2.762083	2.183243	1.172685	-2.210523	7.311385	-2.492990	-2.716280	4.486440	-3.113040	0.793089	0.383849	0.422179	-1.000000	-1.000000	-1.000000	-1.000000	-1.000000	-1.000000	-1.000000	73.241379	0.000000	-1.000000	-1.000000	1910291.000000	1773868064.419649
-6537.330000	1325.655000	12495.195000	14848.785000	-16601.355000	-19409.220000	8653.185000	15619.500000	-2.973485	18.086998	19.184279	19.349324	18.848281	15.008036	7.898923	-21.288500	-2.716280	4.486440	-3.113040	0.793089	0.383849	0.422179	-1.000000	-1.000000	-1.000000	-1.000000	-1.000000	-1.000000	-1.000000	73.241379	0.000000	-1.000000	-1.000000	1910292.000000	1773868064.419660
-6563.520000	1289.475000	12466.440000	14831.460000	-16618.140000	-19443.600000	8649.135000	15614.595000	5.937511	26.440257	27.901619	27.309357	25.565741	21.779335	6.212447	-26.116879	-2.716280	4.486440	-3.113040	0.793089	0.383849	0.422179	-1.000000	-1.000000	-1.000000	-1.000000	-1.000000	-1.000000	-1.000000	73.241379	0.000000	-1.000000	-1.000000	1910293.000000	1773868064.423583
-6567.885000	1281.015000	12463.020000	14836.410000	-16608.240000	-19434.240000	8652.735000	15618.420000	10.433039	19.206957	19.833688	18.573920	15.435079	12.035878	1.763924	-13.544951	-2.716280	4.486440	-3.113040	0.793089	0.383849	0.422179	-1.000000	-1.000000	-1.000000	-1.000000	-1.000000	-1.000000	-1.000000	73.241379	0.000000	-1.000000	-1.000000	1910294.000000	1773868064.423594
-6556.995000	1297.620000	12476.295000	14847.255000	-16596.630000	-19397.340000	8661.195000	15618.735000	5.964596	1.106510	1.702742	1.614869	-0.913192	-3.297580	-3.663193	4.644091	-2.716280	4.486440	-3.113040	0.793089	0.383849	0.422179	-1.000000	-1.000000	-1.000000	-1.000000	-1.000000	-1.000000	-1.000000	73.241379	0.000000	-1.000000	-1.000000	1910295.000000	1773868064.427496
-6556.320000	1294.695000	12468.375000	14838.705000	-16597.035000	-19406.790000	8652.465000	15618.735000	-2.975675	-14.390811	-12.746935	-10.449442	-10.179118	-10.024253	-7.654928	14.527602	-2.716280	4.486440	-3.113040	0.793089	0.383849	0.422179	-1.000000	-1.000000	-1.000000	-1.000000	-1.000000	-1.000000	-1.000000	73.241379	0.000000	-1.000000	-1.000000	1910296.000000	1773868064.427505
-6555.780000	1301.985000	12470.445000	14835.600000	-16605.990000	-19426.230000	8624.475000	15541.110000	-9.132813	-19.535449	-17.393990	-13.686072	-10.306258	-6.582032	-9.708704	12.304979	-2.716280	4.486440	-3.113040	0.793089	0.383849	0.422179	-1.000000	-1.000000	-1.000000	-1.000000	-1.000000	-1.000000	-1.000000	73.241379	0.000000	-1.000000	-1.000000	1910297.000000	1773868064.431596
-6535.710000	1336.770000	12502.845000	14864.895000	-16580.250000	-19385.775000	8631.225000	15479.595000	-8.462915	-15.053627	-14.308522	-11.582004	-6.868104	-0.539616	-10.304244	2.050473	-2.716280	4.486440	-3.113040	0.793089	0.383849	0.422179	-1.000000	-1.000000	-1.000000	-1.000000	-1.000000	-1.000000	-1.000000	73.241379	0.000000	-1.000000	-1.000000	1910298.000000	1773868064.431606
-6550.020000	1319.580000	12492.360000	14857.740000	-16580.970000	-19369.215000	8646.165000	15528.510000	-2.059432	-5.390336	-7.221683	-7.151607	-3.318686	3.732376	-8.248882	-9.385616	-2.716280	4.486440	-3.113040	0.793089	0.383849	0.422179	-1.000000	-1.000000	-1.000000	-1.000000	-1.000000	-1.000000	-1.000000	73.241379	0.000000	-1.000000	-1.000000	1910299.000000	1773868064.435579
-6593.715000	1254.870000	12433.815000	14802.075000	-16641.540000	-19464.165000	8626.635000	15679.800000	4.120404	1.953551	-1.452966	-3.622018	-1.824214	3.908942	-2.501126	-11.080905	-2.716280	4.486440	-3.113040	0.793089	0.383849	0.422179	-1.000000	-1.000000	-1.000000	-1.000000	-1.000000	-1.000000	-1.000000	73.241379	0.000000	-1.000000	-1.000000	1910300.000000	1773868064.435594
-6575.940000	1274.220000	12448.305000	14808.510000	-16645.725000	-19461.870000	8626.770000	15660.270000	4.229703	0.431731	-2.297510	-5.007067	-5.492578	-3.774492	4.475837	4.678019	-5.615680	4.059160	-4.425400	0.794981	0.385558	0.422301	-1.000000	-1.000000	-1.000000	-1.000000	-1.000000	-1.000000	-1.000000	73.241379	0.000000	-1.000000	-1.000000	1910301.000000	1773868064.439590
-6575.670000	1283.805000	12466.845000	14843.115000	-16580.340000	-19398.420000	8634.375000	15625.305000	-0.527725	-6.782339	-7.355063	-9.266754	-11.489836	-15.226179	8.959057	28.307043	-5.615680	4.059160	-4.425400	0.794981	0.385558	0.422301	-1.000000	-1.000000	-1.000000	-1.000000	-1.000000	-1.000000	-1.000000	73.241379	0.000000	-1.000000	-1.000000	1910302.000000	1773868064.439607
-6581.340000	1267.020000	12450.330000	14826.555000	-16596.090000	-19401.165000	8650.620000	15610.770000	-4.344202	-9.858504	-8.230535	-8.802680	-10.944083	-18.260307	9.837208	38.486987	-5.615680	4.059160	-4.425400	0.794981	0.385558	0.422301	-1.000000	-1.000000	-1.000000	-1.000000	-1.000000	-1.000000	-1.000000	73.241379	0.000000	-1.000000	-1.000000	1910303.000000	1773868064.445088
-6566.085000	1285.200000	12457.575000	14818.680000	-16636.815000	-19436.670000	8644.410000	15606.495000	-4.194657	-4.362035	-1.497957	-0.918014	-1.625507	-8.838743	8.015901	24.106847	-5.615680	4.059160	-4.425400	0.794981	0.385558	0.422301	-1.000000	-1.000000	-1.000000	-1.000000	-1.000000	-1.000000	-1.000000	73.241379	0.000000	-1.000000	-1.000000	1910304.000000	1773868064.445098
-6556.500000	1324.170000	12492.945000	14858.325000	-16582.770000	-19394.460000	8657.730000	15609.510000	-0.547346	6.530316	9.037146	9.799985	9.352377	5.265310	4.721777	-5.595524	-5.615680	4.059160	-4.425400	0.794981	0.385558	0.422301	-1.000000	-1.000000	-1.000000	-1.000000	-1.000000	-1.000000	-1.000000	73.241379	0.000000	-1.000000	-1.000000	1910305.000000	1773868064.452138
-6561.045000	1320.795000	12490.380000	14853.060000	-16591.545000	-19391.445000	8682.885000	15618.330000	4.478706	16.832736	17.579522	17.650608	15.799837	16.056859	1.896057	-29.984195	-5.615680	4.059160	-4.425400	0.794981	0.385558	0.422301	-1.000000	-1.000000	-1.000000	-1.000000	-1.000000	-1.000000	-1.000000	73.241379	0.000000	-1.000000	-1.000000	1910306.000000	1773868064.452150
-6565.905000	1312.290000	12493.620000	14867.235000	-16567.605000	-19373.445000	8672.220000	15598.260000	7.598755	20.245889	19.141869	18.760817	16.104392	19.759611	0.809387	-34.723880	-5.615680	4.059160	-4.425400	0.794981	0.385558	0.422301	-1.000000	-1.000000	-1.000000	-1.000000	-1.000000	-1.000000	-1.000000	73.241379	0.000000	-1.000000	-1.000000	1910307.000000	1773868064.452162
-6540.660000	1337.625000	12510.720000	14877.720000	-16564.905000	-19392.840000	8640.405000	15588.630000	7.219913	14.520277	12.675444	12.781803	11.299261	15.439572	-0.455398	-23.433685	-5.615680	4.059160	-4.425400	0.794981	0.385558	0.422301	-1.000000	-1.000000	-1.000000	-1.000000	-1.000000	-1.000000	-1.000000	73.241379	0.000000	-1.000000	-1.000000	1910308.000000	1773868064.452168
-6551.640000	1312.650000	12483.720000	14846.760000	-16601.445000	-19418.130000	8631.990000	15606.135000	5.008876	3.989226	2.321607	3.245695	4.005049	5.728414	-4.355480	-10.442718	-5.615680	4.059160	-4.425400	0.794981	0.385558	0.422301	-1.000000	-1.000000	-1.000000	-1.000000	-1.000000	-1.000000	-1.000000	73.241379	0.000000	-1.000000	-1.000000	1910309.000000	1773868064.456699
-6572.925000	1283.085000	12454.020000	14815.530000	-16635.330000	-19436.985000	8631.405000	15597.135000	2.024029	-6.545848	-7.901061	-6.899296	-4.569103	-5.301507	-9.600767	-3.243320	-5.615680	4.059160	-4.425400	0.794981	0.385558	0.422301	-1.000000	-1.000000	-1.000000	-1.000000	-1.000000	-1.000000	-1.000000	73.241379	0.000000	-1.000000	-1.000000	1910310.000000	1773868064.456708
-6571.890000	1280.070000	12451.860000	14817.825000	-16629.120000	-19464.075000	8616.510000	15593.760000	-2.516039	-15.127826	-16.240095	-16.251286	-14.215295	-15.326877	-12.668631	1.439135	-4.364360	2.289000	-5.249440	0.795591	0.384459	0.422240	-1.000000	-1.000000	-1.000000	-1.000000	-1.000000	-1.000000	-1.000000	73.241379	0.000000	-1.000000	-1.000000	1910311.000000	1773868064.459662
-6587.415000	1269.720000	12446.460000	14816.610000	-16620.390000	-19428.345000	8634.015000	15588.135000	-7.855292	-19.294169	-19.869082	-21.149657	-20.714461	-21.357718	-11.429961	7.245684	-4.364360	2.289000	-5.249440	0.795591	0.384459	0.422240	-1.000000	-1.000000	-1.000000	-1.000000	-1.000000	-1.000000	-1.000000	73.241379	0.000000	-1.000000	-1.000000	1910312.000000	1773868064.459671
-6611.895000	1260.135000	12438.810000	14808.735000	-16624.305000	-19423.530000	8649.000000	15560.505000	-11.915777	-17.249507	-16.453797	-17.804796	-17.984637	-18.318381	-5.482234	12.525833	-4.364360	2.289000	-5.249440	0.795591	0.384459	0.422240	-1.000000	-1.000000	-1.000000	-1.000000	-1.000000	-1.000000	-1.000000	73.241379	0.000000	-1.000000	-1.000000	1910313.000000	1773868064.466090
-6599.790000	1282.095000	12456.720000	14822.055000	-16620.165000	-19433.790000	8640.990000	15555.915000	-12.997064	-10.418100	-7.673628	-7.624923	-6.556241	-5.940291	3.463471	13.974399	-4.364360	2.289000	-5.249440	0.795591	0.384459	0.422240	-1.000000	-1.000000	-1.000000	-1.000000	-1.000000	-1.000000	-1.000000	73.241379	0.000000	-1.000000	-1.000000	1910314.000000	1773868064.466101
-6560.955000	1308.150000	12475.935000	14836.680000	-16608.555000	-19416.105000	8648.370000	15565.365000	-8.962678	-0.874023	2.842908	4.307240	6.542908	8.309686	11.010537	11.428601	-4.364360	2.289000	-5.249440	0.795591	0.384459	0.422240	-1.000000	-1.000000	-1.000000	-1.000000	-1.000000	-1.000000	-1.000000	73.241379	0.000000	-1.000000	-1.000000	1910315.000000	1773868064.467594
-6540.435000	1328.445000	12493.845000	14853.330000	-16593.390000	-19389.060000	8653.410000	15527.430000	1.164241	9.884489	12.179959	13.616073	15.086022	17.133274	13.678147	6.986186	-4.364360	2.289000	-5.249440	0.795591	0.384459	0.422240	-1.000000	-1.000000	-1.000000	-1.000000	-1.000000	-1.000000	-1.000000	73.241379	0.000000	-1.000000	-1.000000	1910316.000000	1773868064.467602
-6578.055000	1327.455000	12498.480000	14860.260000	-16580.745000	-19373.940000	8642.205000	15499.530000	13.036784	18.806921	17.950832	18.045646	17.355744	19.420004	11.848542	0.610712	-4.364360	2.289000	-5.249440	0.795591	0.384459	0.422240	-1.000000	-1.000000	-1.000000	-1.000000	-1.000000	-1.000000	-1.000000	73.241379	0.000000	-1.000000	-1.000000	1910317.000000	1773868064.471646
-6588.495000	1282.725000	12465.405000	14835.735000	-16603.425000	-19430.055000	8635.500000	15649.110000	18.638841	21.313815	18.137653	17.151291	15.002144	16.807900	7.367010	-6.000343	-4.364360	2.289000	-5.249440	0.795591	0.384459	0.422240	-1.000000	-1.000000	-1.000000	-1.000000	-1.000000	-1.000000	-1.000000	73.241379	0.000000	-1.000000	-1.000000	1910318.000000	1773868064.471656
-6570.855000	1262.970000	12445.155000	14812.830000	-16630.335000	-19445.985000	8633.925000	15689.340000	14.555754	14.633051	11.814570	11.120410	9.241729	8.931721	1.441437	-4.810094	-4.364360	2.289000	-5.249440	0.795591	0.384459	0.422240	-1.000000	-1.000000	-1.000000	-1.000000	-1.000000	-1.000000	-1.000000	73.241379	0.000000	-1.000000	-1.000000	1910319.000000	1773868064.475639
-6556.815000	1281.735000	12460.815000	14823.180000	-16623.045000	-19426.230000	8646.030000	15642.540000	5.200031	1.618371	1.061784	1.288686	0.302129	-3.185459	-4.323957	6.333486	-4.364360	2.289000	-5.249440	0.795591	0.384459	0.422240	-1.000000	-1.000000	-1.000000	-1.000000	-1.000000	-1.000000	-1.000000	73.241379	0.000000	-1.000000	-1.000000	1910320.000000	1773868064.475648
-6559.830000	1270.170000	12456.315000	14823.810000	-16624.080000	-19416.780000	8668.350000	15622.785000	-2.865664	-10.287779	-8.782588	-8.274892	-9.049298	-13.858777	-7.730764	15.791196	-4.471180	2.762060	-4.059160	0.794615	0.384032	0.424071	-1.000000	-1.000000	-1.000000	-1.000000	-1.000000	-1.000000	-1.000000	73.241379	0.000000	-1.000000	-1.000000	1910321.000000	1773868064.479649
-6543.360000	1305.855000	12484.170000	14853.510000	-16583.940000	-19397.880000	8666.280000	15629.985000	-6.290180	-15.149658	-13.019402	-12.859264	-13.884950	-17.435026	-7.652305	12.873950	-4.471180	2.762060	-4.059160	0.794615	0.384032	0.424071	-1.000000	-1.000000	-1.000000	-1.000000	-1.000000	-1.000000	-1.000000	73.241379	0.000000	-1.000000	-1.000000	1910322.000000	1773868064.479659
-6552.630000	1298.205000	12475.935000	14847.615000	-16586.415000	-19401.030000	8658.270000	15611.355000	-5.918906	-12.358302	-11.063556	-11.039905	-11.556861	-12.913927	-5.195133	-0.678190	-4.471180	2.762060	-4.059160	0.794615	0.384032	0.424071	-1.000000	-1.000000	-1.000000	-1.000000	-1.000000	-1.000000	-1.000000	73.241379	0.000000	-1.000000	-1.000000	1910323.000000	1773868064.483626
-6528.960000	1317.015000	12491.415000	14864.130000	-16564.635000	-19370.115000	8670.690000	15590.970000	-5.036368	-5.724029	-6.038729	-5.581489	-4.282827	-3.957973	-2.511930	-16.182557	-4.471180	2.762060	-4.059160	0.794615	0.384032	0.424071	-1.000000	-1.000000	-1.000000	-1.000000	-1.000000	-1.000000	-1.000000	73.241379	0.000000	-1.000000	-1.000000	1910324.000000	1773868064.483635
-6525.540000	1334.025000	12507.030000	14871.690000	-16570.305000	-19381.365000	8657.865000	15588.585000	-5.288944	0.446184	-1.325646	-0.414657	2.786900	4.044889	-0.588578	-25.325395	-4.471180	2.762060	-4.059160	0.794615	0.384032	0.424071	-1.000000	-1.000000	-1.000000	-1.000000	-1.000000	-1.000000	-1.000000	73.241379	0.000000	-1.000000	-1.000000	1910325.000000	1773868064.487575
-6595.290000	1280.745000	12454.335000	14821.380000	-16614.180000	-19430.325000	8619.615000	15593.310000	-5.815899	3.996895	1.495002	2.039167	5.376653	7.111855	0.312575	-24.243878	-4.471180	2.762060	-4.059160	0.794615	0.384032	0.424071	-1.000000	-1.000000	-1.000000	-1.000000	-1.000000	-1.000000	-1.000000	73.241379	0.000000	-1.000000	-1.000000	1910326.000000	1773868064.487592
-6586.875000	1273.680000	12447.810000	14814.720000	-16624.215000	-19435.590000	8626.455000	15596.370000	-6.230079	4.420181	1.976204	1.243588	2.611019	4.785018	-0.258909	-16.346389	-4.471180	2.762060	-4.059160	0.794615	0.384032	0.424071	-1.000000	-1.000000	-1.000000	-1.000000	-1.000000	-1.000000	-1.000000	73.241379	0.000000	-1.000000	-1.000000	1910327.000000	1773868064.493481
-6580.485000	1282.680000	12461.130000	14828.535000	-16615.170000	-19437.570000	8643.510000	15588.000000	-6.094650	2.948798	1.318702	-0.738191	-2.176903	0.442275	-1.207428	-7.630286	-4.471180	2.762060	-4.059160	0.794615	0.384032	0.424071	-1.000000	-1.000000	-1.000000	-1.000000	-1.000000	-1.000000	-1.000000	73.241379	0.000000	-1.000000	-1.000000	1910328.000000	1773868064.493503
-6586.740000	1286.505000	12460.230000	14821.155000	-16634.745000	-19458.225000	8642.655000	15590.475000	-3.975018	1.706368	1.580693	-0.900987	-4.620528	-2.684046	-0.617731	0.883397	-4.471180	2.762060	-4.059160	0.794615	0.384032	0.424071	-1.000000	-1.000000	-1.000000	-1.000000	-1.000000	-1.000000	-1.000000	73.241379	0.000000	-1.000000	-1.000000	1910329.000000	1773868064.497597
-6581.385000	1286.460000	12458.295000	14820.120000	-16625.385000	-19435.770000	8635.230000	15601.410000	0.488013	1.315080	2.766752	0.904078	-3.723282	-4.083467	1.037780	11.141725	-4.471180	2.762060	-4.059160	0.794615	0.384032	0.424071	-1.000000	-1.000000	-1.000000	-1.000000	-1.000000	-1.000000	-1.000000	73.241379	0.000000	-1.000000	-1.000000	1910330.000000	1773868064.497611
-6587.100000	1287.855000	12466.035000	14835.420000	-16607.745000	-19433.160000	8656.020000	15603.705000	5.710753	0.639260	3.077991	2.496275	-1.162111	-3.499437	2.250064	21.554457	-3.631880	4.608520	-3.006220	0.796995	0.385314	0.424071	-1.000000	-1.000000	-1.000000	-1.000000	-1.000000	-1.000000	-1.000000	73.241379	0.000000	-1.000000	-1.000000	1910331.000000	1773868064.499678
-6579.495000	1321.605000	12503.160000	14871.735000	-16566.705000	-19372.455000	8673.525000	15621.255000	9.140685	-0.811808	2.113247	3.165031	2.166341	0.049546	3.408944	27.368560	-3.631880	4.608520	-3.006220	0.796995	0.385314	0.424071	-1.000000	-1.000000	-1.000000	-1.000000	-1.000000	-1.000000	-1.000000	73.241379	0.000000	-1.000000	-1.000000	1910332.000000	1773868064.499688
-6555.960000	1332.765000	12514.005000	14879.745000	-16558.380000	-19358.055000	8656.785000	15607.035000	9.207889	-1.669152	1.417078	3.907166	6.145376	6.198101	4.907702	25.399478	-3.631880	4.608520	-3.006220	0.796995	0.385314	0.424071	-1.000000	-1.000000	-1.000000	-1.000000	-1.000000	-1.000000	-1.000000	73.241379	0.000000	-1.000000	-1.000000	1910333.000000	1773868064.503576
-6560.055000	1313.190000	12488.355000	14850.540000	-16589.430000	-19392.390000	8641.305000	15563.520000	7.137522	-1.063931	1.426533	4.396406	9.037284	11.715058	5.281267	14.997816	-3.631880	4.608520	-3.006220	0.796995	0.385314	0.424071	-1.000000	-1.000000	-1.000000	-1.000000	-1.000000	-1.000000	-1.000000	73.241379	0.000000	-1.000000	-1.000000	1910334.000000	1773868064.503581
-6578.055000	1285.695000	12451.680000	14811.030000	-16633.215000	-19434.645000	8638.020000	15560.550000	5.506381	0.320426	0.858348	2.963726	8.049724	12.163449	3.550461	-2.603915	-3.631880	4.608520	-3.006220	0.796995	0.385314	0.424071	-1.000000	-1.000000	-1.000000	-1.000000	-1.000000	-1.000000	-1.000000	73.241379	0.000000	-1.000000	-1.000000	1910335.000000	1773868064.512875
-6593.670000	1264.320000	12448.260000	14819.760000	-16623.270000	-19437.075000	8625.420000	15587.685000	4.140852	1.180505	-1.115287	-0.753299	2.540444	5.851951	0.211779	-21.349276	-3.631880	4.608520	-3.006220	0.796995	0.385314	0.424071	-1.000000	-1.000000	-1.000000	-1.000000	-1.000000	-1.000000	-1.000000	73.241379	0.000000	-1.000000	-1.000000	1910336.000000	1773868064.512887
-6575.805000	1265.985000	12444.165000	14809.410000	-16633.125000	-19435.905000	8634.690000	15588.585000	0.697491	0.135341	-4.016981	-5.044335	-4.602715	-4.129487	-3.973865	-30.813942	-3.631880	4.608520	-3.006220	0.796995	0.385314	0.424071	-1.000000	-1.000000	-1.000000	-1.000000	-1.000000	-1.000000	-1.000000	73.241379	0.000000	-1.000000	-1.000000	1910337.000000	1773868064.512898
-6566.490000	1275.975000	12447.630000	14809.365000	-16635.240000	-19431.135000	8635.185000	15576.930000	-4.247483	-2.360016	-6.214559	-7.565391	-9.274858	-12.065730	-7.463046	-25.227876	-3.631880	4.608520	-3.006220	0.796995	0.385314	0.424071	-1.000000	-1.000000	-1.000000	-1.000000	-1.000000	-1.000000	-1.000000	73.241379	0.000000	-1.000000	-1.000000	1910338.000000	1773868064.512904
-6568.425000	1268.910000	12440.340000	14814.000000	-16605.765000	-19410.705000	8634.915000	15599.655000	-7.538794	-3.961860	-6.067517	-7.004404	-9.251008	-13.895664	-8.168507	-8.974266	-3.631880	4.608520	-3.006220	0.796995	0.385314	0.424071	-1.000000	-1.000000	-1.000000	-1.000000	-1.000000	-1.000000	-1.000000	73.241379	0.000000	-1.000000	-1.000000	1910339.000000	1773868064.517267
-6561.675000	1292.625000	12467.385000	14834.340000	-16606.035000	-19447.965000	8637.345000	15602.130000	-7.654227	-3.276862	-3.424715	-3.753187	-5.243851	-10.217112	-5.710718	8.560780	-3.631880	4.608520	-3.006220	0.796995	0.385314	0.424071	-1.000000	-1.000000	-1.000000	-1.000000	-1.000000	-1.000000	-1.000000	73.241379	0.000000	-1.000000	-1.000000	1910340.000000	1773868064.517279
-6568.515000	1306.305000	12482.730000	14845.365000	-16602.255000	-19431.765000	8651.655000	15556.455000	-5.697764	-0.769926	0.552393	0.478782	-0.493991	-5.681227	-1.545731	18.919883	-3.570840	4.165980	-5.249440	0.798887	0.388610	0.422423	-1.000000	-1.000000	-1.000000	-1.000000	-1.000000	-1.000000	-1.000000	73.241379	0.000000	-1.000000	-1.000000	1910341.000000	1773868064.519718
-6541.965000	1346.625000	12527.190000	14896.350000	-16538.625000	-19331.145000	8659.575000	15499.305000	-3.456422	2.704928	4.897315	4.588982	2.949149	-1.851202	3.276175	17.311665	-3.570840	4.165980	-5.249440	0.798887	0.388610	0.422423	-1.000000	-1.000000	-1.000000	-1.000000	-1.000000	-1.000000	-1.000000	73.241379	0.000000	-1.000000	-1.000000	1910342.000000	1773868064.519724
-6534.630000	1360.530000	12539.070000	14905.080000	-16531.380000	-19324.215000	8653.905000	15513.525000	-0.642432	7.361956	10.004096	9.605105	7.373362	6.162575	8.190582	5.936791	-3.570840	4.165980	-5.249440	0.798887	0.388610	0.422423	-1.000000	-1.000000	-1.000000	-1.000000	-1.000000	-1.000000	-1.000000	73.241379	0.000000	-1.000000	-1.000000	1910343.000000	1773868064.523713
-6575.715000	1303.560000	12482.055000	14846.130000	-16594.560000	-19405.305000	8626.410000	15587.055000	3.384071	12.058741	14.638938	14.554485	13.120689	18.182508	10.918349	-5.734678	-3.570840	4.165980	-5.249440	0.798887	0.388610	0.422423	-1.000000	-1.000000	-1.000000	-1.000000	-1.000000	-1.000000	-1.000000	73.241379	0.000000	-1.000000	-1.000000	1910344.000000	1773868064.523719
-6587.055000	1288.710000	12472.110000	14836.050000	-16616.295000	-19441.350000	8612.055000	15567.210000	5.824177	11.861063	13.456685	13.517138	13.641401	23.001122	8.260670	-8.728897	-3.570840	4.165980	-5.249440	0.798887	0.388610	0.422423	-1.000000	-1.000000	-1.000000	-1.000000	-1.000000	-1.000000	-1.000000	73.241379	0.000000	-1.000000	-1.000000	1910345.000000	1773868064.527700
-6562.755000	1271.025000	12438.495000	14796.135000	-16654.275000	-19459.845000	8612.955000	15588.180000	3.930408	3.395419	3.098081	2.856705	3.983509	12.278325	0.187261	-2.734773	-3.570840	4.165980	-5.249440	0.798887	0.388610	0.422423	-1.000000	-1.000000	-1.000000	-1.000000	-1.000000	-1.000000	-1.000000	73.241379	0.000000	-1.000000	-1.000000	1910346.000000	1773868064.527717
-6563.970000	1269.270000	12436.560000	14800.005000	-16639.155000	-19442.790000	8641.395000	15653.925000	-0.440177	-9.795449	-12.162165	-12.739593	-11.495662	-8.307377	-8.390805	6.714714	-3.570840	4.165980	-5.249440	0.798887	0.388610	0.422423	-1.000000	-1.000000	-1.000000	-1.000000	-1.000000	-1.000000	-1.000000	73.241379	0.000000	-1.000000	-1.000000	1910347.000000	1773868064.533807
-6568.605000	1300.455000	12473.595000	14835.600000	-16615.440000	-19416.330000	8652.780000	15607.035000	-3.657367	-19.590066	-23.107012	-23.685756	-22.886687	-24.621548	-11.288618	13.706836	-3.570840	4.165980	-5.249440	0.798887	0.388610	0.422423	-1.000000	-1.000000	-1.000000	-1.000000	-1.000000	-1.000000	-1.000000	73.241379	0.000000	-1.000000	-1.000000	1910348.000000	1773868064.533817
-6608.025000	1309.635000	12487.770000	14851.260000	-16591.455000	-19387.890000	8648.550000	15480.180000	-4.732313	-19.651443	-22.572750	-22.746298	-22.493148	-25.687643	-7.037490	11.133708	-3.570840	4.165980	-5.249440	0.798887	0.388610	0.422423	-1.000000	-1.000000	-1.000000	-1.000000	-1.000000	-1.000000	-1.000000	73.241379	0.000000	-1.000000	-1.000000	1910349.000000	1773868064.535628
-6624.315000	1281.735000	12464.640000	14839.560000	-16588.800000	-19409.940000	8628.120000	15533.820000	-5.387979	-11.062372	-11.816941	-11.061568	-10.497720	-12.506805	-0.190377	-3.031546	-3.570840	4.165980	-5.249440	0.798887	0.388610	0.422423	-1.000000	-1.000000	-1.000000	-1.000000	-1.000000	-1.000000	-1.000000	73.241379	0.000000	-1.000000	-1.000000	1910350.000000	1773868064.535634
-6591.195000	1271.880000	12448.080000	14815.755000	-16625.115000	-19440.135000	8624.565000	15605.325000	-6.097471	-1.026002	0.712746	2.722677	4.608144	2.583669	3.825691	-16.652756	-7.874160	4.089680	-5.341000	0.800901	0.390502	0.423766	-1.000000	-1.000000	-1.000000	-1.000000	-1.000000	-1.000000	-1.000000	73.241379	0.000000	-1.000000	-1.000000	1910351.000000	1773868064.539619
-6548.715000	1264.995000	12432.735000	14795.955000	-16644.375000	-19444.590000	8638.605000	15647.445000	-3.353040	5.314744	8.276793	10.846289	13.478994	9.280488	4.016958	-15.532099	-7.874160	4.089680	-5.341000	0.800901	0.390502	0.423766	-1.000000	-1.000000	-1.000000	-1.000000	-1.000000	-1.000000	-1.000000	73.241379	0.000000	-1.000000	-1.000000	1910352.000000	1773868064.539629
-6544.935000	1264.320000	12433.500000	14803.785000	-16630.605000	-19439.235000	8640.810000	15680.925000	5.890715	8.999718	11.067068	12.719802	14.527338	9.486963	3.404955	-1.263223	-7.874160	4.089680	-5.341000	0.800901	0.390502	0.423766	-1.000000	-1.000000	-1.000000	-1.000000	-1.000000	-1.000000	-1.000000	73.241379	0.000000	-1.000000	-1.000000	1910353.000000	1773868064.543745
-6573.600000	1262.250000	12433.320000	14802.210000	-16634.520000	-19443.150000	8644.140000	15643.170000	17.127885	12.485360	12.341760	12.239336	12.578565	10.244224	4.174446	12.856894	-7.874160	4.089680	-5.341000	0.800901	0.390502	0.423766	-1.000000	-1.000000	-1.000000	-1.000000	-1.000000	-1.000000	-1.000000	73.241379	0.000000	-1.000000	-1.000000	1910354.000000	1773868064.543751
-6561.945000	1286.010000	12452.580000	14811.255000	-16631.865000	-19442.340000	8646.570000	15627.780000	20.630395	15.203138	13.506049	11.925460	11.007083	12.760451	5.025681	15.193381	-7.874160	4.089680	-5.341000	0.800901	0.390502	0.423766	-1.000000	-1.000000	-1.000000	-1.000000	-1.000000	-1.000000	-1.000000	73.241379	0.000000	-1.000000	-1.000000	1910355.000000	1773868064.547675
-6554.700000	1294.200000	12465.855000	14825.655000	-16618.635000	-19432.080000	8647.200000	15623.145000	12.383070	14.910138	13.513787	10.987658	8.692218	12.672633	3.324982	3.231323	-7.874160	4.089680	-5.341000	0.800901	0.390502	0.423766	-1.000000	-1.000000	-1.000000	-1.000000	-1.000000	-1.000000	-1.000000	73.241379	0.000000	-1.000000	-1.000000	1910356.000000	1773868064.547681
-6566.580000	1269.900000	12451.950000	14822.100000	-16612.515000	-19418.940000	8648.775000	15616.710000	-1.966464	9.389186	9.628249	6.803503	3.266890	6.913304	-1.482282	-13.583628	-7.874160	4.089680	-5.341000	0.800901	0.390502	0.423766	-1.000000	-1.000000	-1.000000	-1.000000	-1.000000	-1.000000	-1.000000	73.241379	0.000000	-1.000000	-1.000000	1910357.000000	1773868064.555807
-6558.210000	1280.610000	12457.845000	14823.000000	-16617.150000	-19419.840000	8645.445000	15612.030000	-13.469033	-1.521208	0.310572	-1.673508	-5.137052	-2.834670	-6.787572	-20.599014	-7.874160	4.089680	-5.341000	0.800901	0.390502	0.423766	-1.000000	-1.000000	-1.000000	-1.000000	-1.000000	-1.000000	-1.000000	73.241379	0.000000	-1.000000	-1.000000	1910358.000000	1773868064.555818
-6552.990000	1290.060000	12464.640000	14828.355000	-16612.380000	-19418.670000	8646.435000	15610.770000	-16.697098	-12.855488	-10.757701	-11.145769	-13.228093	-11.878367	-8.916746	-12.843210	-7.874160	4.089680	-5.341000	0.800901	0.390502	0.423766	-1.000000	-1.000000	-1.000000	-1.000000	-1.000000	-1.000000	-1.000000	73.241379	0.000000	-1.000000	-1.000000	1910359.000000	1773868064.555831
-6551.955000	1296.945000	12472.920000	14839.425000	-16600.905000	-19405.575000	8642.880000	15603.660000	-12.719219	-17.504949	-16.631079	-15.644549	-15.997401	-15.296777	-6.415957	0.319498	-7.874160	4.089680	-5.341000	0.800901	0.390502	0.423766	-1.000000	-1.000000	-1.000000	-1.000000	-1.000000	-1.000000	-1.000000	73.241379	0.000000	-1.000000	-1.000000	1910360.000000	1773868064.555836
-6563.520000	1295.460000	12475.620000	14839.560000	-16603.290000	-19405.665000	8645.850000	15596.685000	-6.772740	-12.871163	-13.473043	-11.651802	-10.405997	-10.692597	-1.174670	6.719400	-7.538440	5.417300	-5.096840	0.802366	0.387389	0.426452	-1.000000	-1.000000	-1.000000	-1.000000	-1.000000	-1.000000	-1.000000	73.241379	0.000000	-1.000000	-1.000000	1910361.000000	1773868064.559684
-6565.770000	1299.195000	12476.070000	14838.705000	-16602.795000	-19405.485000	8652.960000	15595.515000	-2.503118	-2.509646	-3.763301	-1.790009	0.576360	-0.716727	3.746228	3.435408	-7.538440	5.417300	-5.096840	0.802366	0.387389	0.426452	-1.000000	-1.000000	-1.000000	-1.000000	-1.000000	-1.000000	-1.000000	73.241379	0.000000	-1.000000	-1.000000	1910362.000000	1773868064.559694
-6565.320000	1302.210000	12473.145000	14830.830000	-16617.060000	-19431.495000	8659.440000	15595.380000	0.271366	7.073964	5.868534	7.178044	9.818752	8.032911	6.421017	-2.525766	-7.538440	5.417300	-5.096840	0.802366	0.387389	0.426452	-1.000000	-1.000000	-1.000000	-1.000000	-1.000000	-1.000000	-1.000000	73.241379	0.000000	-1.000000	-1.000000	1910363.000000	1773868064.565758
-6573.375000	1293.435000	12467.610000	14830.110000	-16611.120000	-19425.555000	8649.405000	15591.555000	2.573633	10.429575	9.471721	9.813483	11.906677	9.824144	6.054280	-3.421929	-7.538440	5.417300	-5.096840	0.802366	0.387389	0.426452	-1.000000	-1.000000	-1.000000	-1.000000	-1.000000	-1.000000	-1.000000	73.241379	0.000000	-1.000000	-1.000000	1910364.000000	1773868064.565768
-6574.500000	1294.605000	12477.465000	14846.940000	-16584.705000	-19387.440000	8650.485000	15589.080000	4.128781	6.184074	5.536559	5.375768	6.658226	4.543086	2.708690	1.915802	-7.538440	5.417300	-5.096840	0.802366	0.387389	0.426452	-1.000000	-1.000000	-1.000000	-1.000000	-1.000000	-1.000000	-1.000000	73.241379	0.000000	-1.000000	-1.000000	1910365.000000	1773868064.567743
-6562.755000	1303.830000	12483.180000	14848.740000	-16592.355000	-19405.980000	8635.140000	15583.500000	4.979449	-1.868229	-2.194429	-2.269426	-1.574426	-2.881391	-2.140839	9.999187	-7.538440	5.417300	-5.096840	0.802366	0.387389	0.426452	-1.000000	-1.000000	-1.000000	-1.000000	-1.000000	-1.000000	-1.000000	73.241379	0.000000	-1.000000	-1.000000	1910366.000000	1773868064.567753
-6540.930000	1330.155000	12508.920000	14874.255000	-16568.955000	-19382.400000	8653.950000	15593.130000	6.146540	-7.455072	-7.617118	-7.583723	-7.619194	-7.667197	-5.732415	16.363579	-7.538440	5.417300	-5.096840	0.802366	0.387389	0.426452	-1.000000	-1.000000	-1.000000	-1.000000	-1.000000	-1.000000	-1.000000	73.241379	0.000000	-1.000000	-1.000000	1910367.000000	1773868064.571896
-6532.965000	1344.330000	12532.275000	14906.610000	-16522.560000	-19331.595000	8694.945000	15599.205000	7.552456	-6.756513	-6.732961	-6.833478	-7.863829	-6.955561	-4.983708	16.930781	-7.538440	5.417300	-5.096840	0.802366	0.387389	0.426452	-1.000000	-1.000000	-1.000000	-1.000000	-1.000000	-1.000000	-1.000000	73.241379	0.000000	-1.000000	-1.000000	1910368.000000	1773868064.571906
-6509.880000	1357.650000	12535.920000	14904.135000	-16532.775000	-19353.105000	8674.200000	15602.220000	7.682935	-0.743006	-0.202639	-0.354539	-1.788608	-0.497103	0.641575	10.201272	-7.538440	5.417300	-5.096840	0.802366	0.387389	0.426452	-1.000000	-1.000000	-1.000000	-1.000000	-1.000000	-1.000000	-1.000000	73.241379	0.000000	-1.000000	-1.000000	1910369.000000	1773868064.577809
-6519.915000	1356.930000	12518.640000	14871.870000	-16583.265000	-19429.155000	8658.630000	15600.195000	5.621383	6.311648	7.020601	6.707270	5.477781	6.086988	6.574030	-1.245630	-7.538440	5.417300	-5.096840	0.802366	0.387389	0.426452	-1.000000	-1.000000	-1.000000	-1.000000	-1.000000	-1.000000	-1.000000	73.241379	0.000000	-1.000000	-1.000000	1910370.000000	1773868064.577820
-6566.625000	1315.080000	12485.655000	14843.970000	-16605.990000	-19422.900000	8662.770000	15549.930000	0.969437	9.189752	8.944542	7.849600	6.450035	5.512316	7.180833	-12.645370	-5.691980	4.028640	-3.372460	0.799864	0.383422	0.429015	-1.000000	-1.000000	-1.000000	-1.000000	-1.000000	-1.000000	-1.000000	73.241379	0.000000	-1.000000	-1.000000	1910371.000000	1773868064.579700
-6579.675000	1284.435000	12469.950000	14835.060000	-16606.530000	-19382.580000	8666.505000	15484.095000	-6.536447	4.314762	3.189385	1.407354	-0.292393	-1.011348	2.030834	-20.878687	-5.691980	4.028640	-3.372460	0.799864	0.383422	0.429015	-1.000000	-1.000000	-1.000000	-1.000000	-1.000000	-1.000000	-1.000000	73.241379	0.000000	-1.000000	-1.000000	1910372.000000	1773868064.579707
-6560.370000	1303.335000	12480.165000	14841.270000	-16603.515000	-19400.760000	8657.280000	15540.975000	-14.102826	-6.218347	-6.604747	-7.904371	-9.004723	-5.938668	-4.605916	-23.833745	-5.691980	4.028640	-3.372460	0.799864	0.383422	0.429015	-1.000000	-1.000000	-1.000000	-1.000000	-1.000000	-1.000000	-1.000000	73.241379	0.000000	-1.000000	-1.000000	1910373.000000	1773868064.584867
-6583.095000	1255.455000	12428.775000	14797.530000	-16636.230000	-19451.745000	8603.505000	15652.845000	-16.447293	-15.215604	-14.170354	-14.141262	-13.823220	-6.935276	-9.128605	-16.083241	-5.691980	4.028640	-3.372460	0.799864	0.383422	0.429015	-1.000000	-1.000000	-1.000000	-1.000000	-1.000000	-1.000000	-1.000000	73.241379	0.000000	-1.000000	-1.000000	1910374.000000	1773868064.584877
-6606.270000	1227.420000	12403.890000	14766.435000	-16676.370000	-19474.785000	8604.360000	15649.470000	-12.118373	-17.846697	-16.454926	-15.224318	-13.422588	-7.356378	-10.826976	5.119787	-5.691980	4.028640	-3.372460	0.799864	0.383422	0.429015	-1.000000	-1.000000	-1.000000	-1.000000	-1.000000	-1.000000	-1.000000	73.241379	0.000000	-1.000000	-1.000000	1910375.000000	1773868064.590371
-6610.680000	1257.255000	12442.905000	14813.505000	-16619.895000	-19426.410000	8613.720000	15589.170000	-4.941901	-14.075201	-13.361944	-11.586291	-8.908348	-7.880181	-9.541680	28.271240	-5.691980	4.028640	-3.372460	0.799864	0.383422	0.429015	-1.000000	-1.000000	-1.000000	-1.000000	-1.000000	-1.000000	-1.000000	73.241379	0.000000	-1.000000	-1.000000	1910376.000000	1773868064.590379
-6601.770000	1261.440000	12447.315000	14823.630000	-16612.965000	-19424.565000	8615.385000	15578.505000	1.328292	-4.833242	-4.681682	-3.011177	-0.572321	-5.228574	-4.965917	34.798400	-5.691980	4.028640	-3.372460	0.799864	0.383422	0.429015	-1.000000	-1.000000	-1.000000	-1.000000	-1.000000	-1.000000	-1.000000	73.241379	0.000000	-1.000000	-1.000000	1910377.000000	1773868064.591613
-6589.215000	1255.725000	12439.845000	14811.165000	-16629.975000	-19433.880000	8613.855000	15575.760000	6.059925	7.583042	7.871478	9.202787	10.405392	2.538030	2.153553	18.968391	-5.691980	4.028640	-3.372460	0.799864	0.383422	0.429015	-1.000000	-1.000000	-1.000000	-1.000000	-1.000000	-1.000000	-1.000000	73.241379	0.000000	-1.000000	-1.000000	1910378.000000	1773868064.591619
-6572.295000	1269.495000	12448.260000	14814.585000	-16627.545000	-19440.720000	8631.180000	15586.605000	10.544129	18.551919	19.429597	20.424989	20.224996	13.317055	10.029969	-7.053945	-5.691980	4.028640	-3.372460	0.799864	0.383422	0.429015	-1.000000	-1.000000	-1.000000	-1.000000	-1.000000	-1.000000	-1.000000	73.241379	0.000000	-1.000000	-1.000000	1910379.000000	1773868064.600353
-6550.065000	1285.605000	12455.820000	14813.595000	-16630.965000	-19437.165000	8644.545000	15613.830000	15.837804	24.685248	25.590033	25.840498	24.725330	21.529959	16.013180	-24.656365	-5.691980	4.028640	-3.372460	0.799864	0.383422	0.429015	-1.000000	-1.000000	-1.000000	-1.000000	-1.000000	-1.000000	-1.000000	73.241379	0.000000	-1.000000	-1.000000	1910380.000000	1773868064.600362
-6547.320000	1330.515000	12491.550000	14838.930000	-16608.735000	-19415.295000	8645.715000	15600.420000	20.185220	25.462289	24.735874	23.255729	21.522837	21.348778	17.309379	-23.357540	-3.967600	3.998120	-4.211760	0.802976	0.384887	0.429503	-1.000000	-1.000000	-1.000000	-1.000000	-1.000000	-1.000000	-1.000000	73.241379	0.000000	-1.000000	-1.000000	1910381.000000	1773868064.600373
-6570.135000	1308.015000	12472.740000	14824.035000	-16620.075000	-19421.415000	8647.830000	15589.080000	18.731346	20.785910	17.319113	13.531344	11.186151	12.190125	13.086902	-9.331531	-3.967600	3.998120	-4.211760	0.802976	0.384887	0.429503	-1.000000	-1.000000	-1.000000	-1.000000	-1.000000	-1.000000	-1.000000	73.241379	0.000000	-1.000000	-1.000000	1910382.000000	1773868064.600379
-6606.540000	1243.035000	12431.385000	14809.275000	-16623.540000	-19429.650000	8638.065000	15560.190000	8.221155	9.556467	4.867658	0.187418	-2.221835	-0.375147	5.569222	1.551328	-3.967600	3.998120	-4.211760	0.802976	0.384887	0.429503	-1.000000	-1.000000	-1.000000	-1.000000	-1.000000	-1.000000	-1.000000	73.241379	0.000000	-1.000000	-1.000000	1910383.000000	1773868064.605168
-6573.015000	1268.955000	12449.655000	14817.780000	-16622.595000	-19425.060000	8641.890000	15599.970000	-7.825726	-7.284912	-9.721654	-12.088052	-13.288956	-10.249521	-2.319560	1.666843	-3.967600	3.998120	-4.211760	0.802976	0.384887	0.429503	-1.000000	-1.000000	-1.000000	-1.000000	-1.000000	-1.000000	-1.000000	73.241379	0.000000	-1.000000	-1.000000	1910384.000000	1773868064.605178
-6559.290000	1299.555000	12481.065000	14846.535000	-16591.905000	-19404.990000	8636.400000	15631.785000	-20.399730	-23.262271	-21.507031	-19.678838	-18.971916	-15.361285	-9.305042	-1.483435	-3.967600	3.998120	-4.211760	0.802976	0.384887	0.429503	-1.000000	-1.000000	-1.000000	-1.000000	-1.000000	-1.000000	-1.000000	73.241379	0.000000	-1.000000	-1.000000	1910385.000000	1773868064.607641
-6578.955000	1300.410000	12480.795000	14842.935000	-16598.205000	-19403.685000	8631.360000	15595.155000	-23.205014	-29.961027	-25.324638	-20.801025	-18.826064	-15.927339	-14.480871	1.139697	-3.967600	3.998120	-4.211760	0.802976	0.384887	0.429503	-1.000000	-1.000000	-1.000000	-1.000000	-1.000000	-1.000000	-1.000000	73.241379	0.000000	-1.000000	-1.000000	1910386.000000	1773868064.607651
-6564.645000	1291.905000	12470.580000	14834.520000	-16602.120000	-19403.730000	8633.340000	15588.540000	-17.467290	-24.579616	-19.793957	-15.528888	-13.249641	-11.686576	-16.065223	7.505288	-3.967600	3.998120	-4.211760	0.802976	0.384887	0.429503	-1.000000	-1.000000	-1.000000	-1.000000	-1.000000	-1.000000	-1.000000	73.241379	0.000000	-1.000000	-1.000000	1910387.000000	1773868064.611617
-6540.480000	1293.030000	12464.595000	14825.610000	-16617.735000	-19433.430000	8645.805000	15600.870000	-7.524281	-11.576402	-8.716049	-6.447578	-4.395063	-4.037145	-12.978470	10.590165	-3.967600	3.998120	-4.211760	0.802976	0.384887	0.429503	-1.000000	-1.000000	-1.000000	-1.000000	-1.000000	-1.000000	-1.000000	73.241379	0.000000	-1.000000	-1.000000	1910388.000000	1773868064.611622
-6561.945000	1270.800000	12449.160000	14821.155000	-16615.620000	-19423.890000	8659.530000	15607.575000	2.724890	1.448559	1.691199	2.116433	3.532601	2.426159	-6.131950	8.420295	-3.967600	3.998120	-4.211760	0.802976	0.384887	0.429503	-1.000000	-1.000000	-1.000000	-1.000000	-1.000000	-1.000000	-1.000000	73.241379	0.000000	-1.000000	-1.000000	1910389.000000	1773868064.615643
-6570.720000	1288.350000	12464.955000	14833.890000	-16604.055000	-19415.205000	8658.855000	15599.070000	9.215899	8.527746	6.910410	6.772814	7.225545	4.310870	2.151886	3.471152	-3.967600	3.998120	-4.211760	0.802976	0.384887	0.429503	-1.000000	-1.000000	-1.000000	-1.000000	-1.000000	-1.000000	-1.000000	73.241379	0.000000	-1.000000	-1.000000	1910390.000000	1773868064.615656
-6552.270000	1300.455000	12466.035000	14826.555000	-16617.240000	-19422.720000	8649.135000	15591.060000	10.494180	9.939794	7.601026	7.514481	6.775789	3.011950	9.025204	-1.990425	-8.408260	2.350040	-3.052000	0.805784	0.391173	0.427428	-1.000000	-1.000000	-1.000000	-1.000000	-1.000000	-1.000000	-1.000000	73.241379	0.000000	-1.000000	-1.000000	1910391.000000	1773868064.619611
-6543.495000	1288.440000	12466.620000	14834.835000	-16599.015000	-19399.230000	8638.695000	15602.985000	9.389282	10.659326	7.879050	6.800528	4.756994	2.192522	11.946141	-6.459969	-8.408260	2.350040	-3.052000	0.805784	0.391173	0.427428	-1.000000	-1.000000	-1.000000	-1.000000	-1.000000	-1.000000	-1.000000	73.241379	0.000000	-1.000000	-1.000000	1910392.000000	1773868064.619621
-6558.930000	1277.235000	12463.650000	14833.080000	-16601.850000	-19404.180000	8642.205000	15602.310000	7.648268	11.564782	8.649911	5.685849	3.004978	3.219041	9.804857	-8.441096	-8.408260	2.350040	-3.052000	0.805784	0.391173	0.427428	-1.000000	-1.000000	-1.000000	-1.000000	-1.000000	-1.000000	-1.000000	73.241379	0.000000	-1.000000	-1.000000	1910393.000000	1773868064.623592
-6596.280000	1292.085000	12479.805000	14847.930000	-16588.710000	-19391.805000	8657.730000	15601.410000	3.205310	8.664945	6.980939	3.133740	1.150978	4.110449	4.280255	-7.515206	-8.408260	2.350040	-3.052000	0.805784	0.391173	0.427428	-1.000000	-1.000000	-1.000000	-1.000000	-1.000000	-1.000000	-1.000000	73.241379	0.000000	-1.000000	-1.000000	1910394.000000	1773868064.623598
-6599.880000	1322.730000	12507.120000	14866.650000	-16587.630000	-19411.785000	8666.235000	15604.965000	-4.714771	1.855092	2.621424	-0.210174	-0.830689	2.959026	-0.729188	-3.991200	-8.408260	2.350040	-3.052000	0.805784	0.391173	0.427428	-1.000000	-1.000000	-1.000000	-1.000000	-1.000000	-1.000000	-1.000000	73.241379	0.000000	-1.000000	-1.000000	1910395.000000	1773868064.627652
-6588.270000	1339.560000	12513.870000	14866.155000	-16586.910000	-19392.570000	8666.415000	15568.920000	-12.233249	-3.548652	-0.714653	-1.539750	-1.403192	0.578769	-2.765336	0.927138	-8.408260	2.350040	-3.052000	0.805784	0.391173	0.427428	-1.000000	-1.000000	-1.000000	-1.000000	-1.000000	-1.000000	-1.000000	73.241379	0.000000	-1.000000	-1.000000	1910396.000000	1773868064.627659
-6563.340000	1309.635000	12499.920000	14874.705000	-16554.105000	-19346.895000	8676.135000	15538.905000	-13.964793	-4.342895	-1.022973	0.079744	0.443650	-0.112408	-2.749895	3.650718	-8.408260	2.350040	-3.052000	0.805784	0.391173	0.427428	-1.000000	-1.000000	-1.000000	-1.000000	-1.000000	-1.000000	-1.000000	73.241379	0.000000	-1.000000	-1.000000	1910397.000000	1773868064.631607
-6546.465000	1292.085000	12486.555000	14855.895000	-16579.395000	-19376.730000	8667.540000	15574.590000	-7.333646	-3.228728	-0.635261	2.138514	3.414773	2.023091	-2.727676	2.110516	-8.408260	2.350040	-3.052000	0.805784	0.391173	0.427428	-1.000000	-1.000000	-1.000000	-1.000000	-1.000000	-1.000000	-1.000000	73.241379	0.000000	-1.000000	-1.000000	1910398.000000	1773868064.631620
-6562.665000	1252.620000	12438.405000	14801.220000	-16645.590000	-19475.820000	8633.475000	15608.880000	4.819020	-4.607795	-3.108585	0.676391	3.260194	2.242137	-3.787847	0.147815	-8.408260	2.350040	-3.052000	0.805784	0.391173	0.427428	-1.000000	-1.000000	-1.000000	-1.000000	-1.000000	-1.000000	-1.000000	73.241379	0.000000	-1.000000	-1.000000	1910399.000000	1773868064.635738
-6577.155000	1262.385000	12441.915000	14800.455000	-16643.385000	-19436.940000	8630.415000	15593.625000	14.761244	-8.657843	-8.683196	-5.560353	-2.989319	-4.249367	-5.551459	2.213889	-8.408260	2.350040	-3.052000	0.805784	0.391173	0.427428	-1.000000	-1.000000	-1.000000	-1.000000	-1.000000	-1.000000	-1.000000	73.241379	0.000000	-1.000000	-1.000000	1910400.000000	1773868064.635744
-6595.110000	1264.995000	12449.295000	14815.620000	-16610.490000	-19382.670000	8635.995000	15571.485000	15.511715	-10.674117	-12.929732	-12.193724	-11.188676	-12.515492	-6.037478	6.164125	-8.469300	-0.381500	-2.548420	0.800840	0.389098	0.425414	-1.000000	-1.000000	-1.000000	-1.000000	-1.000000	-1.000000	-1.000000	73.241379	0.000000	-1.000000	-1.000000	1910401.000000	1773868064.641392
-6603.705000	1253.520000	12438.270000	14806.035000	-16625.295000	-19412.190000	8630.055000	15568.380000	6.951626	-7.086661	-11.501098	-13.331828	-13.878237	-13.357589	-3.644447	6.377796	-8.469300	-0.381500	-2.548420	0.800840	0.389098	0.425414	-1.000000	-1.000000	-1.000000	-1.000000	-1.000000	-1.000000	-1.000000	73.241379	0.000000	-1.000000	-1.000000	1910402.000000	1773868064.641403
-6570.495000	1285.155000	12457.710000	14815.395000	-16635.195000	-19477.800000	8626.095000	15599.835000	-3.685448	0.482893	-4.721411	-7.686955	-8.892947	-6.506874	0.558492	2.031803	-8.469300	-0.381500	-2.548420	0.800840	0.389098	0.425414	-1.000000	-1.000000	-1.000000	-1.000000	-1.000000	-1.000000	-1.000000	73.241379	0.000000	-1.000000	-1.000000	1910403.000000	1773868064.644307
-6568.065000	1288.440000	12447.585000	14800.185000	-16651.170000	-19449.630000	8634.960000	15607.530000	-8.329985	7.989552	3.772898	1.350088	-0.108457	1.143120	4.183592	-2.011275	-8.469300	-0.381500	-2.548420	0.800840	0.389098	0.425414	-1.000000	-1.000000	-1.000000	-1.000000	-1.000000	-1.000000	-1.000000	73.241379	0.000000	-1.000000	-1.000000	1910404.000000	1773868064.644317
-6571.125000	1263.735000	12439.755000	14807.925000	-16620.660000	-19422.945000	8630.055000	15580.935000	-5.918661	11.893189	10.106473	9.270339	7.836671	6.205493	5.884788	-2.024655	-8.469300	-0.381500	-2.548420	0.800840	0.389098	0.425414	-1.000000	-1.000000	-1.000000	-1.000000	-1.000000	-1.000000	-1.000000	73.241379	0.000000	-1.000000	-1.000000	1910405.000000	1773868064.648006
-6558.165000	1280.610000	12461.355000	14827.725000	-16606.125000	-19425.150000	8631.585000	15596.865000	-1.546875	10.967936	12.574490	13.529511	12.740587	9.282280	5.431582	0.595513	-8.469300	-0.381500	-2.548420	0.800840	0.389098	0.425414	-1.000000	-1.000000	-1.000000	-1.000000	-1.000000	-1.000000	-1.000000	73.241379	0.000000	-1.000000	-1.000000	1910406.000000	1773868064.648019
-6552.090000	1290.060000	12469.050000	14831.730000	-16611.255000	-19439.235000	8623.620000	15593.130000	0.841530	7.653948	12.507244	14.500075	14.546554	10.809555	3.587397	1.899071	-8.469300	-0.381500	-2.548420	0.800840	0.389098	0.425414	-1.000000	-1.000000	-1.000000	-1.000000	-1.000000	-1.000000	-1.000000	73.241379	0.000000	-1.000000	-1.000000	1910407.000000	1773868064.651676
-6553.260000	1305.045000	12486.285000	14845.635000	-16605.045000	-19423.170000	8630.280000	15552.855000	1.288677	5.396989	11.970610	13.808554	14.102063	11.624377	2.213803	-1.136999	-8.469300	-0.381500	-2.548420	0.800840	0.389098	0.425414	-1.000000	-1.000000	-1.000000	-1.000000	-1.000000	-1.000000	-1.000000	73.241379	0.000000	-1.000000	-1.000000	1910408.000000	1773868064.651686
-6527.295000	1386.675000	12577.635000	14943.735000	-16494.255000	-19303.965000	8666.190000	15463.170000	1.596302	5.715183	11.971690	12.853197	12.694741	12.767071	2.932251	-8.959698	-8.469300	-0.381500	-2.548420	0.800840	0.389098	0.425414	-1.000000	-1.000000	-1.000000	-1.000000	-1.000000	-1.000000	-1.000000	73.241379	0.000000	-1.000000	-1.000000	1910409.000000	1773868064.655789
-6518.565000	1421.280000	12612.195000	14973.930000	-16470.585000	-19278.405000	8674.965000	15442.200000	3.130677	8.251813	12.440017	12.167982	11.309614	13.733772	5.380498	-18.387245	-8.469300	-0.381500	-2.548420	0.800840	0.389098	0.425414	-1.000000	-1.000000	-1.000000	-1.000000	-1.000000	-1.000000	-1.000000	73.241379	0.000000	-1.000000	-1.000000	1910410.000000	1773868064.655800
-6562.845000	1314.270000	12496.455000	14855.355000	-16585.560000	-19374.165000	8638.155000	15547.545000	4.634630	8.476687	9.367149	8.116650	7.007011	11.189317	6.431206	-21.472169	-7.370580	-0.824040	-2.807840	0.798033	0.388549	0.423644	-1.000000	-1.000000	-1.000000	-1.000000	-1.000000	-1.000000	-1.000000	73.241379	0.000000	-1.000000	-1.000000	1910411.000000	1773868064.663930
-6603.570000	1190.790000	12371.940000	14747.355000	-16675.335000	-19493.415000	8621.460000	15658.020000	1.799470	-2.770816	-5.371265	-6.749610	-6.557228	-0.382791	2.240461	-9.187107	-7.370580	-0.824040	-2.807840	0.798033	0.388549	0.423644	-1.000000	-1.000000	-1.000000	-1.000000	-1.000000	-1.000000	-1.000000	73.241379	0.000000	-1.000000	-1.000000	1910412.000000	1773868064.663939
-6581.565000	1231.875000	12401.820000	14760.495000	-16686.990000	-19502.640000	8643.195000	15709.365000	-6.789340	-26.415023	-31.309459	-31.462909	-28.551008	-21.901671	-6.692477	18.219593	-7.370580	-0.824040	-2.807840	0.798033	0.388549	0.423644	-1.000000	-1.000000	-1.000000	-1.000000	-1.000000	-1.000000	-1.000000	73.241379	0.000000	-1.000000	-1.000000	1910413.000000	1773868064.663949
-6587.505000	1239.885000	12419.640000	14779.845000	-16658.730000	-19451.565000	8628.705000	15655.995000	-15.219231	-45.610772	-51.142722	-50.093468	-45.934467	-42.581946	-14.571398	45.604331	-7.370580	-0.824040	-2.807840	0.798033	0.388549	0.423644	-1.000000	-1.000000	-1.000000	-1.000000	-1.000000	-1.000000	-1.000000	73.241379	0.000000	-1.000000	-1.000000	1910414.000000	1773868064.663954
-6582.330000	1257.570000	12436.155000	14796.540000	-16641.720000	-19444.455000	8631.405000	15628.050000	-16.428811	-41.877585	-46.762438	-46.201760	-44.152878	-45.715690	-16.076429	51.834840	-7.370580	-0.824040	-2.807840	0.798033	0.388549	0.423644	-1.000000	-1.000000	-1.000000	-1.000000	-1.000000	-1.000000	-1.000000	73.241379	0.000000	-1.000000	-1.000000	1910415.000000	1773868064.669358
-6583.905000	1270.845000	12452.895000	14819.535000	-16615.530000	-19425.015000	8633.205000	15608.655000	-9.079986	-14.594726	-17.660569	-18.497813	-19.764536	-24.328405	-10.261628	28.252308	-7.370580	-0.824040	-2.807840	0.798033	0.388549	0.423644	-1.000000	-1.000000	-1.000000	-1.000000	-1.000000	-1.000000	-1.000000	73.241379	0.000000	-1.000000	-1.000000	1910416.000000	1773868064.669370
-6562.215000	1300.680000	12476.835000	14836.905000	-16608.240000	-19417.950000	8637.255000	15609.780000	3.106648	20.653270	20.236783	18.854385	15.841792	10.561379	-0.195356	-11.471021	-7.370580	-0.824040	-2.807840	0.798033	0.388549	0.423644	-1.000000	-1.000000	-1.000000	-1.000000	-1.000000	-1.000000	-1.000000	73.241379	0.000000	-1.000000	-1.000000	1910417.000000	1773868064.671622
-6572.295000	1275.390000	12454.290000	14817.060000	-16621.020000	-19424.745000	8638.605000	15594.345000	14.221251	44.083564	45.936170	45.094265	42.118381	36.941248	8.500986	-42.318300	-7.370580	-0.824040	-2.807840	0.798033	0.388549	0.423644	-1.000000	-1.000000	-1.000000	-1.000000	-1.000000	-1.000000	-1.000000	73.241379	0.000000	-1.000000	-1.000000	1910418.000000	1773868064.671638
-6558.390000	1281.870000	12469.680000	14841.900000	-16589.745000	-19402.965000	8648.955000	15582.420000	19.253747	44.305651	47.227218	47.378395	45.395381	40.574354	11.739355	-49.176598	-7.370580	-0.824040	-2.807840	0.798033	0.388549	0.423644	-1.000000	-1.000000	-1.000000	-1.000000	-1.000000	-1.000000	-1.000000	73.241379	0.000000	-1.000000	-1.000000	1910419.000000	1773868064.675619
-6559.515000	1296.810000	12478.995000	14845.905000	-16591.680000	-19398.105000	8640.765000	15572.880000	17.571042	27.274807	30.551623	31.811463	31.407832	27.886585	10.274096	-36.950308	-7.370580	-0.824040	-2.807840	0.798033	0.388549	0.423644	-1.000000	-1.000000	-1.000000	-1.000000	-1.000000	-1.000000	-1.000000	73.241379	0.000000	-1.000000	-1.000000	1910420.000000	1773868064.675629
-6577.380000	1304.010000	12473.145000	14830.245000	-16614.945000	-19428.930000	8640.270000	15558.120000	11.626356	9.098644	12.408804	14.179967	15.130109	14.554061	6.860845	-20.693500	-6.775440	-0.061040	-3.876040	0.799253	0.388671	0.423705	-1.000000	-1.000000	-1.000000	-1.000000	-1.000000	-1.000000	-1.000000	73.241379	0.000000	-1.000000	-1.000000	1910421.000000	1773868064.679715
-6570.630000	1297.800000	12469.455000	14823.360000	-16629.210000	-19447.920000	8650.260000	15608.970000	3.085166	-1.590884	0.898559	1.794589	2.874482	5.787703	2.770838	-8.193344	-6.775440	-0.061040	-3.876040	0.799253	0.388671	0.423705	-1.000000	-1.000000	-1.000000	-1.000000	-1.000000	-1.000000	-1.000000	73.241379	0.000000	-1.000000	-1.000000	1910422.000000	1773868064.679725
-6586.740000	1250.055000	12436.785000	14801.715000	-16635.240000	-19429.650000	8640.990000	15619.365000	-6.599893	-8.398236	-7.683609	-8.467786	-8.275679	-3.418099	-1.315405	4.581407	-6.775440	-0.061040	-3.876040	0.799253	0.388671	0.423705	-1.000000	-1.000000	-1.000000	-1.000000	-1.000000	-1.000000	-1.000000	73.241379	0.000000	-1.000000	-1.000000	1910423.000000	1773868064.683689
-6577.245000	1265.130000	12445.560000	14809.050000	-16626.330000	-19433.070000	8632.215000	15600.645000	-14.418546	-16.592872	-17.616696	-19.346571	-19.688485	-14.645068	-4.489200	20.992300	-6.775440	-0.061040	-3.876040	0.799253	0.388671	0.423705	-1.000000	-1.000000	-1.000000	-1.000000	-1.000000	-1.000000	-1.000000	73.241379	0.000000	-1.000000	-1.000000	1910424.000000	1773868064.683700
-6564.330000	1273.905000	12453.660000	14816.655000	-16625.880000	-19446.750000	8629.875000	15588.585000	-16.906017	-24.512876	-26.443122	-27.698114	-27.362213	-23.262201	-6.303558	34.911433	-6.775440	-0.061040	-3.876040	0.799253	0.388671	0.423705	-1.000000	-1.000000	-1.000000	-1.000000	-1.000000	-1.000000	-1.000000	73.241379	0.000000	-1.000000	-1.000000	1910425.000000	1773868064.689449
-6557.130000	1292.805000	12474.495000	14837.805000	-16601.580000	-19389.240000	8613.585000	15555.870000	-12.782154	-26.429251	-28.480803	-28.478358	-26.995178	-24.940887	-6.942281	37.578799	-6.775440	-0.061040	-3.876040	0.799253	0.388671	0.423705	-1.000000	-1.000000	-1.000000	-1.000000	-1.000000	-1.000000	-1.000000	73.241379	0.000000	-1.000000	-1.000000	1910426.000000	1773868064.689533
-6534.630000	1337.355000	12514.410000	14879.610000	-16551.630000	-19352.430000	8591.580000	15510.195000	-4.069220	-18.756282	-20.521249	-19.473537	-17.514737	-17.722249	-7.098677	26.070094	-6.775440	-0.061040	-3.876040	0.799253	0.388671	0.423705	-1.000000	-1.000000	-1.000000	-1.000000	-1.000000	-1.000000	-1.000000	73.241379	0.000000	-1.000000	-1.000000	1910427.000000	1773868064.691726
-6551.415000	1341.135000	12521.115000	14886.810000	-16549.020000	-19355.130000	8623.170000	15496.470000	5.285846	-2.403695	-3.830365	-2.567754	-1.117307	-2.840200	-6.359811	4.360618	-6.775440	-0.061040	-3.876040	0.799253	0.388671	0.423705	-1.000000	-1.000000	-1.000000	-1.000000	-1.000000	-1.000000	-1.000000	73.241379	0.000000	-1.000000	-1.000000	1910428.000000	1773868064.691738
-6572.790000	1307.610000	12493.710000	14861.610000	-16571.565000	-19370.295000	8682.210000	15599.160000	10.881750	15.712781	14.957225	15.729493	16.050526	13.582058	-1.761633	-17.246459	-6.775440	-0.061040	-3.876040	0.799253	0.388671	0.423705	-1.000000	-1.000000	-1.000000	-1.000000	-1.000000	-1.000000	-1.000000	73.241379	0.000000	-1.000000	-1.000000	1910429.000000	1773868064.695646
-6585.390000	1268.910000	12456.045000	14823.540000	-16614.180000	-19420.335000	8680.635000	15667.830000	9.946929	24.817130	25.736314	26.088507	25.396214	23.012649	7.897121	-25.550792	-6.775440	-0.061040	-3.876040	0.799253	0.388671	0.423705	-1.000000	-1.000000	-1.000000	-1.000000	-1.000000	-1.000000	-1.000000	73.241379	0.000000	-1.000000	-1.000000	1910430.000000	1773868064.695652
-6578.280000	1271.925000	12448.485000	14805.315000	-16641.945000	-19439.415000	8658.135000	15605.370000	3.721830	19.351322	22.147966	22.417309	21.170002	19.468236	16.943218	-16.774351	-6.500760	0.900340	-2.533160	0.796629	0.388732	0.422362	-1.000000	-1.000000	-1.000000	-1.000000	-1.000000	-1.000000	-1.000000	73.241379	0.000000	-1.000000	-1.000000	1910431.000000	1773868064.699654
-6579.000000	1261.980000	12435.930000	14794.650000	-16643.115000	-19429.155000	8652.420000	15598.260000	-3.155042	4.807330	7.520131	7.285909	5.480437	4.516066	17.558255	-2.075787	-6.500760	0.900340	-2.533160	0.796629	0.388732	0.422362	-1.000000	-1.000000	-1.000000	-1.000000	-1.000000	-1.000000	-1.000000	73.241379	0.000000	-1.000000	-1.000000	1910432.000000	1773868064.699666
-6580.215000	1270.980000	12445.290000	14803.290000	-16635.330000	-19441.170000	8627.265000	15596.145000	-6.581996	-8.526003	-8.346209	-9.772225	-12.074350	-12.243416	8.138394	6.240002	-6.500760	0.900340	-2.533160	0.796629	0.388732	0.422362	-1.000000	-1.000000	-1.000000	-1.000000	-1.000000	-1.000000	-1.000000	73.241379	0.000000	-1.000000	-1.000000	1910433.000000	1773868064.703711
-6567.570000	1324.215000	12496.005000	14846.895000	-16601.535000	-19419.570000	8624.835000	15590.880000	-5.834173	-13.883386	-16.627940	-19.054959	-21.048651	-20.814650	-6.057173	6.205801	-6.500760	0.900340	-2.533160	0.796629	0.388732	0.422362	-1.000000	-1.000000	-1.000000	-1.000000	-1.000000	-1.000000	-1.000000	73.241379	0.000000	-1.000000	-1.000000	1910434.000000	1773868064.703719
-6577.695000	1289.610000	12472.920000	14836.950000	-16601.220000	-19400.490000	8637.480000	15581.520000	-2.716317	-10.586944	-14.382802	-16.706401	-17.582534	-18.230937	-16.943558	2.608962	-6.500760	0.900340	-2.533160	0.796629	0.388732	0.422362	-1.000000	-1.000000	-1.000000	-1.000000	-1.000000	-1.000000	-1.000000	73.241379	0.000000	-1.000000	-1.000000	1910435.000000	1773868064.707665
-6579.225000	1273.185000	12467.070000	14841.630000	-16598.070000	-19407.330000	8643.330000	15566.400000	0.319036	-4.060158	-6.127129	-6.808599	-6.364441	-8.289653	-18.335386	0.004879	-6.500760	0.900340	-2.533160	0.796629	0.388732	0.422362	-1.000000	-1.000000	-1.000000	-1.000000	-1.000000	-1.000000	-1.000000	73.241379	0.000000	-1.000000	-1.000000	1910436.000000	1773868064.707672
-6568.335000	1279.035000	12462.840000	14832.000000	-16606.440000	-19410.390000	8638.920000	15582.420000	2.328102	0.043007	1.480117	3.478118	5.013602	3.324917	-10.929555	-1.060241	-6.500760	0.900340	-2.533160	0.796629	0.388732	0.422362	-1.000000	-1.000000	-1.000000	-1.000000	-1.000000	-1.000000	-1.000000	73.241379	0.000000	-1.000000	-1.000000	1910437.000000	1773868064.711772
-6567.570000	1273.410000	12453.615000	14818.140000	-16623.315000	-19435.545000	8625.420000	15605.865000	4.464353	2.138481	6.218170	10.192957	12.350198	12.604089	-1.845436	-3.413506	-6.500760	0.900340	-2.533160	0.796629	0.388732	0.422362	-1.000000	-1.000000	-1.000000	-1.000000	-1.000000	-1.000000	-1.000000	73.241379	0.000000	-1.000000	-1.000000	1910438.000000	1773868064.711783
-6557.985000	1291.005000	12469.050000	14827.185000	-16619.625000	-19429.785000	8639.460000	15610.320000	7.064883	5.360393	9.257756	12.974090	15.161870	17.581638	3.164182	-8.126711	-6.500760	0.900340	-2.533160	0.796629	0.388732	0.422362	-1.000000	-1.000000	-1.000000	-1.000000	-1.000000	-1.000000	-1.000000	73.241379	0.000000	-1.000000	-1.000000	1910439.000000	1773868064.715729
-6570.720000	1271.160000	12448.125000	14808.150000	-16632.720000	-19427.175000	8658.720000	15599.970000	8.063858	9.665409	11.011451	12.423539	14.059303	17.470903	5.127280	-11.132974	-6.500760	0.900340	-2.533160	0.796629	0.388732	0.422362	-1.000000	-1.000000	-1.000000	-1.000000	-1.000000	-1.000000	-1.000000	73.241379	0.000000	-1.000000	-1.000000	1910440.000000	1773868064.715739
-6566.175000	1273.905000	12437.370000	14782.095000	-16671.555000	-19454.130000	8649.225000	15596.910000	5.356491	11.534922	9.769706	8.189017	8.668780	11.932977	7.599924	-7.760855	-5.493600	0.625660	-2.914660	0.795896	0.387755	0.422606	-1.000000	-1.000000	-1.000000	-1.000000	-1.000000	-1.000000	-1.000000	73.241379	0.000000	-1.000000	-1.000000	1910441.000000	1773868064.719698
-6582.195000	1298.070000	12468.780000	14825.970000	-16611.165000	-19436.985000	8629.290000	15555.195000	-0.786752	8.034731	4.160215	0.340284	-0.603283	2.024660	10.334727	0.665203	-5.493600	0.625660	-2.914660	0.795896	0.387755	0.422606	-1.000000	-1.000000	-1.000000	-1.000000	-1.000000	-1.000000	-1.000000	73.241379	0.000000	-1.000000	-1.000000	1910442.000000	1773868064.719705
-6614.820000	1254.330000	12441.600000	14809.770000	-16624.350000	-19429.020000	8626.410000	15532.290000	-8.322869	-0.541891	-4.357181	-8.238340	-9.689352	-8.641840	10.028905	7.973379	-5.493600	0.625660	-2.914660	0.795896	0.387755	0.422606	-1.000000	-1.000000	-1.000000	-1.000000	-1.000000	-1.000000	-1.000000	73.241379	0.000000	-1.000000	-1.000000	1910443.000000	1773868064.723712
-6622.785000	1249.155000	12443.175000	14817.420000	-16612.245000	-19412.820000	8620.110000	15537.150000	-14.544516	-10.952852	-12.240410	-13.667059	-14.156844	-15.639171	5.063493	10.228066	-5.493600	0.625660	-2.914660	0.795896	0.387755	0.422606	-1.000000	-1.000000	-1.000000	-1.000000	-1.000000	-1.000000	-1.000000	73.241379	0.000000	-1.000000	-1.000000	1910444.000000	1773868064.723724
-6591.600000	1262.610000	12448.260000	14818.320000	-16615.530000	-19417.770000	8626.185000	15605.685000	-15.688651	-17.388406	-15.288547	-13.557392	-12.737533	-15.989096	-2.565398	9.482934	-5.493600	0.625660	-2.914660	0.795896	0.387755	0.422606	-1.000000	-1.000000	-1.000000	-1.000000	-1.000000	-1.000000	-1.000000	73.241379	0.000000	-1.000000	-1.000000	1910445.000000	1773868064.728714
-6572.160000	1264.680000	12446.370000	14815.485000	-16618.995000	-19426.185000	8630.010000	15623.685000	-8.708316	-14.832368	-10.906448	-7.555572	-6.398680	-9.568600	-8.900383	9.247836	-5.493600	0.625660	-2.914660	0.795896	0.387755	0.422606	-1.000000	-1.000000	-1.000000	-1.000000	-1.000000	-1.000000	-1.000000	73.241379	0.000000	-1.000000	-1.000000	1910446.000000	1773868064.728725
-6562.215000	1258.380000	12438.540000	14801.310000	-16638.345000	-19442.655000	8642.115000	15619.995000	4.549432	-4.217204	-0.984667	1.818215	2.118566	0.351996	-10.599060	8.310372	-5.493600	0.625660	-2.914660	0.795896	0.387755	0.422606	-1.000000	-1.000000	-1.000000	-1.000000	-1.000000	-1.000000	-1.000000	73.241379	0.000000	-1.000000	-1.000000	1910447.000000	1773868064.731667
-6572.565000	1268.190000	12446.685000	14806.395000	-16636.095000	-19436.535000	8640.675000	15590.655000	16.861476	8.069497	8.971226	9.852284	8.783222	8.712166	-7.091062	3.201441	-5.493600	0.625660	-2.914660	0.795896	0.387755	0.422606	-1.000000	-1.000000	-1.000000	-1.000000	-1.000000	-1.000000	-1.000000	73.241379	0.000000	-1.000000	-1.000000	1910448.000000	1773868064.731677
-6572.880000	1282.905000	12463.380000	14821.110000	-16629.165000	-19425.870000	8637.975000	15551.955000	20.938638	15.963457	14.560503	13.373782	11.122387	11.943815	-1.107343	-5.894781	-5.493600	0.625660	-2.914660	0.795896	0.387755	0.422606	-1.000000	-1.000000	-1.000000	-1.000000	-1.000000	-1.000000	-1.000000	73.241379	0.000000	-1.000000	-1.000000	1910449.000000	1773868064.735751
-6562.170000	1296.045000	12478.905000	14836.230000	-16604.910000	-19396.575000	8640.000000	15505.155000	15.095310	16.999374	14.755930	12.449173	9.734918	10.502501	3.992850	-15.288134	-5.493600	0.625660	-2.914660	0.795896	0.387755	0.422606	-1.000000	-1.000000	-1.000000	-1.000000	-1.000000	-1.000000	-1.000000	73.241379	0.000000	-1.000000	-1.000000	1910450.000000	1773868064.735760
-6550.695000	1301.355000	12484.035000	14850.045000	-16581.195000	-19397.295000	8641.980000	15549.570000	4.027221	11.420150	9.920098	7.852956	5.978090	6.795555	6.893289	-19.412819	-5.707240	1.388660	-2.411080	0.796446	0.387999	0.423278	-1.000000	-1.000000	-1.000000	-1.000000	-1.000000	-1.000000	-1.000000	73.241379	0.000000	-1.000000	-1.000000	1910451.000000	1773868064.739718
-6571.620000	1269.630000	12450.690000	14814.360000	-16627.365000	-19444.770000	8634.690000	15635.655000	-5.605073	1.801251	1.180165	0.105546	0.111552	0.859344	7.379924	-11.949153	-5.707240	1.388660	-2.411080	0.796446	0.387999	0.423278	-1.000000	-1.000000	-1.000000	-1.000000	-1.000000	-1.000000	-1.000000	73.241379	0.000000	-1.000000	-1.000000	1910452.000000	1773868064.739728
-6570.810000	1278.360000	12457.890000	14819.850000	-16621.470000	-19428.480000	8638.785000	15630.660000	-10.584165	-7.672367	-8.552540	-8.930487	-7.409883	-7.833445	5.169566	6.771800	-5.707240	1.388660	-2.411080	0.796446	0.387999	0.423278	-1.000000	-1.000000	-1.000000	-1.000000	-1.000000	-1.000000	-1.000000	73.241379	0.000000	-1.000000	-1.000000	1910453.000000	1773868064.743770
-6545.790000	1318.545000	12491.055000	14847.255000	-16593.570000	-19389.285000	8642.115000	15586.155000	-11.565224	-12.844396	-14.640141	-15.009219	-13.208428	-14.716802	0.856116	23.445103	-5.707240	1.388660	-2.411080	0.796446	0.387999	0.423278	-1.000000	-1.000000	-1.000000	-1.000000	-1.000000	-1.000000	-1.000000	73.241379	0.000000	-1.000000	-1.000000	1910454.000000	1773868064.743779
-6535.215000	1353.600000	12511.215000	14855.220000	-16589.520000	-19384.920000	8650.845000	15572.430000	-9.715188	-10.655764	-12.815438	-13.468221	-12.153772	-12.801013	-3.663840	22.568277	-5.707240	1.388660	-2.411080	0.796446	0.387999	0.423278	-1.000000	-1.000000	-1.000000	-1.000000	-1.000000	-1.000000	-1.000000	73.241379	0.000000	-1.000000	-1.000000	1910455.000000	1773868064.747721
-6573.015000	1349.415000	12518.370000	14866.200000	-16583.355000	-19394.145000	8650.080000	15550.650000	-6.286147	-2.023721	-3.497756	-4.160410	-3.392248	-1.887791	-6.364659	3.781159	-5.707240	1.388660	-2.411080	0.796446	0.387999	0.423278	-1.000000	-1.000000	-1.000000	-1.000000	-1.000000	-1.000000	-1.000000	73.241379	0.000000	-1.000000	-1.000000	1910456.000000	1773868064.747731
-6602.355000	1252.800000	12458.340000	14830.470000	-16607.475000	-19422.855000	8645.760000	15594.480000	-3.690378	5.521654	6.313681	6.746184	7.330354	9.574134	-6.468740	-17.335617	-5.707240	1.388660	-2.411080	0.796446	0.387999	0.423278	-1.000000	-1.000000	-1.000000	-1.000000	-1.000000	-1.000000	-1.000000	73.241379	0.000000	-1.000000	-1.000000	1910457.000000	1773868064.753778
-6577.200000	1249.740000	12441.645000	14802.930000	-16646.040000	-19460.790000	8631.945000	15624.405000	-2.939232	3.238760	7.991479	10.998857	11.904443	12.119638	-4.642864	-23.397271	-5.707240	1.388660	-2.411080	0.796446	0.387999	0.423278	-1.000000	-1.000000	-1.000000	-1.000000	-1.000000	-1.000000	-1.000000	73.241379	0.000000	-1.000000	-1.000000	1910458.000000	1773868064.753788
-6561.360000	1289.205000	12484.620000	14846.355000	-16593.480000	-19407.915000	8618.220000	15590.655000	-1.677160	-7.725355	0.262664	5.612742	6.710800	4.110455	-2.243110	-10.177489	-5.707240	1.388660	-2.411080	0.796446	0.387999	0.423278	-1.000000	-1.000000	-1.000000	-1.000000	-1.000000	-1.000000	-1.000000	73.241379	0.000000	-1.000000	-1.000000	1910459.000000	1773868064.755742
-6565.275000	1260.810000	12456.225000	14822.820000	-16616.070000	-19434.645000	8614.755000	15594.390000	2.461317	-16.259507	-8.913805	-3.934550	-3.516415	-6.686423	-0.365963	9.470791	-5.707240	1.388660	-2.411080	0.796446	0.387999	0.423278	-1.000000	-1.000000	-1.000000	-1.000000	-1.000000	-1.000000	-1.000000	73.241379	0.000000	-1.000000	-1.000000	1910460.000000	1773868064.755753
-6570.855000	1259.235000	12451.725000	14822.010000	-16614.180000	-19415.520000	8623.845000	15589.350000	8.362918	-13.900354	-11.364898	-9.670640	-10.385958	-11.154779	1.038675	18.381226	-5.707240	4.455920	-1.464960	0.796934	0.385314	0.423400	-1.000000	-1.000000	-1.000000	-1.000000	-1.000000	-1.000000	-1.000000	73.241379	0.000000	-1.000000	-1.000000	1910461.000000	1773868064.759788
-6572.070000	1268.865000	12454.605000	14819.985000	-16618.005000	-19409.040000	8640.765000	15594.210000	12.144874	-2.176939	-6.031674	-8.409867	-9.743112	-6.837758	2.843589	11.232133	-5.707240	4.455920	-1.464960	0.796934	0.385314	0.423400	-1.000000	-1.000000	-1.000000	-1.000000	-1.000000	-1.000000	-1.000000	73.241379	0.000000	-1.000000	-1.000000	1910462.000000	1773868064.759799
-6573.510000	1266.795000	12446.235000	14807.160000	-16625.835000	-19401.570000	8653.365000	15594.885000	10.289911	10.725059	2.273379	-2.714593	-3.811879	1.838426	5.244920	-3.335113	-5.707240	4.455920	-1.464960	0.796934	0.385314	0.423400	-1.000000	-1.000000	-1.000000	-1.000000	-1.000000	-1.000000	-1.000000	73.241379	0.000000	-1.000000	-1.000000	1910463.000000	1773868064.763797
-6563.250000	1287.540000	12473.820000	14836.275000	-16601.940000	-19392.615000	8675.010000	15602.355000	3.281088	17.238910	8.270837	3.216105	2.950582	8.920960	7.275443	-13.140778	-5.707240	4.455920	-1.464960	0.796934	0.385314	0.423400	-1.000000	-1.000000	-1.000000	-1.000000	-1.000000	-1.000000	-1.000000	73.241379	0.000000	-1.000000	-1.000000	1910464.000000	1773868064.763806
-6549.885000	1298.610000	12478.230000	14838.435000	-16602.390000	-19394.730000	8653.545000	15594.255000	-3.485393	16.438418	10.670857	7.591739	8.111339	11.553586	7.405798	-12.474294	-5.707240	4.455920	-1.464960	0.796934	0.385314	0.423400	-1.000000	-1.000000	-1.000000	-1.000000	-1.000000	-1.000000	-1.000000	73.241379	0.000000	-1.000000	-1.000000	1910465.000000	1773868064.767928
-6577.380000	1273.500000	12448.395000	14806.935000	-16629.615000	-19415.880000	8621.145000	15574.860000	-5.164896	12.785129	11.005049	10.138967	10.734775	9.825013	4.020575	-4.790581	-5.707240	4.455920	-1.464960	0.796934	0.385314	0.423400	-1.000000	-1.000000	-1.000000	-1.000000	-1.000000	-1.000000	-1.000000	73.241379	0.000000	-1.000000	-1.000000	1910466.000000	1773868064.767937
-6607.980000	1258.560000	12439.530000	14804.145000	-16621.245000	-19417.230000	8625.240000	15574.455000	-3.731967	8.286596	9.003087	9.391708	9.587484	4.628071	-2.595555	2.608201	-5.707240	4.455920	-1.464960	0.796934	0.385314	0.423400	-1.000000	-1.000000	-1.000000	-1.000000	-1.000000	-1.000000	-1.000000	73.241379	0.000000	-1.000000	-1.000000	1910467.000000	1773868064.773028
-6613.560000	1281.465000	12471.570000	14837.580000	-16601.715000	-19430.460000	8634.420000	15560.595000	-4.428644	1.224577	3.416181	4.459774	4.289704	-3.047573	-8.538881	5.982743	-5.707240	4.455920	-1.464960	0.796934	0.385314	0.423400	-1.000000	-1.000000	-1.000000	-1.000000	-1.000000	-1.000000	-1.000000	73.241379	0.000000	-1.000000	-1.000000	1910468.000000	1773868064.773043
-6607.755000	1293.615000	12477.600000	14834.520000	-16612.020000	-19411.965000	8636.895000	15548.580000	-7.343695	-6.680107	-3.020647	-1.653462	-2.576387	-10.387889	-9.546627	5.314226	-5.707240	4.455920	-1.464960	0.796934	0.385314	0.423400	-1.000000	-1.000000	-1.000000	-1.000000	-1.000000	-1.000000	-1.000000	73.241379	0.000000	-1.000000	-1.000000	1910469.000000	1773868064.775710
-6611.715000	1260.180000	12452.535000	14822.910000	-16611.165000	-19416.690000	8630.010000	15543.945000	-7.921103	-11.023865	-6.136658	-4.988950	-7.097198	-13.101301	-5.657703	1.589538	-5.707240	4.455920	-1.464960	0.796934	0.385314	0.423400	-1.000000	-1.000000	-1.000000	-1.000000	-1.000000	-1.000000	-1.000000	73.241379	0.000000	-1.000000	-1.000000	1910470.000000	1773868064.775726
-6607.080000	1262.160000	12452.130000	14819.715000	-16617.150000	-19429.740000	8626.185000	15544.710000	-3.858719	-11.575741	-6.226079	-5.286787	-7.738472	-10.187582	-0.802728	-2.626569	-5.279960	4.257540	-2.380560	0.794554	0.384398	0.421447	-1.000000	-1.000000	-1.000000	-1.000000	-1.000000	-1.000000	-1.000000	73.241379	0.000000	-1.000000	-1.000000	1910471.000000	1773868064.779992
-6622.920000	1260.810000	12449.745000	14815.395000	-16622.415000	-19427.220000	8628.345000	15531.615000	2.510737	-10.684224	-5.891904	-4.498313	-5.694858	-4.650112	1.449637	-4.295839	-5.279960	4.257540	-2.380560	0.794554	0.384398	0.421447	-1.000000	-1.000000	-1.000000	-1.000000	-1.000000	-1.000000	-1.000000	73.241379	0.000000	-1.000000	-1.000000	1910472.000000	1773868064.780001
-6588.405000	1263.780000	12449.970000	14816.070000	-16616.790000	-19416.330000	8639.955000	15583.545000	7.657036	-8.902655	-6.047970	-4.032588	-3.010606	0.870214	0.938363	-1.877337	-5.279960	4.257540	-2.380560	0.794554	0.384398	0.421447	-1.000000	-1.000000	-1.000000	-1.000000	-1.000000	-1.000000	-1.000000	73.241379	0.000000	-1.000000	-1.000000	1910473.000000	1773868064.783692
-6521.040000	1286.640000	12459.285000	14814.225000	-16626.915000	-19433.295000	8631.135000	15631.830000	11.296618	-4.800225	-5.426324	-3.751957	-0.755252	5.564775	0.419902	5.136386	-5.279960	4.257540	-2.380560	0.794554	0.384398	0.421447	-1.000000	-1.000000	-1.000000	-1.000000	-1.000000	-1.000000	-1.000000	73.241379	0.000000	-1.000000	-1.000000	1910474.000000	1773868064.783706
-6490.710000	1369.260000	12526.380000	14868.765000	-16583.445000	-19394.640000	8643.780000	15618.420000	15.611202	4.032162	-0.932532	-1.231305	2.039535	9.360852	2.439833	14.452995	-5.279960	4.257540	-2.380560	0.794554	0.384398	0.421447	-1.000000	-1.000000	-1.000000	-1.000000	-1.000000	-1.000000	-1.000000	73.241379	0.000000	-1.000000	-1.000000	1910475.000000	1773868064.790091
-6498.945000	1333.125000	12512.925000	14874.255000	-16567.560000	-19369.215000	8656.425000	15605.235000	19.322001	16.262170	8.006190	4.935528	6.190405	12.330213	6.610260	19.401387	-5.279960	4.257540	-2.380560	0.794554	0.384398	0.421447	-1.000000	-1.000000	-1.000000	-1.000000	-1.000000	-1.000000	-1.000000	73.241379	0.000000	-1.000000	-1.000000	1910476.000000	1773868064.790106
-6538.905000	1286.595000	12472.650000	14835.555000	-16607.655000	-19434.555000	8628.435000	15585.120000	16.320867	22.721214	14.701458	10.345721	8.980882	12.662603	9.406159	14.101914	-5.279960	4.257540	-2.380560	0.794554	0.384398	0.421447	-1.000000	-1.000000	-1.000000	-1.000000	-1.000000	-1.000000	-1.000000	73.241379	0.000000	-1.000000	-1.000000	1910477.000000	1773868064.791731
-6599.025000	1271.250000	12459.195000	14823.495000	-16615.845000	-19430.595000	8632.980000	15554.430000	1.962728	14.925994	11.390215	8.635241	6.394608	6.760209	7.095915	-0.786600	-5.279960	4.257540	-2.380560	0.794554	0.384398	0.421447	-1.000000	-1.000000	-1.000000	-1.000000	-1.000000	-1.000000	-1.000000	73.241379	0.000000	-1.000000	-1.000000	1910478.000000	1773868064.791745
-6641.235000	1235.700000	12452.760000	14830.560000	-16599.510000	-19385.550000	8651.880000	15521.670000	-20.661991	-3.938503	-0.749158	-0.031117	-0.980709	-4.121599	0.274495	-18.639272	-5.279960	4.257540	-2.380560	0.794554	0.384398	0.421447	-1.000000	-1.000000	-1.000000	-1.000000	-1.000000	-1.000000	-1.000000	73.241379	0.000000	-1.000000	-1.000000	1910479.000000	1773868064.795702
-6622.065000	1247.220000	12457.755000	14828.445000	-16603.740000	-19392.165000	8645.490000	15536.745000	-40.156276	-22.051386	-12.932530	-8.957558	-7.739660	-12.276400	-6.407590	-30.553792	-5.279960	4.257540	-2.380560	0.794554	0.384398	0.421447	-1.000000	-1.000000	-1.000000	-1.000000	-1.000000	-1.000000	-1.000000	73.241379	0.000000	-1.000000	-1.000000	1910480.000000	1773868064.795712
-6602.040000	1256.085000	12447.945000	14810.625000	-16623.495000	-19423.170000	8627.355000	15597.900000	-43.362657	-28.742757	-17.644488	-12.473853	-9.803969	-13.089259	-9.800759	-28.936981	-6.424460	3.799740	-3.067260	0.793577	0.384887	0.421264	-1.000000	-1.000000	-1.000000	-1.000000	-1.000000	-1.000000	-1.000000	73.241379	0.000000	-1.000000	-1.000000	1910481.000000	1773868064.799839
-6586.065000	1255.050000	12439.935000	14802.210000	-16640.145000	-19438.020000	8620.290000	15602.985000	-26.372271	-20.786614	-13.637384	-10.173853	-7.869029	-9.458480	-10.136935	-13.091921	-6.424460	3.799740	-3.067260	0.793577	0.384887	0.421264	-1.000000	-1.000000	-1.000000	-1.000000	-1.000000	-1.000000	-1.000000	73.241379	0.000000	-1.000000	-1.000000	1910482.000000	1773868064.799849
-6585.795000	1242.675000	12428.370000	14786.685000	-16656.660000	-19445.670000	8621.235000	15624.810000	1.075119	-4.162546	-4.913264	-4.907521	-4.653109	-5.468245	-7.942207	8.042244	-6.424460	3.799740	-3.067260	0.793577	0.384887	0.421264	-1.000000	-1.000000	-1.000000	-1.000000	-1.000000	-1.000000	-1.000000	73.241379	0.000000	-1.000000	-1.000000	1910483.000000	1773868064.803834
-6571.260000	1249.560000	12440.745000	14808.195000	-16626.555000	-19435.185000	8608.185000	15619.275000	24.299480	10.486508	2.914525	0.082200	-1.892029	-2.517392	-3.554146	23.256697	-6.424460	3.799740	-3.067260	0.793577	0.384887	0.421264	-1.000000	-1.000000	-1.000000	-1.000000	-1.000000	-1.000000	-1.000000	73.241379	0.000000	-1.000000	-1.000000	1910484.000000	1773868064.803840
-6534.855000	1303.695000	12485.385000	14850.315000	-16588.170000	-19398.330000	8628.885000	15580.890000	35.385584	17.750085	7.674003	3.922296	1.050557	0.342050	1.618877	26.620153	-6.424460	3.799740	-3.067260	0.793577	0.384887	0.421264	-1.000000	-1.000000	-1.000000	-1.000000	-1.000000	-1.000000	-1.000000	73.241379	0.000000	-1.000000	-1.000000	1910485.000000	1773868064.807702
-6558.390000	1323.765000	12499.605000	14857.830000	-16582.995000	-19383.615000	8637.795000	15542.010000	35.134536	20.805412	12.036036	8.778054	6.497162	5.833618	6.585622	17.780865	-6.424460	3.799740	-3.067260	0.793577	0.384887	0.421264	-1.000000	-1.000000	-1.000000	-1.000000	-1.000000	-1.000000	-1.000000	73.241379	0.000000	-1.000000	-1.000000	1910486.000000	1773868064.807712
-6583.005000	1272.240000	12452.625000	14807.970000	-16634.025000	-19427.130000	8648.010000	15545.835000	26.861706	22.058782	16.534819	14.066045	12.911860	12.895444	10.636602	1.974199	-6.424460	3.799740	-3.067260	0.793577	0.384887	0.421264	-1.000000	-1.000000	-1.000000	-1.000000	-1.000000	-1.000000	-1.000000	73.241379	0.000000	-1.000000	-1.000000	1910487.000000	1773868064.811876
-6597.180000	1249.875000	12434.040000	14792.355000	-16642.350000	-19423.485000	8658.270000	15549.435000	12.879234	17.598026	15.888372	13.993888	13.643222	14.436803	11.840338	-11.400399	-6.424460	3.799740	-3.067260	0.793577	0.384887	0.421264	-1.000000	-1.000000	-1.000000	-1.000000	-1.000000	-1.000000	-1.000000	73.241379	0.000000	-1.000000	-1.000000	1910488.000000	1773868064.811883
-6594.975000	1270.980000	12459.825000	14823.450000	-16616.430000	-19421.325000	8646.705000	15556.545000	-4.054439	4.831104	6.968338	6.035794	6.182310	7.131290	8.799560	-15.848483	-6.424460	3.799740	-3.067260	0.793577	0.384887	0.421264	-1.000000	-1.000000	-1.000000	-1.000000	-1.000000	-1.000000	-1.000000	73.241379	0.000000	-1.000000	-1.000000	1910489.000000	1773868064.815723
-6595.695000	1250.460000	12434.985000	14793.885000	-16650.540000	-19475.955000	8634.195000	15610.230000	-19.595757	-11.534670	-5.609206	-4.469210	-3.828799	-3.948935	2.357204	-12.000056	-6.424460	3.799740	-3.067260	0.793577	0.384887	0.421264	-1.000000	-1.000000	-1.000000	-1.000000	-1.000000	-1.000000	-1.000000	73.241379	0.000000	-1.000000	-1.000000	1910490.000000	1773868064.815740
-6540.570000	1281.870000	12456.900000	14812.380000	-16631.415000	-19439.145000	8635.995000	15623.235000	-28.292372	-23.221499	-14.532420	-10.921672	-9.788351	-11.866044	-4.848247	-3.924933	-3.204600	5.661460	-4.074420	0.794248	0.389281	0.419677	-1.000000	-1.000000	-1.000000	-1.000000	-1.000000	-1.000000	-1.000000	73.241379	0.000000	-1.000000	-1.000000	1910491.000000	1773868064.819770
-6526.620000	1298.565000	12480.390000	14841.270000	-16595.145000	-19384.380000	8635.905000	15605.955000	-25.757186	-24.265114	-15.495535	-10.549706	-8.916784	-11.653822	-9.605589	3.973120	-3.204600	5.661460	-4.074420	0.794248	0.389281	0.419677	-1.000000	-1.000000	-1.000000	-1.000000	-1.000000	-1.000000	-1.000000	73.241379	0.000000	-1.000000	-1.000000	1910492.000000	1773868064.819776
-6537.330000	1281.690000	12461.040000	14818.680000	-16618.005000	-19421.145000	8638.740000	15614.955000	-13.399958	-15.248754	-9.579860	-5.336580	-3.347140	-3.498394	-10.086863	8.124021	-3.204600	5.661460	-4.074420	0.794248	0.389281	0.419677	-1.000000	-1.000000	-1.000000	-1.000000	-1.000000	-1.000000	-1.000000	73.241379	0.000000	-1.000000	-1.000000	1910493.000000	1773868064.824250
-6534.630000	1302.795000	12486.870000	14839.650000	-16608.690000	-19415.790000	8638.515000	15608.655000	1.076485	-3.009461	-2.218170	-0.592732	1.058321	5.214804	-7.003682	8.424870	-3.204600	5.661460	-4.074420	0.794248	0.389281	0.419677	-1.000000	-1.000000	-1.000000	-1.000000	-1.000000	-1.000000	-1.000000	73.241379	0.000000	-1.000000	-1.000000	1910494.000000	1773868064.824260
-6530.535000	1328.805000	12516.840000	14867.370000	-16575.660000	-19370.835000	8661.330000	15613.470000	11.144302	6.550652	3.125674	1.453621	1.803280	8.307414	-2.415809	7.302429	-3.204600	5.661460	-4.074420	0.794248	0.389281	0.419677	-1.000000	-1.000000	-1.000000	-1.000000	-1.000000	-1.000000	-1.000000	73.241379	0.000000	-1.000000	-1.000000	1910495.000000	1773868064.827648
-6544.080000	1320.525000	12506.355000	14860.305000	-16578.990000	-19377.630000	8662.860000	15607.530000	15.540978	12.903540	7.460301	3.517445	2.253991	7.121408	1.871478	5.715282	-3.204600	5.661460	-4.074420	0.794248	0.389281	0.419677	-1.000000	-1.000000	-1.000000	-1.000000	-1.000000	-1.000000	-1.000000	73.241379	0.000000	-1.000000	-1.000000	1910496.000000	1773868064.827658
-6585.480000	1239.975000	12439.845000	14812.830000	-16614.315000	-19402.920000	8644.860000	15581.070000	14.191413	15.266011	9.930580	5.981155	3.964793	4.301593	4.253770	2.135405	-3.204600	5.661460	-4.074420	0.794248	0.389281	0.419677	-1.000000	-1.000000	-1.000000	-1.000000	-1.000000	-1.000000	-1.000000	73.241379	0.000000	-1.000000	-1.000000	1910497.000000	1773868064.831805
-6580.170000	1241.820000	12428.685000	14791.995000	-16636.995000	-19413.540000	8651.745000	15593.175000	6.665737	9.773526	6.085521	4.486024	3.303870	-0.130688	3.983270	-4.919188	-3.204600	5.661460	-4.074420	0.794248	0.389281	0.419677	-1.000000	-1.000000	-1.000000	-1.000000	-1.000000	-1.000000	-1.000000	73.241379	0.000000	-1.000000	-1.000000	1910498.000000	1773868064.831815
-6566.445000	1280.250000	12469.905000	14830.920000	-16605.450000	-19385.865000	8662.545000	15584.760000	-4.260511	-2.003782	-3.312251	-1.827910	-1.176443	-4.502146	2.593562	-13.951783	-3.204600	5.661460	-4.074420	0.794248	0.389281	0.419677	-1.000000	-1.000000	-1.000000	-1.000000	-1.000000	-1.000000	-1.000000	73.241379	0.000000	-1.000000	-1.000000	1910499.000000	1773868064.835931
-6552.945000	1309.455000	12498.705000	14860.080000	-16580.520000	-19388.970000	8644.635000	15562.845000	-12.993173	-10.978683	-10.088301	-6.916571	-5.135064	-6.084066	1.902635	-20.529774	-3.204600	5.661460	-4.074420	0.794248	0.389281	0.419677	-1.000000	-1.000000	-1.000000	-1.000000	-1.000000	-1.000000	-1.000000	73.241379	0.000000	-1.000000	-1.000000	1910500.000000	1773868064.835942
-6552.045000	1300.185000	12486.555000	14847.255000	-16590.870000	-19393.830000	8637.930000	15569.190000	-15.263508	-11.003751	-8.857515	-6.245764	-5.241800	-5.813229	1.337839	-19.902825	-5.890360	4.715340	-5.096840	0.794798	0.390563	0.415648	-1.000000	-1.000000	-1.000000	-1.000000	-1.000000	-1.000000	-1.000000	73.241379	0.000000	-1.000000	-1.000000	1910501.000000	1773868064.839829
-6572.160000	1268.145000	12456.585000	14818.365000	-16616.430000	-19405.845000	8622.405000	15579.045000	-10.488775	-4.705947	-2.759793	-2.304492	-3.296672	-5.807980	-0.558320	-9.976681	-5.890360	4.715340	-5.096840	0.794798	0.390563	0.415648	-1.000000	-1.000000	-1.000000	-1.000000	-1.000000	-1.000000	-1.000000	73.241379	0.000000	-1.000000	-1.000000	1910502.000000	1773868064.839839
-6553.260000	1279.035000	12455.640000	14809.860000	-16629.975000	-19430.415000	8611.380000	15593.670000	-1.462831	1.016391	1.508964	-0.280664	-2.598129	-6.114833	-3.848319	6.551345	-5.890360	4.715340	-5.096840	0.794798	0.390563	0.415648	-1.000000	-1.000000	-1.000000	-1.000000	-1.000000	-1.000000	-1.000000	73.241379	0.000000	-1.000000	-1.000000	1910503.000000	1773868064.847240
-6529.230000	1315.260000	12484.575000	14833.980000	-16608.960000	-19420.695000	8613.225000	15574.635000	8.490004	3.064911	1.473168	-1.514828	-3.647336	-6.268050	-7.147312	22.295408	-5.890360	4.715340	-5.096840	0.794798	0.390563	0.415648	-1.000000	-1.000000	-1.000000	-1.000000	-1.000000	-1.000000	-1.000000	73.241379	0.000000	-1.000000	-1.000000	1910504.000000	1773868064.847251
-6540.075000	1348.965000	12520.710000	14867.730000	-16580.205000	-19391.985000	8625.195000	15553.845000	16.768806	5.006651	1.514063	-1.652226	-2.995734	-4.490218	-7.984610	28.778065	-5.890360	4.715340	-5.096840	0.794798	0.390563	0.415648	-1.000000	-1.000000	-1.000000	-1.000000	-1.000000	-1.000000	-1.000000	73.241379	0.000000	-1.000000	-1.000000	1910505.000000	1773868064.847773
-6576.660000	1312.335000	12497.085000	14842.485000	-16612.425000	-19428.075000	8639.685000	15563.835000	19.777595	10.129309	6.301044	3.453684	2.371663	1.456543	-3.950883	22.520218	-5.890360	4.715340	-5.096840	0.794798	0.390563	0.415648	-1.000000	-1.000000	-1.000000	-1.000000	-1.000000	-1.000000	-1.000000	73.241379	0.000000	-1.000000	-1.000000	1910506.000000	1773868064.847780
-6593.805000	1228.635000	12433.320000	14795.010000	-16651.665000	-19448.595000	8652.375000	15610.725000	13.816776	13.294847	12.129177	10.364719	9.188729	9.196435	4.432983	8.074324	-5.890360	4.715340	-5.096840	0.794798	0.390563	0.415648	-1.000000	-1.000000	-1.000000	-1.000000	-1.000000	-1.000000	-1.000000	73.241379	0.000000	-1.000000	-1.000000	1910507.000000	1773868064.853947
-6594.210000	1246.770000	12440.610000	14807.295000	-16616.340000	-19417.770000	8637.165000	15602.715000	-0.531845	5.907529	9.921211	10.878929	10.866535	13.197623	12.540873	-5.778325	-5.890360	4.715340	-5.096840	0.794798	0.390563	0.415648	-1.000000	-1.000000	-1.000000	-1.000000	-1.000000	-1.000000	-1.000000	73.241379	0.000000	-1.000000	-1.000000	1910508.000000	1773868064.853960
-6593.625000	1247.355000	12448.800000	14817.375000	-16612.020000	-19406.700000	8630.955000	15591.780000	-16.446929	-10.593871	-2.186807	2.517032	5.745403	11.424279	15.009740	-13.010256	-5.890360	4.715340	-5.096840	0.794798	0.390563	0.415648	-1.000000	-1.000000	-1.000000	-1.000000	-1.000000	-1.000000	-1.000000	73.241379	0.000000	-1.000000	-1.000000	1910509.000000	1773868064.855767
-6561.855000	1259.685000	12456.990000	14823.855000	-16607.475000	-19397.025000	8630.370000	15590.970000	-24.381258	-23.739386	-15.019735	-7.999006	-1.588322	6.530329	10.335041	-13.502205	-5.890360	4.715340	-5.096840	0.794798	0.390563	0.415648	-1.000000	-1.000000	-1.000000	-1.000000	-1.000000	-1.000000	-1.000000	73.241379	0.000000	-1.000000	-1.000000	1910510.000000	1773868064.855779
-6541.605000	1277.370000	12462.390000	14818.095000	-16624.440000	-19402.335000	8633.295000	15589.755000	-18.477594	-22.595101	-18.130904	-12.176925	-5.763537	2.031066	1.728892	-10.396597	-5.554640	6.012440	-3.021480	0.795164	0.389220	0.415099	-1.000000	-1.000000	-1.000000	-1.000000	-1.000000	-1.000000	-1.000000	73.241379	0.000000	-1.000000	-1.000000	1910511.000000	1773868064.859743
-6564.240000	1291.455000	12476.655000	14827.410000	-16609.230000	-19394.370000	8642.745000	15576.120000	-2.277200	-7.470301	-9.623232	-7.865056	-5.194301	-0.722779	-5.920651	-6.636346	-5.554640	6.012440	-3.021480	0.795164	0.389220	0.415099	-1.000000	-1.000000	-1.000000	-1.000000	-1.000000	-1.000000	-1.000000	73.241379	0.000000	-1.000000	-1.000000	1910512.000000	1773868064.859754
-6591.465000	1277.010000	12471.075000	14830.245000	-16603.650000	-19403.955000	8650.485000	15567.705000	12.662997	11.031173	3.556143	0.344940	-2.016100	-2.738548	-9.482664	-3.529604	-5.554640	6.012440	-3.021480	0.795164	0.389220	0.415099	-1.000000	-1.000000	-1.000000	-1.000000	-1.000000	-1.000000	-1.000000	73.241379	0.000000	-1.000000	-1.000000	1910513.000000	1773868064.866294
-6617.970000	1251.585000	12447.450000	14809.410000	-16627.995000	-19421.730000	8649.450000	15546.060000	16.990101	21.090051	12.341528	6.254037	0.609700	-5.494297	-8.836677	-1.015191	-5.554640	6.012440	-3.021480	0.795164	0.389220	0.415099	-1.000000	-1.000000	-1.000000	-1.000000	-1.000000	-1.000000	-1.000000	73.241379	0.000000	-1.000000	-1.000000	1910514.000000	1773868064.866305
-6594.615000	1282.680000	12468.555000	14817.240000	-16628.175000	-19416.735000	8650.530000	15553.575000	11.373723	19.585858	13.202055	7.354527	1.354028	-8.135176	-6.014196	0.527856	-5.554640	6.012440	-3.021480	0.795164	0.389220	0.415099	-1.000000	-1.000000	-1.000000	-1.000000	-1.000000	-1.000000	-1.000000	73.241379	0.000000	-1.000000	-1.000000	1910515.000000	1773868064.867700
-6527.835000	1337.220000	12528.450000	14885.280000	-16556.895000	-19371.555000	8659.440000	15567.750000	4.026642	13.417385	10.493630	6.677554	2.302710	-7.354175	-3.088764	0.438809	-5.554640	6.012440	-3.021480	0.795164	0.389220	0.415099	-1.000000	-1.000000	-1.000000	-1.000000	-1.000000	-1.000000	-1.000000	73.241379	0.000000	-1.000000	-1.000000	1910516.000000	1773868064.867715
-6532.380000	1307.160000	12515.625000	14888.835000	-16541.190000	-19342.935000	8653.590000	15515.460000	1.740462	8.823110	9.055956	7.709728	5.523709	-1.760339	-0.515930	-0.519910	-5.554640	6.012440	-3.021480	0.795164	0.389220	0.415099	-1.000000	-1.000000	-1.000000	-1.000000	-1.000000	-1.000000	-1.000000	73.241379	0.000000	-1.000000	-1.000000	1910517.000000	1773868064.872247
-6542.505000	1296.360000	12493.260000	14860.125000	-16572.240000	-19370.115000	8645.760000	15512.265000	3.183065	3.753239	6.878906	8.165459	8.209252	5.023843	1.867604	-1.160714	-5.554640	6.012440	-3.021480	0.795164	0.389220	0.415099	-1.000000	-1.000000	-1.000000	-1.000000	-1.000000	-1.000000	-1.000000	73.241379	0.000000	-1.000000	-1.000000	1910518.000000	1773868064.872254
-6561.990000	1257.210000	12444.255000	14803.920000	-16632.945000	-19423.080000	8638.470000	15601.770000	1.922043	-5.673054	-0.708996	2.711984	4.880914	6.731472	3.297749	0.493498	-5.554640	6.012440	-3.021480	0.795164	0.389220	0.415099	-1.000000	-1.000000	-1.000000	-1.000000	-1.000000	-1.000000	-1.000000	73.241379	0.000000	-1.000000	-1.000000	1910519.000000	1773868064.875662
-6554.520000	1288.530000	12469.455000	14824.035000	-16612.200000	-19409.670000	8646.705000	15635.250000	-4.874640	-17.553504	-12.928966	-8.912897	-5.262273	0.756208	3.018761	7.458670	-5.554640	6.012440	-3.021480	0.795164	0.389220	0.415099	-1.000000	-1.000000	-1.000000	-1.000000	-1.000000	-1.000000	-1.000000	73.241379	0.000000	-1.000000	-1.000000	1910520.000000	1773868064.875672
-6526.665000	1338.660000	12492.450000	14828.355000	-16621.785000	-19429.290000	8645.310000	15646.320000	-12.412514	-24.358151	-22.303680	-19.598578	-15.894938	-8.321976	1.423630	18.179083	-2.289000	6.653360	-3.616620	0.794981	0.385497	0.414977	-1.000000	-1.000000	-1.000000	-1.000000	-1.000000	-1.000000	-1.000000	73.241379	0.000000	-1.000000	-1.000000	1910521.000000	1773868064.879881
-6535.755000	1268.010000	12441.510000	14793.615000	-16651.845000	-19453.230000	8637.480000	15630.885000	-13.203608	-20.142670	-21.909730	-21.938730	-19.994288	-13.633550	-0.619679	24.715080	-2.289000	6.653360	-3.616620	0.794981	0.385497	0.414977	-1.000000	-1.000000	-1.000000	-1.000000	-1.000000	-1.000000	-1.000000	73.241379	0.000000	-1.000000	-1.000000	1910522.000000	1773868064.879892
-6577.200000	1251.315000	12449.070000	14815.440000	-16617.195000	-19417.545000	8628.705000	15597.180000	-6.055746	-8.034310	-12.221712	-14.496098	-14.876417	-11.265181	-2.461696	19.439356	-2.289000	6.653360	-3.616620	0.794981	0.385497	0.414977	-1.000000	-1.000000	-1.000000	-1.000000	-1.000000	-1.000000	-1.000000	73.241379	0.000000	-1.000000	-1.000000	1910523.000000	1773868064.883756
-6589.125000	1251.270000	12457.710000	14825.160000	-16604.235000	-19412.280000	8641.710000	15610.995000	1.805529	3.508158	1.084150	-0.772598	-1.858001	-1.254758	-3.374193	1.648757	-2.289000	6.653360	-3.616620	0.794981	0.385497	0.414977	-1.000000	-1.000000	-1.000000	-1.000000	-1.000000	-1.000000	-1.000000	73.241379	0.000000	-1.000000	-1.000000	1910524.000000	1773868064.883765
-6573.870000	1259.280000	12459.015000	14823.585000	-16614.945000	-19425.375000	8640.675000	15616.530000	3.091685	9.211876	11.697716	12.311233	12.248362	10.495359	-2.441430	-20.077980	-2.289000	6.653360	-3.616620	0.794981	0.385497	0.414977	-1.000000	-1.000000	-1.000000	-1.000000	-1.000000	-1.000000	-1.000000	73.241379	0.000000	-1.000000	-1.000000	1910525.000000	1773868064.890386
-6571.575000	1258.155000	12451.185000	14815.260000	-16623.585000	-19437.255000	8639.550000	15596.730000	-1.252347	9.597948	15.589442	17.798414	18.308975	15.332477	0.501540	-32.899819	-2.289000	6.653360	-3.616620	0.794981	0.385497	0.414977	-1.000000	-1.000000	-1.000000	-1.000000	-1.000000	-1.000000	-1.000000	73.241379	0.000000	-1.000000	-1.000000	1910526.000000	1773868064.890397
-6560.280000	1280.925000	12479.940000	14846.985000	-16590.780000	-19394.415000	8657.370000	15604.605000	-4.338926	8.854633	14.005082	15.477405	14.992689	11.739618	4.423352	-30.626485	-2.289000	6.653360	-3.616620	0.794981	0.385497	0.414977	-1.000000	-1.000000	-1.000000	-1.000000	-1.000000	-1.000000	-1.000000	73.241379	0.000000	-1.000000	-1.000000	1910527.000000	1773868064.893000
-6574.320000	1280.655000	12484.980000	14854.815000	-16579.620000	-19364.895000	8653.230000	15588.585000	-1.817873	10.005582	11.512911	11.287466	9.513670	6.961095	7.645384	-18.404724	-2.289000	6.653360	-3.616620	0.794981	0.385497	0.414977	-1.000000	-1.000000	-1.000000	-1.000000	-1.000000	-1.000000	-1.000000	73.241379	0.000000	-1.000000	-1.000000	1910528.000000	1773868064.893008
-6583.635000	1240.470000	12427.290000	14786.100000	-16648.695000	-19417.860000	8638.065000	15567.705000	4.107757	10.379351	8.647556	7.632854	5.867892	5.712982	7.871567	-5.833284	-2.289000	6.653360	-3.616620	0.794981	0.385497	0.414977	-1.000000	-1.000000	-1.000000	-1.000000	-1.000000	-1.000000	-1.000000	73.241379	0.000000	-1.000000	-1.000000	1910529.000000	1773868064.895811
-6556.230000	1251.585000	12431.160000	14785.830000	-16647.165000	-19431.720000	8634.285000	15583.230000	8.616750	5.091055	1.732034	0.991406	0.718265	4.268658	3.596679	2.497703	-2.289000	6.653360	-3.616620	0.794981	0.385497	0.414977	-1.000000	-1.000000	-1.000000	-1.000000	-1.000000	-1.000000	-1.000000	73.241379	0.000000	-1.000000	-1.000000	1910530.000000	1773868064.895820
-6567.885000	1253.070000	12437.595000	14790.510000	-16654.680000	-19445.265000	8630.550000	15584.220000	10.083019	-3.563678	-7.765441	-8.458321	-7.060539	-1.353110	-3.305520	8.772722	0.946120	3.174080	-6.439720	0.795469	0.384154	0.414428	-1.000000	-1.000000	-1.000000	-1.000000	-1.000000	-1.000000	-1.000000	73.241379	0.000000	-1.000000	-1.000000	1910531.000000	1773868064.899770
-6602.940000	1236.060000	12436.110000	14799.555000	-16636.365000	-19432.800000	8621.325000	15571.530000	9.157316	-8.207305	-13.075579	-14.672364	-13.076348	-9.394268	-8.798590	15.357801	0.946120	3.174080	-6.439720	0.795469	0.384154	0.414428	-1.000000	-1.000000	-1.000000	-1.000000	-1.000000	-1.000000	-1.000000	73.241379	0.000000	-1.000000	-1.000000	1910532.000000	1773868064.899784
-6567.660000	1278.630000	12481.560000	14849.685000	-16577.865000	-19392.480000	8631.945000	15573.465000	5.541912	-6.494146	-11.014666	-13.421330	-13.080695	-14.764254	-10.241415	19.798702	0.946120	3.174080	-6.439720	0.795469	0.384154	0.414428	-1.000000	-1.000000	-1.000000	-1.000000	-1.000000	-1.000000	-1.000000	73.241379	0.000000	-1.000000	-1.000000	1910533.000000	1773868064.903764
-6557.940000	1292.670000	12483.675000	14842.980000	-16600.680000	-19395.270000	8641.665000	15576.345000	-0.052946	-1.109338	-3.504586	-5.414126	-6.341531	-13.116067	-7.113721	18.746218	0.946120	3.174080	-6.439720	0.795469	0.384154	0.414428	-1.000000	-1.000000	-1.000000	-1.000000	-1.000000	-1.000000	-1.000000	73.241379	0.000000	-1.000000	-1.000000	1910534.000000	1773868064.903773
-6592.590000	1238.490000	12445.695000	14818.320000	-16607.205000	-19392.120000	8632.035000	15558.660000	-5.450067	3.741742	4.611585	4.340279	3.013566	-4.962135	-0.820422	12.547767	0.946120	3.174080	-6.439720	0.795469	0.384154	0.414428	-1.000000	-1.000000	-1.000000	-1.000000	-1.000000	-1.000000	-1.000000	73.241379	0.000000	-1.000000	-1.000000	1910535.000000	1773868064.907811
-6570.990000	1267.515000	12460.545000	14824.395000	-16609.590000	-19401.840000	8632.440000	15563.385000	-9.258390	3.758047	7.679179	9.343136	8.628775	3.932178	5.112457	3.394314	0.946120	3.174080	-6.439720	0.795469	0.384154	0.414428	-1.000000	-1.000000	-1.000000	-1.000000	-1.000000	-1.000000	-1.000000	73.241379	0.000000	-1.000000	-1.000000	1910536.000000	1773868064.907818
-6561.000000	1289.475000	12466.935000	14828.760000	-16612.650000	-19410.030000	8640.855000	15571.305000	-9.756281	-0.491466	4.636180	7.597685	7.905239	7.747610	7.678356	-5.886576	0.946120	3.174080	-6.439720	0.795469	0.384154	0.414428	-1.000000	-1.000000	-1.000000	-1.000000	-1.000000	-1.000000	-1.000000	73.241379	0.000000	-1.000000	-1.000000	1910537.000000	1773868064.912357
-6584.940000	1282.455000	12465.135000	14834.070000	-16601.670000	-19391.985000	8651.655000	15573.510000	-6.093014	-3.833256	0.044648	3.244869	3.956116	6.356680	7.083655	-11.434733	0.946120	3.174080	-6.439720	0.795469	0.384154	0.414428	-1.000000	-1.000000	-1.000000	-1.000000	-1.000000	-1.000000	-1.000000	73.241379	0.000000	-1.000000	-1.000000	1910538.000000	1773868064.912367
-6562.890000	1314.540000	12502.935000	14873.580000	-16562.970000	-19357.245000	8661.735000	15582.780000	-0.873822	-3.064929	-1.379770	1.432922	1.920707	4.870939	5.350785	-11.152451	0.946120	3.174080	-6.439720	0.795469	0.384154	0.414428	-1.000000	-1.000000	-1.000000	-1.000000	-1.000000	-1.000000	-1.000000	73.241379	0.000000	-1.000000	-1.000000	1910539.000000	1773868064.915808
-6559.020000	1321.155000	12501.405000	14867.820000	-16569.855000	-19373.445000	8651.025000	15576.030000	3.633003	1.361222	1.236007	3.095710	3.399951	6.277512	3.547442	-6.425394	0.946120	3.174080	-6.439720	0.795469	0.384154	0.414428	-1.000000	-1.000000	-1.000000	-1.000000	-1.000000	-1.000000	-1.000000	73.241379	0.000000	-1.000000	-1.000000	1910540.000000	1773868064.915817
-6590.070000	1245.555000	12418.920000	14777.055000	-16659.495000	-19455.390000	8607.600000	15581.610000	6.893586	5.269062	3.254766	2.972018	3.146403	5.965334	0.574321	-0.543160	-1.876980	1.892240	-7.675780	0.794126	0.388244	0.413817	-1.000000	-1.000000	-1.000000	-1.000000	-1.000000	-1.000000	-1.000000	73.241379	0.000000	-1.000000	-1.000000	1910541.000000	1773868064.925816
-6561.090000	1203.525000	12431.115000	14795.505000	-16640.640000	-19439.415000	8604.360000	15586.830000	6.946831	1.652548	-1.753514	-5.079955	-5.277266	-2.292222	-5.070680	3.467588	-1.876980	1.892240	-7.675780	0.794126	0.388244	0.413817	-1.000000	-1.000000	-1.000000	-1.000000	-1.000000	-1.000000	-1.000000	73.241379	0.000000	-1.000000	-1.000000	1910542.000000	1773868064.925827
-6514.830000	1233.000000	12487.230000	14848.065000	-16589.790000	-19388.835000	8622.855000	15576.930000	3.733078	-9.929605	-11.262162	-16.708608	-17.266043	-14.487683	-11.262945	4.402780	-1.876980	1.892240	-7.675780	0.794126	0.388244	0.413817	-1.000000	-1.000000	-1.000000	-1.000000	-1.000000	-1.000000	-1.000000	73.241379	0.000000	-1.000000	-1.000000	1910543.000000	1773868064.925840
-6522.840000	1311.885000	12525.435000	14883.075000	-16556.670000	-19355.580000	8645.985000	15556.095000	1.251961	-17.786229	-13.677090	-18.864716	-19.510636	-18.446832	-12.496372	2.447350	-1.876980	1.892240	-7.675780	0.794126	0.388244	0.413817	-1.000000	-1.000000	-1.000000	-1.000000	-1.000000	-1.000000	-1.000000	73.241379	0.000000	-1.000000	-1.000000	1910544.000000	1773868064.925845
-6545.250000	1360.980000	12511.575000	14858.505000	-16582.230000	-19381.950000	8638.245000	15534.045000	0.757296	-10.460418	-3.796185	-6.703667	-7.251043	-9.069103	-6.177804	-1.977109	-1.876980	1.892240	-7.675780	0.794126	0.388244	0.413817	-1.000000	-1.000000	-1.000000	-1.000000	-1.000000	-1.000000	-1.000000	73.241379	0.000000	-1.000000	-1.000000	1910545.000000	1773868064.931843
-6609.555000	1261.755000	12414.690000	14771.025000	-16661.520000	-19455.705000	8626.905000	15589.935000	-1.642655	7.668884	9.179124	9.383916	9.339888	5.302488	3.572029	-6.563022	-1.876980	1.892240	-7.675780	0.794126	0.388244	0.413817	-1.000000	-1.000000	-1.000000	-1.000000	-1.000000	-1.000000	-1.000000	73.241379	0.000000	-1.000000	-1.000000	1910546.000000	1773868064.931854
-6621.345000	1247.760000	12402.945000	14753.295000	-16685.955000	-19472.175000	8635.050000	15614.190000	-8.419858	19.811066	12.073398	15.137943	16.070976	12.039355	10.031467	-6.541668	-1.876980	1.892240	-7.675780	0.794126	0.388244	0.413817	-1.000000	-1.000000	-1.000000	-1.000000	-1.000000	-1.000000	-1.000000	73.241379	0.000000	-1.000000	-1.000000	1910547.000000	1773868064.932079
-6596.100000	1277.370000	12442.770000	14790.555000	-16647.255000	-19439.325000	8634.780000	15586.110000	-15.568157	16.036194	2.802216	7.360003	9.017814	7.353792	10.185535	-0.510715	-1.876980	1.892240	-7.675780	0.794126	0.388244	0.413817	-1.000000	-1.000000	-1.000000	-1.000000	-1.000000	-1.000000	-1.000000	73.241379	0.000000	-1.000000	-1.000000	1910548.000000	1773868064.932085
-6542.820000	1307.835000	12481.110000	14832.585000	-16601.400000	-19415.340000	8639.460000	15595.425000	-14.882122	3.163838	-7.383296	-3.237621	-1.734757	-0.422383	6.179654	6.529452	-1.876980	1.892240	-7.675780	0.794126	0.388244	0.413817	-1.000000	-1.000000	-1.000000	-1.000000	-1.000000	-1.000000	-1.000000	73.241379	0.000000	-1.000000	-1.000000	1910549.000000	1773868064.935888
-6513.300000	1335.375000	12516.390000	14872.905000	-16561.125000	-19362.870000	8653.815000	15594.435000	-2.203920	-4.917644	-6.284197	-3.678939	-3.061305	-0.453284	2.425055	9.105466	-1.876980	1.892240	-7.675780	0.794126	0.388244	0.413817	-1.000000	-1.000000	-1.000000	-1.000000	-1.000000	-1.000000	-1.000000	73.241379	0.000000	-1.000000	-1.000000	1910550.000000	1773868064.935899
-6494.220000	1358.145000	12556.440000	14924.430000	-16510.230000	-19293.165000	8708.985000	15581.385000	15.994687	-1.627863	6.559986	7.812698	7.367413	9.463766	2.013414	6.008788	-4.974760	3.189340	-7.279020	0.795591	0.391784	0.414794	-1.000000	-1.000000	-1.000000	-1.000000	-1.000000	-1.000000	-1.000000	73.241379	0.000000	-1.000000	-1.000000	1910551.000000	1773868064.939713
-6518.340000	1372.635000	12579.975000	14953.815000	-16479.405000	-19288.845000	8690.985000	15567.075000	26.731727	7.365911	20.023954	20.849127	19.683446	20.773374	4.072799	-0.430027	-4.974760	3.189340	-7.279020	0.795591	0.391784	0.414794	-1.000000	-1.000000	-1.000000	-1.000000	-1.000000	-1.000000	-1.000000	73.241379	0.000000	-1.000000	-1.000000	1910552.000000	1773868064.939724
-6576.345000	1254.060000	12451.365000	14822.370000	-16605.360000	-19400.220000	8626.095000	15568.605000	21.393343	8.903536	20.683340	21.779760	20.575721	20.444938	3.232922	-6.184717	-4.974760	3.189340	-7.279020	0.795591	0.391784	0.414794	-1.000000	-1.000000	-1.000000	-1.000000	-1.000000	-1.000000	-1.000000	73.241379	0.000000	-1.000000	-1.000000	1910553.000000	1773868064.943825
-6610.230000	1188.405000	12374.145000	14741.325000	-16690.230000	-19479.780000	8618.670000	15594.570000	2.389965	-6.070958	2.700980	3.804551	3.253554	1.973760	-4.776466	-7.710708	-4.974760	3.189340	-7.279020	0.795591	0.391784	0.414794	-1.000000	-1.000000	-1.000000	-1.000000	-1.000000	-1.000000	-1.000000	73.241379	0.000000	-1.000000	-1.000000	1910554.000000	1773868064.943848
-6638.085000	1166.265000	12362.895000	14735.025000	-16699.545000	-19493.865000	8607.825000	15584.265000	-18.371001	-29.621465	-24.214706	-24.228270	-24.088847	-25.651447	-16.156234	-5.034557	-4.974760	3.189340	-7.279020	0.795591	0.391784	0.414794	-1.000000	-1.000000	-1.000000	-1.000000	-1.000000	-1.000000	-1.000000	73.241379	0.000000	-1.000000	-1.000000	1910555.000000	1773868064.947832
-6607.530000	1199.745000	12401.100000	14775.120000	-16660.935000	-19460.025000	8614.620000	15575.220000	-28.156338	-41.501735	-40.294912	-42.299692	-42.159116	-43.380279	-22.201243	-1.774049	-4.974760	3.189340	-7.279020	0.795591	0.391784	0.414794	-1.000000	-1.000000	-1.000000	-1.000000	-1.000000	-1.000000	-1.000000	73.241379	0.000000	-1.000000	-1.000000	1910556.000000	1773868064.947839
-6597.090000	1223.010000	12418.605000	14788.440000	-16646.670000	-19441.980000	8621.775000	15568.380000	-22.374646	-29.692815	-33.783449	-37.490741	-37.912514	-38.607953	-17.626263	-0.306118	-4.974760	3.189340	-7.279020	0.795591	0.391784	0.414794	-1.000000	-1.000000	-1.000000	-1.000000	-1.000000	-1.000000	-1.000000	73.241379	0.000000	-1.000000	-1.000000	1910557.000000	1773868064.951852
-6568.965000	1271.430000	12447.945000	14804.010000	-16635.645000	-19426.275000	8629.875000	15575.580000	-6.253887	0.444957	-9.232561	-13.760757	-14.791473	-14.299893	-3.828593	0.242518	-4.974760	3.189340	-7.279020	0.795591	0.391784	0.414794	-1.000000	-1.000000	-1.000000	-1.000000	-1.000000	-1.000000	-1.000000	73.241379	0.000000	-1.000000	-1.000000	1910558.000000	1773868064.951867
-6554.745000	1301.535000	12483.000000	14831.685000	-16605.630000	-19404.765000	8634.960000	15577.470000	10.352528	33.292746	19.140543	14.245855	12.914264	14.918464	12.106794	1.313010	-4.974760	3.189340	-7.279020	0.795591	0.391784	0.414794	-1.000000	-1.000000	-1.000000	-1.000000	-1.000000	-1.000000	-1.000000	73.241379	0.000000	-1.000000	-1.000000	1910559.000000	1773868064.955868
-6557.355000	1291.185000	12480.210000	14832.990000	-16596.405000	-19396.755000	8632.485000	15576.120000	19.470571	52.356873	36.772312	31.807552	30.921315	33.023016	21.325288	3.387993	-4.974760	3.189340	-7.279020	0.795591	0.391784	0.414794	-1.000000	-1.000000	-1.000000	-1.000000	-1.000000	-1.000000	-1.000000	73.241379	0.000000	-1.000000	-1.000000	1910560.000000	1773868064.955876
-6546.015000	1315.935000	12483.810000	14833.080000	-16602.885000	-19399.635000	8626.320000	15587.685000	19.215690	48.634316	36.369569	32.455245	32.842564	33.263180	19.870266	6.052098	-2.533160	0.030520	-9.171260	0.796324	0.390380	0.415831	-1.000000	-1.000000	-1.000000	-1.000000	-1.000000	-1.000000	-1.000000	73.241379	0.000000	-1.000000	-1.000000	1910561.000000	1773868064.959822
-6567.570000	1306.710000	12475.035000	14825.610000	-16613.100000	-19395.540000	8648.685000	15590.655000	13.565494	27.057341	22.888349	21.913430	23.504908	22.247776	12.021078	7.903166	-2.533160	0.030520	-9.171260	0.796324	0.390380	0.415831	-1.000000	-1.000000	-1.000000	-1.000000	-1.000000	-1.000000	-1.000000	73.241379	0.000000	-1.000000	-1.000000	1910562.000000	1773868064.959828
-6580.530000	1296.360000	12475.620000	14833.755000	-16604.775000	-19405.080000	8650.035000	15585.120000	7.264495	1.806964	8.306756	11.696414	13.483684	11.749588	4.890387	6.644367	-2.533160	0.030520	-9.171260	0.796324	0.390380	0.415831	-1.000000	-1.000000	-1.000000	-1.000000	-1.000000	-1.000000	-1.000000	73.241379	0.000000	-1.000000	-1.000000	1910563.000000	1773868064.963884
-6588.495000	1268.055000	12441.195000	14815.755000	-16623.315000	-19426.950000	8640.945000	15581.025000	1.783315	-16.776474	-1.316407	6.311510	7.421596	5.839343	0.873506	1.206017	-2.533160	0.030520	-9.171260	0.796324	0.390380	0.415831	-1.000000	-1.000000	-1.000000	-1.000000	-1.000000	-1.000000	-1.000000	73.241379	0.000000	-1.000000	-1.000000	1910564.000000	1773868064.963897
-6581.070000	1261.935000	12420.000000	14809.230000	-16625.070000	-19422.765000	8648.550000	15603.300000	-3.969081	-27.714913	-9.751801	0.459676	0.830311	-0.523659	-2.246570	-5.429379	-2.533160	0.030520	-9.171260	0.796324	0.390380	0.415831	-1.000000	-1.000000	-1.000000	-1.000000	-1.000000	-1.000000	-1.000000	73.241379	0.000000	-1.000000	-1.000000	1910565.000000	1773868064.967754
-6564.150000	1278.810000	12433.410000	14826.150000	-16596.810000	-19399.815000	8647.470000	15606.765000	-10.365269	-33.184162	-20.632689	-10.341165	-10.083772	-10.740950	-6.124367	-8.322962	-2.533160	0.030520	-9.171260	0.796324	0.390380	0.415831	-1.000000	-1.000000	-1.000000	-1.000000	-1.000000	-1.000000	-1.000000	73.241379	0.000000	-1.000000	-1.000000	1910566.000000	1773868064.967760
-6549.660000	1295.190000	12440.520000	14825.250000	-16597.035000	-19390.950000	8653.230000	15604.695000	-15.277210	-32.582617	-29.918313	-22.422443	-21.492553	-20.872742	-9.883350	-6.112821	-2.533160	0.030520	-9.171260	0.796324	0.390380	0.415831	-1.000000	-1.000000	-1.000000	-1.000000	-1.000000	-1.000000	-1.000000	73.241379	0.000000	-1.000000	-1.000000	1910567.000000	1773868064.972998
-6544.305000	1323.000000	12475.575000	14866.245000	-16566.390000	-19366.110000	8656.380000	15594.390000	-15.976420	-24.145422	-30.619796	-28.535798	-27.010101	-25.136238	-11.840334	-1.826497	-2.533160	0.030520	-9.171260	0.796324	0.390380	0.415831	-1.000000	-1.000000	-1.000000	-1.000000	-1.000000	-1.000000	-1.000000	73.241379	0.000000	-1.000000	-1.000000	1910568.000000	1773868064.973010
-6561.540000	1303.560000	12486.510000	14856.255000	-16586.280000	-19383.300000	8634.735000	15574.365000	-11.699505	-9.019171	-19.712943	-24.400694	-23.841072	-21.367525	-11.076549	0.854716	-2.533160	0.030520	-9.171260	0.796324	0.390380	0.415831	-1.000000	-1.000000	-1.000000	-1.000000	-1.000000	-1.000000	-1.000000	73.241379	0.000000	-1.000000	-1.000000	1910569.000000	1773868064.978486
-6569.055000	1280.925000	12484.035000	14827.005000	-16616.025000	-19399.770000	8647.875000	15561.315000	-4.098270	7.270469	-0.208197	-11.317955	-13.430101	-11.227658	-7.480569	0.133178	-2.533160	0.030520	-9.171260	0.796324	0.390380	0.415831	-1.000000	-1.000000	-1.000000	-1.000000	-1.000000	-1.000000	-1.000000	73.241379	0.000000	-1.000000	-1.000000	1910570.000000	1773868064.978494
-6582.330000	1280.160000	12481.020000	14824.305000	-16616.520000	-19429.605000	8660.655000	15563.475000	4.291595	18.652778	20.235129	4.963945	0.440031	1.355863	-1.466754	-3.069430	-1.617560	-0.076300	-8.545600	0.797850	0.389831	0.415709	-1.000000	-1.000000	-1.000000	-1.000000	-1.000000	-1.000000	-1.000000	73.241379	0.000000	-1.000000	-1.000000	1910571.000000	1773868064.979971
-6579.135000	1285.020000	12480.795000	14824.170000	-16614.540000	-19416.060000	8656.335000	15595.155000	11.292342	23.304844	33.045843	17.964341	13.396599	12.105658	5.388382	-5.139028	-1.617560	-0.076300	-8.545600	0.797850	0.389831	0.415709	-1.000000	-1.000000	-1.000000	-1.000000	-1.000000	-1.000000	-1.000000	73.241379	0.000000	-1.000000	-1.000000	1910572.000000	1773868064.979981
-6534.855000	1316.430000	12520.620000	14873.895000	-16560.495000	-19363.140000	8657.955000	15602.310000	15.344074	22.767593	33.555394	23.801314	21.853154	18.829515	10.322185	-2.481677	-1.617560	-0.076300	-8.545600	0.797850	0.389831	0.415709	-1.000000	-1.000000	-1.000000	-1.000000	-1.000000	-1.000000	-1.000000	73.241379	0.000000	-1.000000	-1.000000	1910573.000000	1773868064.983918
-6576.435000	1254.645000	12456.630000	14815.170000	-16613.505000	-19409.490000	8614.935000	15543.585000	14.929818	17.618497	22.370416	21.441121	23.234769	20.499885	10.492948	3.334654	-1.617560	-0.076300	-8.545600	0.797850	0.389831	0.415709	-1.000000	-1.000000	-1.000000	-1.000000	-1.000000	-1.000000	-1.000000	73.241379	0.000000	-1.000000	-1.000000	1910574.000000	1773868064.983939
-6632.955000	1256.445000	12460.095000	14823.765000	-16619.040000	-19415.115000	8599.860000	15477.120000	7.367551	6.334077	2.688147	10.953161	15.242386	14.622878	4.625638	5.274153	-1.617560	-0.076300	-8.545600	0.797850	0.389831	0.415709	-1.000000	-1.000000	-1.000000	-1.000000	-1.000000	-1.000000	-1.000000	73.241379	0.000000	-1.000000	-1.000000	1910575.000000	1773868064.987837
-6604.470000	1316.385000	12492.045000	14831.595000	-16626.195000	-19424.520000	8631.495000	15575.130000	-7.105660	-8.747320	-18.844121	-4.489002	-0.751916	0.942697	-4.298675	0.772481	-1.617560	-0.076300	-8.545600	0.797850	0.389831	0.415709	-1.000000	-1.000000	-1.000000	-1.000000	-1.000000	-1.000000	-1.000000	73.241379	0.000000	-1.000000	-1.000000	1910576.000000	1773868064.987849
-6580.080000	1259.460000	12497.940000	14864.220000	-16573.680000	-19361.565000	8661.420000	15589.485000	-19.894574	-19.810802	-32.304306	-17.323164	-16.514760	-13.710597	-9.253759	-2.327671	-1.617560	-0.076300	-8.545600	0.797850	0.389831	0.415709	-1.000000	-1.000000	-1.000000	-1.000000	-1.000000	-1.000000	-1.000000	73.241379	0.000000	-1.000000	-1.000000	1910577.000000	1773868064.994431
-6570.810000	1196.460000	12479.985000	14858.145000	-16574.805000	-19369.305000	8648.730000	15567.480000	-20.375370	-22.531154	-31.664772	-20.262896	-21.584582	-19.153277	-5.572743	2.530996	-1.617560	-0.076300	-8.545600	0.797850	0.389831	0.415709	-1.000000	-1.000000	-1.000000	-1.000000	-1.000000	-1.000000	-1.000000	73.241379	0.000000	-1.000000	-1.000000	1910578.000000	1773868064.994443
-6574.995000	1174.005000	12411.585000	14778.180000	-16656.930000	-19442.475000	8626.815000	15542.910000	-7.133216	-18.716543	-19.602376	-12.600623	-13.193281	-12.284008	3.111612	10.406306	-1.617560	-0.076300	-8.545600	0.797850	0.389831	0.415709	-1.000000	-1.000000	-1.000000	-1.000000	-1.000000	-1.000000	-1.000000	73.241379	0.000000	-1.000000	-1.000000	1910579.000000	1773868064.995965
-6550.065000	1272.870000	12451.185000	14814.495000	-16612.920000	-19402.740000	8646.435000	15513.120000	11.462525	-9.135331	-3.700829	-0.979265	0.740422	0.040160	8.788722	11.788773	-1.617560	-0.076300	-8.545600	0.797850	0.389831	0.415709	-1.000000	-1.000000	-1.000000	-1.000000	-1.000000	-1.000000	-1.000000	73.241379	0.000000	-1.000000	-1.000000	1910580.000000	1773868064.995973
-6538.545000	1342.980000	12510.225000	14869.530000	-16563.645000	-19362.060000	8659.080000	15545.295000	24.651858	7.716488	11.086835	8.525464	11.650489	10.259233	8.245236	3.569575	0.778260	-2.334780	-10.178420	0.797788	0.388488	0.415099	-1.000000	-1.000000	-1.000000	-1.000000	-1.000000	-1.000000	-1.000000	73.241379	0.000000	-1.000000	-1.000000	1910581.000000	1773868064.999805
-6543.225000	1293.345000	12454.875000	14813.145000	-16617.870000	-19413.990000	8632.170000	15644.520000	25.186766	27.199130	22.331452	13.698535	15.891674	14.303809	3.971633	-6.631868	0.778260	-2.334780	-10.178420	0.797788	0.388488	0.415099	-1.000000	-1.000000	-1.000000	-1.000000	-1.000000	-1.000000	-1.000000	73.241379	0.000000	-1.000000	-1.000000	1910582.000000	1773868064.999818
-6557.670000	1262.745000	12399.255000	14757.345000	-16669.845000	-19458.045000	8608.185000	15633.315000	13.210741	36.604544	25.234852	11.965601	11.299535	9.518305	-1.101657	-7.166378	0.778260	-2.334780	-10.178420	0.797788	0.388488	0.415099	-1.000000	-1.000000	-1.000000	-1.000000	-1.000000	-1.000000	-1.000000	73.241379	0.000000	-1.000000	-1.000000	1910583.000000	1773868065.011386
-6546.780000	1290.510000	12421.845000	14777.145000	-16661.790000	-19465.470000	8612.280000	15589.485000	-3.633096	27.169137	16.487963	2.690559	-0.776910	-2.485684	-5.370764	2.562682	0.778260	-2.334780	-10.178420	0.797788	0.388488	0.415099	-1.000000	-1.000000	-1.000000	-1.000000	-1.000000	-1.000000	-1.000000	73.241379	0.000000	-1.000000	-1.000000	1910584.000000	1773868065.011399
-6560.955000	1291.050000	12455.325000	14816.025000	-16636.590000	-19458.495000	8641.485000	15581.880000	-16.885782	3.366948	0.872837	-8.293739	-12.937019	-14.639780	-7.710283	9.382016	0.778260	-2.334780	-10.178420	0.797788	0.388488	0.415099	-1.000000	-1.000000	-1.000000	-1.000000	-1.000000	-1.000000	-1.000000	73.241379	0.000000	-1.000000	-1.000000	1910585.000000	1773868065.011412
-6549.390000	1307.745000	12499.920000	14863.860000	-16582.815000	-19391.040000	8673.030000	15603.255000	-22.706796	-20.164605	-11.069451	-12.401965	-16.769955	-18.957115	-6.710254	3.695360	0.778260	-2.334780	-10.178420	0.797788	0.388488	0.415099	-1.000000	-1.000000	-1.000000	-1.000000	-1.000000	-1.000000	-1.000000	73.241379	0.000000	-1.000000	-1.000000	1910586.000000	1773868065.011418
-6576.705000	1251.450000	12470.580000	14840.955000	-16591.500000	-19399.005000	8652.060000	15619.725000	-20.823711	-29.683475	-11.657842	-5.624582	-8.650437	-10.831094	-1.754643	-8.541950	0.778260	-2.334780	-10.178420	0.797788	0.388488	0.415099	-1.000000	-1.000000	-1.000000	-1.000000	-1.000000	-1.000000	-1.000000	73.241379	0.000000	-1.000000	-1.000000	1910587.000000	1773868065.011869
-6600.510000	1204.605000	12428.145000	14789.700000	-16649.550000	-19447.380000	8610.120000	15561.045000	-13.361808	-24.296373	-2.979196	7.264169	6.807752	6.422596	3.911748	-15.942088	0.778260	-2.334780	-10.178420	0.797788	0.388488	0.415099	-1.000000	-1.000000	-1.000000	-1.000000	-1.000000	-1.000000	-1.000000	73.241379	0.000000	-1.000000	-1.000000	1910588.000000	1773868065.011880
-6552.045000	1296.360000	12508.425000	14869.035000	-16564.590000	-19348.830000	8625.105000	15497.595000	-3.754779	-13.905294	5.792773	16.084219	18.649411	21.871582	5.057295	-15.923060	0.778260	-2.334780	-10.178420	0.797788	0.388488	0.415099	-1.000000	-1.000000	-1.000000	-1.000000	-1.000000	-1.000000	-1.000000	73.241379	0.000000	-1.000000	-1.000000	1910589.000000	1773868065.015826
-6562.710000	1298.700000	12460.995000	14836.320000	-16595.685000	-19387.125000	8621.955000	15524.730000	5.528467	-5.112730	7.787583	14.600190	19.174266	26.267232	1.087850	-13.518054	0.778260	-2.334780	-10.178420	0.797788	0.388488	0.415099	-1.000000	-1.000000	-1.000000	-1.000000	-1.000000	-1.000000	-1.000000	73.241379	0.000000	-1.000000	-1.000000	1910590.000000	1773868065.015836
-6609.870000	1215.900000	12343.230000	14750.505000	-16670.295000	-19456.290000	8630.865000	15646.185000	11.982845	1.924137	1.579938	4.010601	8.903811	17.478510	-2.924859	-9.712475	-1.464960	-0.259420	-9.873220	0.800779	0.392150	0.413329	-1.000000	-1.000000	-1.000000	-1.000000	-1.000000	-1.000000	-1.000000	73.241379	0.000000	-1.000000	-1.000000	1910591.000000	1773868065.019913
-6573.555000	1251.720000	12376.845000	14777.100000	-16640.190000	-19434.105000	8639.460000	15640.470000	13.482103	6.993496	-9.629196	-9.741539	-5.856628	0.108800	-2.071103	1.021402	-1.464960	-0.259420	-9.873220	0.800779	0.392150	0.413329	-1.000000	-1.000000	-1.000000	-1.000000	-1.000000	-1.000000	-1.000000	73.241379	0.000000	-1.000000	-1.000000	1910592.000000	1773868065.019923
-6557.895000	1325.970000	12445.290000	14803.245000	-16630.920000	-19427.310000	8620.380000	15586.695000	11.457778	10.198211	-17.419598	-18.701985	-16.406430	-15.975881	2.676355	17.756848	-1.464960	-0.259420	-9.873220	0.800779	0.392150	0.413329	-1.000000	-1.000000	-1.000000	-1.000000	-1.000000	-1.000000	-1.000000	73.241379	0.000000	-1.000000	-1.000000	1910593.000000	1773868065.023903
-6572.880000	1297.755000	12443.400000	14803.785000	-16623.360000	-19418.805000	8625.420000	15574.500000	8.502536	13.055718	-14.562101	-18.480113	-18.040409	-22.913184	5.243282	28.213210	-1.464960	-0.259420	-9.873220	0.800779	0.392150	0.413329	-1.000000	-1.000000	-1.000000	-1.000000	-1.000000	-1.000000	-1.000000	73.241379	0.000000	-1.000000	-1.000000	1910594.000000	1773868065.023915
-6641.820000	1155.375000	12356.280000	14756.220000	-16647.255000	-19429.110000	8637.705000	15564.870000	3.936418	12.999207	-4.176132	-11.888630	-13.242614	-20.624833	2.214937	22.905417	-1.464960	-0.259420	-9.873220	0.800779	0.392150	0.413329	-1.000000	-1.000000	-1.000000	-1.000000	-1.000000	-1.000000	-1.000000	73.241379	0.000000	-1.000000	-1.000000	1910595.000000	1773868065.027824
-6611.715000	1232.235000	12406.770000	14783.220000	-16649.280000	-19441.980000	8633.070000	15571.620000	-3.070289	6.417173	5.476308	-3.213714	-5.881085	-12.569617	-2.802298	5.708051	-1.464960	-0.259420	-9.873220	0.800779	0.392150	0.413329	-1.000000	-1.000000	-1.000000	-1.000000	-1.000000	-1.000000	-1.000000	73.241379	0.000000	-1.000000	-1.000000	1910596.000000	1773868065.027834
-6580.890000	1293.705000	12456.090000	14818.005000	-16631.910000	-19429.830000	8625.150000	15575.760000	-8.457147	-1.560043	12.367146	6.895452	2.724012	-1.651207	-4.491778	-10.378374	-1.464960	-0.259420	-9.873220	0.800779	0.392150	0.413329	-1.000000	-1.000000	-1.000000	-1.000000	-1.000000	-1.000000	-1.000000	73.241379	0.000000	-1.000000	-1.000000	1910597.000000	1773868065.031871
-6554.295000	1324.035000	12510.405000	14858.730000	-16581.645000	-19388.205000	8641.485000	15598.980000	-7.670251	-3.835163	17.851895	16.817976	10.627613	8.177088	-2.033825	-14.585627	-1.464960	-0.259420	-9.873220	0.800779	0.392150	0.413329	-1.000000	-1.000000	-1.000000	-1.000000	-1.000000	-1.000000	-1.000000	73.241379	0.000000	-1.000000	-1.000000	1910598.000000	1773868065.031880
-6552.675000	1322.460000	12553.245000	14875.110000	-16569.495000	-19368.810000	8655.480000	15604.605000	-1.392129	-0.941246	21.866030	22.888636	15.887476	14.506263	2.079835	-8.174576	-1.464960	-0.259420	-9.873220	0.800779	0.392150	0.413329	-1.000000	-1.000000	-1.000000	-1.000000	-1.000000	-1.000000	-1.000000	73.241379	0.000000	-1.000000	-1.000000	1910599.000000	1773868065.035899
-6548.130000	1315.530000	12540.420000	14886.630000	-16556.400000	-19354.815000	8675.370000	15584.895000	6.349956	3.620341	24.446600	24.164765	19.094904	18.950131	5.750203	-2.144106	-1.464960	-0.259420	-9.873220	0.800779	0.392150	0.413329	-1.000000	-1.000000	-1.000000	-1.000000	-1.000000	-1.000000	-1.000000	73.241379	0.000000	-1.000000	-1.000000	1910600.000000	1773868065.035911
-6565.815000	1264.545000	12472.470000	14844.060000	-16593.840000	-19391.895000	8655.480000	15563.655000	10.285611	4.871429	20.461796	19.162475	18.489657	20.515644	7.251478	-3.498918	1.022420	-1.358140	-11.643380	0.799864	0.387511	0.414794	-1.000000	-1.000000	-1.000000	-1.000000	-1.000000	-1.000000	-1.000000	73.241379	0.000000	-1.000000	-1.000000	1910601.000000	1773868065.044417
-6601.545000	1243.080000	12443.580000	14805.180000	-16634.205000	-19438.920000	8598.105000	15557.310000	5.879853	-3.149244	1.102554	3.710170	8.633939	13.234693	4.022580	-8.200193	1.022420	-1.358140	-11.643380	0.799864	0.387511	0.414794	-1.000000	-1.000000	-1.000000	-1.000000	-1.000000	-1.000000	-1.000000	73.241379	0.000000	-1.000000	-1.000000	1910602.000000	1773868065.044429
-6606.630000	1237.905000	12441.015000	14805.945000	-16629.480000	-19434.825000	8612.055000	15573.690000	-5.274618	-16.944086	-29.634296	-19.844644	-10.500617	-4.587181	-4.808671	-8.555187	1.022420	-1.358140	-11.643380	0.799864	0.387511	0.414794	-1.000000	-1.000000	-1.000000	-1.000000	-1.000000	-1.000000	-1.000000	73.241379	0.000000	-1.000000	-1.000000	1910603.000000	1773868065.044443
-6607.935000	1234.080000	12429.900000	14800.410000	-16631.730000	-19428.165000	8635.860000	15571.530000	-14.594791	-22.653464	-51.982168	-38.409091	-28.467812	-23.739155	-14.124918	-2.083025	1.022420	-1.358140	-11.643380	0.799864	0.387511	0.414794	-1.000000	-1.000000	-1.000000	-1.000000	-1.000000	-1.000000	-1.000000	73.241379	0.000000	-1.000000	-1.000000	1910604.000000	1773868065.044448
-6604.155000	1220.220000	12434.085000	14811.750000	-16620.570000	-19412.280000	8637.435000	15541.920000	-15.043450	-13.661729	-50.273851	-39.561614	-32.829551	-30.867782	-15.723557	7.121314	1.022420	-1.358140	-11.643380	0.799864	0.387511	0.414794	-1.000000	-1.000000	-1.000000	-1.000000	-1.000000	-1.000000	-1.000000	73.241379	0.000000	-1.000000	-1.000000	1910605.000000	1773868065.048489
-6577.605000	1204.560000	12463.965000	14843.385000	-16590.645000	-19385.820000	8639.370000	15541.695000	-7.851351	0.349152	-27.371649	-23.370192	-21.070429	-21.445065	-7.288839	12.768381	1.022420	-1.358140	-11.643380	0.799864	0.387511	0.414794	-1.000000	-1.000000	-1.000000	-1.000000	-1.000000	-1.000000	-1.000000	73.241379	0.000000	-1.000000	-1.000000	1910606.000000	1773868065.048504
-6576.345000	1234.395000	12482.595000	14869.395000	-16555.005000	-19348.290000	8675.730000	15564.105000	1.249637	7.671322	2.372294	0.158173	-1.179087	-2.584708	5.609099	11.653936	1.022420	-1.358140	-11.643380	0.799864	0.387511	0.414794	-1.000000	-1.000000	-1.000000	-1.000000	-1.000000	-1.000000	-1.000000	73.241379	0.000000	-1.000000	-1.000000	1910607.000000	1773868065.061185
-6565.905000	1312.110000	12492.315000	14873.085000	-16557.705000	-19363.860000	8664.390000	15577.650000	8.186966	9.451528	26.517495	20.671822	16.956092	15.171867	15.390875	5.275837	1.022420	-1.358140	-11.643380	0.799864	0.387511	0.414794	-1.000000	-1.000000	-1.000000	-1.000000	-1.000000	-1.000000	-1.000000	73.241379	0.000000	-1.000000	-1.000000	1910608.000000	1773868065.061199
-6571.440000	1271.835000	12413.385000	14767.155000	-16675.515000	-19461.420000	8609.400000	15595.020000	11.417497	13.156818	38.167962	30.161007	24.965846	22.706816	16.253955	-1.498271	1.022420	-1.358140	-11.643380	0.799864	0.387511	0.414794	-1.000000	-1.000000	-1.000000	-1.000000	-1.000000	-1.000000	-1.000000	73.241379	0.000000	-1.000000	-1.000000	1910609.000000	1773868065.061213
-6573.780000	1249.830000	12415.815000	14767.875000	-16677.270000	-19467.405000	8615.565000	15589.845000	10.610266	17.934565	34.567846	24.018228	17.879732	15.623738	7.327398	-3.701524	1.022420	-1.358140	-11.643380	0.799864	0.387511	0.414794	-1.000000	-1.000000	-1.000000	-1.000000	-1.000000	-1.000000	-1.000000	73.241379	0.000000	-1.000000	-1.000000	1910610.000000	1773868065.061219
-6567.345000	1274.985000	12479.850000	14835.240000	-16604.325000	-19402.470000	8612.910000	15548.805000	7.097488	17.371386	20.382954	8.160157	2.101682	0.894157	-4.570238	-1.466994	4.623780	-2.334780	-12.116440	0.798155	0.390441	0.417785	-1.000000	-1.000000	-1.000000	-1.000000	-1.000000	-1.000000	-1.000000	73.241379	0.000000	-1.000000	-1.000000	1910611.000000	1773868065.061225
-6551.055000	1314.585000	12523.185000	14883.165000	-16545.420000	-19359.270000	8623.305000	15549.480000	3.673095	11.371301	7.106032	-3.009711	-7.199479	-7.532541	-11.151040	-0.039162	4.623780	-2.334780	-12.116440	0.798155	0.390441	0.417785	-1.000000	-1.000000	-1.000000	-1.000000	-1.000000	-1.000000	-1.000000	73.241379	0.000000	-1.000000	-1.000000	1910612.000000	1773868065.061230
-6550.020000	1322.460000	12516.075000	14873.670000	-16567.605000	-19382.085000	8642.745000	15577.650000	1.819038	4.792714	1.995575	-1.878850	-2.666022	-3.759330	-9.996289	-1.861338	4.623780	-2.334780	-12.116440	0.798155	0.390441	0.417785	-1.000000	-1.000000	-1.000000	-1.000000	-1.000000	-1.000000	-1.000000	73.241379	0.000000	-1.000000	-1.000000	1910613.000000	1773868065.063788
-6606.270000	1239.840000	12423.960000	14785.920000	-16654.770000	-19469.475000	8629.290000	15548.220000	-0.809260	-2.116171	-0.168144	3.836731	6.579237	3.724175	-3.659932	-3.673731	4.623780	-2.334780	-12.116440	0.798155	0.390441	0.417785	-1.000000	-1.000000	-1.000000	-1.000000	-1.000000	-1.000000	-1.000000	73.241379	0.000000	-1.000000	-1.000000	1910614.000000	1773868065.063800
-6612.705000	1243.935000	12443.445000	14815.800000	-16618.770000	-19417.770000	8634.825000	15507.405000	-7.831549	-13.007899	-9.262572	1.175772	6.091497	2.848539	3.051648	-3.887208	4.623780	-2.334780	-12.116440	0.798155	0.390441	0.417785	-1.000000	-1.000000	-1.000000	-1.000000	-1.000000	-1.000000	-1.000000	73.241379	0.000000	-1.000000	-1.000000	1910615.000000	1773868065.067825
-6599.880000	1254.915000	12463.605000	14840.145000	-16591.905000	-19387.395000	8648.010000	15566.175000	-17.095172	-25.963036	-24.138002	-10.772899	-5.620063	-6.217963	5.895429	-4.562122	4.623780	-2.334780	-12.116440	0.798155	0.390441	0.417785	-1.000000	-1.000000	-1.000000	-1.000000	-1.000000	-1.000000	-1.000000	73.241379	0.000000	-1.000000	-1.000000	1910616.000000	1773868065.067836
-6577.425000	1270.710000	12483.720000	14857.110000	-16579.305000	-19372.320000	8675.235000	15636.870000	-20.475703	-32.611777	-31.880676	-19.738249	-15.907822	-11.890405	5.052059	-4.163042	4.623780	-2.334780	-12.116440	0.798155	0.390441	0.417785	-1.000000	-1.000000	-1.000000	-1.000000	-1.000000	-1.000000	-1.000000	73.241379	0.000000	-1.000000	-1.000000	1910617.000000	1773868065.078495
-6548.490000	1293.120000	12499.065000	14871.870000	-16555.410000	-19346.580000	8679.195000	15615.405000	-12.441165	-25.691247	-22.302614	-14.746860	-12.762387	-5.345529	4.492103	1.152532	4.623780	-2.334780	-12.116440	0.798155	0.390441	0.417785	-1.000000	-1.000000	-1.000000	-1.000000	-1.000000	-1.000000	-1.000000	73.241379	0.000000	-1.000000	-1.000000	1910618.000000	1773868065.078506
-6566.445000	1270.665000	12449.115000	14813.145000	-16615.440000	-19410.120000	8602.740000	15561.540000	4.079273	-5.642851	0.290747	1.694661	2.328942	9.521240	5.104174	8.575698	4.623780	-2.334780	-12.116440	0.798155	0.390441	0.417785	-1.000000	-1.000000	-1.000000	-1.000000	-1.000000	-1.000000	-1.000000	73.241379	0.000000	-1.000000	-1.000000	1910619.000000	1773868065.078520
-6587.280000	1263.735000	12431.790000	14788.080000	-16641.090000	-19429.515000	8585.955000	15529.680000	19.107876	17.068251	19.036401	14.335441	14.004042	17.798674	2.196670	10.435382	4.623780	-2.334780	-12.116440	0.798155	0.390441	0.417785	-1.000000	-1.000000	-1.000000	-1.000000	-1.000000	-1.000000	-1.000000	73.241379	0.000000	-1.000000	-1.000000	1910620.000000	1773868065.078525
-6615.090000	1225.485000	12427.380000	14791.050000	-16644.555000	-19455.885000	8614.035000	15546.555000	22.773607	28.777565	20.880511	11.488640	9.705484	9.078327	-6.085892	3.986244	1.358140	-5.478340	-15.504160	0.800779	0.399474	0.418151	-1.000000	-1.000000	-1.000000	-1.000000	-1.000000	-1.000000	-1.000000	73.241379	0.000000	-1.000000	-1.000000	1910621.000000	1773868065.083010
-6602.175000	1225.260000	12434.220000	14799.465000	-16642.530000	-19450.980000	8619.345000	15550.380000	13.618695	24.076992	9.174627	-1.702981	-5.296702	-9.803883	-13.732355	-5.588911	1.358140	-5.478340	-15.504160	0.800779	0.399474	0.418151	-1.000000	-1.000000	-1.000000	-1.000000	-1.000000	-1.000000	-1.000000	73.241379	0.000000	-1.000000	-1.000000	1910622.000000	1773868065.083022
-6586.290000	1287.945000	12448.035000	14804.910000	-16628.175000	-19435.545000	8623.395000	15547.365000	0.022934	10.807662	-2.432382	-10.867673	-15.357332	-22.252783	-13.887099	-10.514377	1.358140	-5.478340	-15.504160	0.800779	0.399474	0.418151	-1.000000	-1.000000	-1.000000	-1.000000	-1.000000	-1.000000	-1.000000	73.241379	0.000000	-1.000000	-1.000000	1910623.000000	1773868065.084014
-6581.520000	1295.010000	12433.185000	14792.220000	-16640.955000	-19450.755000	8631.540000	15581.475000	-8.142013	1.537100	-5.226192	-8.991825	-12.592460	-19.654978	-6.129986	-7.151625	1.358140	-5.478340	-15.504160	0.800779	0.399474	0.418151	-1.000000	-1.000000	-1.000000	-1.000000	-1.000000	-1.000000	-1.000000	73.241379	0.000000	-1.000000	-1.000000	1910624.000000	1773868065.084025
-6625.710000	1199.520000	12399.165000	14799.870000	-16617.195000	-19417.455000	8635.680000	15571.035000	-8.922968	-1.545292	-2.117232	-0.808528	-1.897893	-6.885318	4.206296	0.630770	1.358140	-5.478340	-15.504160	0.800779	0.399474	0.418151	-1.000000	-1.000000	-1.000000	-1.000000	-1.000000	-1.000000	-1.000000	73.241379	0.000000	-1.000000	-1.000000	1910625.000000	1773868065.087860
-6609.915000	1223.595000	12421.935000	14814.225000	-16619.265000	-19399.050000	8636.130000	15558.480000	-7.317711	-5.705151	0.301677	6.703099	8.777297	7.721874	11.163205	4.707920	1.358140	-5.478340	-15.504160	0.800779	0.399474	0.418151	-1.000000	-1.000000	-1.000000	-1.000000	-1.000000	-1.000000	-1.000000	73.241379	0.000000	-1.000000	-1.000000	1910626.000000	1773868065.087871
-6608.970000	1219.140000	12418.290000	14793.390000	-16636.545000	-19417.680000	8624.745000	15550.695000	-6.607350	-12.513032	0.873305	10.859867	14.969166	18.794425	12.422071	1.978961	1.358140	-5.478340	-15.504160	0.800779	0.399474	0.418151	-1.000000	-1.000000	-1.000000	-1.000000	-1.000000	-1.000000	-1.000000	73.241379	0.000000	-1.000000	-1.000000	1910627.000000	1773868065.091876
-6599.070000	1236.555000	12479.850000	14862.420000	-16562.790000	-19361.880000	8656.695000	15530.355000	-5.004316	-15.347923	2.832096	12.242884	16.027168	23.384798	10.444158	-2.219562	1.358140	-5.478340	-15.504160	0.800779	0.399474	0.418151	-1.000000	-1.000000	-1.000000	-1.000000	-1.000000	-1.000000	-1.000000	73.241379	0.000000	-1.000000	-1.000000	1910628.000000	1773868065.091886
-6556.680000	1312.020000	12559.185000	14941.755000	-16491.150000	-19301.085000	8705.340000	15564.420000	0.442009	-8.652675	8.940775	13.553583	15.230032	22.237828	9.295489	-1.718291	1.358140	-5.478340	-15.504160	0.800779	0.399474	0.418151	-1.000000	-1.000000	-1.000000	-1.000000	-1.000000	-1.000000	-1.000000	73.241379	0.000000	-1.000000	-1.000000	1910629.000000	1773868065.095892
-6500.925000	1369.845000	12586.680000	14951.925000	-16493.940000	-19307.745000	8742.195000	15684.615000	10.187501	7.464671	17.809116	15.873856	14.988212	17.845403	9.632606	5.208118	1.358140	-5.478340	-15.504160	0.800779	0.399474	0.418151	-1.000000	-1.000000	-1.000000	-1.000000	-1.000000	-1.000000	-1.000000	73.241379	0.000000	-1.000000	-1.000000	1910630.000000	1773868065.095902
-6479.280000	1344.330000	12591.945000	14956.380000	-16493.400000	-19314.720000	8722.665000	15726.960000	20.459528	25.146663	22.738639	15.045892	12.151225	9.819677	8.060569	16.822458	-0.228900	-1.373400	-13.550880	0.802854	0.401793	0.415831	-1.000000	-1.000000	-1.000000	-1.000000	-1.000000	-1.000000	-1.000000	73.241379	0.000000	-1.000000	-1.000000	1910631.000000	1773868065.106519
-6527.340000	1268.550000	12475.530000	14827.545000	-16617.690000	-19404.405000	8626.365000	15606.405000	23.394008	29.727328	15.165058	4.589504	0.860800	-4.552249	-0.128000	24.968273	-0.228900	-1.373400	-13.550880	0.802854	0.401793	0.415831	-1.000000	-1.000000	-1.000000	-1.000000	-1.000000	-1.000000	-1.000000	73.241379	0.000000	-1.000000	-1.000000	1910632.000000	1773868065.106531
-6608.520000	1270.395000	12404.835000	14745.870000	-16694.280000	-19476.810000	8565.435000	15468.030000	11.949358	12.830371	-8.340958	-18.245858	-21.317747	-25.657390	-17.004116	15.191937	-0.228900	-1.373400	-13.550880	0.802854	0.401793	0.415831	-1.000000	-1.000000	-1.000000	-1.000000	-1.000000	-1.000000	-1.000000	73.241379	0.000000	-1.000000	-1.000000	1910633.000000	1773868065.106544
-6646.005000	1239.705000	12373.380000	14721.975000	-16699.230000	-19505.745000	8559.405000	15489.360000	-12.138822	-15.384407	-38.784371	-45.708932	-46.520032	-46.932631	-36.261075	-16.163417	-0.228900	-1.373400	-13.550880	0.802854	0.401793	0.415831	-1.000000	-1.000000	-1.000000	-1.000000	-1.000000	-1.000000	-1.000000	73.241379	0.000000	-1.000000	-1.000000	1910634.000000	1773868065.106549
-6620.940000	1300.005000	12442.860000	14800.275000	-16623.450000	-19438.245000	8593.155000	15539.175000	-36.083518	-35.166056	-56.874162	-59.283888	-56.565905	-54.723927	-43.823412	-48.522362	-0.228900	-1.373400	-13.550880	0.802854	0.401793	0.415831	-1.000000	-1.000000	-1.000000	-1.000000	-1.000000	-1.000000	-1.000000	73.241379	0.000000	-1.000000	-1.000000	1910635.000000	1773868065.107831
-6644.745000	1287.585000	12433.320000	14796.720000	-16627.995000	-19413.315000	8616.735000	15530.130000	-44.648865	-34.635104	-47.890264	-43.970219	-38.101565	-37.518799	-29.230817	-54.580132	-0.228900	-1.373400	-13.550880	0.802854	0.401793	0.415831	-1.000000	-1.000000	-1.000000	-1.000000	-1.000000	-1.000000	-1.000000	73.241379	0.000000	-1.000000	-1.000000	1910636.000000	1773868065.107836
-6677.685000	1240.830000	12379.995000	14741.505000	-16655.220000	-19449.360000	8614.440000	15541.290000	-32.868695	-17.712292	-16.735374	-6.223437	0.460271	-0.439505	2.731798	-27.850383	-0.228900	-1.373400	-13.550880	0.802854	0.401793	0.415831	-1.000000	-1.000000	-1.000000	-1.000000	-1.000000	-1.000000	-1.000000	73.241379	0.000000	-1.000000	-1.000000	1910637.000000	1773868065.111917
-6591.420000	1249.785000	12393.630000	14748.885000	-16638.345000	-19430.190000	8647.335000	15572.655000	-8.156566	0.767518	15.706920	29.477287	34.897649	35.207560	33.830516	13.503908	-0.228900	-1.373400	-13.550880	0.802854	0.401793	0.415831	-1.000000	-1.000000	-1.000000	-1.000000	-1.000000	-1.000000	-1.000000	73.241379	0.000000	-1.000000	-1.000000	1910638.000000	1773868065.111948
-6522.480000	1324.035000	12474.135000	14814.585000	-16596.630000	-19386.450000	8654.355000	15581.385000	19.091960	10.824985	34.262054	45.674878	48.994580	52.252873	47.521373	43.475695	-0.228900	-1.373400	-13.550880	0.802854	0.401793	0.415831	-1.000000	-1.000000	-1.000000	-1.000000	-1.000000	-1.000000	-1.000000	73.241379	0.000000	-1.000000	-1.000000	1910639.000000	1773868065.116016
-6590.790000	1213.695000	12408.615000	14776.020000	-16670.790000	-19452.060000	8619.075000	15579.630000	39.390781	13.740206	39.078750	43.917653	43.494914	48.711028	40.350769	47.614738	-0.228900	-1.373400	-13.550880	0.802854	0.401793	0.415831	-1.000000	-1.000000	-1.000000	-1.000000	-1.000000	-1.000000	-1.000000	73.241379	0.000000	-1.000000	-1.000000	1910640.000000	1773868065.116024
-6591.420000	1209.690000	12412.890000	14799.870000	-16666.695000	-19473.795000	8612.955000	15564.195000	44.248447	12.611357	35.704739	34.256782	27.217725	30.924841	20.596342	31.685041	10.269980	-1.999060	-14.893760	0.801390	0.389831	0.414061	-1.000000	-1.000000	-1.000000	-1.000000	-1.000000	-1.000000	-1.000000	73.241379	0.000000	-1.000000	-1.000000	1910641.000000	1773868065.119993
-6595.245000	1214.955000	12382.965000	14789.655000	-16656.075000	-19450.440000	8609.310000	15553.170000	33.169817	9.376976	28.014031	24.311987	10.170367	8.572570	0.330827	11.768935	10.269980	-1.999060	-14.893760	0.801390	0.389831	0.414061	-1.000000	-1.000000	-1.000000	-1.000000	-1.000000	-1.000000	-1.000000	73.241379	0.000000	-1.000000	-1.000000	1910642.000000	1773868065.120002
-6587.415000	1220.760000	12358.485000	14758.470000	-16661.385000	-19443.780000	8618.625000	15561.720000	14.249355	7.010906	16.612683	14.103517	-1.916749	-8.836769	-12.789197	-2.546099	10.269980	-1.999060	-14.893760	0.801390	0.389831	0.414061	-1.000000	-1.000000	-1.000000	-1.000000	-1.000000	-1.000000	-1.000000	73.241379	0.000000	-1.000000	-1.000000	1910643.000000	1773868065.123902
-6535.395000	1291.635000	12418.110000	14772.510000	-16591.905000	-19415.160000	8640.585000	15588.405000	-3.917578	6.734383	0.736198	-1.259140	-9.703389	-17.930036	-17.903813	-11.266471	10.269980	-1.999060	-14.893760	0.801390	0.389831	0.414061	-1.000000	-1.000000	-1.000000	-1.000000	-1.000000	-1.000000	-1.000000	73.241379	0.000000	-1.000000	-1.000000	1910644.000000	1773868065.123908
-6522.840000	1318.770000	12460.095000	14802.885000	-16548.030000	-19423.485000	8632.755000	15588.180000	-15.136511	8.513826	-14.734140	-20.328202	-13.655163	-20.646574	-17.483822	-15.707109	10.269980	-1.999060	-14.893760	0.801390	0.389831	0.414061	-1.000000	-1.000000	-1.000000	-1.000000	-1.000000	-1.000000	-1.000000	73.241379	0.000000	-1.000000	-1.000000	1910645.000000	1773868065.127847
-6617.475000	1254.105000	12469.950000	14784.390000	-16657.155000	-19487.340000	8612.325000	15549.660000	-18.852275	10.456498	-21.438476	-33.492023	-14.081282	-20.183210	-14.998387	-16.709474	10.269980	-1.999060	-14.893760	0.801390	0.389831	0.414061	-1.000000	-1.000000	-1.000000	-1.000000	-1.000000	-1.000000	-1.000000	73.241379	0.000000	-1.000000	-1.000000	1910646.000000	1773868065.127859
-6635.115000	1229.355000	12488.490000	14799.420000	-16689.465000	-19462.680000	8618.445000	15562.395000	-22.702651	5.952741	-18.310667	-34.450288	-16.382140	-19.220154	-13.447564	-17.270036	10.269980	-1.999060	-14.893760	0.801390	0.389831	0.414061	-1.000000	-1.000000	-1.000000	-1.000000	-1.000000	-1.000000	-1.000000	73.241379	0.000000	-1.000000	-1.000000	1910647.000000	1773868065.131885
-6591.960000	1200.960000	12439.530000	14838.660000	-16634.160000	-19406.700000	8630.460000	15585.705000	-30.366496	-8.526184	-12.631035	-24.815749	-22.301138	-16.202314	-11.982349	-18.033467	10.269980	-1.999060	-14.893760	0.801390	0.389831	0.414061	-1.000000	-1.000000	-1.000000	-1.000000	-1.000000	-1.000000	-1.000000	73.241379	0.000000	-1.000000	-1.000000	1910648.000000	1773868065.131893
-6575.535000	1228.770000	12450.600000	14820.345000	-16609.905000	-19387.260000	8658.675000	15577.110000	-31.724269	-23.836082	-9.767153	-8.753093	-21.862570	-5.476297	-5.828420	-14.359663	10.269980	-1.999060	-14.893760	0.801390	0.389831	0.414061	-1.000000	-1.000000	-1.000000	-1.000000	-1.000000	-1.000000	-1.000000	73.241379	0.000000	-1.000000	-1.000000	1910649.000000	1773868065.136078
-6577.425000	1259.505000	12464.460000	14848.560000	-16577.595000	-19369.665000	8650.260000	15565.185000	-16.350871	-25.663563	-7.108462	8.884236	-6.344571	13.452833	6.967151	-2.965681	10.269980	-1.999060	-14.893760	0.801390	0.389831	0.414061	-1.000000	-1.000000	-1.000000	-1.000000	-1.000000	-1.000000	-1.000000	73.241379	0.000000	-1.000000	-1.000000	1910650.000000	1773868065.136086
-6545.205000	1276.110000	12458.385000	14862.735000	-16567.065000	-19349.595000	8645.040000	15582.150000	11.312784	-10.586133	-0.509132	22.327104	17.892379	30.826708	20.257374	12.375266	12.299560	-1.800680	-8.011500	0.797422	0.393859	0.415526	-1.000000	-1.000000	-1.000000	-1.000000	-1.000000	-1.000000	-1.000000	73.241379	0.000000	-1.000000	-1.000000	1910651.000000	1773868065.139856
-6582.645000	1217.970000	12399.975000	14804.460000	-16614.135000	-19396.530000	8615.115000	15545.070000	35.351926	9.514211	7.031194	26.145069	34.001552	33.803559	24.179873	22.806230	12.299560	-1.800680	-8.011500	0.797422	0.393859	0.415526	-1.000000	-1.000000	-1.000000	-1.000000	-1.000000	-1.000000	-1.000000	73.241379	0.000000	-1.000000	-1.000000	1910652.000000	1773868065.139863
-6621.975000	1206.765000	12436.965000	14805.360000	-16636.545000	-19429.875000	8615.295000	15513.435000	40.295661	17.930494	7.884324	16.901609	28.393024	16.767549	14.369451	20.753854	12.299560	-1.800680	-8.011500	0.797422	0.393859	0.415526	-1.000000	-1.000000	-1.000000	-1.000000	-1.000000	-1.000000	-1.000000	73.241379	0.000000	-1.000000	-1.000000	1910653.000000	1773868065.143941
-6632.820000	1226.520000	12495.420000	14857.515000	-16602.210000	-19424.925000	8639.190000	15504.795000	23.249966	9.761684	1.443323	-1.132448	3.661803	-12.105912	-3.073504	6.950360	12.299560	-1.800680	-8.011500	0.797422	0.393859	0.415526	-1.000000	-1.000000	-1.000000	-1.000000	-1.000000	-1.000000	-1.000000	73.241379	0.000000	-1.000000	-1.000000	1910654.000000	1773868065.143951
-6598.080000	1270.980000	12503.070000	14875.965000	-16575.165000	-19397.610000	8674.560000	15505.875000	-2.088783	-3.080574	-4.248088	-15.594927	-20.312866	-34.186204	-15.956379	-9.094298	12.299560	-1.800680	-8.011500	0.797422	0.393859	0.415526	-1.000000	-1.000000	-1.000000	-1.000000	-1.000000	-1.000000	-1.000000	73.241379	0.000000	-1.000000	-1.000000	1910655.000000	1773868065.147953
-6577.515000	1318.860000	12500.820000	14845.455000	-16598.835000	-19391.670000	8661.645000	15588.810000	-18.188217	-5.984848	-3.908207	-18.602412	-25.794353	-36.168012	-16.865501	-16.620502	12.299560	-1.800680	-8.011500	0.797422	0.393859	0.415526	-1.000000	-1.000000	-1.000000	-1.000000	-1.000000	-1.000000	-1.000000	73.241379	0.000000	-1.000000	-1.000000	1910656.000000	1773868065.147963
-6599.205000	1277.010000	12433.410000	14772.690000	-16666.920000	-19456.920000	8616.330000	15591.105000	-19.146305	3.373835	0.231157	-14.290096	-15.198591	-21.537424	-9.181635	-10.868626	12.299560	-1.800680	-8.011500	0.797422	0.393859	0.415526	-1.000000	-1.000000	-1.000000	-1.000000	-1.000000	-1.000000	-1.000000	73.241379	0.000000	-1.000000	-1.000000	1910657.000000	1773868065.151860
-6583.590000	1271.565000	12376.980000	14765.670000	-16670.520000	-19464.885000	8622.135000	15593.085000	-10.679749	14.259899	2.488750	-10.147841	-3.240388	-3.676315	-1.499488	3.941091	12.299560	-1.800680	-8.011500	0.797422	0.393859	0.415526	-1.000000	-1.000000	-1.000000	-1.000000	-1.000000	-1.000000	-1.000000	73.241379	0.000000	-1.000000	-1.000000	1910658.000000	1773868065.151866
-6604.290000	1209.825000	12334.860000	14742.810000	-16684.650000	-19473.930000	8615.970000	15583.950000	-0.849962	13.825298	-1.161109	-7.882443	1.246667	7.868290	1.904886	17.458355	12.299560	-1.800680	-8.011500	0.797422	0.393859	0.415526	-1.000000	-1.000000	-1.000000	-1.000000	-1.000000	-1.000000	-1.000000	73.241379	0.000000	-1.000000	-1.000000	1910659.000000	1773868065.155877
-6620.040000	1176.570000	12364.650000	14765.130000	-16643.520000	-19428.210000	8620.110000	15564.915000	4.611514	-1.090412	-7.610145	-4.321396	0.627394	12.525201	2.700225	20.390803	12.299560	-1.800680	-8.011500	0.797422	0.393859	0.415526	-1.000000	-1.000000	-1.000000	-1.000000	-1.000000	-1.000000	-1.000000	73.241379	0.000000	-1.000000	-1.000000	1910660.000000	1773868065.155887
-6619.455000	1179.945000	12435.435000	14827.005000	-16588.845000	-19382.445000	8635.905000	15563.295000	4.117771	-20.824061	-7.672851	4.740081	2.774421	15.698420	3.839207	10.925367	8.347220	-5.997180	-3.830260	0.787168	0.410766	0.420592	-1.000000	-1.000000	-1.000000	-1.000000	-1.000000	-1.000000	-1.000000	73.241379	0.000000	-1.000000	-1.000000	1910661.000000	1773868065.159866
-6586.470000	1237.275000	12480.075000	14883.255000	-16530.120000	-19350.765000	8676.765000	15596.595000	1.666020	-30.212934	3.196152	19.712622	12.155749	21.690279	6.641430	-3.607338	8.347220	-5.997180	-3.830260	0.787168	0.410766	0.420592	-1.000000	-1.000000	-1.000000	-1.000000	-1.000000	-1.000000	-1.000000	73.241379	0.000000	-1.000000	-1.000000	1910662.000000	1773868065.159873
-6561.315000	1240.470000	12456.720000	14862.195000	-16546.545000	-19357.830000	8688.915000	15612.075000	2.704645	-21.139576	17.446957	32.633381	23.895277	27.433336	9.866610	-12.946439	8.347220	-5.997180	-3.830260	0.787168	0.410766	0.420592	-1.000000	-1.000000	-1.000000	-1.000000	-1.000000	-1.000000	-1.000000	73.241379	0.000000	-1.000000	-1.000000	1910663.000000	1773868065.163939
-6600.690000	1135.440000	12372.165000	14773.545000	-16622.775000	-19402.155000	8624.340000	15559.920000	6.487737	-1.381289	21.444347	31.054905	26.489695	24.075424	9.242813	-14.146572	8.347220	-5.997180	-3.830260	0.787168	0.410766	0.420592	-1.000000	-1.000000	-1.000000	-1.000000	-1.000000	-1.000000	-1.000000	73.241379	0.000000	-1.000000	-1.000000	1910664.000000	1773868065.163946
-6632.190000	1129.545000	12314.565000	14699.160000	-16684.425000	-19454.265000	8615.430000	15526.530000	6.000039	12.375943	8.803567	9.958909	12.286346	6.258411	1.475914	-13.720072	8.347220	-5.997180	-3.830260	0.787168	0.410766	0.420592	-1.000000	-1.000000	-1.000000	-1.000000	-1.000000	-1.000000	-1.000000	73.241379	0.000000	-1.000000	-1.000000	1910665.000000	1773868065.167916
-6608.340000	1263.195000	12427.875000	14767.785000	-16646.220000	-19427.805000	8635.005000	15555.870000	-1.677023	15.159879	-10.249390	-19.071382	-12.229833	-18.900697	-9.223663	-16.051857	8.347220	-5.997180	-3.830260	0.787168	0.410766	0.420592	-1.000000	-1.000000	-1.000000	-1.000000	-1.000000	-1.000000	-1.000000	73.241379	0.000000	-1.000000	-1.000000	1910666.000000	1773868065.167929
-6571.215000	1323.855000	12525.705000	14842.260000	-16610.940000	-19407.015000	8624.790000	15572.655000	-9.862129	17.633851	-15.330524	-34.289754	-29.787423	-35.314321	-14.385300	-15.543330	8.347220	-5.997180	-3.830260	0.787168	0.410766	0.420592	-1.000000	-1.000000	-1.000000	-1.000000	-1.000000	-1.000000	-1.000000	73.241379	0.000000	-1.000000	-1.000000	1910667.000000	1773868065.172092
-6584.580000	1292.175000	12522.375000	14837.715000	-16616.520000	-19406.880000	8611.335000	15545.880000	-10.540312	25.968680	1.719195	-24.354661	-28.969315	-33.171657	-11.063717	-6.318998	8.347220	-5.997180	-3.830260	0.787168	0.410766	0.420592	-1.000000	-1.000000	-1.000000	-1.000000	-1.000000	-1.000000	-1.000000	73.241379	0.000000	-1.000000	-1.000000	1910668.000000	1773868065.172098
-6618.690000	1243.935000	12492.945000	14797.080000	-16626.150000	-19427.355000	8600.715000	15514.965000	-3.853167	31.141072	24.625259	-0.105013	-14.164154	-17.394099	-3.365211	7.957771	8.347220	-5.997180	-3.830260	0.787168	0.410766	0.420592	-1.000000	-1.000000	-1.000000	-1.000000	-1.000000	-1.000000	-1.000000	73.241379	0.000000	-1.000000	-1.000000	1910669.000000	1773868065.175980
-6610.905000	1272.735000	12486.735000	14783.220000	-16635.105000	-19431.855000	8608.770000	15506.865000	3.433085	21.408408	28.804759	16.545195	1.055375	-0.669133	3.035696	18.375245	8.347220	-5.997180	-3.830260	0.787168	0.410766	0.420592	-1.000000	-1.000000	-1.000000	-1.000000	-1.000000	-1.000000	-1.000000	73.241379	0.000000	-1.000000	-1.000000	1910670.000000	1773868065.175990
-6610.230000	1296.720000	12469.500000	14791.095000	-16629.165000	-19423.710000	8627.625000	15507.405000	5.916550	-2.644932	6.226860	13.406009	7.021475	8.562943	5.158123	19.371478	5.966660	-5.554640	-2.456860	0.783750	0.424254	0.422240	-1.000000	-1.000000	-1.000000	-1.000000	-1.000000	-1.000000	-1.000000	73.241379	0.000000	-1.000000	-1.000000	1910671.000000	1773868065.186786
-6614.460000	1227.195000	12424.005000	14783.085000	-16646.670000	-19440.900000	8646.615000	15561.720000	3.226910	-28.750157	-28.331341	-2.650798	4.890293	10.476533	4.279678	12.926294	5.966660	-5.554640	-2.456860	0.783750	0.424254	0.422240	-1.000000	-1.000000	-1.000000	-1.000000	-1.000000	-1.000000	-1.000000	73.241379	0.000000	-1.000000	-1.000000	1910672.000000	1773868065.186796
-6588.855000	1228.320000	12439.575000	14812.020000	-16611.390000	-19419.660000	8653.095000	15607.035000	-0.807602	-43.529447	-50.549088	-14.059341	3.384795	9.990282	4.544701	6.913404	5.966660	-5.554640	-2.456860	0.783750	0.424254	0.422240	-1.000000	-1.000000	-1.000000	-1.000000	-1.000000	-1.000000	-1.000000	73.241379	0.000000	-1.000000	-1.000000	1910673.000000	1773868065.186807
-6567.930000	1258.560000	12463.785000	14842.305000	-16579.035000	-19392.930000	8642.565000	15598.395000	-1.037864	-40.264713	-44.671065	-8.722627	9.564297	11.912872	7.738302	6.554902	5.966660	-5.554640	-2.456860	0.783750	0.424254	0.422240	-1.000000	-1.000000	-1.000000	-1.000000	-1.000000	-1.000000	-1.000000	73.241379	0.000000	-1.000000	-1.000000	1910674.000000	1773868065.186812
-6587.055000	1278.945000	12472.785000	14843.295000	-16641.135000	-19406.475000	8625.735000	15551.370000	2.929675	-22.897569	-15.713920	8.573031	19.505307	16.026127	9.982631	7.427586	5.966660	-5.554640	-2.456860	0.783750	0.424254	0.422240	-1.000000	-1.000000	-1.000000	-1.000000	-1.000000	-1.000000	-1.000000	73.241379	0.000000	-1.000000	-1.000000	1910675.000000	1773868065.187838
-6600.690000	1283.130000	12468.780000	14826.960000	-16654.770000	-19438.245000	8624.610000	15546.645000	5.306090	-2.262056	15.499496	20.785379	20.407630	15.746169	6.764016	1.675370	5.966660	-5.554640	-2.456860	0.783750	0.424254	0.422240	-1.000000	-1.000000	-1.000000	-1.000000	-1.000000	-1.000000	-1.000000	73.241379	0.000000	-1.000000	-1.000000	1910676.000000	1773868065.187847
-6566.355000	1321.785000	12513.285000	14864.895000	-16606.665000	-19410.345000	8654.265000	15567.840000	2.779928	14.781058	32.414829	17.413000	7.249748	6.509673	-0.506666	-9.768712	5.966660	-5.554640	-2.456860	0.783750	0.424254	0.422240	-1.000000	-1.000000	-1.000000	-1.000000	-1.000000	-1.000000	-1.000000	73.241379	0.000000	-1.000000	-1.000000	1910677.000000	1773868065.191923
-6546.555000	1363.815000	12562.065000	14912.730000	-16554.960000	-19363.995000	8660.700000	15556.995000	-0.485066	27.734212	33.847588	4.446118	-9.624797	-6.480090	-6.309196	-17.701785	5.966660	-5.554640	-2.456860	0.783750	0.424254	0.422240	-1.000000	-1.000000	-1.000000	-1.000000	-1.000000	-1.000000	-1.000000	73.241379	0.000000	-1.000000	-1.000000	1910678.000000	1773868065.191934
-6616.800000	1260.225000	12469.545000	14837.895000	-16615.215000	-19414.215000	8642.070000	15528.735000	-1.235138	33.096415	25.077667	-7.392957	-18.425447	-14.608445	-8.235620	-16.875432	5.966660	-5.554640	-2.456860	0.783750	0.424254	0.422240	-1.000000	-1.000000	-1.000000	-1.000000	-1.000000	-1.000000	-1.000000	73.241379	0.000000	-1.000000	-1.000000	1910679.000000	1773868065.198667
-6646.905000	1206.405000	12409.155000	14776.920000	-16672.365000	-19468.215000	8604.360000	15521.985000	-3.147858	22.938504	8.363528	-15.991048	-18.822788	-16.613223	-9.209786	-10.883075	5.966660	-5.554640	-2.456860	0.783750	0.424254	0.422240	-1.000000	-1.000000	-1.000000	-1.000000	-1.000000	-1.000000	-1.000000	73.241379	0.000000	-1.000000	-1.000000	1910680.000000	1773868065.198675
-6575.805000	1274.580000	12470.670000	14826.780000	-16629.345000	-19411.740000	8646.075000	15558.075000	-7.987276	0.288236	-10.952933	-22.073630	-15.614048	-15.393599	-11.170357	-5.237191	3.738700	-9.827440	-1.007160	0.788084	0.423522	0.423644	-1.000000	-1.000000	-1.000000	-1.000000	-1.000000	-1.000000	-1.000000	73.241379	0.000000	-1.000000	-1.000000	1910681.000000	1773868065.199958
-6553.890000	1318.905000	12540.960000	14910.705000	-16541.955000	-19335.420000	8680.500000	15569.010000	-9.735387	-17.219492	-20.279610	-19.880581	-8.146028	-9.206708	-10.058759	-1.171435	3.738700	-9.827440	-1.007160	0.788084	0.423522	0.423644	-1.000000	-1.000000	-1.000000	-1.000000	-1.000000	-1.000000	-1.000000	73.241379	0.000000	-1.000000	-1.000000	1910682.000000	1773868065.199963
-6531.390000	1376.235000	12600.810000	14970.105000	-16487.595000	-19302.210000	8672.805000	15577.155000	-3.741761	-17.429395	-12.268457	-4.534210	6.220009	4.211487	-1.865974	3.261764	3.738700	-9.827440	-1.007160	0.788084	0.423522	0.423644	-1.000000	-1.000000	-1.000000	-1.000000	-1.000000	-1.000000	-1.000000	73.241379	0.000000	-1.000000	-1.000000	1910683.000000	1773868065.203947
-6596.055000	1228.410000	12471.120000	14853.420000	-16583.220000	-19366.245000	8649.360000	15577.830000	5.804227	-7.037724	3.840769	15.794976	22.276611	18.710848	9.674553	9.175702	3.738700	-9.827440	-1.007160	0.788084	0.423522	0.423644	-1.000000	-1.000000	-1.000000	-1.000000	-1.000000	-1.000000	-1.000000	73.241379	0.000000	-1.000000	-1.000000	1910684.000000	1773868065.203955
-6664.815000	1152.180000	12388.635000	14767.155000	-16663.860000	-19476.900000	8608.095000	15580.530000	9.599913	-2.591677	9.224361	23.332142	26.427973	21.696358	15.762664	14.603211	3.738700	-9.827440	-1.007160	0.788084	0.423522	0.423644	-1.000000	-1.000000	-1.000000	-1.000000	-1.000000	-1.000000	-1.000000	73.241379	0.000000	-1.000000	-1.000000	1910685.000000	1773868065.207941
-6658.785000	1203.435000	12424.545000	14767.785000	-16641.720000	-19443.420000	8608.095000	15568.380000	2.588931	-10.571912	-4.211292	9.202501	10.226926	6.692179	10.970913	15.635443	3.738700	-9.827440	-1.007160	0.788084	0.423522	0.423644	-1.000000	-1.000000	-1.000000	-1.000000	-1.000000	-1.000000	-1.000000	73.241379	0.000000	-1.000000	-1.000000	1910686.000000	1773868065.207951
-6608.610000	1212.345000	12421.170000	14761.170000	-16647.750000	-19430.100000	8617.455000	15544.395000	-8.739071	-19.630166	-23.867480	-15.546167	-17.095732	-16.640349	-1.270536	10.088058	3.738700	-9.827440	-1.007160	0.788084	0.423522	0.423644	-1.000000	-1.000000	-1.000000	-1.000000	-1.000000	-1.000000	-1.000000	73.241379	0.000000	-1.000000	-1.000000	1910687.000000	1773868065.212045
-6536.655000	1222.560000	12411.765000	14764.725000	-16649.730000	-19431.315000	8610.030000	15553.215000	-10.497872	-14.743682	-29.664553	-29.863856	-35.205729	-29.586614	-11.425275	0.156751	3.738700	-9.827440	-1.007160	0.788084	0.423522	0.423644	-1.000000	-1.000000	-1.000000	-1.000000	-1.000000	-1.000000	-1.000000	73.241379	0.000000	-1.000000	-1.000000	1910688.000000	1773868065.212054
-6573.150000	1201.905000	12395.970000	14761.935000	-16665.435000	-19445.130000	8607.420000	15532.605000	2.749685	6.067249	-13.580662	-21.313205	-30.844669	-22.198047	-12.661629	-9.478354	3.738700	-9.827440	-1.007160	0.788084	0.423522	0.423644	-1.000000	-1.000000	-1.000000	-1.000000	-1.000000	-1.000000	-1.000000	73.241379	0.000000	-1.000000	-1.000000	1910689.000000	1773868065.216062
-6647.625000	1166.670000	12380.040000	14758.695000	-16671.330000	-19454.445000	8558.460000	15468.255000	17.913916	28.529411	13.217140	3.345093	-8.946932	-1.954391	-6.807879	-16.762480	3.738700	-9.827440	-1.007160	0.788084	0.423522	0.423644	-1.000000	-1.000000	-1.000000	-1.000000	-1.000000	-1.000000	-1.000000	73.241379	0.000000	-1.000000	-1.000000	1910690.000000	1773868065.216067
-6640.515000	1159.605000	12380.175000	14763.555000	-16655.130000	-19440.810000	8587.980000	15488.235000	17.338194	34.281301	30.723742	24.729452	13.162786	14.784390	-0.706393	-21.550218	4.272800	0.625660	1.846460	0.800901	0.411376	0.421569	-1.000000	-1.000000	-1.000000	-1.000000	-1.000000	-1.000000	-1.000000	73.241379	0.000000	-1.000000	-1.000000	1910691.000000	1773868065.219905
-6565.365000	1214.685000	12420.495000	14801.985000	-16613.775000	-19399.905000	8659.845000	15585.345000	1.556709	19.635380	29.209808	29.711680	23.475922	19.334988	3.919285	-19.166988	4.272800	0.625660	1.846460	0.800901	0.411376	0.421569	-1.000000	-1.000000	-1.000000	-1.000000	-1.000000	-1.000000	-1.000000	73.241379	0.000000	-1.000000	-1.000000	1910692.000000	1773868065.219912
-6533.910000	1272.735000	12470.310000	14857.065000	-16563.195000	-19349.505000	8703.585000	15602.580000	-11.296542	1.114844	17.966251	23.203244	25.208245	17.522655	11.557395	-3.980907	4.272800	0.625660	1.846460	0.800901	0.411376	0.421569	-1.000000	-1.000000	-1.000000	-1.000000	-1.000000	-1.000000	-1.000000	73.241379	0.000000	-1.000000	-1.000000	1910693.000000	1773868065.224128
-6500.745000	1314.315000	12560.085000	14965.650000	-16473.600000	-19253.925000	8742.375000	15539.445000	-7.472762	-2.955897	12.717407	19.212585	27.510388	19.899024	22.811658	18.098706	4.272800	0.625660	1.846460	0.800901	0.411376	0.421569	-1.000000	-1.000000	-1.000000	-1.000000	-1.000000	-1.000000	-1.000000	73.241379	0.000000	-1.000000	-1.000000	1910694.000000	1773868065.224137
-6455.970000	1335.330000	12609.405000	15020.145000	-16447.365000	-19223.910000	8721.000000	15534.180000	8.572384	6.410296	16.823465	22.738978	30.916132	27.050052	29.731265	31.472700	4.272800	0.625660	1.846460	0.800901	0.411376	0.421569	-1.000000	-1.000000	-1.000000	-1.000000	-1.000000	-1.000000	-1.000000	73.241379	0.000000	-1.000000	-1.000000	1910695.000000	1773868065.227945
-6622.515000	1123.515000	12381.435000	14781.330000	-16668.495000	-19461.915000	8573.985000	15539.670000	18.907314	11.031424	17.367765	22.058764	24.226054	25.077757	21.103518	27.597545	4.272800	0.625660	1.846460	0.800901	0.411376	0.421569	-1.000000	-1.000000	-1.000000	-1.000000	-1.000000	-1.000000	-1.000000	73.241379	0.000000	-1.000000	-1.000000	1910696.000000	1773868065.227951
-6776.865000	1023.210000	12296.205000	14682.780000	-16765.605000	-19570.905000	8575.245000	15511.410000	5.921117	-5.047617	-1.170177	0.062181	-3.753121	-0.959760	-6.280200	11.031711	4.272800	0.625660	1.846460	0.800901	0.411376	0.421569	-1.000000	-1.000000	-1.000000	-1.000000	-1.000000	-1.000000	-1.000000	73.241379	0.000000	-1.000000	-1.000000	1910697.000000	1773868065.232147
-6664.590000	1118.610000	12344.670000	14717.295000	-16708.590000	-19502.190000	8601.975000	15517.575000	-27.002773	-35.548803	-35.391577	-40.907564	-44.773492	-43.627209	-38.154415	-8.061390	4.272800	0.625660	1.846460	0.800901	0.411376	0.421569	-1.000000	-1.000000	-1.000000	-1.000000	-1.000000	-1.000000	-1.000000	73.241379	0.000000	-1.000000	-1.000000	1910698.000000	1773868065.232153
-6574.635000	1240.650000	12413.655000	14788.845000	-16631.190000	-19426.455000	8624.205000	15583.095000	-49.658775	-52.233443	-60.090611	-73.038207	-70.560435	-71.788973	-51.955775	-19.104202	4.272800	0.625660	1.846460	0.800901	0.411376	0.421569	-1.000000	-1.000000	-1.000000	-1.000000	-1.000000	-1.000000	-1.000000	73.241379	0.000000	-1.000000	-1.000000	1910699.000000	1773868065.236032
-6602.085000	1279.530000	12451.320000	14813.055000	-16602.120000	-19408.680000	8610.435000	15574.815000	-37.490299	-34.456948	-53.684931	-70.112764	-59.838119	-61.300062	-38.727583	-16.821315	4.272800	0.625660	1.846460	0.800901	0.411376	0.421569	-1.000000	-1.000000	-1.000000	-1.000000	-1.000000	-1.000000	-1.000000	73.241379	0.000000	-1.000000	-1.000000	1910700.000000	1773868065.236038
-6590.295000	1335.510000	12504.060000	14827.455000	-16625.700000	-19423.125000	8615.430000	15572.295000	-0.113419	8.280952	-18.285534	-32.002054	-18.867350	-18.470354	-9.955363	-7.512351	8.530340	5.157880	-0.412020	0.812742	0.402282	0.412475	-1.000000	-1.000000	-1.000000	-1.000000	-1.000000	-1.000000	-1.000000	73.241379	0.000000	-1.000000	-1.000000	1910701.000000	1773868065.240005
-6545.115000	1388.655000	12525.615000	14812.290000	-16690.995000	-19432.755000	8633.430000	15589.980000	35.075717	48.353998	25.272005	18.025200	25.213526	28.762293	16.240140	-1.029157	8.530340	5.157880	-0.412020	0.812742	0.402282	0.412475	-1.000000	-1.000000	-1.000000	-1.000000	-1.000000	-1.000000	-1.000000	73.241379	0.000000	-1.000000	-1.000000	1910702.000000	1773868065.240014
-6547.590000	1337.670000	12493.125000	14798.430000	-16657.470000	-19421.685000	8642.835000	15593.220000	49.670327	62.077079	51.764822	51.195635	46.331091	53.921970	29.432968	1.374365	8.530340	5.157880	-0.412020	0.812742	0.402282	0.412475	-1.000000	-1.000000	-1.000000	-1.000000	-1.000000	-1.000000	-1.000000	73.241379	0.000000	-1.000000	-1.000000	1910703.000000	1773868065.247260
-6566.715000	1271.835000	12451.770000	14751.720000	-16636.725000	-19436.400000	8643.960000	15584.085000	40.295962	41.841657	47.398594	53.102434	40.181341	49.442251	30.065471	3.354230	8.530340	5.157880	-0.412020	0.812742	0.402282	0.412475	-1.000000	-1.000000	-1.000000	-1.000000	-1.000000	-1.000000	-1.000000	73.241379	0.000000	-1.000000	-1.000000	1910704.000000	1773868065.247266
-6565.815000	1308.960000	12478.635000	14767.515000	-16575.345000	-19397.520000	8659.710000	15586.470000	17.368799	2.970622	22.567023	34.345100	25.839198	30.371314	25.376185	5.207322	8.530340	5.157880	-0.412020	0.812742	0.402282	0.412475	-1.000000	-1.000000	-1.000000	-1.000000	-1.000000	-1.000000	-1.000000	73.241379	0.000000	-1.000000	-1.000000	1910705.000000	1773868065.248183
-6541.785000	1308.555000	12477.060000	14800.815000	-16585.245000	-19410.120000	8635.590000	15595.785000	-2.161748	-27.164106	0.548610	16.980190	21.736466	16.575248	20.162011	5.396462	8.530340	5.157880	-0.412020	0.812742	0.402282	0.412475	-1.000000	-1.000000	-1.000000	-1.000000	-1.000000	-1.000000	-1.000000	73.241379	0.000000	-1.000000	-1.000000	1910706.000000	1773868065.248188
-6603.705000	1232.055000	12406.230000	14759.145000	-16624.755000	-19459.710000	8640.360000	15562.395000	-12.128479	-37.272637	-9.758182	9.087746	23.106697	9.361742	11.741991	3.215959	8.530340	5.157880	-0.412020	0.812742	0.402282	0.412475	-1.000000	-1.000000	-1.000000	-1.000000	-1.000000	-1.000000	-1.000000	73.241379	0.000000	-1.000000	-1.000000	1910707.000000	1773868065.254561
-6648.300000	1198.575000	12383.595000	14749.695000	-16672.005000	-19450.215000	8628.975000	15526.125000	-20.633737	-38.028431	-17.317453	1.247457	11.531353	-3.649649	-2.534641	-2.755967	8.530340	5.157880	-0.412020	0.812742	0.402282	0.412475	-1.000000	-1.000000	-1.000000	-1.000000	-1.000000	-1.000000	-1.000000	73.241379	0.000000	-1.000000	-1.000000	1910708.000000	1773868065.254575
-6609.960000	1250.730000	12463.470000	14856.030000	-16632.630000	-19430.595000	8603.100000	15529.050000	-31.628365	-38.309528	-27.315565	-12.500434	-17.321602	-24.489981	-19.052327	-12.191240	8.530340	5.157880	-0.412020	0.812742	0.402282	0.412475	-1.000000	-1.000000	-1.000000	-1.000000	-1.000000	-1.000000	-1.000000	73.241379	0.000000	-1.000000	-1.000000	1910709.000000	1773868065.258151
-6574.320000	1260.180000	12472.695000	14860.350000	-16631.955000	-19420.335000	8611.380000	15547.590000	-36.002261	-33.044005	-31.854746	-23.783371	-45.463461	-40.120448	-30.966424	-19.067247	8.530340	5.157880	-0.412020	0.812742	0.402282	0.412475	-1.000000	-1.000000	-1.000000	-1.000000	-1.000000	-1.000000	-1.000000	73.241379	0.000000	-1.000000	-1.000000	1910710.000000	1773868065.258163
-6553.170000	1268.685000	12472.245000	14853.510000	-16599.240000	-19398.780000	8636.625000	15542.955000	-25.251662	-16.124047	-23.641358	-24.112951	-52.037557	-38.820807	-32.454865	-16.265329	0.793520	8.148840	-3.876040	0.813963	0.396666	0.406493	-1.000000	-1.000000	-1.000000	-1.000000	-1.000000	-1.000000	-1.000000	73.241379	0.000000	-1.000000	-1.000000	1910711.000000	1773868065.259881
-6559.605000	1271.250000	12484.440000	14876.415000	-16568.910000	-19353.015000	8665.245000	15478.335000	-2.918540	9.929863	-5.281947	-15.314919	-33.123872	-20.823715	-21.311220	-4.222128	0.793520	8.148840	-3.876040	0.813963	0.396666	0.406493	-1.000000	-1.000000	-1.000000	-1.000000	-1.000000	-1.000000	-1.000000	73.241379	0.000000	-1.000000	-1.000000	1910712.000000	1773868065.259892
-6588.000000	1269.675000	12489.030000	14887.485000	-16556.445000	-19342.530000	8654.940000	15433.155000	19.874196	37.389369	16.422042	-2.050967	-0.893801	5.643327	-0.894038	8.344046	0.793520	8.148840	-3.876040	0.813963	0.396666	0.406493	-1.000000	-1.000000	-1.000000	-1.000000	-1.000000	-1.000000	-1.000000	73.241379	0.000000	-1.000000	-1.000000	1910713.000000	1773868065.264622
-6654.780000	1216.485000	12427.515000	14804.955000	-16622.865000	-19436.445000	8598.015000	15421.950000	32.495460	55.356687	33.273765	10.662819	26.956191	28.330464	19.045699	13.417272	0.793520	8.148840	-3.876040	0.813963	0.396666	0.406493	-1.000000	-1.000000	-1.000000	-1.000000	-1.000000	-1.000000	-1.000000	73.241379	0.000000	-1.000000	-1.000000	1910714.000000	1773868065.264633
-6696.000000	1178.955000	12388.455000	14729.265000	-16704.090000	-19494.180000	8570.655000	15450.255000	28.592038	52.524736	35.537262	13.369353	35.219841	33.492949	26.891939	11.456894	0.793520	8.148840	-3.876040	0.813963	0.396666	0.406493	-1.000000	-1.000000	-1.000000	-1.000000	-1.000000	-1.000000	-1.000000	73.241379	0.000000	-1.000000	-1.000000	1910715.000000	1773868065.268027
-6619.905000	1224.630000	12454.920000	14822.280000	-16599.375000	-19392.255000	8626.770000	15616.440000	11.862386	28.483201	21.578294	2.492980	22.047595	18.580322	19.737048	11.029982	0.793520	8.148840	-3.876040	0.813963	0.396666	0.406493	-1.000000	-1.000000	-1.000000	-1.000000	-1.000000	-1.000000	-1.000000	73.241379	0.000000	-1.000000	-1.000000	1910716.000000	1773868065.268037
-6621.615000	1224.630000	12441.420000	14807.610000	-16636.680000	-19424.790000	8652.780000	15676.245000	-3.706214	-2.799754	1.690632	-11.364680	1.980912	-2.730219	6.833306	20.292699	0.793520	8.148840	-3.876040	0.813963	0.396666	0.406493	-1.000000	-1.000000	-1.000000	-1.000000	-1.000000	-1.000000	-1.000000	73.241379	0.000000	-1.000000	-1.000000	1910717.000000	1773868065.271928
-6634.665000	1227.870000	12444.030000	14818.140000	-16630.155000	-19418.175000	8640.135000	15605.505000	-8.946738	-26.598170	-14.596727	-17.467693	-10.649029	-16.481331	-1.258160	33.395996	0.793520	8.148840	-3.876040	0.813963	0.396666	0.406493	-1.000000	-1.000000	-1.000000	-1.000000	-1.000000	-1.000000	-1.000000	73.241379	0.000000	-1.000000	-1.000000	1910718.000000	1773868065.271938
-6561.090000	1283.310000	12477.285000	14838.165000	-16615.710000	-19414.980000	8621.865000	15575.355000	-6.821803	-36.362085	-23.913754	-14.252538	-12.747607	-18.990531	-3.329851	31.976093	0.793520	8.148840	-3.876040	0.813963	0.396666	0.406493	-1.000000	-1.000000	-1.000000	-1.000000	-1.000000	-1.000000	-1.000000	73.241379	0.000000	-1.000000	-1.000000	1910719.000000	1773868065.277549
-6500.160000	1301.985000	12467.565000	14810.805000	-16639.200000	-19432.980000	8624.655000	15583.635000	-1.700070	-30.722873	-23.966749	-4.307066	-8.163012	-13.574628	-4.757650	7.957507	0.793520	8.148840	-3.876040	0.813963	0.396666	0.406493	-1.000000	-1.000000	-1.000000	-1.000000	-1.000000	-1.000000	-1.000000	73.241379	0.000000	-1.000000	-1.000000	1910720.000000	1773868065.277559
-6519.555000	1252.035000	12408.660000	14760.090000	-16678.170000	-19446.840000	8655.975000	15601.995000	5.110070	-13.723134	-15.516594	6.803144	-3.521156	-6.197631	-7.788501	-24.410824	7.004340	6.821220	-3.402980	0.801634	0.396666	0.407409	-1.000000	-1.000000	-1.000000	-1.000000	-1.000000	-1.000000	-1.000000	73.241379	0.000000	-1.000000	-1.000000	1910721.000000	1773868065.280635
-6556.095000	1233.135000	12383.640000	14771.070000	-16639.515000	-19424.205000	8654.355000	15603.165000	10.371110	4.407833	-4.274039	13.355629	-2.158234	0.222732	-8.656287	-43.736526	7.004340	6.821220	-3.402980	0.801634	0.396666	0.407409	-1.000000	-1.000000	-1.000000	-1.000000	-1.000000	-1.000000	-1.000000	73.241379	0.000000	-1.000000	-1.000000	1910722.000000	1773868065.280646
-6587.820000	1230.120000	12389.085000	14780.610000	-16638.705000	-19452.375000	8664.390000	15595.695000	9.614675	14.773879	5.279549	15.875177	0.328389	7.776419	-3.573705	-41.276006	7.004340	6.821220	-3.402980	0.801634	0.396666	0.407409	-1.000000	-1.000000	-1.000000	-1.000000	-1.000000	-1.000000	-1.000000	73.241379	0.000000	-1.000000	-1.000000	1910723.000000	1773868065.284161
-6616.845000	1232.370000	12421.215000	14786.010000	-16665.525000	-19476.945000	8663.895000	15572.295000	1.300400	15.766543	12.971781	17.763911	7.618558	15.955514	5.430419	-25.255057	7.004340	6.821220	-3.402980	0.801634	0.396666	0.407409	-1.000000	-1.000000	-1.000000	-1.000000	-1.000000	-1.000000	-1.000000	73.241379	0.000000	-1.000000	-1.000000	1910724.000000	1773868065.284172
-6581.565000	1286.370000	12508.560000	14841.765000	-16605.990000	-19404.045000	8635.905000	15562.260000	-11.637962	10.624362	19.201851	17.763706	14.802723	18.767416	10.680322	-11.211144	7.004340	6.821220	-3.402980	0.801634	0.396666	0.407409	-1.000000	-1.000000	-1.000000	-1.000000	-1.000000	-1.000000	-1.000000	73.241379	0.000000	-1.000000	-1.000000	1910725.000000	1773868065.287942
-6537.195000	1330.245000	12552.570000	14858.685000	-16588.125000	-19358.280000	8618.445000	15568.245000	-21.414723	4.153847	22.876813	12.479908	16.042517	14.343534	5.902604	-6.793327	7.004340	6.821220	-3.402980	0.801634	0.396666	0.407409	-1.000000	-1.000000	-1.000000	-1.000000	-1.000000	-1.000000	-1.000000	73.241379	0.000000	-1.000000	-1.000000	1910726.000000	1773868065.287953
-6511.995000	1351.440000	12566.295000	14873.715000	-16621.065000	-19371.420000	8653.950000	15598.935000	-20.360722	-0.002268	21.560532	2.233386	10.884777	7.307524	-5.623824	-4.833914	7.004340	6.821220	-3.402980	0.801634	0.396666	0.407409	-1.000000	-1.000000	-1.000000	-1.000000	-1.000000	-1.000000	-1.000000	73.241379	0.000000	-1.000000	-1.000000	1910727.000000	1773868065.292183
-6507.225000	1383.345000	12615.030000	14936.985000	-16509.915000	-19323.180000	8705.385000	15608.520000	-9.824264	-2.073848	13.060417	-8.454773	2.075620	0.813136	-12.955686	5.214846	7.004340	6.821220	-3.402980	0.801634	0.396666	0.407409	-1.000000	-1.000000	-1.000000	-1.000000	-1.000000	-1.000000	-1.000000	73.241379	0.000000	-1.000000	-1.000000	1910728.000000	1773868065.292188
-6533.505000	1345.095000	12561.705000	14893.335000	-16557.975000	-19351.665000	8679.555000	15550.785000	0.926396	-4.163604	-1.045658	-13.997156	-5.242196	-4.702811	-9.503111	21.804370	7.004340	6.821220	-3.402980	0.801634	0.396666	0.407409	-1.000000	-1.000000	-1.000000	-1.000000	-1.000000	-1.000000	-1.000000	73.241379	0.000000	-1.000000	-1.000000	1910729.000000	1773868065.296049
-6627.690000	1222.515000	12437.055000	14811.885000	-16631.370000	-19426.545000	8636.085000	15492.600000	4.686945	-8.051161	-17.079624	-14.013271	-9.281678	-10.329807	-0.508972	32.005370	7.004340	6.821220	-3.402980	0.801634	0.396666	0.407409	-1.000000	-1.000000	-1.000000	-1.000000	-1.000000	-1.000000	-1.000000	73.241379	0.000000	-1.000000	-1.000000	1910730.000000	1773868065.296054
-6608.835000	1233.585000	12446.955000	14819.175000	-16622.910000	-19418.715000	8635.185000	15547.185000	2.242029	-14.170018	-31.467335	-13.367965	-13.750670	-17.145647	4.667971	27.145109	-4.104940	18.357780	-2.365300	0.798460	0.413451	0.408019	-1.000000	-1.000000	-1.000000	-1.000000	-1.000000	-1.000000	-1.000000	73.241379	0.000000	-1.000000	-1.000000	1910731.000000	1773868065.303298
-6562.170000	1241.055000	12436.020000	14796.945000	-16658.820000	-19468.215000	8621.730000	15630.795000	1.353560	-18.107216	-38.038906	-13.814823	-18.623625	-21.660187	3.470343	13.610000	-4.104940	18.357780	-2.365300	0.798460	0.413451	0.408019	-1.000000	-1.000000	-1.000000	-1.000000	-1.000000	-1.000000	-1.000000	73.241379	0.000000	-1.000000	-1.000000	1910732.000000	1773868065.303317
-6571.935000	1221.795000	12411.945000	14771.520000	-16681.680000	-19466.730000	8615.970000	15585.255000	7.787541	-14.402729	-32.492726	-13.465139	-19.687310	-19.641430	-0.564199	2.882393	-4.104940	18.357780	-2.365300	0.798460	0.413451	0.408019	-1.000000	-1.000000	-1.000000	-1.000000	-1.000000	-1.000000	-1.000000	73.241379	0.000000	-1.000000	-1.000000	1910733.000000	1773868065.303905
-6544.080000	1232.190000	12413.880000	14772.735000	-16655.625000	-19425.060000	8602.515000	15555.555000	16.841512	-4.788603	-18.824634	-11.955663	-15.491365	-11.931620	-3.344764	-3.600224	-4.104940	18.357780	-2.365300	0.798460	0.413451	0.408019	-1.000000	-1.000000	-1.000000	-1.000000	-1.000000	-1.000000	-1.000000	73.241379	0.000000	-1.000000	-1.000000	1910734.000000	1773868065.303915
-6541.695000	1232.010000	12415.185000	14769.135000	-16648.335000	-19409.130000	8617.455000	15562.260000	19.098156	4.504167	-3.782952	-8.946484	-6.382980	-1.144819	-2.494853	-10.283133	-4.104940	18.357780	-2.365300	0.798460	0.413451	0.408019	-1.000000	-1.000000	-1.000000	-1.000000	-1.000000	-1.000000	-1.000000	73.241379	0.000000	-1.000000	-1.000000	1910735.000000	1773868065.307970
-6593.805000	1213.785000	12419.100000	14778.180000	-16623.810000	-19381.320000	8650.755000	15553.215000	9.990431	9.360383	9.434289	-2.920345	6.478926	10.752593	1.665128	-16.756282	-4.104940	18.357780	-2.365300	0.798460	0.413451	0.408019	-1.000000	-1.000000	-1.000000	-1.000000	-1.000000	-1.000000	-1.000000	73.241379	0.000000	-1.000000	-1.000000	1910736.000000	1773868065.307980
-6579.270000	1229.130000	12442.545000	14787.045000	-16608.420000	-19375.425000	8671.995000	15553.575000	-7.394320	9.518512	20.111745	6.062305	18.427058	20.535253	6.590228	-18.793333	-4.104940	18.357780	-2.365300	0.798460	0.413451	0.408019	-1.000000	-1.000000	-1.000000	-1.000000	-1.000000	-1.000000	-1.000000	73.241379	0.000000	-1.000000	-1.000000	1910737.000000	1773868065.312077
-6549.525000	1251.675000	12449.430000	14778.540000	-16636.005000	-19411.920000	8647.335000	15553.395000	-21.604349	9.759238	29.412815	16.764509	24.483379	24.446809	9.677364	-12.991610	-4.104940	18.357780	-2.365300	0.798460	0.413451	0.408019	-1.000000	-1.000000	-1.000000	-1.000000	-1.000000	-1.000000	-1.000000	73.241379	0.000000	-1.000000	-1.000000	1910738.000000	1773868065.312087
-6591.555000	1245.510000	12413.385000	14755.455000	-16671.240000	-19432.530000	8631.540000	15526.485000	-20.527828	15.897524	37.886542	26.980011	23.229554	20.860617	9.414756	-0.435384	-4.104940	18.357780	-2.365300	0.798460	0.413451	0.408019	-1.000000	-1.000000	-1.000000	-1.000000	-1.000000	-1.000000	-1.000000	73.241379	0.000000	-1.000000	-1.000000	1910739.000000	1773868065.315974
-6579.855000	1307.205000	12486.105000	14808.735000	-16633.350000	-19425.195000	8654.355000	15518.700000	-5.220957	25.851245	41.120906	32.224890	15.858939	11.567142	5.882745	10.672052	-4.104940	18.357780	-2.365300	0.798460	0.413451	0.408019	-1.000000	-1.000000	-1.000000	-1.000000	-1.000000	-1.000000	-1.000000	73.241379	0.000000	-1.000000	-1.000000	1910740.000000	1773868065.315981
-6551.190000	1326.600000	12517.650000	14816.520000	-16622.730000	-19400.670000	8641.260000	15515.640000	11.649783	30.636281	34.057079	29.046015	6.389387	1.456333	0.888765	11.484403	-3.723440	17.060680	-0.091560	0.799436	0.420958	0.408812	-1.000000	-1.000000	-1.000000	-1.000000	-1.000000	-1.000000	-1.000000	73.241379	0.000000	-1.000000	-1.000000	1910741.000000	1773868065.319902
-6576.840000	1279.845000	12469.275000	14795.730000	-16646.445000	-19409.535000	8618.265000	15519.960000	19.127029	22.566025	15.861382	17.100766	-1.421417	-5.718888	-3.931619	3.112603	-3.723440	17.060680	-0.091560	0.799436	0.420958	0.408812	-1.000000	-1.000000	-1.000000	-1.000000	-1.000000	-1.000000	-1.000000	73.241379	0.000000	-1.000000	-1.000000	1910742.000000	1773868065.319911
-6543.360000	1300.635000	12492.405000	14852.115000	-16629.795000	-19417.050000	8607.285000	15592.185000	14.105638	0.575026	-10.551808	-1.034254	-8.082195	-11.191779	-8.054247	-3.861840	-3.723440	17.060680	-0.091560	0.799436	0.420958	0.408812	-1.000000	-1.000000	-1.000000	-1.000000	-1.000000	-1.000000	-1.000000	73.241379	0.000000	-1.000000	-1.000000	1910743.000000	1773868065.323986
-6530.400000	1312.560000	12503.475000	14855.535000	-16636.995000	-19422.000000	8603.955000	15629.355000	1.661392	-26.389239	-36.465203	-18.532501	-14.372002	-16.968824	-11.111465	-0.687125	-3.723440	17.060680	-0.091560	0.799436	0.420958	0.408812	-1.000000	-1.000000	-1.000000	-1.000000	-1.000000	-1.000000	-1.000000	73.241379	0.000000	-1.000000	-1.000000	1910744.000000	1773868065.324003
-6566.130000	1256.985000	12451.455000	14809.590000	-16641.045000	-19430.640000	8632.800000	15642.360000	-9.293887	-44.735516	-51.062853	-29.260384	-18.915716	-21.298346	-12.406861	10.713018	-3.723440	17.060680	-0.091560	0.799436	0.420958	0.408812	-1.000000	-1.000000	-1.000000	-1.000000	-1.000000	-1.000000	-1.000000	73.241379	0.000000	-1.000000	-1.000000	1910745.000000	1773868065.328096
-6583.320000	1213.020000	12406.230000	14772.465000	-16659.540000	-19442.745000	8648.865000	15612.075000	-14.272809	-47.707176	-50.386838	-32.700720	-19.985923	-20.416843	-10.144375	19.948327	-3.723440	17.060680	-0.091560	0.799436	0.420958	0.408812	-1.000000	-1.000000	-1.000000	-1.000000	-1.000000	-1.000000	-1.000000	73.241379	0.000000	-1.000000	-1.000000	1910746.000000	1773868065.328107
-6567.480000	1224.720000	12411.090000	14749.605000	-16693.155000	-19430.280000	8654.670000	15599.070000	-13.385537	-36.212079	-36.134942	-29.523915	-15.546872	-11.316719	-2.401336	17.923999	-3.723440	17.060680	-0.091560	0.799436	0.420958	0.408812	-1.000000	-1.000000	-1.000000	-1.000000	-1.000000	-1.000000	-1.000000	73.241379	0.000000	-1.000000	-1.000000	1910747.000000	1773868065.331910
-6551.460000	1302.705000	12486.015000	14796.855000	-16616.295000	-19362.465000	8661.915000	15535.485000	-6.540442	-13.133289	-10.761249	-18.716926	-4.446723	5.924192	9.062311	3.429278	-3.723440	17.060680	-0.091560	0.799436	0.420958	0.408812	-1.000000	-1.000000	-1.000000	-1.000000	-1.000000	-1.000000	-1.000000	73.241379	0.000000	-1.000000	-1.000000	1910748.000000	1773868065.331918
-6516.990000	1421.055000	12618.315000	14934.555000	-16483.005000	-19260.495000	8695.935000	15447.420000	4.575340	16.654028	20.673755	0.126204	12.728545	26.866233	18.464307	-18.624590	-3.723440	17.060680	-0.091560	0.799436	0.420958	0.408812	-1.000000	-1.000000	-1.000000	-1.000000	-1.000000	-1.000000	-1.000000	73.241379	0.000000	-1.000000	-1.000000	1910749.000000	1773868065.336972
-6419.430000	1475.055000	12681.225000	15015.105000	-16432.335000	-19236.375000	8724.285000	15471.810000	15.487881	44.640759	48.988126	24.690682	32.495410	43.053951	21.381282	-38.983105	-3.723440	17.060680	-0.091560	0.799436	0.420958	0.408812	-1.000000	-1.000000	-1.000000	-1.000000	-1.000000	-1.000000	-1.000000	73.241379	0.000000	-1.000000	-1.000000	1910750.000000	1773868065.336982
-6510.330000	1318.185000	12524.940000	14893.560000	-16572.915000	-19374.255000	8679.420000	15656.265000	21.157519	57.678063	60.936326	44.481214	43.377544	42.339783	17.129048	-42.836526	-1.342880	20.753600	1.724380	0.800108	0.420653	0.399718	-1.000000	-1.000000	-1.000000	-1.000000	-1.000000	-1.000000	-1.000000	73.241379	0.000000	-1.000000	-1.000000	1910751.000000	1773868065.340062
-6661.125000	1127.160000	12341.970000	14722.200000	-16706.565000	-19471.815000	8633.520000	15738.930000	13.571802	40.402549	41.760803	40.242399	29.214916	15.698246	5.718699	-19.611270	-1.342880	20.753600	1.724380	0.800108	0.420653	0.399718	-1.000000	-1.000000	-1.000000	-1.000000	-1.000000	-1.000000	-1.000000	73.241379	0.000000	-1.000000	-1.000000	1910752.000000	1773868065.340072
-6645.645000	1170.180000	12393.225000	14771.340000	-16651.035000	-19458.990000	8611.425000	15622.785000	-10.501948	-6.756666	-7.285455	4.998512	-10.636713	-28.634222	-11.608460	19.265960	-1.342880	20.753600	1.724380	0.800108	0.420653	0.399718	-1.000000	-1.000000	-1.000000	-1.000000	-1.000000	-1.000000	-1.000000	73.241379	0.000000	-1.000000	-1.000000	1910753.000000	1773868065.344047
-6599.880000	1204.695000	12424.230000	14794.200000	-16631.955000	-19434.420000	8633.610000	15598.665000	-35.654520	-54.013434	-55.933694	-37.807911	-51.107895	-64.016339	-28.493022	45.064622	-1.342880	20.753600	1.724380	0.800108	0.420653	0.399718	-1.000000	-1.000000	-1.000000	-1.000000	-1.000000	-1.000000	-1.000000	73.241379	0.000000	-1.000000	-1.000000	1910754.000000	1773868065.344055
-6559.335000	1253.970000	12477.285000	14847.120000	-16565.220000	-19356.435000	8673.075000	15590.205000	-39.204296	-65.591036	-68.238620	-54.122950	-62.086646	-65.338827	-34.577938	40.877909	-1.342880	20.753600	1.724380	0.800108	0.420653	0.399718	-1.000000	-1.000000	-1.000000	-1.000000	-1.000000	-1.000000	-1.000000	73.241379	0.000000	-1.000000	-1.000000	1910755.000000	1773868065.347979
-6551.010000	1297.710000	12501.495000	14860.395000	-16585.830000	-19368.225000	8681.490000	15605.955000	-15.684733	-33.905827	-36.493349	-32.378048	-35.543644	-30.159200	-23.508224	15.725505	-1.342880	20.753600	1.724380	0.800108	0.420653	0.399718	-1.000000	-1.000000	-1.000000	-1.000000	-1.000000	-1.000000	-1.000000	73.241379	0.000000	-1.000000	-1.000000	1910756.000000	1773868065.347986
-6604.785000	1264.815000	12439.260000	14781.375000	-16669.260000	-19459.080000	8623.215000	15599.835000	17.972716	15.461726	12.864414	7.365181	6.673427	16.735048	-1.267630	-9.302423	-1.342880	20.753600	1.724380	0.800108	0.420653	0.399718	-1.000000	-1.000000	-1.000000	-1.000000	-1.000000	-1.000000	-1.000000	73.241379	0.000000	-1.000000	-1.000000	1910757.000000	1773868065.352104
-6608.250000	1184.220000	12400.380000	14774.535000	-16653.555000	-19458.090000	8632.125000	15599.475000	37.394442	45.486722	41.892074	31.796502	31.776309	42.608432	17.165530	-19.469012	-1.342880	20.753600	1.724380	0.800108	0.420653	0.399718	-1.000000	-1.000000	-1.000000	-1.000000	-1.000000	-1.000000	-1.000000	73.241379	0.000000	-1.000000	-1.000000	1910758.000000	1773868065.352113
-6514.290000	1285.425000	12500.505000	14863.950000	-16573.545000	-19363.275000	8662.770000	15602.355000	32.296070	39.665383	35.700201	26.794886	28.845368	37.765757	22.793959	-15.473171	-1.342880	20.753600	1.724380	0.800108	0.420653	0.399718	-1.000000	-1.000000	-1.000000	-1.000000	-1.000000	-1.000000	-1.000000	73.241379	0.000000	-1.000000	-1.000000	1910759.000000	1773868065.358564
-6520.995000	1294.785000	12497.895000	14838.930000	-16580.295000	-19354.905000	8638.920000	15567.885000	14.955803	16.650508	14.745091	9.254776	16.169138	21.685244	19.162888	-10.698675	-1.342880	20.753600	1.724380	0.800108	0.420653	0.399718	-1.000000	-1.000000	-1.000000	-1.000000	-1.000000	-1.000000	-1.000000	73.241379	0.000000	-1.000000	-1.000000	1910760.000000	1773868065.358571
-6593.715000	1219.140000	12412.800000	14742.675000	-16646.670000	-19455.885000	8599.095000	15541.065000	2.669314	3.562101	4.698103	0.541282	12.443191	13.596089	12.864590	-15.462802	5.585160	16.770740	-2.884140	0.802793	0.403319	0.387511	-1.000000	-1.000000	-1.000000	-1.000000	-1.000000	-1.000000	-1.000000	73.241379	0.000000	-1.000000	-1.000000	1910761.000000	1773868065.359910
-6578.595000	1245.240000	12431.430000	14754.915000	-16675.065000	-19482.615000	8618.085000	15560.955000	-1.757707	4.060060	6.626375	1.728982	14.387018	10.570457	5.982294	-22.813358	5.585160	16.770740	-2.884140	0.802793	0.403319	0.387511	-1.000000	-1.000000	-1.000000	-1.000000	-1.000000	-1.000000	-1.000000	73.241379	0.000000	-1.000000	-1.000000	1910762.000000	1773868065.359917
-6563.565000	1249.155000	12435.705000	14780.295000	-16675.875000	-19473.705000	8635.590000	15577.335000	-5.215538	5.220989	7.156569	3.079832	9.071973	1.492103	-1.081548	-17.410613	5.585160	16.770740	-2.884140	0.802793	0.403319	0.387511	-1.000000	-1.000000	-1.000000	-1.000000	-1.000000	-1.000000	-1.000000	73.241379	0.000000	-1.000000	-1.000000	1910763.000000	1773868065.364042
-6570.585000	1237.590000	12435.120000	14801.670000	-16617.915000	-19397.655000	8625.420000	15559.920000	-11.144132	-1.484092	-0.331183	0.930505	-4.806247	-13.004775	-7.074005	3.648531	5.585160	16.770740	-2.884140	0.802793	0.403319	0.387511	-1.000000	-1.000000	-1.000000	-1.000000	-1.000000	-1.000000	-1.000000	73.241379	0.000000	-1.000000	-1.000000	1910764.000000	1773868065.364058
-6586.470000	1240.470000	12440.160000	14757.210000	-16681.050000	-19395.270000	8619.930000	15541.920000	-17.172950	-15.074327	-12.586150	-2.869976	-17.148713	-21.885013	-10.604551	27.254264	5.585160	16.770740	-2.884140	0.802793	0.403319	0.387511	-1.000000	-1.000000	-1.000000	-1.000000	-1.000000	-1.000000	-1.000000	73.241379	0.000000	-1.000000	-1.000000	1910765.000000	1773868065.368025
-6612.030000	1230.030000	12419.190000	14729.985000	-16662.195000	-19365.345000	8634.555000	15521.670000	-19.109251	-27.724359	-22.125578	-6.914266	-20.315005	-17.204331	-9.946662	38.410633	5.585160	16.770740	-2.884140	0.802793	0.403319	0.387511	-1.000000	-1.000000	-1.000000	-1.000000	-1.000000	-1.000000	-1.000000	73.241379	0.000000	-1.000000	-1.000000	1910766.000000	1773868065.368033
-6596.370000	1221.525000	12393.000000	14727.330000	-16686.720000	-19415.565000	8649.720000	15549.480000	-15.648164	-30.592190	-24.059043	-11.096563	-15.465228	-3.613453	-4.655099	32.179836	5.585160	16.770740	-2.884140	0.802793	0.403319	0.387511	-1.000000	-1.000000	-1.000000	-1.000000	-1.000000	-1.000000	-1.000000	73.241379	0.000000	-1.000000	-1.000000	1910767.000000	1773868065.371976
-6534.945000	1284.435000	12428.820000	14777.235000	-16684.245000	-19472.850000	8658.495000	15592.950000	-8.336079	-20.643545	-18.696223	-13.672220	-8.185592	5.080883	2.511410	14.269490	5.585160	16.770740	-2.884140	0.802793	0.403319	0.387511	-1.000000	-1.000000	-1.000000	-1.000000	-1.000000	-1.000000	-1.000000	73.241379	0.000000	-1.000000	-1.000000	1910768.000000	1773868065.371988
-6516.630000	1325.520000	12489.390000	14829.030000	-16632.675000	-19438.290000	8653.095000	15604.200000	3.236362	0.102652	-5.752480	-8.341468	-0.190024	2.158823	8.227849	-4.818083	5.585160	16.770740	-2.884140	0.802793	0.403319	0.387511	-1.000000	-1.000000	-1.000000	-1.000000	-1.000000	-1.000000	-1.000000	73.241379	0.000000	-1.000000	-1.000000	1910769.000000	1773868065.375938
-6523.470000	1285.785000	12439.755000	14788.530000	-16658.865000	-19402.245000	8648.730000	15627.690000	18.801919	25.032895	14.411627	8.390011	10.801682	-3.003112	10.748706	-15.831195	5.585160	16.770740	-2.884140	0.802793	0.403319	0.387511	-1.000000	-1.000000	-1.000000	-1.000000	-1.000000	-1.000000	-1.000000	73.241379	0.000000	-1.000000	-1.000000	1910770.000000	1773868065.375944
-6526.170000	1287.630000	12419.235000	14784.570000	-16630.290000	-19377.945000	8644.455000	15597.990000	30.566542	40.503121	31.502394	26.348555	22.117325	0.997173	8.491775	-16.175134	11.826500	17.579520	-10.346280	0.804502	0.402465	0.387328	-1.000000	-1.000000	-1.000000	-1.000000	-1.000000	-1.000000	-1.000000	73.241379	0.000000	-1.000000	-1.000000	1910771.000000	1773868065.380008
-6532.155000	1323.225000	12465.630000	14812.155000	-16631.190000	-19408.905000	8650.035000	15598.935000	28.380902	35.743860	32.622011	30.046351	25.812823	11.032383	0.901781	-11.087647	11.826500	17.579520	-10.346280	0.804502	0.402465	0.387328	-1.000000	-1.000000	-1.000000	-1.000000	-1.000000	-1.000000	-1.000000	73.241379	0.000000	-1.000000	-1.000000	1910772.000000	1773868065.380013
-6568.920000	1260.765000	12462.885000	14816.655000	-16643.475000	-19446.255000	8646.930000	15590.115000	10.912934	13.463446	17.517168	16.077293	17.084476	13.641619	-8.615514	-6.736352	11.826500	17.579520	-10.346280	0.804502	0.402465	0.387328	-1.000000	-1.000000	-1.000000	-1.000000	-1.000000	-1.000000	-1.000000	73.241379	0.000000	-1.000000	-1.000000	1910773.000000	1773868065.391654
-6568.650000	1204.110000	12438.135000	14757.120000	-16695.630000	-19443.015000	8640.360000	15577.155000	-12.394290	-15.591306	-3.788540	-5.901600	-0.979168	2.462480	-14.342927	-4.565406	11.826500	17.579520	-10.346280	0.804502	0.402465	0.387328	-1.000000	-1.000000	-1.000000	-1.000000	-1.000000	-1.000000	-1.000000	73.241379	0.000000	-1.000000	-1.000000	1910774.000000	1773868065.391665
-6550.335000	1243.440000	12472.920000	14756.895000	-16684.515000	-19390.725000	8635.995000	15577.110000	-28.291084	-38.560098	-20.409528	-24.142744	-19.667593	-13.553202	-13.551675	-3.342185	11.826500	17.579520	-10.346280	0.804502	0.402465	0.387328	-1.000000	-1.000000	-1.000000	-1.000000	-1.000000	-1.000000	-1.000000	73.241379	0.000000	-1.000000	-1.000000	1910775.000000	1773868065.391676
-6565.770000	1253.655000	12484.710000	14800.500000	-16626.645000	-19370.070000	8644.185000	15560.460000	-29.925122	-43.555583	-25.024141	-31.349674	-29.309250	-19.570430	-8.093018	-3.072032	11.826500	17.579520	-10.346280	0.804502	0.402465	0.387328	-1.000000	-1.000000	-1.000000	-1.000000	-1.000000	-1.000000	-1.000000	73.241379	0.000000	-1.000000	-1.000000	1910776.000000	1773868065.391681
-6569.550000	1272.825000	12494.160000	14831.505000	-16566.210000	-19373.715000	8646.075000	15543.495000	-20.888264	-28.424862	-17.799180	-25.282287	-23.195642	-9.511358	-0.979552	-5.262824	11.826500	17.579520	-10.346280	0.804502	0.402465	0.387328	-1.000000	-1.000000	-1.000000	-1.000000	-1.000000	-1.000000	-1.000000	73.241379	0.000000	-1.000000	-1.000000	1910777.000000	1773868065.392038
-6556.230000	1311.480000	12508.380000	14818.410000	-16587.405000	-19336.140000	8642.430000	15484.545000	-7.755626	-1.908202	-5.241507	-9.170414	-3.804404	9.124860	5.946065	-9.669209	11.826500	17.579520	-10.346280	0.804502	0.402465	0.387328	-1.000000	-1.000000	-1.000000	-1.000000	-1.000000	-1.000000	-1.000000	73.241379	0.000000	-1.000000	-1.000000	1910778.000000	1773868065.392047
-6501.690000	1336.275000	12513.780000	14818.635000	-16635.105000	-19357.155000	8662.095000	15463.665000	6.502706	24.662839	6.522602	9.129479	15.631842	22.670566	11.164382	-13.066551	11.826500	17.579520	-10.346280	0.804502	0.402465	0.387328	-1.000000	-1.000000	-1.000000	-1.000000	-1.000000	-1.000000	-1.000000	73.241379	0.000000	-1.000000	-1.000000	1910779.000000	1773868065.395977
-6518.250000	1330.110000	12513.420000	14836.275000	-16603.965000	-19355.355000	8706.195000	15537.195000	19.544620	40.777621	13.690666	21.181704	21.794857	21.667286	13.559695	-10.091263	11.826500	17.579520	-10.346280	0.804502	0.402465	0.387328	-1.000000	-1.000000	-1.000000	-1.000000	-1.000000	-1.000000	-1.000000	73.241379	0.000000	-1.000000	-1.000000	1910780.000000	1773868065.395989
-6528.195000	1362.960000	12546.000000	14913.090000	-16530.030000	-19308.645000	8735.355000	15651.720000	26.271863	39.331035	13.553378	23.066360	13.939847	7.814002	13.404723	4.744286	-3.753960	17.686340	-1.068200	0.788999	0.417540	0.398864	-1.000000	-1.000000	-1.000000	-1.000000	-1.000000	-1.000000	-1.000000	73.241379	0.000000	-1.000000	-1.000000	1910781.000000	1773868065.400069
-6438.465000	1434.645000	12625.875000	15013.170000	-16462.620000	-19246.995000	8701.830000	15582.690000	24.181765	23.940261	7.934617	18.979300	3.844418	-6.866735	10.734156	28.459184	-3.753960	17.686340	-1.068200	0.788999	0.417540	0.398864	-1.000000	-1.000000	-1.000000	-1.000000	-1.000000	-1.000000	-1.000000	73.241379	0.000000	-1.000000	-1.000000	1910782.000000	1773868065.400080
-6463.440000	1400.400000	12625.200000	14994.450000	-16459.245000	-19257.210000	8659.935000	15520.905000	16.794651	6.178487	3.196089	16.169505	2.078055	-12.204179	3.685579	44.466615	-3.753960	17.686340	-1.068200	0.788999	0.417540	0.398864	-1.000000	-1.000000	-1.000000	-1.000000	-1.000000	-1.000000	-1.000000	73.241379	0.000000	-1.000000	-1.000000	1910783.000000	1773868065.403998
-6607.665000	1215.945000	12439.710000	14818.005000	-16621.875000	-19425.690000	8596.485000	15547.455000	4.713001	-10.493815	-0.954483	11.305235	3.958227	-12.177575	-9.005873	37.272872	-3.753960	17.686340	-1.068200	0.788999	0.417540	0.398864	-1.000000	-1.000000	-1.000000	-1.000000	-1.000000	-1.000000	-1.000000	73.241379	0.000000	-1.000000	-1.000000	1910784.000000	1773868065.404009
-6681.105000	1085.130000	12313.530000	14686.650000	-16745.130000	-19540.845000	8588.700000	15687.585000	-16.067698	-33.010840	-14.082622	-8.768005	-6.472466	-19.042939	-23.831486	11.778101	-3.753960	17.686340	-1.068200	0.788999	0.417540	0.398864	-1.000000	-1.000000	-1.000000	-1.000000	-1.000000	-1.000000	-1.000000	73.241379	0.000000	-1.000000	-1.000000	1910785.000000	1773868065.407948
-6642.540000	1150.695000	12381.750000	14735.385000	-16704.675000	-19491.345000	8611.785000	15664.860000	-39.851289	-58.437245	-35.883784	-43.226702	-32.667589	-33.237727	-31.786273	-11.850356	-3.753960	17.686340	-1.068200	0.788999	0.417540	0.398864	-1.000000	-1.000000	-1.000000	-1.000000	-1.000000	-1.000000	-1.000000	73.241379	0.000000	-1.000000	-1.000000	1910786.000000	1773868065.407954
-6595.650000	1248.975000	12462.570000	14795.010000	-16652.970000	-19451.070000	8611.380000	15613.605000	-49.075035	-65.581457	-46.214522	-66.401285	-52.980247	-38.389239	-24.968054	-21.437706	-3.753960	17.686340	-1.068200	0.788999	0.417540	0.398864	-1.000000	-1.000000	-1.000000	-1.000000	-1.000000	-1.000000	-1.000000	73.241379	0.000000	-1.000000	-1.000000	1910787.000000	1773868065.412172
-6553.440000	1280.430000	12462.210000	14787.090000	-16662.645000	-19468.980000	8623.665000	15601.635000	-32.495252	-37.655970	-27.258954	-53.830628	-43.157718	-21.104917	-5.413534	-21.259420	-3.753960	17.686340	-1.068200	0.788999	0.417540	0.398864	-1.000000	-1.000000	-1.000000	-1.000000	-1.000000	-1.000000	-1.000000	73.241379	0.000000	-1.000000	-1.000000	1910788.000000	1773868065.412181
-6597.945000	1215.450000	12422.070000	14749.605000	-16666.065000	-19454.400000	8643.330000	15582.510000	2.424762	14.241178	12.682548	-10.925310	-5.381173	12.599008	15.838640	-21.027184	-3.753960	17.686340	-1.068200	0.788999	0.417540	0.398864	-1.000000	-1.000000	-1.000000	-1.000000	-1.000000	-1.000000	-1.000000	73.241379	0.000000	-1.000000	-1.000000	1910789.000000	1773868065.416087
-6574.140000	1213.920000	12429.630000	14745.015000	-16629.570000	-19393.740000	8654.265000	15558.705000	35.638434	58.325183	46.521092	33.016545	35.277275	44.108057	28.471395	-25.056691	-3.753960	17.686340	-1.068200	0.788999	0.417540	0.398864	-1.000000	-1.000000	-1.000000	-1.000000	-1.000000	-1.000000	-1.000000	73.241379	0.000000	-1.000000	-1.000000	1910790.000000	1773868065.416094
-6569.730000	1255.995000	12471.975000	14770.215000	-16657.155000	-19377.990000	8658.945000	15495.435000	49.549677	70.931087	54.529156	53.467922	55.811275	58.095042	29.689385	-28.483272	2.777320	16.801260	1.510740	0.779539	0.430846	0.401488	-1.000000	-1.000000	-1.000000	-1.000000	-1.000000	-1.000000	-1.000000	73.241379	0.000000	-1.000000	-1.000000	1910791.000000	1773868065.420112
-6611.220000	1319.850000	12537.720000	14855.310000	-16617.915000	-19372.770000	8653.140000	15504.795000	40.315476	54.866124	39.769413	49.883871	50.851488	50.795472	23.013881	-22.575941	2.777320	16.801260	1.510740	0.779539	0.430846	0.401488	-1.000000	-1.000000	-1.000000	-1.000000	-1.000000	-1.000000	-1.000000	73.241379	0.000000	-1.000000	-1.000000	1910792.000000	1773868065.420123
-6581.565000	1270.935000	12478.455000	14823.090000	-16626.465000	-19383.075000	8628.435000	15626.880000	18.874564	30.227909	20.281963	38.878141	32.277464	30.562778	12.884199	-4.347592	2.777320	16.801260	1.510740	0.779539	0.430846	0.401488	-1.000000	-1.000000	-1.000000	-1.000000	-1.000000	-1.000000	-1.000000	73.241379	0.000000	-1.000000	-1.000000	1910793.000000	1773868065.424119
-6526.665000	1269.810000	12468.465000	14809.725000	-16637.220000	-19417.770000	8619.885000	15646.455000	1.337429	11.081984	7.764519	30.893332	14.738837	9.128271	1.282456	20.146441	2.777320	16.801260	1.510740	0.779539	0.430846	0.401488	-1.000000	-1.000000	-1.000000	-1.000000	-1.000000	-1.000000	-1.000000	73.241379	0.000000	-1.000000	-1.000000	1910794.000000	1773868065.424129
-6502.545000	1291.770000	12486.465000	14845.095000	-16589.205000	-19386.855000	8639.190000	15628.140000	-5.155531	-4.266649	-1.559755	20.899282	1.842577	-9.606000	-10.501410	39.697342	2.777320	16.801260	1.510740	0.779539	0.430846	0.401488	-1.000000	-1.000000	-1.000000	-1.000000	-1.000000	-1.000000	-1.000000	73.241379	0.000000	-1.000000	-1.000000	1910795.000000	1773868065.428040
-6533.730000	1257.795000	12453.165000	14822.505000	-16621.785000	-19406.655000	8647.245000	15610.095000	-7.071431	-22.807454	-15.432446	1.629725	-10.035991	-26.618586	-19.153666	45.217823	2.777320	16.801260	1.510740	0.779539	0.430846	0.401488	-1.000000	-1.000000	-1.000000	-1.000000	-1.000000	-1.000000	-1.000000	73.241379	0.000000	-1.000000	-1.000000	1910796.000000	1773868065.428052
-6532.470000	1281.600000	12478.995000	14838.750000	-16602.030000	-19391.670000	8649.630000	15582.105000	-13.367708	-43.031599	-32.258327	-23.913218	-22.108826	-38.954760	-21.581009	33.920180	2.777320	16.801260	1.510740	0.779539	0.430846	0.401488	-1.000000	-1.000000	-1.000000	-1.000000	-1.000000	-1.000000	-1.000000	73.241379	0.000000	-1.000000	-1.000000	1910797.000000	1773868065.432085
-6536.340000	1289.745000	12484.170000	14833.305000	-16589.880000	-19377.765000	8654.310000	15565.860000	-23.100559	-52.899122	-41.307536	-44.129219	-31.098289	-41.347380	-18.073661	9.507550	2.777320	16.801260	1.510740	0.779539	0.430846	0.401488	-1.000000	-1.000000	-1.000000	-1.000000	-1.000000	-1.000000	-1.000000	73.241379	0.000000	-1.000000	-1.000000	1910798.000000	1773868065.432095
-6539.355000	1260.540000	12457.080000	14808.555000	-16600.545000	-19392.030000	8640.225000	15582.555000	-28.640370	-43.495961	-35.540964	-49.761252	-33.029729	-33.200070	-11.071404	-16.888979	2.777320	16.801260	1.510740	0.779539	0.430846	0.401488	-1.000000	-1.000000	-1.000000	-1.000000	-1.000000	-1.000000	-1.000000	73.241379	0.000000	-1.000000	-1.000000	1910799.000000	1773868065.435995
-6547.995000	1256.355000	12463.695000	14811.750000	-16625.115000	-19406.115000	8625.330000	15576.750000	-25.380345	-20.555513	-19.714309	-40.986016	-27.126872	-19.244392	-3.033955	-30.823660	2.777320	16.801260	1.510740	0.779539	0.430846	0.401488	-1.000000	-1.000000	-1.000000	-1.000000	-1.000000	-1.000000	-1.000000	73.241379	0.000000	-1.000000	-1.000000	1910800.000000	1773868065.436006
-6575.175000	1262.790000	12471.975000	14821.110000	-16596.630000	-19375.740000	8632.170000	15549.210000	-13.354652	3.750171	-2.008529	-23.047083	-14.925522	-3.137119	4.509153	-27.807337	-5.417300	18.693500	2.426340	0.786985	0.431517	0.398986	-1.000000	-1.000000	-1.000000	-1.000000	-1.000000	-1.000000	-1.000000	73.241379	0.000000	-1.000000	-1.000000	1910801.000000	1773868065.440035
-6555.285000	1310.895000	12512.025000	14857.515000	-16584.930000	-19354.545000	8657.640000	15556.050000	3.336931	23.696406	15.370292	0.284808	2.003087	15.091732	11.399731	-18.211756	-5.417300	18.693500	2.426340	0.786985	0.431517	0.398986	-1.000000	-1.000000	-1.000000	-1.000000	-1.000000	-1.000000	-1.000000	73.241379	0.000000	-1.000000	-1.000000	1910802.000000	1773868065.440046
-6526.170000	1363.860000	12539.520000	14870.745000	-16598.115000	-19375.245000	8672.895000	15583.230000	17.345946	38.283796	31.544324	24.606374	19.205244	32.225989	17.044531	-11.919940	-5.417300	18.693500	2.426340	0.786985	0.431517	0.398986	-1.000000	-1.000000	-1.000000	-1.000000	-1.000000	-1.000000	-1.000000	73.241379	0.000000	-1.000000	-1.000000	1910803.000000	1773868065.443958
-6507.720000	1293.390000	12471.480000	14803.380000	-16665.930000	-19411.470000	8667.900000	15603.210000	23.104298	42.511031	39.062002	39.711404	27.216100	38.390630	18.468568	-6.233302	-5.417300	18.693500	2.426340	0.786985	0.431517	0.398986	-1.000000	-1.000000	-1.000000	-1.000000	-1.000000	-1.000000	-1.000000	73.241379	0.000000	-1.000000	-1.000000	1910804.000000	1773868065.443967
-6563.385000	1165.860000	12389.445000	14748.435000	-16673.895000	-19421.415000	8649.945000	15610.635000	19.687405	28.307883	28.609508	35.169550	19.831687	26.996495	12.454034	4.849712	-5.417300	18.693500	2.426340	0.786985	0.431517	0.398986	-1.000000	-1.000000	-1.000000	-1.000000	-1.000000	-1.000000	-1.000000	73.241379	0.000000	-1.000000	-1.000000	1910805.000000	1773868065.448144
-6570.540000	1205.235000	12420.180000	14771.385000	-16649.145000	-19449.990000	8650.395000	15621.030000	9.363202	-2.982227	1.754337	12.784478	2.684893	3.275195	-0.243428	19.183280	-5.417300	18.693500	2.426340	0.786985	0.431517	0.398986	-1.000000	-1.000000	-1.000000	-1.000000	-1.000000	-1.000000	-1.000000	73.241379	0.000000	-1.000000	-1.000000	1910806.000000	1773868065.448151
-6555.420000	1257.075000	12476.880000	14820.660000	-16608.240000	-19391.895000	8649.180000	15578.460000	-2.791024	-33.139466	-25.074717	-11.573814	-11.274660	-19.840166	-13.701515	28.147788	-5.417300	18.693500	2.426340	0.786985	0.431517	0.398986	-1.000000	-1.000000	-1.000000	-1.000000	-1.000000	-1.000000	-1.000000	73.241379	0.000000	-1.000000	-1.000000	1910807.000000	1773868065.452034
-6515.190000	1313.460000	12541.770000	14875.245000	-16553.385000	-19316.070000	8661.600000	15547.275000	-9.878393	-40.486964	-33.023577	-20.722738	-12.024082	-28.768119	-20.255169	24.404633	-5.417300	18.693500	2.426340	0.786985	0.431517	0.398986	-1.000000	-1.000000	-1.000000	-1.000000	-1.000000	-1.000000	-1.000000	73.241379	0.000000	-1.000000	-1.000000	1910808.000000	1773868065.452040
-6481.215000	1362.420000	12591.135000	14916.555000	-16516.755000	-19302.390000	8677.440000	15537.510000	-6.965017	-19.931381	-17.168519	-10.211177	1.186099	-17.435859	-15.762671	8.442583	-5.417300	18.693500	2.426340	0.786985	0.431517	0.398986	-1.000000	-1.000000	-1.000000	-1.000000	-1.000000	-1.000000	-1.000000	73.241379	0.000000	-1.000000	-1.000000	1910809.000000	1773868065.456038
-6520.545000	1326.555000	12530.835000	14874.570000	-16564.770000	-19361.205000	8657.415000	15572.835000	3.928980	13.372180	9.630283	9.082265	18.051407	4.786446	-3.242776	-10.959573	-5.417300	18.693500	2.426340	0.786985	0.431517	0.398986	-1.000000	-1.000000	-1.000000	-1.000000	-1.000000	-1.000000	-1.000000	73.241379	0.000000	-1.000000	-1.000000	1910810.000000	1773868065.456044
-6569.415000	1249.245000	12438.945000	14806.440000	-16617.870000	-19388.295000	8641.980000	15642.225000	11.888056	34.753616	25.533430	19.450731	23.266959	19.383681	8.295153	-22.546938	3.387720	19.441240	4.928980	0.795164	0.408629	0.408202	-1.000000	-1.000000	-1.000000	-1.000000	-1.000000	-1.000000	-1.000000	73.241379	0.000000	-1.000000	-1.000000	1910811.000000	1773868065.460080
-6578.055000	1247.310000	12459.285000	14820.525000	-16617.690000	-19361.880000	8671.050000	15586.065000	6.349100	28.002857	17.269278	10.967022	10.322547	16.754042	11.568401	-20.749774	3.387720	19.441240	4.928980	0.795164	0.408629	0.408202	-1.000000	-1.000000	-1.000000	-1.000000	-1.000000	-1.000000	-1.000000	73.241379	0.000000	-1.000000	-1.000000	1910812.000000	1773868065.460091
-6541.695000	1264.050000	12468.915000	14825.970000	-16613.055000	-19381.140000	8655.300000	15559.245000	-9.536978	1.365269	-5.484481	-8.118143	-10.996419	3.295739	7.281777	-10.741530	3.387720	19.441240	4.928980	0.795164	0.408629	0.408202	-1.000000	-1.000000	-1.000000	-1.000000	-1.000000	-1.000000	-1.000000	73.241379	0.000000	-1.000000	-1.000000	1910813.000000	1773868065.463970
-6530.265000	1294.020000	12494.070000	14841.855000	-16587.315000	-19372.005000	8663.805000	15532.605000	-20.643785	-19.956327	-20.399875	-20.302022	-24.645217	-9.013004	0.915949	-2.261956	3.387720	19.441240	4.928980	0.795164	0.408629	0.408202	-1.000000	-1.000000	-1.000000	-1.000000	-1.000000	-1.000000	-1.000000	73.241379	0.000000	-1.000000	-1.000000	1910814.000000	1773868065.463980
-6525.765000	1299.375000	12497.490000	14838.705000	-16600.050000	-19393.290000	8682.120000	15538.095000	-16.435788	-20.822508	-16.992278	-17.748352	-23.870933	-13.891209	-2.928550	0.881208	3.387720	19.441240	4.928980	0.795164	0.408629	0.408202	-1.000000	-1.000000	-1.000000	-1.000000	-1.000000	-1.000000	-1.000000	73.241379	0.000000	-1.000000	-1.000000	1910815.000000	1773868065.468014
-6556.455000	1230.345000	12424.770000	14772.060000	-16641.540000	-19413.180000	8635.995000	15615.225000	-1.653426	-8.801236	-4.406165	-7.785616	-14.598229	-13.296676	-3.114931	3.269687	3.387720	19.441240	4.928980	0.795164	0.408629	0.408202	-1.000000	-1.000000	-1.000000	-1.000000	-1.000000	-1.000000	-1.000000	73.241379	0.000000	-1.000000	-1.000000	1910816.000000	1773868065.468023
-6553.665000	1220.355000	12411.945000	14748.705000	-16687.890000	-19442.475000	8612.955000	15625.575000	10.563941	-0.781433	1.709101	-2.675669	-7.086093	-12.664756	-2.531258	11.081328	3.387720	19.441240	4.928980	0.795164	0.408629	0.408202	-1.000000	-1.000000	-1.000000	-1.000000	-1.000000	-1.000000	-1.000000	73.241379	0.000000	-1.000000	-1.000000	1910817.000000	1773868065.471936
-6545.070000	1239.660000	12435.750000	14768.775000	-16694.235000	-19441.890000	8623.125000	15616.980000	12.814805	-3.252400	-2.961049	-5.703999	-5.680232	-12.883866	-3.749953	21.719996	3.387720	19.441240	4.928980	0.795164	0.408629	0.408202	-1.000000	-1.000000	-1.000000	-1.000000	-1.000000	-1.000000	-1.000000	73.241379	0.000000	-1.000000	-1.000000	1910818.000000	1773868065.471944
-6548.535000	1247.670000	12456.135000	14809.455000	-16606.845000	-19358.325000	8634.690000	15585.570000	8.271654	-7.768146	-7.388244	-7.441498	-3.898390	-7.486491	-4.605949	23.551520	3.387720	19.441240	4.928980	0.795164	0.408629	0.408202	-1.000000	-1.000000	-1.000000	-1.000000	-1.000000	-1.000000	-1.000000	73.241379	0.000000	-1.000000	-1.000000	1910819.000000	1773868065.476139
-6558.255000	1268.820000	12473.685000	14827.950000	-16601.400000	-19378.890000	8652.150000	15579.945000	3.510344	-3.710734	-0.030654	2.127719	7.766093	8.398442	-1.679862	9.189547	3.387720	19.441240	4.928980	0.795164	0.408629	0.408202	-1.000000	-1.000000	-1.000000	-1.000000	-1.000000	-1.000000	-1.000000	73.241379	0.000000	-1.000000	-1.000000	1910820.000000	1773868065.476150
-6533.145000	1285.380000	12473.730000	14817.645000	-16619.850000	-19413.855000	8648.595000	15591.060000	1.289830	9.611157	16.785802	20.133072	26.827903	26.918114	4.229201	-13.637851	10.620960	9.232300	-3.433500	0.787168	0.400145	0.419066	-1.000000	-1.000000	-1.000000	-1.000000	-1.000000	-1.000000	-1.000000	73.241379	0.000000	-1.000000	-1.000000	1910821.000000	1773868065.482925
-6587.055000	1238.895000	12452.265000	14817.015000	-16612.605000	-19388.520000	8659.710000	15569.190000	-0.007369	23.011587	29.819026	33.284478	38.855977	34.066301	9.161726	-28.659708	10.620960	9.232300	-3.433500	0.787168	0.400145	0.419066	-1.000000	-1.000000	-1.000000	-1.000000	-1.000000	-1.000000	-1.000000	73.241379	0.000000	-1.000000	-1.000000	1910822.000000	1773868065.482936
-6573.645000	1264.095000	12477.690000	14842.395000	-16580.205000	-19370.610000	8663.355000	15579.540000	-3.006861	25.514664	28.102405	31.363363	33.318604	25.575896	10.152873	-26.881850	10.620960	9.232300	-3.433500	0.787168	0.400145	0.419066	-1.000000	-1.000000	-1.000000	-1.000000	-1.000000	-1.000000	-1.000000	73.241379	0.000000	-1.000000	-1.000000	1910823.000000	1773868065.484026
-6564.240000	1262.070000	12477.330000	14839.245000	-16590.690000	-19400.355000	8636.760000	15573.285000	-6.802822	14.400468	12.091166	15.369679	12.934705	7.829069	6.477046	-12.197773	10.620960	9.232300	-3.433500	0.787168	0.400145	0.419066	-1.000000	-1.000000	-1.000000	-1.000000	-1.000000	-1.000000	-1.000000	73.241379	0.000000	-1.000000	-1.000000	1910824.000000	1773868065.484036
-6537.555000	1311.570000	12516.885000	14861.745000	-16588.755000	-19387.170000	8627.670000	15518.880000	-7.075830	-1.769056	-7.441092	-4.875189	-10.781997	-10.711167	-0.178538	3.555568	10.620960	9.232300	-3.433500	0.787168	0.400145	0.419066	-1.000000	-1.000000	-1.000000	-1.000000	-1.000000	-1.000000	-1.000000	73.241379	0.000000	-1.000000	-1.000000	1910825.000000	1773868065.488166
-6548.580000	1341.225000	12549.915000	14890.950000	-16543.215000	-19313.145000	8657.775000	15500.925000	-2.090602	-11.795873	-18.849128	-18.742364	-25.896574	-21.844229	-5.709622	9.783656	10.620960	9.232300	-3.433500	0.787168	0.400145	0.419066	-1.000000	-1.000000	-1.000000	-1.000000	-1.000000	-1.000000	-1.000000	73.241379	0.000000	-1.000000	-1.000000	1910826.000000	1773868065.488178
-6587.280000	1290.780000	12511.710000	14849.730000	-16572.330000	-19336.860000	8669.655000	15571.395000	4.049485	-12.707282	-19.011998	-22.522064	-27.168815	-20.467203	-6.508235	6.778866	10.620960	9.232300	-3.433500	0.787168	0.400145	0.419066	-1.000000	-1.000000	-1.000000	-1.000000	-1.000000	-1.000000	-1.000000	73.241379	0.000000	-1.000000	-1.000000	1910827.000000	1773868065.492015
-6590.115000	1226.070000	12445.695000	14784.345000	-16654.995000	-19430.595000	8634.735000	15647.535000	5.949929	-11.008242	-14.403967	-21.158992	-20.681708	-12.281662	-3.572740	4.837047	10.620960	9.232300	-3.433500	0.787168	0.400145	0.419066	-1.000000	-1.000000	-1.000000	-1.000000	-1.000000	-1.000000	-1.000000	73.241379	0.000000	-1.000000	-1.000000	1910828.000000	1773868065.492023
-6588.900000	1226.430000	12441.375000	14789.880000	-16660.800000	-19433.340000	8638.830000	15603.705000	2.856074	-13.273387	-12.730762	-20.554513	-16.448249	-8.335301	-1.681282	10.537963	10.620960	9.232300	-3.433500	0.787168	0.400145	0.419066	-1.000000	-1.000000	-1.000000	-1.000000	-1.000000	-1.000000	-1.000000	73.241379	0.000000	-1.000000	-1.000000	1910829.000000	1773868065.496013
-6608.655000	1231.515000	12442.095000	14794.470000	-16640.595000	-19414.755000	8648.730000	15603.255000	-2.046987	-17.284202	-13.860148	-19.113598	-14.927815	-9.574025	-2.940479	18.072843	10.620960	9.232300	-3.433500	0.787168	0.400145	0.419066	-1.000000	-1.000000	-1.000000	-1.000000	-1.000000	-1.000000	-1.000000	73.241379	0.000000	-1.000000	-1.000000	1910830.000000	1773868065.496022
-6519.015000	1267.965000	12454.830000	14799.555000	-16633.890000	-19406.700000	8651.655000	15631.920000	-4.021638	-14.861005	-11.576686	-11.592192	-9.429371	-8.385824	-4.654080	18.519244	-0.701960	10.010560	-0.885080	0.781004	0.415038	0.422789	-1.000000	-1.000000	-1.000000	-1.000000	-1.000000	-1.000000	-1.000000	73.241379	0.000000	-1.000000	-1.000000	1910831.000000	1773868065.500064
-6490.170000	1298.160000	12478.545000	14813.685000	-16624.305000	-19401.210000	8652.870000	15620.310000	1.137524	-2.279385	-2.585773	1.993637	1.961309	-1.120325	-3.942935	10.322614	-0.701960	10.010560	-0.885080	0.781004	0.415038	0.422789	-1.000000	-1.000000	-1.000000	-1.000000	-1.000000	-1.000000	-1.000000	73.241379	0.000000	-1.000000	-1.000000	1910832.000000	1773868065.500074
-6492.690000	1316.655000	12505.185000	14828.265000	-16608.420000	-19386.855000	8643.645000	15601.860000	10.920458	15.146769	10.443830	16.479308	15.147377	9.620153	-0.237683	-2.813111	-0.701960	10.010560	-0.885080	0.781004	0.415038	0.422789	-1.000000	-1.000000	-1.000000	-1.000000	-1.000000	-1.000000	-1.000000	73.241379	0.000000	-1.000000	-1.000000	1910833.000000	1773868065.508857
-6523.830000	1335.870000	12525.075000	14828.535000	-16617.285000	-19396.530000	8633.250000	15588.990000	15.688888	27.334824	21.538066	25.869473	24.686278	18.271775	4.748522	-15.532002	-0.701960	10.010560	-0.885080	0.781004	0.415038	0.422789	-1.000000	-1.000000	-1.000000	-1.000000	-1.000000	-1.000000	-1.000000	73.241379	0.000000	-1.000000	-1.000000	1910834.000000	1773868065.508868
-6569.325000	1348.290000	12546.180000	14843.970000	-16610.715000	-19398.195000	8641.710000	15584.040000	8.481246	27.132677	25.019181	26.028961	25.837824	18.853659	7.443042	-22.641456	-0.701960	10.010560	-0.885080	0.781004	0.415038	0.422789	-1.000000	-1.000000	-1.000000	-1.000000	-1.000000	-1.000000	-1.000000	73.241379	0.000000	-1.000000	-1.000000	1910835.000000	1773868065.508990
-6582.015000	1257.120000	12480.705000	14829.570000	-16600.410000	-19378.665000	8641.215000	15578.685000	-7.538718	15.093992	19.325873	17.919186	18.225082	10.940264	5.831343	-23.200062	-0.701960	10.010560	-0.885080	0.781004	0.415038	0.422789	-1.000000	-1.000000	-1.000000	-1.000000	-1.000000	-1.000000	-1.000000	73.241379	0.000000	-1.000000	-1.000000	1910836.000000	1773868065.508996
-6504.030000	1276.785000	12471.705000	14854.770000	-16573.275000	-19341.720000	8630.595000	15570.855000	-20.899578	-2.370724	7.205279	7.250384	7.869525	2.480463	1.700318	-19.829067	-0.701960	10.010560	-0.885080	0.781004	0.415038	0.422789	-1.000000	-1.000000	-1.000000	-1.000000	-1.000000	-1.000000	-1.000000	73.241379	0.000000	-1.000000	-1.000000	1910837.000000	1773868065.512016
-6434.640000	1335.510000	12521.385000	14877.855000	-16586.010000	-19341.990000	8664.570000	15578.685000	-20.112439	-16.045503	-5.680066	-0.677408	0.746772	0.762793	-1.687213	-12.883806	-0.701960	10.010560	-0.885080	0.781004	0.415038	0.422789	-1.000000	-1.000000	-1.000000	-1.000000	-1.000000	-1.000000	-1.000000	73.241379	0.000000	-1.000000	-1.000000	1910838.000000	1773868065.512033
-6470.955000	1357.290000	12567.465000	14916.240000	-16554.465000	-19277.010000	8731.935000	15578.370000	-4.577140	-18.251364	-12.284202	-4.229165	-3.359949	4.093863	-1.434714	-1.077133	-0.701960	10.010560	-0.885080	0.781004	0.415038	0.422789	-1.000000	-1.000000	-1.000000	-1.000000	-1.000000	-1.000000	-1.000000	73.241379	0.000000	-1.000000	-1.000000	1910839.000000	1773868065.516124
-6431.445000	1404.135000	12608.145000	14950.035000	-16472.430000	-19248.255000	8744.535000	15597.360000	12.507703	-9.551932	-9.528391	-4.654646	-6.369625	6.614719	3.422876	12.940624	-0.701960	10.010560	-0.885080	0.781004	0.415038	0.422789	-1.000000	-1.000000	-1.000000	-1.000000	-1.000000	-1.000000	-1.000000	73.241379	0.000000	-1.000000	-1.000000	1910840.000000	1773868065.516129
-6498.045000	1311.120000	12517.965000	14873.670000	-16497.855000	-19338.075000	8687.385000	15588.090000	16.697816	0.678332	-3.031175	-5.484931	-7.624644	3.631799	8.693143	23.348478	-11.078760	6.042960	-0.015260	0.785643	0.416991	0.428771	-1.000000	-1.000000	-1.000000	-1.000000	-1.000000	-1.000000	-1.000000	73.241379	0.000000	-1.000000	-1.000000	1910841.000000	1773868065.519992
-6587.505000	1208.475000	12413.115000	14765.805000	-16642.440000	-19433.970000	8636.355000	15623.010000	4.262460	0.635082	-4.132695	-12.260390	-9.774830	-8.831787	6.980144	26.556194	-11.078760	6.042960	-0.015260	0.785643	0.416991	0.428771	-1.000000	-1.000000	-1.000000	-1.000000	-1.000000	-1.000000	-1.000000	73.241379	0.000000	-1.000000	-1.000000	1910842.000000	1773868065.520001
-6617.160000	1238.175000	12435.525000	14777.415000	-16687.395000	-19450.530000	8642.520000	15584.985000	-16.784913	-12.766495	-17.384289	-25.907168	-18.708094	-28.929504	-3.921504	22.543621	-11.078760	6.042960	-0.015260	0.785643	0.416991	0.428771	-1.000000	-1.000000	-1.000000	-1.000000	-1.000000	-1.000000	-1.000000	73.241379	0.000000	-1.000000	-1.000000	1910843.000000	1773868065.524208
-6631.875000	1231.920000	12454.740000	14813.190000	-16623.405000	-19395.045000	8649.000000	15564.645000	-31.110593	-26.577066	-30.941357	-35.750372	-30.645011	-43.573149	-17.079511	11.693326	-11.078760	6.042960	-0.015260	0.785643	0.416991	0.428771	-1.000000	-1.000000	-1.000000	-1.000000	-1.000000	-1.000000	-1.000000	73.241379	0.000000	-1.000000	-1.000000	1910844.000000	1773868065.524216
-6594.165000	1218.150000	12438.405000	14795.910000	-16636.230000	-19408.590000	8634.915000	15572.475000	-26.876478	-23.607388	-27.369934	-28.465883	-31.447449	-38.049552	-22.731964	-4.386576	-11.078760	6.042960	-0.015260	0.785643	0.416991	0.428771	-1.000000	-1.000000	-1.000000	-1.000000	-1.000000	-1.000000	-1.000000	73.241379	0.000000	-1.000000	-1.000000	1910845.000000	1773868065.528198
-6511.680000	1272.510000	12469.455000	14811.300000	-16638.120000	-19417.590000	8648.595000	15589.800000	-5.277834	-1.287287	-3.466176	-4.151936	-14.329650	-12.126539	-16.850097	-18.920414	-11.078760	6.042960	-0.015260	0.785643	0.416991	0.428771	-1.000000	-1.000000	-1.000000	-1.000000	-1.000000	-1.000000	-1.000000	73.241379	0.000000	-1.000000	-1.000000	1910846.000000	1773868065.528204
-6535.935000	1291.995000	12495.735000	14847.885000	-16588.440000	-19372.680000	8656.335000	15566.760000	21.465713	26.806076	26.682941	23.873318	12.753648	19.729799	-3.509704	-24.101200	-11.078760	6.042960	-0.015260	0.785643	0.416991	0.428771	-1.000000	-1.000000	-1.000000	-1.000000	-1.000000	-1.000000	-1.000000	73.241379	0.000000	-1.000000	-1.000000	1910847.000000	1773868065.532115
-6545.520000	1298.700000	12504.060000	14854.230000	-16583.940000	-19357.605000	8657.595000	15565.455000	38.292116	43.457913	44.760499	41.307718	35.770760	41.498193	8.817397	-18.978552	-11.078760	6.042960	-0.015260	0.785643	0.416991	0.428771	-1.000000	-1.000000	-1.000000	-1.000000	-1.000000	-1.000000	-1.000000	73.241379	0.000000	-1.000000	-1.000000	1910848.000000	1773868065.532124
-6526.890000	1291.230000	12507.435000	14856.390000	-16580.025000	-19337.940000	8660.610000	15570.900000	36.545857	39.532206	41.517925	41.112260	42.842086	45.373183	14.380125	-8.568051	-11.078760	6.042960	-0.015260	0.785643	0.416991	0.428771	-1.000000	-1.000000	-1.000000	-1.000000	-1.000000	-1.000000	-1.000000	73.241379	0.000000	-1.000000	-1.000000	1910849.000000	1773868065.536529
-6495.570000	1276.425000	12482.955000	14826.915000	-16603.965000	-19362.555000	8645.175000	15591.465000	21.069735	19.791528	22.240081	26.594222	31.704557	34.552989	14.479510	2.244985	-11.078760	6.042960	-0.015260	0.785643	0.416991	0.428771	-1.000000	-1.000000	-1.000000	-1.000000	-1.000000	-1.000000	-1.000000	73.241379	0.000000	-1.000000	-1.000000	1910850.000000	1773868065.536537
-6524.595000	1227.420000	12422.385000	14762.835000	-16663.005000	-19439.145000	8616.105000	15591.825000	5.033744	-2.818539	-0.425094	7.131668	11.809472	17.175804	12.841101	10.663021	-5.829320	1.754900	-6.348160	0.789915	0.408812	0.430419	-1.000000	-1.000000	-1.000000	-1.000000	-1.000000	-1.000000	-1.000000	73.241379	0.000000	-1.000000	-1.000000	1910851.000000	1773868065.541502
-6617.880000	1175.940000	12384.000000	14729.490000	-16693.785000	-19450.845000	8613.630000	15547.680000	-5.050463	-20.116586	-18.885009	-11.168763	-6.380171	-2.277015	9.555056	14.505571	-5.829320	1.754900	-6.348160	0.789915	0.408812	0.430419	-1.000000	-1.000000	-1.000000	-1.000000	-1.000000	-1.000000	-1.000000	73.241379	0.000000	-1.000000	-1.000000	1910852.000000	1773868065.541513
-6601.815000	1219.635000	12421.980000	14771.115000	-16644.105000	-19424.295000	8625.780000	15572.250000	-12.659778	-29.341032	-30.140461	-25.189765	-18.658203	-20.801640	3.591474	12.433100	-5.829320	1.754900	-6.348160	0.789915	0.408812	0.430419	-1.000000	-1.000000	-1.000000	-1.000000	-1.000000	-1.000000	-1.000000	73.241379	0.000000	-1.000000	-1.000000	1910853.000000	1773868065.544125
-6572.115000	1267.830000	12465.585000	14812.470000	-16628.040000	-19430.685000	8641.890000	15577.020000	-20.622216	-26.623222	-29.243243	-29.018457	-22.465235	-31.857864	-2.687493	6.051505	-5.829320	1.754900	-6.348160	0.789915	0.408812	0.430419	-1.000000	-1.000000	-1.000000	-1.000000	-1.000000	-1.000000	-1.000000	73.241379	0.000000	-1.000000	-1.000000	1910854.000000	1773868065.544135
-6567.210000	1278.360000	12476.970000	14823.585000	-16627.455000	-19407.465000	8660.070000	15568.380000	-26.413119	-12.292494	-14.950168	-19.194232	-16.619330	-29.981616	-5.935899	-0.939068	-5.829320	1.754900	-6.348160	0.789915	0.408812	0.430419	-1.000000	-1.000000	-1.000000	-1.000000	-1.000000	-1.000000	-1.000000	73.241379	0.000000	-1.000000	-1.000000	1910855.000000	1773868065.548098
-6506.640000	1355.490000	12556.620000	14908.995000	-16517.025000	-19294.965000	8691.840000	15572.520000	-24.704607	5.392905	4.889395	-1.142630	-4.695926	-15.949002	-5.601868	-5.599058	-5.829320	1.754900	-6.348160	0.789915	0.408812	0.430419	-1.000000	-1.000000	-1.000000	-1.000000	-1.000000	-1.000000	-1.000000	73.241379	0.000000	-1.000000	-1.000000	1910856.000000	1773868065.548104
-6440.445000	1450.845000	12642.660000	14973.390000	-16473.150000	-19288.080000	8715.600000	15628.005000	-11.159265	19.217171	21.260100	16.499402	8.375241	4.334200	-2.970586	-6.001340	-5.829320	1.754900	-6.348160	0.789915	0.408812	0.430419	-1.000000	-1.000000	-1.000000	-1.000000	-1.000000	-1.000000	-1.000000	73.241379	0.000000	-1.000000	-1.000000	1910857.000000	1773868065.552159
-6494.625000	1341.180000	12546.180000	14898.330000	-16538.940000	-19329.660000	8665.830000	15623.055000	10.042437	25.654972	28.658417	26.688003	17.259440	21.130482	0.028156	-1.851976	-5.829320	1.754900	-6.348160	0.789915	0.408812	0.430419	-1.000000	-1.000000	-1.000000	-1.000000	-1.000000	-1.000000	-1.000000	73.241379	0.000000	-1.000000	-1.000000	1910858.000000	1773868065.552168
-6553.080000	1245.285000	12453.255000	14814.270000	-16629.480000	-19386.045000	8627.580000	15586.560000	25.056911	19.476095	21.984158	23.244836	15.517540	25.224675	0.544124	2.786053	-5.829320	1.754900	-6.348160	0.789915	0.408812	0.430419	-1.000000	-1.000000	-1.000000	-1.000000	-1.000000	-1.000000	-1.000000	73.241379	0.000000	-1.000000	-1.000000	1910859.000000	1773868065.556078
-6563.565000	1233.315000	12437.955000	14791.545000	-16637.445000	-19417.590000	8627.895000	15569.505000	23.996729	-0.480050	1.374864	5.757180	2.517027	15.359997	-2.602164	2.415419	-5.829320	1.754900	-6.348160	0.789915	0.408812	0.430419	-1.000000	-1.000000	-1.000000	-1.000000	-1.000000	-1.000000	-1.000000	73.241379	0.000000	-1.000000	-1.000000	1910860.000000	1773868065.556088
-6558.030000	1255.995000	12466.395000	14818.545000	-16597.305000	-19428.570000	8639.145000	15559.920000	11.637433	-22.815194	-21.688504	-16.067994	-12.963868	-1.888837	-6.648252	-2.846993	-11.063500	1.022420	-6.836480	0.790464	0.404906	0.425963	-1.000000	-1.000000	-1.000000	-1.000000	-1.000000	-1.000000	-1.000000	73.241379	0.000000	-1.000000	-1.000000	1910861.000000	1773868065.565781
-6575.580000	1250.685000	12455.145000	14793.210000	-16647.075000	-19478.700000	8639.505000	15568.245000	-1.456079	-32.800736	-33.072612	-29.889560	-21.491513	-18.382745	-7.805094	-8.160127	-11.063500	1.022420	-6.836480	0.790464	0.404906	0.425963	-1.000000	-1.000000	-1.000000	-1.000000	-1.000000	-1.000000	-1.000000	73.241379	0.000000	-1.000000	-1.000000	1910862.000000	1773868065.565789
-6614.280000	1209.510000	12412.395000	14751.405000	-16711.605000	-19407.105000	8630.685000	15569.370000	-11.644402	-27.487148	-29.320661	-31.350976	-21.930266	-26.832448	-5.373806	-9.605293	-11.063500	1.022420	-6.836480	0.790464	0.404906	0.425963	-1.000000	-1.000000	-1.000000	-1.000000	-1.000000	-1.000000	-1.000000	73.241379	0.000000	-1.000000	-1.000000	1910863.000000	1773868065.565799
-6617.745000	1219.725000	12434.085000	14772.285000	-16708.005000	-19384.695000	8631.225000	15546.555000	-19.614940	-14.823560	-17.298879	-23.928044	-18.673251	-22.291823	-1.916818	-6.307166	-11.063500	1.022420	-6.836480	0.790464	0.404906	0.425963	-1.000000	-1.000000	-1.000000	-1.000000	-1.000000	-1.000000	-1.000000	73.241379	0.000000	-1.000000	-1.000000	1910864.000000	1773868065.565804
-6592.995000	1268.370000	12480.750000	14811.120000	-16635.465000	-19362.690000	8663.400000	15525.720000	-23.260822	-2.519842	-4.316511	-11.996818	-13.665888	-7.789081	0.324749	-0.973863	-11.063500	1.022420	-6.836480	0.790464	0.404906	0.425963	-1.000000	-1.000000	-1.000000	-1.000000	-1.000000	-1.000000	-1.000000	73.241379	0.000000	-1.000000	-1.000000	1910865.000000	1773868065.568147
-6543.765000	1340.460000	12566.610000	14924.250000	-16512.570000	-19333.890000	8659.755000	15527.565000	-18.516535	8.169528	7.932532	3.519077	-2.819051	8.057602	2.089589	2.047010	-11.063500	1.022420	-6.836480	0.790464	0.404906	0.425963	-1.000000	-1.000000	-1.000000	-1.000000	-1.000000	-1.000000	-1.000000	73.241379	0.000000	-1.000000	-1.000000	1910866.000000	1773868065.568153
-6519.465000	1326.285000	12545.730000	14910.930000	-16513.515000	-19320.120000	8651.745000	15534.090000	-2.873916	21.026794	22.226270	24.046145	18.805005	20.623630	5.539601	1.957720	-11.063500	1.022420	-6.836480	0.790464	0.404906	0.425963	-1.000000	-1.000000	-1.000000	-1.000000	-1.000000	-1.000000	-1.000000	73.241379	0.000000	-1.000000	-1.000000	1910867.000000	1773868065.572034
-6530.805000	1287.585000	12490.200000	14852.160000	-16567.155000	-19340.370000	8659.485000	15527.880000	20.283560	35.755024	36.989922	44.658067	44.954020	28.997915	10.924976	2.418135	-11.063500	1.022420	-6.836480	0.790464	0.404906	0.425963	-1.000000	-1.000000	-1.000000	-1.000000	-1.000000	-1.000000	-1.000000	73.241379	0.000000	-1.000000	-1.000000	1910868.000000	1773868065.572042
-6550.830000	1270.710000	12459.780000	14805.045000	-16620.390000	-19390.005000	8649.180000	15621.615000	39.343598	42.368190	41.473243	50.903667	56.522051	29.599366	14.919150	7.387518	-11.063500	1.022420	-6.836480	0.790464	0.404906	0.425963	-1.000000	-1.000000	-1.000000	-1.000000	-1.000000	-1.000000	-1.000000	73.241379	0.000000	-1.000000	-1.000000	1910869.000000	1773868065.576031
-6538.365000	1289.700000	12470.535000	14807.745000	-16621.830000	-19395.630000	8643.420000	15637.995000	41.833136	31.324275	26.927171	32.645711	39.060132	18.201673	12.774447	17.060066	-11.063500	1.022420	-6.836480	0.790464	0.404906	0.425963	-1.000000	-1.000000	-1.000000	-1.000000	-1.000000	-1.000000	-1.000000	73.241379	0.000000	-1.000000	-1.000000	1910870.000000	1773868065.576037
-6563.880000	1202.085000	12415.185000	14771.970000	-16651.170000	-19418.490000	8638.605000	15620.085000	24.835236	4.301769	-2.007769	-2.955754	-0.278377	-2.513083	3.382856	24.679617	-2.456860	-5.188400	1.617560	0.777647	0.403808	0.433654	-1.000000	-1.000000	-1.000000	-1.000000	-1.000000	-1.000000	-1.000000	73.241379	0.000000	-1.000000	-1.000000	1910871.000000	1773868065.580055
-6574.770000	1236.780000	12441.510000	14790.870000	-16646.895000	-19426.140000	8633.430000	15592.410000	-3.178927	-26.916020	-30.593232	-36.449014	-38.013109	-24.015860	-8.860978	20.759630	-2.456860	-5.188400	1.617560	0.777647	0.403808	0.433654	-1.000000	-1.000000	-1.000000	-1.000000	-1.000000	-1.000000	-1.000000	73.241379	0.000000	-1.000000	-1.000000	1910872.000000	1773868065.580065
-6568.515000	1291.005000	12481.740000	14823.630000	-16618.185000	-19407.645000	8627.445000	15573.780000	-28.725945	-46.643827	-44.502553	-51.106036	-54.836356	-38.235329	-17.992493	3.593199	-2.456860	-5.188400	1.617560	0.777647	0.403808	0.433654	-1.000000	-1.000000	-1.000000	-1.000000	-1.000000	-1.000000	-1.000000	73.241379	0.000000	-1.000000	-1.000000	1910873.000000	1773868065.584549
-6602.895000	1247.895000	12466.440000	14819.535000	-16618.050000	-19399.635000	8625.240000	15544.710000	-42.183207	-46.258475	-39.483959	-43.695655	-48.421104	-39.333105	-20.681517	-18.679054	-2.456860	-5.188400	1.617560	0.777647	0.403808	0.433654	-1.000000	-1.000000	-1.000000	-1.000000	-1.000000	-1.000000	-1.000000	73.241379	0.000000	-1.000000	-1.000000	1910874.000000	1773868065.584558
-6566.085000	1282.905000	12499.155000	14844.780000	-16599.375000	-19379.115000	8641.575000	15551.370000	-41.107494	-30.036764	-22.026231	-23.068497	-28.812990	-25.430299	-15.903452	-34.974047	-2.456860	-5.188400	1.617560	0.777647	0.403808	0.433654	-1.000000	-1.000000	-1.000000	-1.000000	-1.000000	-1.000000	-1.000000	73.241379	0.000000	-1.000000	-1.000000	1910875.000000	1773868065.590820
-6549.930000	1277.145000	12490.020000	14843.835000	-16594.155000	-19367.055000	8648.010000	15570.855000	-26.367246	-5.964913	0.302153	1.069117	-5.204962	-0.799779	-4.082918	-36.958307	-2.456860	-5.188400	1.617560	0.777647	0.403808	0.433654	-1.000000	-1.000000	-1.000000	-1.000000	-1.000000	-1.000000	-1.000000	73.241379	0.000000	-1.000000	-1.000000	1910876.000000	1773868065.590829
-6504.300000	1281.240000	12489.210000	14842.395000	-16605.045000	-19375.875000	8653.185000	15569.055000	-1.083252	19.470286	22.336973	23.397401	18.319408	25.312462	10.657181	-23.307897	-2.456860	-5.188400	1.617560	0.777647	0.403808	0.433654	-1.000000	-1.000000	-1.000000	-1.000000	-1.000000	-1.000000	-1.000000	73.241379	0.000000	-1.000000	-1.000000	1910877.000000	1773868065.593414
-6537.330000	1284.210000	12479.580000	14818.770000	-16619.670000	-19388.430000	8638.245000	15542.415000	25.896361	37.637001	36.907329	38.112618	36.324346	42.112478	20.896088	-2.729823	-2.456860	-5.188400	1.617560	0.777647	0.403808	0.433654	-1.000000	-1.000000	-1.000000	-1.000000	-1.000000	-1.000000	-1.000000	73.241379	0.000000	-1.000000	-1.000000	1910878.000000	1773868065.593421
-6592.725000	1213.470000	12425.355000	14780.655000	-16635.555000	-19409.400000	8626.680000	15549.705000	40.624757	39.819072	36.296613	38.087720	41.226190	42.093538	21.007498	12.536297	-2.456860	-5.188400	1.617560	0.777647	0.403808	0.433654	-1.000000	-1.000000	-1.000000	-1.000000	-1.000000	-1.000000	-1.000000	73.241379	0.000000	-1.000000	-1.000000	1910879.000000	1773868065.596139
-6632.685000	1229.985000	12447.945000	14807.700000	-16623.540000	-19403.370000	8642.880000	15539.985000	33.715458	24.814595	19.950785	22.450302	31.014136	25.422779	11.556778	17.953648	-2.456860	-5.188400	1.617560	0.777647	0.403808	0.433654	-1.000000	-1.000000	-1.000000	-1.000000	-1.000000	-1.000000	-1.000000	73.241379	0.000000	-1.000000	-1.000000	1910880.000000	1773868065.596149
-6602.265000	1276.155000	12494.160000	14852.520000	-16584.795000	-19357.920000	8668.395000	15511.545000	10.280020	1.774401	-2.623980	0.255864	12.086677	0.629731	-0.852309	16.855236	-0.854560	-3.250380	2.502640	0.772886	0.421019	0.429015	-1.000000	-1.000000	-1.000000	-1.000000	-1.000000	-1.000000	-1.000000	73.241379	0.000000	-1.000000	-1.000000	1910881.000000	1773868065.600180
-6530.805000	1302.570000	12510.405000	14867.010000	-16565.220000	-19346.670000	8660.880000	15532.740000	-12.857755	-16.962714	-19.577468	-17.070421	-6.756938	-20.225602	-9.139778	13.579080	-0.854560	-3.250380	2.502640	0.772886	0.421019	0.429015	-1.000000	-1.000000	-1.000000	-1.000000	-1.000000	-1.000000	-1.000000	73.241379	0.000000	-1.000000	-1.000000	1910882.000000	1773868065.600192
-6486.885000	1337.535000	12532.005000	14881.005000	-16558.200000	-19344.555000	8652.735000	15521.580000	-20.474773	-23.700252	-25.019163	-24.095958	-19.971309	-29.311331	-11.284770	10.652576	-0.854560	-3.250380	2.502640	0.772886	0.421019	0.429015	-1.000000	-1.000000	-1.000000	-1.000000	-1.000000	-1.000000	-1.000000	73.241379	0.000000	-1.000000	-1.000000	1910883.000000	1773868065.604047
-6476.940000	1362.915000	12534.210000	14862.780000	-16586.640000	-19374.345000	8655.570000	15553.260000	-10.939594	-17.333655	-19.524852	-21.722297	-25.725082	-26.834043	-9.451665	8.335007	-0.854560	-3.250380	2.502640	0.772886	0.421019	0.429015	-1.000000	-1.000000	-1.000000	-1.000000	-1.000000	-1.000000	-1.000000	73.241379	0.000000	-1.000000	-1.000000	1910884.000000	1773868065.604057
-6527.520000	1279.305000	12486.645000	14839.065000	-16596.855000	-19374.030000	8634.645000	15605.415000	3.410253	-4.203066	-8.028658	-13.778177	-24.106163	-17.819711	-6.399401	6.121102	-0.854560	-3.250380	2.502640	0.772886	0.421019	0.429015	-1.000000	-1.000000	-1.000000	-1.000000	-1.000000	-1.000000	-1.000000	73.241379	0.000000	-1.000000	-1.000000	1910885.000000	1773868065.608174
-6573.105000	1223.865000	12449.385000	14814.945000	-16612.155000	-19395.945000	8609.130000	15612.660000	7.986312	4.104226	1.980043	-4.585522	-16.142472	-6.810475	-4.240850	4.207865	-0.854560	-3.250380	2.502640	0.772886	0.421019	0.429015	-1.000000	-1.000000	-1.000000	-1.000000	-1.000000	-1.000000	-1.000000	73.241379	0.000000	-1.000000	-1.000000	1910886.000000	1773868065.608182
-6599.880000	1199.070000	12417.345000	14775.750000	-16658.820000	-19437.570000	8626.050000	15561.225000	-0.933447	0.825623	5.052790	2.374458	-4.927663	3.003240	-3.176135	1.100625	-0.854560	-3.250380	2.502640	0.772886	0.421019	0.429015	-1.000000	-1.000000	-1.000000	-1.000000	-1.000000	-1.000000	-1.000000	73.241379	0.000000	-1.000000	-1.000000	1910887.000000	1773868065.612103
-6563.655000	1241.730000	12445.245000	14794.560000	-16648.515000	-19444.590000	8647.560000	15554.880000	-13.136408	-7.532303	2.847105	5.961438	4.933658	8.823458	-0.847310	-5.870091	-0.854560	-3.250380	2.502640	0.772886	0.421019	0.429015	-1.000000	-1.000000	-1.000000	-1.000000	-1.000000	-1.000000	-1.000000	73.241379	0.000000	-1.000000	-1.000000	1910888.000000	1773868065.612110
-6582.375000	1228.545000	12428.235000	14780.160000	-16656.345000	-19422.045000	8641.395000	15611.355000	-15.584305	-9.457394	0.824215	6.841793	10.474832	9.834243	3.850632	-14.117646	-0.854560	-3.250380	2.502640	0.772886	0.421019	0.429015	-1.000000	-1.000000	-1.000000	-1.000000	-1.000000	-1.000000	-1.000000	73.241379	0.000000	-1.000000	-1.000000	1910889.000000	1773868065.616045
-6567.120000	1246.725000	12441.240000	14787.270000	-16652.160000	-19410.390000	8639.730000	15619.005000	-6.645482	-3.265649	0.281446	4.836878	10.633703	7.596197	7.943283	-15.915660	-0.854560	-3.250380	2.502640	0.772886	0.421019	0.429015	-1.000000	-1.000000	-1.000000	-1.000000	-1.000000	-1.000000	-1.000000	73.241379	0.000000	-1.000000	-1.000000	1910890.000000	1773868065.616055
-6549.480000	1277.190000	12479.490000	14832.720000	-16614.990000	-19391.715000	8633.250000	15572.025000	4.471381	4.647445	-0.083272	0.825785	6.465947	4.547429	8.153963	-9.208170	-18.510380	-1.129240	11.078760	0.782713	0.435485	0.425780	-1.000000	-1.000000	-1.000000	-1.000000	-1.000000	-1.000000	-1.000000	73.241379	0.000000	-1.000000	-1.000000	1910891.000000	1773868065.620109
-6513.570000	1320.930000	12531.330000	14900.265000	-16534.980000	-19323.315000	8669.025000	15558.120000	9.966573	10.265573	1.403663	-0.276587	3.302396	3.939026	5.227981	-1.311168	-18.510380	-1.129240	11.078760	0.782713	0.435485	0.425780	-1.000000	-1.000000	-1.000000	-1.000000	-1.000000	-1.000000	-1.000000	73.241379	0.000000	-1.000000	-1.000000	1910892.000000	1773868065.620119
-6495.930000	1348.650000	12560.580000	14910.345000	-16537.635000	-19306.125000	8698.680000	15572.205000	9.908566	13.910499	7.297341	5.820944	6.793740	8.328395	2.947709	0.720035	-18.510380	-1.129240	11.078760	0.782713	0.435485	0.425780	-1.000000	-1.000000	-1.000000	-1.000000	-1.000000	-1.000000	-1.000000	73.241379	0.000000	-1.000000	-1.000000	1910893.000000	1773868065.624181
-6552.720000	1286.820000	12491.235000	14826.960000	-16610.490000	-19371.510000	8633.745000	15527.970000	8.034872	16.385925	15.404809	15.062076	13.926027	14.296142	2.918151	-3.599135	-18.510380	-1.129240	11.078760	0.782713	0.435485	0.425780	-1.000000	-1.000000	-1.000000	-1.000000	-1.000000	-1.000000	-1.000000	73.241379	0.000000	-1.000000	-1.000000	1910894.000000	1773868065.624189
-6599.565000	1248.885000	12450.330000	14782.815000	-16663.545000	-19454.310000	8567.280000	15496.560000	5.345341	15.264080	17.987720	16.771685	14.184297	12.657336	1.232435	-10.190486	-18.510380	-1.129240	11.078760	0.782713	0.435485	0.425780	-1.000000	-1.000000	-1.000000	-1.000000	-1.000000	-1.000000	-1.000000	73.241379	0.000000	-1.000000	-1.000000	1910895.000000	1773868065.628049
-6552.045000	1308.195000	12503.790000	14834.565000	-16615.530000	-19415.430000	8637.120000	15570.270000	1.455093	8.150388	10.477483	6.825262	3.554566	-0.088992	-5.241720	-11.717704	-18.510380	-1.129240	11.078760	0.782713	0.435485	0.425780	-1.000000	-1.000000	-1.000000	-1.000000	-1.000000	-1.000000	-1.000000	73.241379	0.000000	-1.000000	-1.000000	1910896.000000	1773868065.628058
-6514.965000	1347.300000	12551.220000	14891.040000	-16544.295000	-19336.545000	8699.535000	15591.915000	-0.948125	-1.506979	-1.638887	-6.296923	-8.997367	-14.442028	-11.017067	-1.804130	-18.510380	-1.129240	11.078760	0.782713	0.435485	0.425780	-1.000000	-1.000000	-1.000000	-1.000000	-1.000000	-1.000000	-1.000000	73.241379	0.000000	-1.000000	-1.000000	1910897.000000	1773868065.632377
-6542.235000	1284.930000	12499.695000	14856.480000	-16599.645000	-19395.270000	8681.445000	15550.875000	0.169970	-9.456659	-10.827685	-13.010203	-13.729744	-19.406340	-8.632983	15.180604	-18.510380	-1.129240	11.078760	0.782713	0.435485	0.425780	-1.000000	-1.000000	-1.000000	-1.000000	-1.000000	-1.000000	-1.000000	73.241379	0.000000	-1.000000	-1.000000	1910898.000000	1773868065.632386
-6586.740000	1218.015000	12422.520000	14784.660000	-16652.925000	-19427.130000	8627.940000	15543.360000	0.621183	-17.387255	-17.426340	-14.245954	-12.687361	-16.125246	-0.340536	25.971783	-18.510380	-1.129240	11.078760	0.782713	0.435485	0.425780	-1.000000	-1.000000	-1.000000	-1.000000	-1.000000	-1.000000	-1.000000	73.241379	0.000000	-1.000000	-1.000000	1910899.000000	1773868065.636106
-6588.720000	1217.025000	12421.845000	14775.165000	-16662.690000	-19422.450000	8622.135000	15624.765000	-5.198940	-27.348726	-25.198681	-17.121446	-14.073018	-12.239192	4.842583	24.478620	-18.510380	-1.129240	11.078760	0.782713	0.435485	0.425780	-1.000000	-1.000000	-1.000000	-1.000000	-1.000000	-1.000000	-1.000000	73.241379	0.000000	-1.000000	-1.000000	1910900.000000	1773868065.636116
-6572.655000	1251.855000	12464.595000	14825.475000	-16605.270000	-19395.315000	8647.110000	15661.485000	-15.351775	-33.872139	-30.933938	-22.069539	-18.504253	-10.043323	2.635713	16.749038	-17.365880	-2.548420	4.349100	0.793455	0.426696	0.421447	-1.000000	-1.000000	-1.000000	-1.000000	-1.000000	-1.000000	-1.000000	73.241379	0.000000	-1.000000	-1.000000	1910901.000000	1773868065.640134
-6551.550000	1283.670000	12500.145000	14869.980000	-16546.635000	-19340.865000	8669.205000	15631.515000	-20.469649	-26.968550	-24.937839	-19.566249	-16.361706	-5.157811	-2.567861	8.491945	-17.365880	-2.548420	4.349100	0.793455	0.426696	0.421447	-1.000000	-1.000000	-1.000000	-1.000000	-1.000000	-1.000000	-1.000000	73.241379	0.000000	-1.000000	-1.000000	1910902.000000	1773868065.640145
-6539.715000	1293.615000	12494.880000	14848.380000	-16575.570000	-19383.120000	8675.595000	15611.850000	-12.191998	-2.487732	-2.310585	-1.923717	0.170516	6.915351	-2.761515	-0.931822	-17.365880	-2.548420	4.349100	0.793455	0.426696	0.421447	-1.000000	-1.000000	-1.000000	-1.000000	-1.000000	-1.000000	-1.000000	73.241379	0.000000	-1.000000	-1.000000	1910903.000000	1773868065.644061
-6546.555000	1282.995000	12453.210000	14786.820000	-16654.365000	-19444.230000	8621.775000	15602.760000	7.924950	30.103194	27.728483	23.585356	23.579292	22.177942	4.139395	-11.934068	-17.365880	-2.548420	4.349100	0.793455	0.426696	0.421447	-1.000000	-1.000000	-1.000000	-1.000000	-1.000000	-1.000000	-1.000000	73.241379	0.000000	-1.000000	-1.000000	1910904.000000	1773868065.644070
-6583.320000	1210.680000	12402.900000	14750.100000	-16700.355000	-19434.105000	8614.080000	15550.650000	26.314722	50.224623	45.183954	37.642249	34.394766	28.489363	9.504774	-22.733156	-17.365880	-2.548420	4.349100	0.793455	0.426696	0.421447	-1.000000	-1.000000	-1.000000	-1.000000	-1.000000	-1.000000	-1.000000	73.241379	0.000000	-1.000000	-1.000000	1910905.000000	1773868065.648933
-6568.065000	1250.955000	12461.265000	14803.695000	-16642.935000	-19387.170000	8635.095000	15497.775000	28.677237	42.892642	37.303342	28.550765	22.080313	19.040797	4.745964	-31.669457	-17.365880	-2.548420	4.349100	0.793455	0.426696	0.421447	-1.000000	-1.000000	-1.000000	-1.000000	-1.000000	-1.000000	-1.000000	73.241379	0.000000	-1.000000	-1.000000	1910906.000000	1773868065.648946
-6529.095000	1345.680000	12550.860000	14875.020000	-16578.045000	-19386.135000	8621.820000	15458.085000	15.141691	16.402443	14.010232	6.533157	-0.966938	1.395518	-6.282323	-35.104869	-17.365880	-2.548420	4.349100	0.793455	0.426696	0.421447	-1.000000	-1.000000	-1.000000	-1.000000	-1.000000	-1.000000	-1.000000	73.241379	0.000000	-1.000000	-1.000000	1910907.000000	1773868065.652910
-6560.415000	1308.285000	12528.135000	14862.105000	-16564.095000	-19362.240000	8596.530000	15463.710000	-1.945072	-6.613503	-3.581756	-8.345325	-13.357602	-11.212313	-12.904233	-28.111978	-17.365880	-2.548420	4.349100	0.793455	0.426696	0.421447	-1.000000	-1.000000	-1.000000	-1.000000	-1.000000	-1.000000	-1.000000	73.241379	0.000000	-1.000000	-1.000000	1910908.000000	1773868065.652922
-6560.550000	1279.350000	12496.635000	14850.000000	-16561.845000	-19358.415000	8628.435000	15566.850000	-13.324298	-16.072867	-8.571796	-9.455239	-8.960114	-13.366120	-10.118341	-9.437218	-17.365880	-2.548420	4.349100	0.793455	0.426696	0.421447	-1.000000	-1.000000	-1.000000	-1.000000	-1.000000	-1.000000	-1.000000	73.241379	0.000000	-1.000000	-1.000000	1910909.000000	1773868065.658316
-6591.735000	1272.915000	12496.500000	14869.530000	-16600.905000	-19375.830000	8637.210000	15571.350000	-18.201609	-18.662824	-10.221185	-5.689618	0.186241	-9.763840	-1.010212	16.453282	-17.365880	-2.548420	4.349100	0.793455	0.426696	0.421447	-1.000000	-1.000000	-1.000000	-1.000000	-1.000000	-1.000000	-1.000000	73.241379	0.000000	-1.000000	-1.000000	1910910.000000	1773868065.658326
-6600.465000	1243.800000	12465.180000	14846.535000	-16610.895000	-19372.275000	8612.640000	15524.190000	-18.509722	-20.974357	-15.708121	-5.470279	0.990872	-7.094597	7.912734	39.424295	-13.321980	3.616620	-1.648080	0.804624	0.400817	0.410399	-1.000000	-1.000000	-1.000000	-1.000000	-1.000000	-1.000000	-1.000000	73.241379	0.000000	-1.000000	-1.000000	1910911.000000	1773868065.664485
-6561.540000	1260.135000	12473.280000	14840.055000	-16591.185000	-19350.720000	8623.350000	15500.520000	-14.010130	-21.677073	-21.647731	-8.233405	-5.912354	-5.192274	12.067258	47.734096	-13.321980	3.616620	-1.648080	0.804624	0.400817	0.410399	-1.000000	-1.000000	-1.000000	-1.000000	-1.000000	-1.000000	-1.000000	73.241379	0.000000	-1.000000	-1.000000	1910912.000000	1773868065.664495
-6548.040000	1258.785000	12459.240000	14807.655000	-16638.660000	-19404.990000	8644.095000	15603.975000	-3.405315	-16.192696	-20.514143	-9.070258	-10.101946	-0.251141	11.720315	38.248341	-13.321980	3.616620	-1.648080	0.804624	0.400817	0.410399	-1.000000	-1.000000	-1.000000	-1.000000	-1.000000	-1.000000	-1.000000	73.241379	0.000000	-1.000000	-1.000000	1910913.000000	1773868065.664505
-6544.755000	1223.055000	12419.505000	14766.390000	-16690.005000	-19468.125000	8666.370000	15749.505000	10.596710	-4.006155	-10.745060	-6.949704	-7.657109	4.025333	9.143753	22.041460	-13.321980	3.616620	-1.648080	0.804624	0.400817	0.410399	-1.000000	-1.000000	-1.000000	-1.000000	-1.000000	-1.000000	-1.000000	73.241379	0.000000	-1.000000	-1.000000	1910914.000000	1773868065.664510
-6546.240000	1239.660000	12438.720000	14790.420000	-16658.955000	-19441.170000	8658.180000	15666.345000	20.492021	8.504195	0.714608	-5.592828	-4.340529	0.473556	4.919635	11.923401	-13.321980	3.616620	-1.648080	0.804624	0.400817	0.410399	-1.000000	-1.000000	-1.000000	-1.000000	-1.000000	-1.000000	-1.000000	73.241379	0.000000	-1.000000	-1.000000	1910915.000000	1773868065.668006
-6540.615000	1283.535000	12479.850000	14822.055000	-16616.340000	-19388.430000	8654.400000	15606.135000	20.104042	14.730693	7.442987	-5.892597	-3.388997	-7.393342	-0.632148	5.168597	-13.321980	3.616620	-1.648080	0.804624	0.400817	0.410399	-1.000000	-1.000000	-1.000000	-1.000000	-1.000000	-1.000000	-1.000000	73.241379	0.000000	-1.000000	-1.000000	1910916.000000	1773868065.668019
-6521.580000	1321.065000	12522.555000	14872.275000	-16574.850000	-19338.075000	8662.455000	15548.670000	10.608190	15.620855	11.058733	-2.975730	-1.040765	-8.455970	-5.652782	-10.755746	-13.321980	3.616620	-1.648080	0.804624	0.400817	0.410399	-1.000000	-1.000000	-1.000000	-1.000000	-1.000000	-1.000000	-1.000000	73.241379	0.000000	-1.000000	-1.000000	1910917.000000	1773868065.672084
-6536.295000	1269.495000	12490.695000	14863.140000	-16587.405000	-19364.220000	8647.695000	15572.205000	-1.237596	15.120613	15.264827	6.099046	5.502514	0.830697	-9.085164	-38.235485	-13.321980	3.616620	-1.648080	0.804624	0.400817	0.410399	-1.000000	-1.000000	-1.000000	-1.000000	-1.000000	-1.000000	-1.000000	73.241379	0.000000	-1.000000	-1.000000	1910918.000000	1773868065.672091
-6551.505000	1241.055000	12437.640000	14771.475000	-16691.265000	-19421.190000	8631.810000	15645.960000	-9.777073	11.931137	17.145529	14.958977	11.699330	11.974250	-11.656356	-61.137923	-13.321980	3.616620	-1.648080	0.804624	0.400817	0.410399	-1.000000	-1.000000	-1.000000	-1.000000	-1.000000	-1.000000	-1.000000	73.241379	0.000000	-1.000000	-1.000000	1910919.000000	1773868065.676023
-6567.885000	1258.515000	12432.780000	14739.075000	-16707.690000	-19431.270000	8623.395000	15581.385000	-13.412529	3.848409	11.563255	13.928011	9.994420	14.397993	-12.783437	-58.592785	-13.321980	3.616620	-1.648080	0.804624	0.400817	0.410399	-1.000000	-1.000000	-1.000000	-1.000000	-1.000000	-1.000000	-1.000000	73.241379	0.000000	-1.000000	-1.000000	1910920.000000	1773868065.676029
-6567.615000	1286.190000	12475.080000	14798.070000	-16672.365000	-19459.395000	8644.410000	15600.915000	-13.435322	-5.434252	0.863524	3.825103	1.014177	6.637781	-10.137803	-28.562574	-2.334780	11.597600	-2.655240	0.806516	0.387267	0.407714	-1.000000	-1.000000	-1.000000	-1.000000	-1.000000	-1.000000	-1.000000	73.241379	0.000000	-1.000000	-1.000000	1910921.000000	1773868065.680252
-6569.280000	1249.155000	12472.110000	14835.240000	-16590.780000	-19412.145000	8671.995000	15621.345000	-11.318022	-10.372382	-6.682139	-3.360823	-4.110780	-3.086452	-3.030584	9.531377	-2.334780	11.597600	-2.655240	0.806516	0.387267	0.407714	-1.000000	-1.000000	-1.000000	-1.000000	-1.000000	-1.000000	-1.000000	73.241379	0.000000	-1.000000	-1.000000	1910922.000000	1773868065.680261
-6545.610000	1256.085000	12460.905000	14803.020000	-16623.090000	-19400.085000	8656.560000	15602.355000	-6.857270	-9.829726	-6.934968	-0.250844	2.427284	-5.418398	5.625634	34.183386	-2.334780	11.597600	-2.655240	0.806516	0.387267	0.407714	-1.000000	-1.000000	-1.000000	-1.000000	-1.000000	-1.000000	-1.000000	73.241379	0.000000	-1.000000	-1.000000	1910923.000000	1773868065.687931
-6579.990000	1253.790000	12464.460000	14822.055000	-16616.925000	-19406.970000	8629.695000	15547.770000	-0.264743	-7.003710	-4.008565	6.740845	13.099564	0.248319	11.013237	38.099169	-2.334780	11.597600	-2.655240	0.806516	0.387267	0.407714	-1.000000	-1.000000	-1.000000	-1.000000	-1.000000	-1.000000	-1.000000	73.241379	0.000000	-1.000000	-1.000000	1910924.000000	1773868065.687939
-6636.420000	1233.585000	12456.000000	14835.465000	-16601.895000	-19397.025000	8623.485000	15501.510000	4.860911	-5.874810	-4.100703	7.565723	14.223208	5.257350	10.400011	27.842628	-2.334780	11.597600	-2.655240	0.806516	0.387267	0.407714	-1.000000	-1.000000	-1.000000	-1.000000	-1.000000	-1.000000	-1.000000	73.241379	0.000000	-1.000000	-1.000000	1910925.000000	1773868065.688015
-6618.330000	1241.820000	12460.005000	14839.965000	-16588.215000	-19358.595000	8646.795000	15532.020000	4.845984	-7.167398	-8.186980	0.112663	2.490109	3.101416	5.421524	13.308352	-2.334780	11.597600	-2.655240	0.806516	0.387267	0.407714	-1.000000	-1.000000	-1.000000	-1.000000	-1.000000	-1.000000	-1.000000	73.241379	0.000000	-1.000000	-1.000000	1910926.000000	1773868065.688024
-6574.320000	1287.450000	12500.010000	14863.545000	-16580.565000	-19344.555000	8655.525000	15518.115000	2.594443	-6.094848	-10.630771	-9.472517	-12.684761	-2.615633	0.604195	0.980169	-2.334780	11.597600	-2.655240	0.806516	0.387267	0.407714	-1.000000	-1.000000	-1.000000	-1.000000	-1.000000	-1.000000	-1.000000	73.241379	0.000000	-1.000000	-1.000000	1910927.000000	1773868065.692179
-6541.740000	1347.255000	12562.020000	14913.135000	-16542.540000	-19318.140000	8632.170000	15392.520000	5.151598	3.144470	-3.976470	-11.479893	-18.187655	-3.897778	-0.736418	-8.243181	-2.334780	11.597600	-2.655240	0.806516	0.387267	0.407714	-1.000000	-1.000000	-1.000000	-1.000000	-1.000000	-1.000000	-1.000000	73.241379	0.000000	-1.000000	-1.000000	1910928.000000	1773868065.692188
-6538.725000	1395.720000	12626.280000	14983.830000	-16478.595000	-19301.850000	8629.650000	15300.180000	13.590818	18.790522	12.455506	-0.798841	-8.371381	1.872648	0.457797	-16.911191	-2.334780	11.597600	-2.655240	0.806516	0.387267	0.407714	-1.000000	-1.000000	-1.000000	-1.000000	-1.000000	-1.000000	-1.000000	73.241379	0.000000	-1.000000	-1.000000	1910929.000000	1773868065.696124
-6580.395000	1328.985000	12547.260000	14899.230000	-16556.445000	-19358.820000	8637.300000	15449.490000	19.949848	29.805890	27.683399	14.390895	8.049896	8.978281	0.781676	-22.678932	-2.334780	11.597600	-2.655240	0.806516	0.387267	0.407714	-1.000000	-1.000000	-1.000000	-1.000000	-1.000000	-1.000000	-1.000000	73.241379	0.000000	-1.000000	-1.000000	1910930.000000	1773868065.696133
-6572.385000	1244.790000	12442.680000	14771.205000	-16685.415000	-19435.320000	8619.345000	15759.180000	15.606856	24.254487	25.793921	16.296204	12.825278	7.428602	-1.799223	-13.169568	-5.508860	9.476460	-2.578940	0.796080	0.383666	0.410949	-1.000000	-1.000000	-1.000000	-1.000000	-1.000000	-1.000000	-1.000000	73.241379	0.000000	-1.000000	-1.000000	1910931.000000	1773868065.700034
-6486.480000	1271.520000	12459.870000	14781.825000	-16660.890000	-19432.980000	8634.690000	15813.855000	1.972666	1.008741	2.176293	-3.204148	-2.997710	-6.911263	-5.692935	21.129237	-5.508860	9.476460	-2.578940	0.796080	0.383666	0.410949	-1.000000	-1.000000	-1.000000	-1.000000	-1.000000	-1.000000	-1.000000	73.241379	0.000000	-1.000000	-1.000000	1910932.000000	1773868065.700043
-6514.920000	1242.900000	12430.125000	14767.290000	-16676.595000	-19492.065000	8628.210000	15692.985000	-10.147928	-26.807254	-28.947044	-30.912650	-26.867658	-25.868493	-6.574199	63.776314	-5.508860	9.476460	-2.578940	0.796080	0.383666	0.410949	-1.000000	-1.000000	-1.000000	-1.000000	-1.000000	-1.000000	-1.000000	73.241379	0.000000	-1.000000	-1.000000	1910933.000000	1773868065.704168
-6544.125000	1221.480000	12416.805000	14764.365000	-16694.145000	-19488.915000	8656.155000	15649.155000	-13.702782	-42.650532	-47.351376	-45.776971	-38.949166	-36.796706	-2.259498	77.967319	-5.508860	9.476460	-2.578940	0.796080	0.383666	0.410949	-1.000000	-1.000000	-1.000000	-1.000000	-1.000000	-1.000000	-1.000000	73.241379	0.000000	-1.000000	-1.000000	1910934.000000	1773868065.704185
-6561.945000	1230.480000	12430.170000	14799.105000	-16626.780000	-19402.290000	8632.215000	15610.005000	-12.138363	-38.909723	-42.683094	-36.937528	-29.772915	-31.218567	4.126180	43.262975	-5.508860	9.476460	-2.578940	0.796080	0.383666	0.410949	-1.000000	-1.000000	-1.000000	-1.000000	-1.000000	-1.000000	-1.000000	73.241379	0.000000	-1.000000	-1.000000	1910935.000000	1773868065.708200
-6550.650000	1267.695000	12467.115000	14840.010000	-16576.650000	-19368.180000	8601.165000	15561.045000	-11.573561	-18.798439	-17.969505	-7.614587	-1.481218	-7.238166	7.009321	-23.707335	-5.508860	9.476460	-2.578940	0.796080	0.383666	0.410949	-1.000000	-1.000000	-1.000000	-1.000000	-1.000000	-1.000000	-1.000000	73.241379	0.000000	-1.000000	-1.000000	1910936.000000	1773868065.708214
-6518.430000	1308.645000	12504.555000	14862.915000	-16557.435000	-19354.005000	8600.895000	15562.530000	-12.342467	7.598143	14.201278	28.062160	33.491774	26.027005	4.101708	-82.364242	-5.508860	9.476460	-2.578940	0.796080	0.383666	0.410949	-1.000000	-1.000000	-1.000000	-1.000000	-1.000000	-1.000000	-1.000000	73.241379	0.000000	-1.000000	-1.000000	1910937.000000	1773868065.713627
-6469.470000	1351.080000	12541.005000	14884.110000	-16543.755000	-19360.620000	8650.395000	15641.595000	-9.343355	29.217809	39.023650	52.018868	56.152966	50.926055	-0.983954	-97.737867	-5.508860	9.476460	-2.578940	0.796080	0.383666	0.410949	-1.000000	-1.000000	-1.000000	-1.000000	-1.000000	-1.000000	-1.000000	73.241379	0.000000	-1.000000	-1.000000	1910938.000000	1773868065.713643
-6479.460000	1340.145000	12535.110000	14871.960000	-16556.895000	-19371.555000	8679.510000	15667.875000	0.862133	40.281812	48.670568	54.568165	55.013976	54.670612	-2.530492	-67.514306	-5.508860	9.476460	-2.578940	0.796080	0.383666	0.410949	-1.000000	-1.000000	-1.000000	-1.000000	-1.000000	-1.000000	-1.000000	73.241379	0.000000	-1.000000	-1.000000	1910939.000000	1773868065.718684
-6580.395000	1265.535000	12481.920000	14841.405000	-16614.090000	-19378.935000	8666.865000	15599.160000	11.850734	39.017975	43.240440	39.191358	33.494615	37.366934	1.051630	-22.267973	-5.508860	9.476460	-2.578940	0.796080	0.383666	0.410949	-1.000000	-1.000000	-1.000000	-1.000000	-1.000000	-1.000000	-1.000000	73.241379	0.000000	-1.000000	-1.000000	1910940.000000	1773868065.718693
-6636.735000	1215.270000	12435.210000	14794.830000	-16654.500000	-19397.430000	8648.775000	15492.060000	10.826177	23.109618	24.114640	13.563479	1.456543	8.384968	5.466681	6.756868	5.386780	4.135460	-7.996240	0.792234	0.392882	0.416808	-1.000000	-1.000000	-1.000000	-1.000000	-1.000000	-1.000000	-1.000000	73.241379	0.000000	-1.000000	-1.000000	1910941.000000	1773868065.720400
-6618.645000	1252.170000	12463.155000	14799.780000	-16647.030000	-19436.940000	8644.050000	15473.070000	-3.618705	-3.826756	-4.145987	-15.515302	-30.434813	-20.568881	5.272001	15.357754	5.386780	4.135460	-7.996240	0.792234	0.392882	0.416808	-1.000000	-1.000000	-1.000000	-1.000000	-1.000000	-1.000000	-1.000000	73.241379	0.000000	-1.000000	-1.000000	1910942.000000	1773868065.720410
-6587.865000	1269.720000	12485.745000	14834.655000	-16634.430000	-19417.095000	8624.610000	15528.330000	-16.139164	-27.192816	-28.958225	-38.304245	-49.986281	-40.353907	-0.886455	19.489033	5.386780	4.135460	-7.996240	0.792234	0.392882	0.416808	-1.000000	-1.000000	-1.000000	-1.000000	-1.000000	-1.000000	-1.000000	73.241379	0.000000	-1.000000	-1.000000	1910943.000000	1773868065.725339
-6556.365000	1251.675000	12454.695000	14808.150000	-16677.765000	-19419.840000	8645.355000	15603.660000	-12.583142	-34.339851	-38.869735	-45.651261	-50.288028	-46.654742	-8.890640	32.439804	5.386780	4.135460	-7.996240	0.792234	0.392882	0.416808	-1.000000	-1.000000	-1.000000	-1.000000	-1.000000	-1.000000	-1.000000	73.241379	0.000000	-1.000000	-1.000000	1910944.000000	1773868065.725348
-6562.170000	1245.870000	12442.770000	14806.395000	-16627.680000	-19387.665000	8637.930000	15564.870000	4.982568	-26.727615	-34.294475	-37.412050	-34.899905	-39.236465	-11.878264	52.490110	5.386780	4.135460	-7.996240	0.792234	0.392882	0.416808	-1.000000	-1.000000	-1.000000	-1.000000	-1.000000	-1.000000	-1.000000	73.241379	0.000000	-1.000000	-1.000000	1910945.000000	1773868065.728316
-6544.080000	1278.180000	12478.005000	14848.740000	-16580.970000	-19369.845000	8626.905000	15534.135000	22.306513	-13.982200	-22.864723	-20.374324	-11.156643	-20.353868	-7.438269	63.956524	5.386780	4.135460	-7.996240	0.792234	0.392882	0.416808	-1.000000	-1.000000	-1.000000	-1.000000	-1.000000	-1.000000	-1.000000	73.241379	0.000000	-1.000000	-1.000000	1910946.000000	1773868065.728326
-6548.265000	1285.245000	12488.895000	14852.610000	-16585.110000	-19369.755000	8635.500000	15633.765000	26.996762	-2.280030	-9.262008	-0.581860	14.411200	4.706468	-0.654678	50.974848	5.386780	4.135460	-7.996240	0.792234	0.392882	0.416808	-1.000000	-1.000000	-1.000000	-1.000000	-1.000000	-1.000000	-1.000000	73.241379	0.000000	-1.000000	-1.000000	1910947.000000	1773868065.732143
-6597.090000	1253.520000	12478.860000	14846.580000	-16588.170000	-19364.760000	8626.590000	15603.030000	17.344322	7.834248	5.899588	18.041110	34.726035	27.380333	2.701756	13.810367	5.386780	4.135460	-7.996240	0.792234	0.392882	0.416808	-1.000000	-1.000000	-1.000000	-1.000000	-1.000000	-1.000000	-1.000000	73.241379	0.000000	-1.000000	-1.000000	1910948.000000	1773868065.732153
-6640.875000	1308.150000	12540.915000	14903.055000	-16533.045000	-19307.835000	8589.420000	15352.965000	0.408309	17.330672	21.713280	31.989677	44.446083	39.865194	1.861232	-32.962263	5.386780	4.135460	-7.996240	0.792234	0.392882	0.416808	-1.000000	-1.000000	-1.000000	-1.000000	-1.000000	-1.000000	-1.000000	73.241379	0.000000	-1.000000	-1.000000	1910949.000000	1773868065.736385
-6658.335000	1371.555000	12615.930000	14979.375000	-16460.415000	-19245.240000	8575.785000	15172.200000	-14.329333	26.421132	35.610356	39.180972	43.133282	40.516726	-0.686116	-73.095885	5.386780	4.135460	-7.996240	0.792234	0.392882	0.416808	-1.000000	-1.000000	-1.000000	-1.000000	-1.000000	-1.000000	-1.000000	73.241379	0.000000	-1.000000	-1.000000	1910950.000000	1773868065.736392
-6660.045000	1382.805000	12613.545000	14967.720000	-16477.920000	-19266.165000	8587.665000	15324.615000	-20.597826	32.007703	42.243148	37.776743	32.319970	32.004945	-1.945552	-90.016661	-0.915600	6.409200	-8.820280	0.777098	0.409850	0.427794	-1.000000	-1.000000	-1.000000	-1.000000	-1.000000	-1.000000	-1.000000	73.241379	0.000000	-1.000000	-1.000000	1910951.000000	1773868065.740189
-6561.495000	1286.730000	12466.530000	14800.095000	-16645.140000	-19434.690000	8659.215000	15768.720000	-16.774815	26.239860	32.382888	22.033661	10.048243	12.817351	1.116212	-63.890245	-0.915600	6.409200	-8.820280	0.777098	0.409850	0.427794	-1.000000	-1.000000	-1.000000	-1.000000	-1.000000	-1.000000	-1.000000	73.241379	0.000000	-1.000000	-1.000000	1910952.000000	1773868065.740196
-6496.785000	1213.335000	12383.685000	14725.755000	-16715.880000	-19467.180000	8724.285000	15832.395000	-3.697692	3.460331	0.893128	-11.717036	-24.975376	-19.733950	10.238506	10.170581	-0.915600	6.409200	-8.820280	0.777098	0.409850	0.427794	-1.000000	-1.000000	-1.000000	-1.000000	-1.000000	-1.000000	-1.000000	73.241379	0.000000	-1.000000	-1.000000	1910953.000000	1773868065.744096
-6535.125000	1169.505000	12373.830000	14731.560000	-16695.720000	-19439.460000	8674.155000	15758.325000	13.025124	-30.314832	-41.305437	-51.688299	-61.805293	-54.595149	21.344287	96.511673	-0.915600	6.409200	-8.820280	0.777098	0.409850	0.427794	-1.000000	-1.000000	-1.000000	-1.000000	-1.000000	-1.000000	-1.000000	73.241379	0.000000	-1.000000	-1.000000	1910954.000000	1773868065.744106
-6541.965000	1212.570000	12421.755000	14783.085000	-16672.680000	-19448.055000	8665.065000	15632.145000	21.821385	-57.496068	-69.943257	-73.475504	-78.884732	-69.473595	24.022388	134.676562	-0.915600	6.409200	-8.820280	0.777098	0.409850	0.427794	-1.000000	-1.000000	-1.000000	-1.000000	-1.000000	-1.000000	-1.000000	73.241379	0.000000	-1.000000	-1.000000	1910955.000000	1773868065.748187
-6534.855000	1261.665000	12467.070000	14820.390000	-16617.015000	-19413.720000	8665.740000	15571.620000	15.873795	-59.031791	-64.767015	-59.445372	-60.704717	-51.603437	11.799715	90.472849	-0.915600	6.409200	-8.820280	0.777098	0.409850	0.427794	-1.000000	-1.000000	-1.000000	-1.000000	-1.000000	-1.000000	-1.000000	73.241379	0.000000	-1.000000	-1.000000	1910956.000000	1773868065.748196
-6522.480000	1285.605000	12495.060000	14846.175000	-16592.265000	-19370.970000	8687.925000	15621.660000	1.722440	-28.718185	-25.193604	-13.650839	-11.486507	-8.354291	-8.943101	-9.997011	-0.915600	6.409200	-8.820280	0.777098	0.409850	0.427794	-1.000000	-1.000000	-1.000000	-1.000000	-1.000000	-1.000000	-1.000000	73.241379	0.000000	-1.000000	-1.000000	1910957.000000	1773868065.752034
-6485.220000	1340.685000	12552.255000	14900.535000	-16545.420000	-19322.055000	8715.330000	15650.910000	-7.995367	18.690894	27.701779	39.635103	44.729871	38.742266	-23.997813	-95.857846	-0.915600	6.409200	-8.820280	0.777098	0.409850	0.427794	-1.000000	-1.000000	-1.000000	-1.000000	-1.000000	-1.000000	-1.000000	73.241379	0.000000	-1.000000	-1.000000	1910958.000000	1773868065.752041
-6484.545000	1353.285000	12560.805000	14907.330000	-16536.780000	-19325.070000	8691.525000	15597.540000	-7.234438	56.627323	65.229276	72.312809	78.992150	67.018800	-24.569609	-112.386224	-0.915600	6.409200	-8.820280	0.777098	0.409850	0.427794	-1.000000	-1.000000	-1.000000	-1.000000	-1.000000	-1.000000	-1.000000	73.241379	0.000000	-1.000000	-1.000000	1910959.000000	1773868065.756193
-6553.260000	1255.005000	12450.285000	14790.420000	-16660.755000	-19434.015000	8624.295000	15611.130000	-2.264733	64.717305	69.101305	69.498284	75.758326	64.539293	-15.462228	-69.184196	-0.915600	6.409200	-8.820280	0.777098	0.409850	0.427794	-1.000000	-1.000000	-1.000000	-1.000000	-1.000000	-1.000000	-1.000000	73.241379	0.000000	-1.000000	-1.000000	1910960.000000	1773868065.756203
-6601.005000	1164.825000	12365.280000	14716.170000	-16730.100000	-19481.670000	8623.395000	15642.450000	-5.764212	40.144053	40.595962	36.125590	40.381619	35.378412	-8.875469	-18.838098	0.335720	12.711580	-10.086860	0.770628	0.427794	0.426207	-1.000000	-1.000000	-1.000000	-1.000000	-1.000000	-1.000000	-1.000000	73.241379	0.000000	-1.000000	-1.000000	1910961.000000	1773868065.760688
-6547.995000	1239.885000	12429.495000	14770.305000	-16683.615000	-19464.750000	8630.280000	15639.885000	-20.517032	-0.298304	-0.960842	-6.828931	-5.646154	-3.592127	-9.603573	4.102214	0.335720	12.711580	-10.086860	0.770628	0.427794	0.426207	-1.000000	-1.000000	-1.000000	-1.000000	-1.000000	-1.000000	-1.000000	73.241379	0.000000	-1.000000	-1.000000	1910962.000000	1773868065.760697
-6554.205000	1273.995000	12486.150000	14846.265000	-16582.635000	-19373.490000	8636.265000	15598.710000	-32.405212	-30.603370	-30.825083	-35.534064	-37.656342	-32.341456	-10.389405	6.969980	0.335720	12.711580	-10.086860	0.770628	0.427794	0.426207	-1.000000	-1.000000	-1.000000	-1.000000	-1.000000	-1.000000	-1.000000	73.241379	0.000000	-1.000000	-1.000000	1910963.000000	1773868065.764025
-6562.620000	1278.405000	12475.755000	14814.810000	-16634.115000	-19397.880000	8634.150000	15575.130000	-26.911488	-36.359690	-36.903631	-39.558062	-43.353279	-38.619317	-3.169658	11.025754	0.335720	12.711580	-10.086860	0.770628	0.427794	0.426207	-1.000000	-1.000000	-1.000000	-1.000000	-1.000000	-1.000000	-1.000000	73.241379	0.000000	-1.000000	-1.000000	1910964.000000	1773868065.764035
-6591.870000	1281.690000	12481.605000	14816.565000	-16633.845000	-19399.095000	8629.785000	15552.855000	-5.361649	-23.370544	-25.548355	-26.485533	-29.749798	-25.805337	10.537284	23.309691	0.335720	12.711580	-10.086860	0.770628	0.427794	0.426207	-1.000000	-1.000000	-1.000000	-1.000000	-1.000000	-1.000000	-1.000000	73.241379	0.000000	-1.000000	-1.000000	1910965.000000	1773868065.768077
-6609.195000	1249.695000	12479.895000	14843.205000	-16590.510000	-19391.175000	8652.825000	15558.840000	18.898953	-6.767758	-10.614828	-10.409092	-12.205279	-8.600195	22.599451	36.972832	0.335720	12.711580	-10.086860	0.770628	0.427794	0.426207	-1.000000	-1.000000	-1.000000	-1.000000	-1.000000	-1.000000	-1.000000	73.241379	0.000000	-1.000000	-1.000000	1910966.000000	1773868065.768086
-6635.700000	1266.975000	12507.570000	14876.595000	-16562.070000	-19376.370000	8648.505000	15479.820000	32.478663	1.629182	-1.729021	0.145422	0.185324	1.174240	26.618505	43.093155	0.335720	12.711580	-10.086860	0.770628	0.427794	0.426207	-1.000000	-1.000000	-1.000000	-1.000000	-1.000000	-1.000000	-1.000000	73.241379	0.000000	-1.000000	-1.000000	1910967.000000	1773868065.772233
-6703.020000	1276.785000	12528.495000	14902.110000	-16522.740000	-19312.155000	8614.260000	15388.335000	29.692099	0.735087	0.833998	5.236267	7.349553	3.744850	21.350940	34.792569	0.335720	12.711580	-10.086860	0.770628	0.427794	0.426207	-1.000000	-1.000000	-1.000000	-1.000000	-1.000000	-1.000000	-1.000000	73.241379	0.000000	-1.000000	-1.000000	1910968.000000	1773868065.772244
-6727.770000	1283.940000	12528.360000	14896.845000	-16535.115000	-19324.170000	8601.210000	15414.255000	14.398189	0.086735	4.837992	10.911639	14.570803	8.220066	9.565080	8.989803	0.335720	12.711580	-10.086860	0.770628	0.427794	0.426207	-1.000000	-1.000000	-1.000000	-1.000000	-1.000000	-1.000000	-1.000000	73.241379	0.000000	-1.000000	-1.000000	1910969.000000	1773868065.776182
-6685.920000	1328.130000	12562.245000	14919.480000	-16531.335000	-19314.180000	8608.455000	15446.160000	-2.876399	8.437077	15.808164	20.566802	23.895687	18.572819	-4.111750	-25.004669	0.335720	12.711580	-10.086860	0.770628	0.427794	0.426207	-1.000000	-1.000000	-1.000000	-1.000000	-1.000000	-1.000000	-1.000000	73.241379	0.000000	-1.000000	-1.000000	1910970.000000	1773868065.776191
-6617.340000	1299.555000	12518.955000	14866.020000	-16584.300000	-19358.145000	8608.005000	15492.195000	-11.051390	21.384839	26.519917	26.386798	26.453457	25.197048	-14.638213	-45.228355	-18.250960	9.873220	0.595140	0.766905	0.427916	0.419371	-1.000000	-1.000000	-1.000000	-1.000000	-1.000000	-1.000000	-1.000000	73.379310	0.000000	-1.000000	-1.000000	1910971.000000	1773868065.780142
-6467.580000	1293.120000	12479.580000	14815.710000	-16625.925000	-19422.855000	8641.260000	15644.430000	-3.798824	24.724447	22.364737	15.613615	10.966191	15.018536	-17.772165	-33.538977	-18.250960	9.873220	0.595140	0.766905	0.427916	0.419371	-1.000000	-1.000000	-1.000000	-1.000000	-1.000000	-1.000000	-1.000000	73.379310	0.000000	-1.000000	-1.000000	1910972.000000	1773868065.780151
-6408.045000	1241.505000	12414.600000	14751.765000	-16688.070000	-19500.165000	8669.385000	15756.255000	17.004101	10.745933	-1.118323	-12.392298	-19.444938	-12.476370	-12.033725	8.676943	-18.250960	9.873220	0.595140	0.766905	0.427916	0.419371	-1.000000	-1.000000	-1.000000	-1.000000	-1.000000	-1.000000	-1.000000	73.379310	0.000000	-1.000000	-1.000000	1910973.000000	1773868065.784061
-6462.810000	1249.155000	12434.445000	14777.550000	-16674.255000	-19439.505000	8668.710000	15669.315000	37.686477	-13.459704	-31.100462	-41.530600	-46.735592	-41.356023	-0.738827	56.307193	-18.250960	9.873220	0.595140	0.766905	0.427916	0.419371	-1.000000	-1.000000	-1.000000	-1.000000	-1.000000	-1.000000	-1.000000	73.379310	0.000000	-1.000000	-1.000000	1910974.000000	1773868065.784068
-6500.430000	1265.850000	12453.480000	14795.460000	-16652.925000	-19414.440000	8660.340000	15588.405000	38.673759	-32.365827	-47.911185	-52.575225	-53.591335	-50.906586	8.576065	73.887066	-18.250960	9.873220	0.595140	0.766905	0.427916	0.419371	-1.000000	-1.000000	-1.000000	-1.000000	-1.000000	-1.000000	-1.000000	73.379310	0.000000	-1.000000	-1.000000	1910975.000000	1773868065.788141
-6512.310000	1267.380000	12461.220000	14807.295000	-16636.140000	-19399.230000	8655.480000	15598.485000	12.882894	-34.426555	-40.617250	-38.222670	-35.566100	-33.048950	10.031790	46.177385	-18.250960	9.873220	0.595140	0.766905	0.427916	0.419371	-1.000000	-1.000000	-1.000000	-1.000000	-1.000000	-1.000000	-1.000000	73.379310	0.000000	-1.000000	-1.000000	1910976.000000	1773868065.788150
-6494.085000	1274.940000	12470.985000	14815.305000	-16631.145000	-19402.425000	8654.355000	15654.015000	-24.875191	-19.383770	-13.247327	-5.798172	-1.280280	1.686799	4.892809	-7.464371	-18.250960	9.873220	0.595140	0.766905	0.427916	0.419371	-1.000000	-1.000000	-1.000000	-1.000000	-1.000000	-1.000000	-1.000000	73.379310	0.000000	-1.000000	-1.000000	1910977.000000	1773868065.797365
-6485.085000	1302.390000	12495.105000	14834.160000	-16616.610000	-19391.400000	8641.485000	15632.325000	-51.358142	4.540171	20.903896	30.052779	34.567331	34.794839	-1.640674	-55.030867	-18.250960	9.873220	0.595140	0.766905	0.427916	0.419371	-1.000000	-1.000000	-1.000000	-1.000000	-1.000000	-1.000000	-1.000000	73.379310	0.000000	-1.000000	-1.000000	1910978.000000	1773868065.797375
-6510.330000	1306.665000	12503.745000	14843.970000	-16604.550000	-19380.915000	8644.770000	15590.655000	-55.396178	25.732120	46.487564	54.253380	57.611392	51.980421	-6.428398	-77.750430	-18.250960	9.873220	0.595140	0.766905	0.427916	0.419371	-1.000000	-1.000000	-1.000000	-1.000000	-1.000000	-1.000000	-1.000000	73.379310	0.000000	-1.000000	-1.000000	1910979.000000	1773868065.797386
-6521.175000	1335.645000	12536.055000	14872.365000	-16577.910000	-19359.630000	8655.885000	15540.840000	-43.111822	34.434740	52.779974	57.400238	59.230822	48.559023	-8.497043	-74.403142	-18.250960	9.873220	0.595140	0.766905	0.427916	0.419371	-1.000000	-1.000000	-1.000000	-1.000000	-1.000000	-1.000000	-1.000000	73.379310	0.000000	-1.000000	-1.000000	1910980.000000	1773868065.797390
-6535.305000	1287.675000	12505.455000	14858.460000	-16582.545000	-19364.985000	8637.390000	15589.440000	-26.945346	28.079879	39.526846	41.011674	41.261382	30.274811	-8.025497	-53.444414	0.961380	16.251900	1.556520	0.775206	0.417785	0.413207	-1.000000	-1.000000	-1.000000	-1.000000	-1.000000	-1.000000	-1.000000	73.379310	0.000000	-1.000000	-1.000000	1910981.000000	1773868065.800084
-6537.060000	1262.160000	12475.755000	14827.770000	-16613.100000	-19392.165000	8635.095000	15616.035000	-12.911850	10.775334	14.360122	14.085707	13.152976	7.116832	-6.586381	-23.004288	0.961380	16.251900	1.556520	0.775206	0.417785	0.413207	-1.000000	-1.000000	-1.000000	-1.000000	-1.000000	-1.000000	-1.000000	73.379310	0.000000	-1.000000	-1.000000	1910982.000000	1773868065.800092
-6557.445000	1252.485000	12471.975000	14823.810000	-16616.970000	-19387.890000	8670.870000	15604.695000	2.017052	-9.952898	-13.629424	-14.637374	-15.876310	-14.897011	-4.467854	13.074911	0.961380	16.251900	1.556520	0.775206	0.417785	0.413207	-1.000000	-1.000000	-1.000000	-1.000000	-1.000000	-1.000000	-1.000000	73.379310	0.000000	-1.000000	-1.000000	1910983.000000	1773868065.804291
-6588.360000	1222.695000	12437.910000	14787.450000	-16646.805000	-19410.750000	8672.580000	15566.220000	20.586561	-26.067312	-36.281290	-38.451365	-39.334847	-33.006321	0.240230	48.586943	0.961380	16.251900	1.556520	0.775206	0.417785	0.413207	-1.000000	-1.000000	-1.000000	-1.000000	-1.000000	-1.000000	-1.000000	73.379310	0.000000	-1.000000	-1.000000	1910984.000000	1773868065.804313
-6563.295000	1287.450000	12492.270000	14838.930000	-16599.105000	-19378.575000	8637.345000	15533.235000	38.256348	-31.093675	-46.163686	-50.283928	-50.846769	-42.548939	7.104892	69.880441	0.961380	16.251900	1.556520	0.775206	0.417785	0.413207	-1.000000	-1.000000	-1.000000	-1.000000	-1.000000	-1.000000	-1.000000	73.379310	0.000000	-1.000000	-1.000000	1910985.000000	1773868065.808263
-6537.555000	1365.975000	12555.810000	14889.105000	-16563.645000	-19353.465000	8623.755000	15532.605000	47.719327	-20.652544	-37.386810	-43.272704	-44.198375	-37.645706	11.618638	64.181009	0.961380	16.251900	1.556520	0.775206	0.417785	0.413207	-1.000000	-1.000000	-1.000000	-1.000000	-1.000000	-1.000000	-1.000000	73.379310	0.000000	-1.000000	-1.000000	1910986.000000	1773868065.808272
-6617.115000	1261.035000	12487.905000	14843.880000	-16601.265000	-19375.740000	8633.205000	15491.205000	43.485499	0.987976	-12.797595	-18.791391	-20.689654	-18.401796	10.394415	33.174768	0.961380	16.251900	1.556520	0.775206	0.417785	0.413207	-1.000000	-1.000000	-1.000000	-1.000000	-1.000000	-1.000000	-1.000000	73.379310	0.000000	-1.000000	-1.000000	1910987.000000	1773868065.814331
-6607.440000	1269.405000	12479.130000	14833.035000	-16605.090000	-19380.600000	8647.695000	15450.345000	23.962383	18.194239	12.304156	9.049882	6.706273	5.213371	5.032029	-6.296335	0.961380	16.251900	1.556520	0.775206	0.417785	0.413207	-1.000000	-1.000000	-1.000000	-1.000000	-1.000000	-1.000000	-1.000000	73.379310	0.000000	-1.000000	-1.000000	1910988.000000	1773868065.814340
-6557.805000	1284.570000	12488.535000	14841.630000	-16586.955000	-19377.540000	8656.560000	15511.500000	-3.444506	19.893477	23.739707	25.226177	23.972614	21.332976	-0.441110	-34.665482	0.961380	16.251900	1.556520	0.775206	0.417785	0.413207	-1.000000	-1.000000	-1.000000	-1.000000	-1.000000	-1.000000	-1.000000	73.379310	0.000000	-1.000000	-1.000000	1910989.000000	1773868065.816292
-6525.495000	1251.495000	12465.990000	14812.875000	-16625.250000	-19408.275000	8654.625000	15585.075000	-24.229123	10.547729	21.047302	26.236948	27.048491	25.402280	-3.395671	-40.502344	0.961380	16.251900	1.556520	0.775206	0.417785	0.413207	-1.000000	-1.000000	-1.000000	-1.000000	-1.000000	-1.000000	-1.000000	73.379310	0.000000	-1.000000	-1.000000	1910990.000000	1773868065.816302
-6497.055000	1312.830000	12502.845000	14838.480000	-16604.055000	-19402.065000	8661.195000	15652.485000	-27.955009	1.159691	12.609333	17.879295	19.999297	19.566246	-3.761912	-23.700132	-13.093080	2.853620	-2.639980	0.774412	0.399779	0.408202	-1.000000	-1.000000	-1.000000	-1.000000	-1.000000	-1.000000	-1.000000	73.379310	0.000000	-1.000000	-1.000000	1910991.000000	1773868065.822562
-6485.805000	1389.060000	12576.060000	14894.640000	-16584.390000	-19381.455000	8668.035000	15599.745000	-15.257462	-0.166934	6.865830	8.487843	9.633138	8.981884	-3.193100	5.261731	-13.093080	2.853620	-2.639980	0.774412	0.399779	0.408202	-1.000000	-1.000000	-1.000000	-1.000000	-1.000000	-1.000000	-1.000000	73.379310	0.000000	-1.000000	-1.000000	1910992.000000	1773868065.822571
-6551.055000	1271.655000	12504.870000	14867.910000	-16580.070000	-19353.420000	8671.545000	15591.285000	2.867106	5.666563	6.433177	3.586110	1.670655	-0.123652	-2.636222	28.990070	-13.093080	2.853620	-2.639980	0.774412	0.399779	0.408202	-1.000000	-1.000000	-1.000000	-1.000000	-1.000000	-1.000000	-1.000000	73.379310	0.000000	-1.000000	-1.000000	1910993.000000	1773868065.824164
-6584.175000	1203.075000	12441.330000	14821.830000	-16598.925000	-19364.715000	8653.545000	15561.765000	11.371996	5.903926	4.106513	0.609732	-3.088588	-4.290652	-1.322309	33.036853	-13.093080	2.853620	-2.639980	0.774412	0.399779	0.408202	-1.000000	-1.000000	-1.000000	-1.000000	-1.000000	-1.000000	-1.000000	73.379310	0.000000	-1.000000	-1.000000	1910994.000000	1773868065.824169
-6531.840000	1314.945000	12534.795000	14893.830000	-16540.830000	-19309.950000	8677.530000	15485.895000	4.302650	-7.313904	-6.527542	-5.571969	-6.440170	-4.320737	1.149471	14.857740	-13.093080	2.853620	-2.639980	0.774412	0.399779	0.408202	-1.000000	-1.000000	-1.000000	-1.000000	-1.000000	-1.000000	-1.000000	73.379310	0.000000	-1.000000	-1.000000	1910995.000000	1773868065.828554
-6489.180000	1422.585000	12657.330000	15016.995000	-16426.170000	-19213.425000	8727.480000	15357.465000	-7.839941	-19.713864	-15.825690	-10.037146	-5.560841	-0.393911	4.219969	-16.330907	-13.093080	2.853620	-2.639980	0.774412	0.399779	0.408202	-1.000000	-1.000000	-1.000000	-1.000000	-1.000000	-1.000000	-1.000000	73.379310	0.000000	-1.000000	-1.000000	1910996.000000	1773868065.828564
-6493.095000	1390.050000	12621.780000	14980.725000	-16465.680000	-19256.715000	8708.670000	15478.965000	-11.730180	-13.734239	-10.207221	-4.194005	2.712595	7.141412	6.595791	-43.237861	-13.093080	2.853620	-2.639980	0.774412	0.399779	0.408202	-1.000000	-1.000000	-1.000000	-1.000000	-1.000000	-1.000000	-1.000000	73.379310	0.000000	-1.000000	-1.000000	1910997.000000	1773868065.832279
-6608.655000	1187.730000	12395.250000	14746.635000	-16699.140000	-19483.290000	8596.080000	15683.040000	-8.752422	3.187968	3.084863	4.692608	8.796826	9.178618	4.204519	-46.076864	-13.093080	2.853620	-2.639980	0.774412	0.399779	0.408202	-1.000000	-1.000000	-1.000000	-1.000000	-1.000000	-1.000000	-1.000000	73.379310	0.000000	-1.000000	-1.000000	1910998.000000	1773868065.832286
-6647.760000	1146.375000	12345.345000	14695.020000	-16749.765000	-19529.775000	8575.605000	15717.735000	-9.930745	8.434259	3.133084	-0.937335	-2.356114	-5.816376	-6.647690	-17.926081	-13.093080	2.853620	-2.639980	0.774412	0.399779	0.408202	-1.000000	-1.000000	-1.000000	-1.000000	-1.000000	-1.000000	-1.000000	73.379310	0.000000	-1.000000	-1.000000	1910999.000000	1773868065.839256
-6665.850000	1253.340000	12477.105000	14831.460000	-16614.990000	-19397.520000	8555.175000	15483.870000	-17.675878	-4.219662	-13.380340	-20.682890	-25.966679	-30.545383	-21.430897	20.857188	-13.093080	2.853620	-2.639980	0.774412	0.399779	0.408202	-1.000000	-1.000000	-1.000000	-1.000000	-1.000000	-1.000000	-1.000000	73.379310	0.000000	-1.000000	-1.000000	1911000.000000	1773868065.839266
-6731.685000	1230.930000	12471.705000	14840.955000	-16597.305000	-19369.485000	8545.635000	15410.340000	-22.650959	-18.393678	-26.568832	-32.626958	-37.490530	-40.565636	-29.210493	37.378969	3.113040	1.022420	-1.373400	0.775999	0.392150	0.409240	-1.000000	-1.000000	-1.000000	-1.000000	-1.000000	-1.000000	-1.000000	73.379310	0.000000	-1.000000	-1.000000	1911001.000000	1773868065.840246
-6683.175000	1154.430000	12390.210000	14766.885000	-16664.715000	-19446.210000	8591.175000	15663.420000	-15.155820	-17.735793	-20.400790	-22.107709	-23.398613	-24.252581	-21.832049	24.239996	3.113040	1.022420	-1.373400	0.775999	0.392150	0.409240	-1.000000	-1.000000	-1.000000	-1.000000	-1.000000	-1.000000	-1.000000	73.379310	0.000000	-1.000000	-1.000000	1911002.000000	1773868065.840257
-6499.980000	1204.695000	12389.715000	14742.540000	-16696.800000	-19469.115000	8690.310000	15777.675000	8.458090	-2.301011	0.212639	2.237864	4.074502	4.374673	1.537905	8.147094	3.113040	1.022420	-1.373400	0.775999	0.392150	0.409240	-1.000000	-1.000000	-1.000000	-1.000000	-1.000000	-1.000000	-1.000000	73.379310	0.000000	-1.000000	-1.000000	1911003.000000	1773868065.844292
-6463.665000	1258.065000	12425.715000	14769.180000	-16675.380000	-19461.555000	8671.545000	15701.580000	42.249084	16.562436	19.426142	21.995466	24.247836	24.523767	31.569817	11.815638	3.113040	1.022420	-1.373400	0.775999	0.392150	0.409240	-1.000000	-1.000000	-1.000000	-1.000000	-1.000000	-1.000000	-1.000000	73.379310	0.000000	-1.000000	-1.000000	1911004.000000	1773868065.844302
-6493.545000	1279.710000	12461.085000	14805.180000	-16648.740000	-19432.935000	8650.080000	15675.660000	66.965977	27.648215	26.506188	26.966657	27.490053	27.559814	49.711162	26.091808	3.113040	1.022420	-1.373400	0.775999	0.392150	0.409240	-1.000000	-1.000000	-1.000000	-1.000000	-1.000000	-1.000000	-1.000000	73.379310	0.000000	-1.000000	-1.000000	1911005.000000	1773868065.848294
-6495.750000	1303.200000	12492.810000	14836.635000	-16618.815000	-19391.265000	8671.770000	15626.295000	62.477925	28.014273	23.808037	22.073700	20.389741	21.045949	43.464824	24.437685	3.113040	1.022420	-1.373400	0.775999	0.392150	0.409240	-1.000000	-1.000000	-1.000000	-1.000000	-1.000000	-1.000000	-1.000000	73.379310	0.000000	-1.000000	-1.000000	1911006.000000	1773868065.848315
-6518.070000	1283.580000	12487.050000	14841.225000	-16604.910000	-19376.955000	8681.175000	15617.385000	28.512655	24.045179	22.503631	20.817938	17.981103	20.110677	19.763983	-8.159248	3.113040	1.022420	-1.373400	0.775999	0.392150	0.409240	-1.000000	-1.000000	-1.000000	-1.000000	-1.000000	-1.000000	-1.000000	73.379310	0.000000	-1.000000	-1.000000	1911007.000000	1773868065.852196
-6533.055000	1273.140000	12487.185000	14853.870000	-16584.750000	-19365.255000	8657.010000	15608.565000	-16.006760	19.377663	25.651378	26.858916	25.068311	28.241034	-5.304722	-56.050097	3.113040	1.022420	-1.373400	0.775999	0.392150	0.409240	-1.000000	-1.000000	-1.000000	-1.000000	-1.000000	-1.000000	-1.000000	73.379310	0.000000	-1.000000	-1.000000	1911008.000000	1773868065.852206
-6541.245000	1270.620000	12476.610000	14838.345000	-16601.895000	-19384.245000	8634.285000	15593.535000	-49.900637	7.747390	21.196816	26.437544	27.743350	30.053955	-22.739818	-80.937230	3.113040	1.022420	-1.373400	0.775999	0.392150	0.409240	-1.000000	-1.000000	-1.000000	-1.000000	-1.000000	-1.000000	-1.000000	73.379310	0.000000	-1.000000	-1.000000	1911009.000000	1773868065.856220
-6541.965000	1290.285000	12479.535000	14827.005000	-16621.110000	-19400.580000	8632.530000	15594.840000	-60.379944	-12.405055	0.973953	7.728703	11.929333	11.523821	-31.277493	-59.771866	3.113040	1.022420	-1.373400	0.775999	0.392150	0.409240	-1.000000	-1.000000	-1.000000	-1.000000	-1.000000	-1.000000	-1.000000	73.379310	0.000000	-1.000000	-1.000000	1911010.000000	1773868065.856230
-6569.910000	1260.360000	12453.705000	14807.970000	-16639.695000	-19411.065000	8639.640000	15595.380000	-48.651058	-29.726983	-24.723129	-21.308089	-17.162421	-20.366744	-32.114181	-10.260190	9.629060	6.638100	-3.845520	0.800352	0.403808	0.408690	-1.000000	-1.000000	-1.000000	-1.000000	-1.000000	-1.000000	-1.000000	73.379310	0.000000	-1.000000	-1.000000	1911011.000000	1773868065.862746
-6589.305000	1206.045000	12436.650000	14814.675000	-16621.695000	-19402.290000	8646.525000	15588.405000	-29.423319	-36.094432	-40.763128	-42.677686	-41.400641	-45.521314	-27.376148	31.769676	9.629060	6.638100	-3.845520	0.800352	0.403808	0.408690	-1.000000	-1.000000	-1.000000	-1.000000	-1.000000	-1.000000	-1.000000	73.379310	0.000000	-1.000000	-1.000000	1911012.000000	1773868065.862757
-6549.885000	1277.955000	12483.090000	14837.715000	-16615.260000	-19399.635000	8638.920000	15583.950000	-15.041454	-34.199343	-42.172844	-46.461471	-48.041714	-50.809083	-18.508685	49.570525	9.629060	6.638100	-3.845520	0.800352	0.403808	0.408690	-1.000000	-1.000000	-1.000000	-1.000000	-1.000000	-1.000000	-1.000000	73.379310	0.000000	-1.000000	-1.000000	1911013.000000	1773868065.865088
-6513.075000	1343.385000	12535.560000	14878.440000	-16580.880000	-19359.585000	8641.800000	15576.480000	-2.927476	-24.952739	-30.497352	-33.753507	-36.475604	-36.674846	-5.785485	47.991555	9.629060	6.638100	-3.845520	0.800352	0.403808	0.408690	-1.000000	-1.000000	-1.000000	-1.000000	-1.000000	-1.000000	-1.000000	73.379310	0.000000	-1.000000	-1.000000	1911014.000000	1773868065.865098
-6503.490000	1344.105000	12553.965000	14912.730000	-16535.565000	-19308.690000	8687.745000	15572.745000	14.382638	-5.186899	-8.129532	-9.805925	-12.244049	-10.086910	9.658688	34.651315	9.629060	6.638100	-3.845520	0.800352	0.403808	0.408690	-1.000000	-1.000000	-1.000000	-1.000000	-1.000000	-1.000000	-1.000000	73.379310	0.000000	-1.000000	-1.000000	1911015.000000	1773868065.868391
-6543.945000	1312.920000	12538.980000	14907.960000	-16539.840000	-19330.965000	8696.610000	15563.430000	34.450765	20.522071	18.256627	17.545499	16.223221	19.263949	24.642975	14.564808	9.629060	6.638100	-3.845520	0.800352	0.403808	0.408690	-1.000000	-1.000000	-1.000000	-1.000000	-1.000000	-1.000000	-1.000000	73.379310	0.000000	-1.000000	-1.000000	1911016.000000	1773868065.868402
-6595.200000	1255.230000	12476.835000	14847.345000	-16587.225000	-19371.870000	8629.785000	15522.480000	45.350177	37.173905	34.984148	35.077387	35.273060	37.325159	33.118478	-4.951253	9.629060	6.638100	-3.845520	0.800352	0.403808	0.408690	-1.000000	-1.000000	-1.000000	-1.000000	-1.000000	-1.000000	-1.000000	73.379310	0.000000	-1.000000	-1.000000	1911017.000000	1773868065.872228
-6585.120000	1235.385000	12458.835000	14834.745000	-16595.325000	-19376.505000	8617.635000	15553.755000	38.472706	32.534967	30.743363	31.625713	33.462918	33.677623	28.751885	-15.513937	9.629060	6.638100	-3.845520	0.800352	0.403808	0.408690	-1.000000	-1.000000	-1.000000	-1.000000	-1.000000	-1.000000	-1.000000	73.379310	0.000000	-1.000000	-1.000000	1911018.000000	1773868065.872238
-6536.880000	1293.165000	12512.295000	14881.050000	-16566.480000	-19359.270000	8650.845000	15583.860000	18.341087	11.379972	10.421568	11.793676	14.696811	13.472285	12.340461	-14.672599	9.629060	6.638100	-3.845520	0.800352	0.403808	0.408690	-1.000000	-1.000000	-1.000000	-1.000000	-1.000000	-1.000000	-1.000000	73.379310	0.000000	-1.000000	-1.000000	1911019.000000	1773868065.876232
-6517.080000	1326.735000	12535.470000	14901.480000	-16551.675000	-19349.190000	8676.000000	15661.890000	-2.651120	-8.097566	-8.074667	-7.079605	-5.053775	-7.175019	-6.909880	-6.900117	9.629060	6.638100	-3.845520	0.800352	0.403808	0.408690	-1.000000	-1.000000	-1.000000	-1.000000	-1.000000	-1.000000	-1.000000	73.379310	0.000000	-1.000000	-1.000000	1911020.000000	1773868065.876242
-6404.625000	1457.505000	12650.715000	15016.995000	-16440.120000	-19235.430000	8770.230000	15735.510000	-14.652711	-11.538629	-11.435402	-11.922739	-12.880825	-15.278459	-18.013887	3.850598	-9.934260	4.333840	0.549360	0.809995	0.407531	0.406066	-1.000000	-1.000000	-1.000000	-1.000000	-1.000000	-1.000000	-1.000000	73.379310	0.000000	-1.000000	-1.000000	1911021.000000	1773868065.880398
-6376.905000	1496.835000	12686.175000	15061.680000	-16396.065000	-19185.885000	8792.145000	15743.610000	-14.384760	0.311035	-0.731864	-2.518677	-6.388387	-7.692969	-14.790923	15.141278	-9.934260	4.333840	0.549360	0.809995	0.407531	0.406066	-1.000000	-1.000000	-1.000000	-1.000000	-1.000000	-1.000000	-1.000000	73.379310	0.000000	-1.000000	-1.000000	1911022.000000	1773868065.880408
-6488.100000	1333.350000	12541.815000	14913.990000	-16533.900000	-19314.270000	8674.425000	15580.170000	-8.257658	11.653058	10.053310	8.886303	4.738329	5.870881	-3.011628	18.229431	-9.934260	4.333840	0.549360	0.809995	0.407531	0.406066	-1.000000	-1.000000	-1.000000	-1.000000	-1.000000	-1.000000	-1.000000	73.379310	0.000000	-1.000000	-1.000000	1911023.000000	1773868065.885015
-6582.690000	1180.710000	12441.195000	14816.745000	-16612.470000	-19383.750000	8612.325000	15400.125000	-8.969545	3.913163	4.568086	5.345696	4.073665	7.785030	1.374232	0.551949	-9.934260	4.333840	0.549360	0.809995	0.407531	0.406066	-1.000000	-1.000000	-1.000000	-1.000000	-1.000000	-1.000000	-1.000000	73.379310	0.000000	-1.000000	-1.000000	1911024.000000	1773868065.885031
-6580.350000	1190.070000	12442.320000	14815.260000	-16619.805000	-19399.815000	8591.580000	15460.920000	-19.828923	-23.326363	-17.857408	-16.176772	-13.306285	-8.085990	-9.105386	-34.585369	-9.934260	4.333840	0.549360	0.809995	0.407531	0.406066	-1.000000	-1.000000	-1.000000	-1.000000	-1.000000	-1.000000	-1.000000	73.379310	0.000000	-1.000000	-1.000000	1911025.000000	1773868065.888330
-6562.890000	1234.395000	12433.410000	14799.105000	-16647.030000	-19431.765000	8588.385000	15662.250000	-28.488931	-46.822398	-38.212212	-37.801500	-32.697429	-28.112916	-22.895364	-57.555380	-9.934260	4.333840	0.549360	0.809995	0.407531	0.406066	-1.000000	-1.000000	-1.000000	-1.000000	-1.000000	-1.000000	-1.000000	73.379310	0.000000	-1.000000	-1.000000	1911026.000000	1773868065.888340
-6567.795000	1256.535000	12468.060000	14841.000000	-16600.095000	-19379.385000	8645.850000	15652.260000	-22.495725	-42.601784	-37.059826	-38.992740	-35.436275	-34.005237	-23.359003	-40.739256	-9.934260	4.333840	0.549360	0.809995	0.407531	0.406066	-1.000000	-1.000000	-1.000000	-1.000000	-1.000000	-1.000000	-1.000000	73.379310	0.000000	-1.000000	-1.000000	1911027.000000	1773868065.892241
-6636.600000	1196.550000	12394.620000	14759.910000	-16683.480000	-19461.780000	8615.970000	15649.605000	-4.940849	-11.451171	-13.783826	-17.026077	-17.184554	-19.757859	-7.010004	5.870649	-9.934260	4.333840	0.549360	0.809995	0.407531	0.406066	-1.000000	-1.000000	-1.000000	-1.000000	-1.000000	-1.000000	-1.000000	73.379310	0.000000	-1.000000	-1.000000	1911028.000000	1773868065.892248
-6657.660000	1138.185000	12334.500000	14707.620000	-16733.160000	-19511.190000	8591.850000	15640.515000	9.866454	22.494984	13.441134	11.087571	8.244743	3.336466	13.577901	45.632872	-9.934260	4.333840	0.549360	0.809995	0.407531	0.406066	-1.000000	-1.000000	-1.000000	-1.000000	-1.000000	-1.000000	-1.000000	73.379310	0.000000	-1.000000	-1.000000	1911029.000000	1773868065.896143
-6641.145000	1140.750000	12361.005000	14746.365000	-16689.105000	-19467.405000	8616.735000	15615.405000	12.333354	35.168119	25.297302	25.676582	22.826178	18.207776	23.109598	52.567340	-9.934260	4.333840	0.549360	0.809995	0.407531	0.406066	-1.000000	-1.000000	-1.000000	-1.000000	-1.000000	-1.000000	-1.000000	73.379310	0.000000	-1.000000	-1.000000	1911030.000000	1773868065.896149
-6624.720000	1190.520000	12424.995000	14809.185000	-16630.245000	-19412.685000	8637.750000	15603.300000	6.564919	24.333791	20.542800	24.269727	23.515249	20.712314	19.158591	28.677004	-3.143560	-13.444060	-4.516960	0.806394	0.408141	0.411010	-1.000000	-1.000000	-1.000000	-1.000000	-1.000000	-1.000000	-1.000000	73.379310	0.000000	-1.000000	-1.000000	1911031.000000	1773868065.901622
-6614.595000	1231.155000	12458.250000	14830.965000	-16616.970000	-19404.270000	8615.835000	15535.125000	5.558822	10.871409	15.820007	21.444604	22.561350	21.175070	11.824524	-3.254590	-3.143560	-13.444060	-4.516960	0.806394	0.408141	0.411010	-1.000000	-1.000000	-1.000000	-1.000000	-1.000000	-1.000000	-1.000000	73.379310	0.000000	-1.000000	-1.000000	1911032.000000	1773868065.901632
-6580.665000	1296.765000	12501.405000	14855.850000	-16602.525000	-19395.630000	8613.855000	15502.050000	17.404023	15.536813	24.246687	28.235857	28.616849	27.346449	9.526811	-20.749407	-3.143560	-13.444060	-4.516960	0.806394	0.408141	0.411010	-1.000000	-1.000000	-1.000000	-1.000000	-1.000000	-1.000000	-1.000000	73.379310	0.000000	-1.000000	-1.000000	1911033.000000	1773868065.904174
-6597.045000	1233.225000	12444.705000	14819.895000	-16626.690000	-19419.795000	8612.415000	15641.685000	35.177107	34.160498	38.548667	37.844878	35.318673	33.778535	11.288613	-18.319592	-3.143560	-13.444060	-4.516960	0.806394	0.408141	0.411010	-1.000000	-1.000000	-1.000000	-1.000000	-1.000000	-1.000000	-1.000000	73.379310	0.000000	-1.000000	-1.000000	1911034.000000	1773868065.904187
-6559.020000	1285.515000	12477.645000	14838.120000	-16612.605000	-19412.100000	8623.125000	15696.495000	42.695774	42.648660	39.808361	34.820013	30.409496	29.511321	11.160543	-4.890635	-3.143560	-13.444060	-4.516960	0.806394	0.408141	0.411010	-1.000000	-1.000000	-1.000000	-1.000000	-1.000000	-1.000000	-1.000000	73.379310	0.000000	-1.000000	-1.000000	1911035.000000	1773868065.908325
-6518.025000	1347.120000	12542.985000	14903.235000	-16541.370000	-19330.155000	8704.440000	15686.685000	31.310548	26.721869	20.221270	14.114012	11.106113	11.951991	5.518229	7.416176	-3.143560	-13.444060	-4.516960	0.806394	0.408141	0.411010	-1.000000	-1.000000	-1.000000	-1.000000	-1.000000	-1.000000	-1.000000	73.379310	0.000000	-1.000000	-1.000000	1911036.000000	1773868065.908331
-6477.120000	1405.260000	12607.560000	14976.450000	-16458.480000	-19244.070000	8762.625000	15669.270000	7.650893	-3.437116	-8.190150	-12.169378	-11.075921	-7.946367	-2.285350	10.388921	-3.143560	-13.444060	-4.516960	0.806394	0.408141	0.411010	-1.000000	-1.000000	-1.000000	-1.000000	-1.000000	-1.000000	-1.000000	73.379310	0.000000	-1.000000	-1.000000	1911037.000000	1773868065.912293
-6464.790000	1412.460000	12599.685000	14973.435000	-16461.270000	-19250.370000	8733.960000	15673.050000	-15.878369	-28.875321	-28.550872	-28.521765	-22.960349	-17.927775	-7.141409	2.947784	-3.143560	-13.444060	-4.516960	0.806394	0.408141	0.411010	-1.000000	-1.000000	-1.000000	-1.000000	-1.000000	-1.000000	-1.000000	73.379310	0.000000	-1.000000	-1.000000	1911038.000000	1773868065.912304
-6453.225000	1388.700000	12552.525000	14963.445000	-16479.495000	-19273.770000	8702.595000	15686.100000	-32.304844	-41.515194	-37.274641	-33.022486	-25.353801	-20.075147	-10.965073	-8.473642	-3.143560	-13.444060	-4.516960	0.806394	0.408141	0.411010	-1.000000	-1.000000	-1.000000	-1.000000	-1.000000	-1.000000	-1.000000	73.379310	0.000000	-1.000000	-1.000000	1911039.000000	1773868065.916162
-6584.940000	1241.055000	12393.585000	14819.985000	-16622.460000	-19416.330000	8605.845000	15585.030000	-41.247032	-45.969003	-42.795651	-35.027427	-29.124857	-25.878989	-18.594481	-15.277959	-3.143560	-13.444060	-4.516960	0.806394	0.408141	0.411010	-1.000000	-1.000000	-1.000000	-1.000000	-1.000000	-1.000000	-1.000000	73.379310	0.000000	-1.000000	-1.000000	1911040.000000	1773868065.916172
-6695.595000	1094.985000	12233.565000	14645.430000	-16772.670000	-19558.710000	8543.025000	15568.785000	-45.802556	-49.797979	-51.984830	-42.328879	-40.701543	-40.686216	-28.974915	-13.428015	-10.620960	-19.929560	-14.084980	0.810789	0.406554	0.410216	-1.000000	-1.000000	-1.000000	-1.000000	-1.000000	-1.000000	-1.000000	73.379310	0.000000	-1.000000	-1.000000	1911041.000000	1773868065.920301
-6660.855000	1116.405000	12269.655000	14651.730000	-16749.000000	-19522.440000	8572.005000	15607.170000	-46.206851	-52.656866	-59.569612	-51.952049	-53.628894	-55.796158	-34.225305	-4.702618	-10.620960	-19.929560	-14.084980	0.810789	0.406554	0.410216	-1.000000	-1.000000	-1.000000	-1.000000	-1.000000	-1.000000	-1.000000	73.379310	0.000000	-1.000000	-1.000000	1911042.000000	1773868065.920321
-6610.545000	1197.855000	12375.945000	14734.395000	-16670.025000	-19445.715000	8604.450000	15598.710000	-35.144635	-42.158911	-47.804982	-47.819010	-49.888857	-51.846010	-25.236356	3.361166	-10.620960	-19.929560	-14.084980	0.810789	0.406554	0.410216	-1.000000	-1.000000	-1.000000	-1.000000	-1.000000	-1.000000	-1.000000	73.379310	0.000000	-1.000000	-1.000000	1911043.000000	1773868065.924268
-6578.910000	1250.145000	12443.850000	14816.655000	-16618.590000	-19405.035000	8623.305000	15608.700000	-7.609739	-8.415090	-5.568449	-15.982449	-17.400065	-17.882546	-1.675595	2.925180	-10.620960	-19.929560	-14.084980	0.810789	0.406554	0.410216	-1.000000	-1.000000	-1.000000	-1.000000	-1.000000	-1.000000	-1.000000	73.379310	0.000000	-1.000000	-1.000000	1911044.000000	1773868065.924277
-6599.700000	1224.090000	12441.105000	14842.845000	-16631.415000	-19427.355000	8609.805000	15600.735000	27.203399	37.655422	51.524977	35.083939	31.811479	31.552989	23.808856	-3.821862	-10.620960	-19.929560	-14.084980	0.810789	0.406554	0.410216	-1.000000	-1.000000	-1.000000	-1.000000	-1.000000	-1.000000	-1.000000	73.379310	0.000000	-1.000000	-1.000000	1911045.000000	1773868065.928299
-6642.765000	1172.520000	12394.260000	14805.495000	-16662.510000	-19457.820000	8600.310000	15568.155000	50.753647	70.054461	90.330118	77.335754	68.950042	66.673869	36.022158	-7.933358	-10.620960	-19.929560	-14.084980	0.810789	0.406554	0.410216	-1.000000	-1.000000	-1.000000	-1.000000	-1.000000	-1.000000	-1.000000	73.379310	0.000000	-1.000000	-1.000000	1911046.000000	1773868065.928309
-6648.930000	1173.690000	12400.695000	14803.155000	-16652.070000	-19440.495000	8612.820000	15556.230000	50.247653	70.586813	88.377656	85.748665	73.318286	68.681737	30.925074	-5.332707	-10.620960	-19.929560	-14.084980	0.810789	0.406554	0.410216	-1.000000	-1.000000	-1.000000	-1.000000	-1.000000	-1.000000	-1.000000	73.379310	0.000000	-1.000000	-1.000000	1911047.000000	1773868065.933928
-6634.980000	1185.300000	12415.410000	14819.310000	-16629.345000	-19421.325000	8608.500000	15557.895000	29.672830	44.006675	51.493769	58.218428	48.263173	43.586854	17.202637	2.483785	-10.620960	-19.929560	-14.084980	0.810789	0.406554	0.410216	-1.000000	-1.000000	-1.000000	-1.000000	-1.000000	-1.000000	-1.000000	73.379310	0.000000	-1.000000	-1.000000	1911048.000000	1773868065.933939
-6612.390000	1156.995000	12423.735000	14836.230000	-16607.430000	-19400.670000	8621.235000	15572.880000	7.474156	12.346407	7.186554	16.743060	16.076208	14.096359	6.989672	14.271405	-10.620960	-19.929560	-14.084980	0.810789	0.406554	0.410216	-1.000000	-1.000000	-1.000000	-1.000000	-1.000000	-1.000000	-1.000000	73.379310	0.000000	-1.000000	-1.000000	1911049.000000	1773868065.936204
-6575.310000	1193.490000	12498.930000	14902.920000	-16550.865000	-19347.390000	8646.165000	15557.445000	-0.061502	-5.279846	-18.637533	-11.645039	-1.950562	-0.502236	5.944280	26.968009	-10.620960	-19.929560	-14.084980	0.810789	0.406554	0.410216	-1.000000	-1.000000	-1.000000	-1.000000	-1.000000	-1.000000	-1.000000	73.379310	0.000000	-1.000000	-1.000000	1911050.000000	1773868065.936214
-6569.235000	1245.285000	12544.920000	14953.275000	-16498.395000	-19297.890000	8651.070000	15494.310000	5.713273	-6.572511	-20.581635	-17.061422	-2.568804	0.776955	9.290589	30.095782	7.584220	-9.201780	-11.094020	0.820921	0.403685	0.404906	-1.000000	-1.000000	-1.000000	-1.000000	-1.000000	-1.000000	-1.000000	73.379310	0.000000	-1.000000	-1.000000	1911051.000000	1773868065.940264
-6533.145000	1297.980000	12559.860000	14982.165000	-16465.860000	-19267.650000	8690.760000	15512.895000	9.983900	-2.581060	-13.463507	-11.235507	0.791868	3.883369	7.677505	14.654075	7.584220	-9.201780	-11.094020	0.820921	0.403685	0.404906	-1.000000	-1.000000	-1.000000	-1.000000	-1.000000	-1.000000	-1.000000	73.379310	0.000000	-1.000000	-1.000000	1911052.000000	1773868065.940274
-6530.445000	1276.470000	12523.950000	14929.560000	-16527.690000	-19329.615000	8699.805000	15665.310000	2.289854	-5.112391	-15.327889	-12.745540	-6.617858	-4.758420	-2.650308	-10.318875	7.584220	-9.201780	-11.094020	0.820921	0.403685	0.404906	-1.000000	-1.000000	-1.000000	-1.000000	-1.000000	-1.000000	-1.000000	73.379310	0.000000	-1.000000	-1.000000	1911053.000000	1773868065.944196
-6603.930000	1161.045000	12408.210000	14793.930000	-16649.820000	-19445.490000	8631.855000	15679.395000	-15.273128	-18.092290	-31.302600	-30.284165	-28.757207	-27.582732	-18.016421	-23.347819	7.584220	-9.201780	-11.094020	0.820921	0.403685	0.404906	-1.000000	-1.000000	-1.000000	-1.000000	-1.000000	-1.000000	-1.000000	73.379310	0.000000	-1.000000	-1.000000	1911054.000000	1773868065.944206
-6615.495000	1167.435000	12392.820000	14762.880000	-16665.300000	-19467.540000	8613.270000	15616.485000	-33.492721	-35.921998	-51.295994	-55.872109	-55.904402	-54.515243	-32.172387	-16.195736	7.584220	-9.201780	-11.094020	0.820921	0.403685	0.404906	-1.000000	-1.000000	-1.000000	-1.000000	-1.000000	-1.000000	-1.000000	73.379310	0.000000	-1.000000	-1.000000	1911055.000000	1773868065.949061
-6583.680000	1271.340000	12480.885000	14860.035000	-16584.300000	-19385.145000	8649.360000	15554.430000	-41.919692	-44.820318	-57.165596	-68.386092	-68.598711	-67.050291	-37.764437	-2.143699	7.584220	-9.201780	-11.094020	0.820921	0.403685	0.404906	-1.000000	-1.000000	-1.000000	-1.000000	-1.000000	-1.000000	-1.000000	73.379310	0.000000	-1.000000	-1.000000	1911056.000000	1773868065.949071
-6582.330000	1322.955000	12533.940000	14931.720000	-16528.635000	-19323.900000	8666.730000	15497.325000	-33.443388	-31.098543	-34.981050	-48.255052	-50.285035	-49.355811	-28.083984	2.435746	7.584220	-9.201780	-11.094020	0.820921	0.403685	0.404906	-1.000000	-1.000000	-1.000000	-1.000000	-1.000000	-1.000000	-1.000000	73.379310	0.000000	-1.000000	-1.000000	1911057.000000	1773868065.952251
-6587.775000	1284.930000	12493.080000	14882.355000	-16577.505000	-19382.940000	8630.370000	15560.280000	-10.375994	3.493612	10.062702	2.171512	-4.271130	-4.459481	-4.844673	-4.362964	7.584220	-9.201780	-11.094020	0.820921	0.403685	0.404906	-1.000000	-1.000000	-1.000000	-1.000000	-1.000000	-1.000000	-1.000000	73.379310	0.000000	-1.000000	-1.000000	1911058.000000	1773868065.952260
-6560.640000	1287.360000	12460.680000	14828.625000	-16635.735000	-19433.655000	8614.845000	15675.660000	15.450164	37.636541	51.562244	53.671877	42.842040	41.500572	18.921501	-10.035995	7.584220	-9.201780	-11.094020	0.820921	0.403685	0.404906	-1.000000	-1.000000	-1.000000	-1.000000	-1.000000	-1.000000	-1.000000	73.379310	0.000000	-1.000000	-1.000000	1911059.000000	1773868065.956668
-6585.030000	1267.380000	12434.085000	14807.430000	-16660.260000	-19434.150000	8614.530000	15604.785000	30.853159	47.502661	62.577604	73.230944	61.554434	59.865211	29.448942	-3.785821	7.584220	-9.201780	-11.094020	0.820921	0.403685	0.404906	-1.000000	-1.000000	-1.000000	-1.000000	-1.000000	-1.000000	-1.000000	73.379310	0.000000	-1.000000	-1.000000	1911060.000000	1773868065.956678
-6619.905000	1228.905000	12402.945000	14784.480000	-16668.270000	-19465.695000	8588.475000	15575.580000	28.651952	26.372079	38.477789	52.080542	44.606144	44.077733	22.916165	7.606894	10.636220	-4.669560	-7.507920	0.823179	0.402709	0.406493	-1.000000	-1.000000	-1.000000	-1.000000	-1.000000	-1.000000	-1.000000	73.379310	0.000000	-1.000000	-1.000000	1911061.000000	1773868065.960227
-6603.480000	1269.765000	12437.685000	14816.430000	-16636.230000	-19450.620000	8606.520000	15591.780000	12.222311	-9.841805	-0.450971	10.646246	11.441150	12.060238	6.371969	8.298825	10.636220	-4.669560	-7.507920	0.823179	0.402709	0.406493	-1.000000	-1.000000	-1.000000	-1.000000	-1.000000	-1.000000	-1.000000	73.379310	0.000000	-1.000000	-1.000000	1911062.000000	1773868065.960236
-6533.865000	1382.220000	12528.360000	14889.960000	-16564.140000	-19392.705000	8648.955000	15609.870000	-3.890361	-32.236623	-24.301663	-18.653089	-9.338950	-9.954345	-6.473951	-3.730361	10.636220	-4.669560	-7.507920	0.823179	0.402709	0.406493	-1.000000	-1.000000	-1.000000	-1.000000	-1.000000	-1.000000	-1.000000	73.379310	0.000000	-1.000000	-1.000000	1911063.000000	1773868065.964221
-6568.425000	1266.480000	12472.740000	14872.185000	-16570.215000	-19383.930000	8640.405000	15578.550000	-6.818452	-25.346621	-18.637028	-18.444255	-5.172282	-8.841319	-5.949375	-14.415618	10.636220	-4.669560	-7.507920	0.823179	0.402709	0.406493	-1.000000	-1.000000	-1.000000	-1.000000	-1.000000	-1.000000	-1.000000	73.379310	0.000000	-1.000000	-1.000000	1911064.000000	1773868065.964230
-6590.970000	1232.640000	12455.550000	14858.775000	-16587.540000	-19383.570000	8609.580000	15507.090000	0.329820	-4.679404	1.863456	-0.978255	10.247796	5.196807	3.474507	-12.661087	10.636220	-4.669560	-7.507920	0.823179	0.402709	0.406493	-1.000000	-1.000000	-1.000000	-1.000000	-1.000000	-1.000000	-1.000000	73.379310	0.000000	-1.000000	-1.000000	1911065.000000	1773868065.969501
-6574.815000	1254.960000	12452.445000	14837.985000	-16606.305000	-19394.865000	8592.615000	15498.540000	5.865463	6.508429	13.261822	9.658218	15.256204	13.002171	9.620989	-1.250418	10.636220	-4.669560	-7.507920	0.823179	0.402709	0.406493	-1.000000	-1.000000	-1.000000	-1.000000	-1.000000	-1.000000	-1.000000	73.379310	0.000000	-1.000000	-1.000000	1911066.000000	1773868065.969512
-6613.695000	1222.200000	12430.485000	14827.725000	-16607.205000	-19416.915000	8582.535000	15513.480000	4.042009	4.723302	8.181473	4.250544	3.884229	7.033747	6.775413	9.295581	10.636220	-4.669560	-7.507920	0.823179	0.402709	0.406493	-1.000000	-1.000000	-1.000000	-1.000000	-1.000000	-1.000000	-1.000000	73.379310	0.000000	-1.000000	-1.000000	1911067.000000	1773868065.972180
-6657.390000	1215.270000	12442.995000	14858.955000	-16579.170000	-19412.055000	8605.080000	15511.230000	-4.564993	-1.125883	-4.866913	-8.473126	-12.892402	-6.561377	-1.223256	11.299519	10.636220	-4.669560	-7.507920	0.823179	0.402709	0.406493	-1.000000	-1.000000	-1.000000	-1.000000	-1.000000	-1.000000	-1.000000	73.379310	0.000000	-1.000000	-1.000000	1911068.000000	1773868065.972189
-6587.910000	1242.585000	12447.585000	14860.845000	-16566.390000	-19390.320000	8636.040000	15573.285000	-14.684172	-4.033781	-14.478704	-16.124082	-21.948646	-17.908500	-7.262475	7.194674	10.636220	-4.669560	-7.507920	0.823179	0.402709	0.406493	-1.000000	-1.000000	-1.000000	-1.000000	-1.000000	-1.000000	-1.000000	73.379310	0.000000	-1.000000	-1.000000	1911069.000000	1773868065.976413
-6591.060000	1176.030000	12415.995000	14827.770000	-16608.105000	-19424.745000	8660.700000	15568.695000	-16.922707	-1.497545	-14.822089	-14.334832	-19.549833	-20.660107	-6.886545	5.048518	10.636220	-4.669560	-7.507920	0.823179	0.402709	0.406493	-1.000000	-1.000000	-1.000000	-1.000000	-1.000000	-1.000000	-1.000000	73.379310	0.000000	-1.000000	-1.000000	1911070.000000	1773868065.976424
-6608.565000	1120.455000	12421.935000	14839.605000	-16586.820000	-19420.605000	8642.565000	15548.895000	-7.870469	2.490468	-8.223037	-7.271272	-11.062042	-14.839822	-1.415681	6.102443	35.815220	-13.184640	-9.766400	0.811949	0.397338	0.407287	-1.000000	-1.000000	-1.000000	-1.000000	-1.000000	-1.000000	-1.000000	73.379310	0.000000	-1.000000	-1.000000	1911071.000000	1773868065.981030
-6638.670000	1142.730000	12384.855000	14805.315000	-16624.620000	-19448.280000	8644.770000	15536.565000	4.375402	1.997601	-1.251971	-1.176012	-3.652198	-5.853349	3.179596	5.281287	35.815220	-13.184640	-9.766400	0.811949	0.397338	0.407287	-1.000000	-1.000000	-1.000000	-1.000000	-1.000000	-1.000000	-1.000000	73.379310	0.000000	-1.000000	-1.000000	1911072.000000	1773868065.981040
-6630.615000	1210.590000	12398.985000	14829.210000	-16591.140000	-19409.895000	8631.765000	15516.135000	10.663051	0.372143	2.140929	0.842260	-0.690337	0.623555	2.501488	1.449251	35.815220	-13.184640	-9.766400	0.811949	0.397338	0.407287	-1.000000	-1.000000	-1.000000	-1.000000	-1.000000	-1.000000	-1.000000	73.379310	0.000000	-1.000000	-1.000000	1911073.000000	1773868065.984264
-6580.260000	1238.580000	12499.200000	14930.370000	-16533.000000	-19331.280000	8667.360000	15549.885000	10.838693	6.496341	4.745465	1.935449	0.853892	4.675183	-1.463731	-0.826092	35.815220	-13.184640	-9.766400	0.811949	0.397338	0.407287	-1.000000	-1.000000	-1.000000	-1.000000	-1.000000	-1.000000	-1.000000	73.379310	0.000000	-1.000000	-1.000000	1911074.000000	1773868065.984274
-6537.330000	1251.585000	12592.890000	15022.845000	-16433.235000	-19257.480000	8706.420000	15582.600000	10.565864	19.704687	12.832468	9.374478	7.747404	11.612200	-2.660540	1.753515	35.815220	-13.184640	-9.766400	0.811949	0.397338	0.407287	-1.000000	-1.000000	-1.000000	-1.000000	-1.000000	-1.000000	-1.000000	73.379310	0.000000	-1.000000	-1.000000	1911075.000000	1773868065.990163
-6553.395000	1225.170000	12595.500000	15027.300000	-16422.390000	-19265.310000	8718.480000	15559.020000	12.541614	28.823735	26.169538	23.732711	21.180515	22.627873	1.874283	5.411672	35.815220	-13.184640	-9.766400	0.811949	0.397338	0.407287	-1.000000	-1.000000	-1.000000	-1.000000	-1.000000	-1.000000	-1.000000	73.379310	0.000000	-1.000000	-1.000000	1911076.000000	1773868065.990174
-6532.695000	1252.260000	12558.330000	14970.645000	-16472.790000	-19312.155000	8719.245000	15515.685000	13.531494	24.206636	33.280214	32.485218	30.709796	28.490534	7.666178	2.689068	35.815220	-13.184640	-9.766400	0.811949	0.397338	0.407287	-1.000000	-1.000000	-1.000000	-1.000000	-1.000000	-1.000000	-1.000000	73.379310	0.000000	-1.000000	-1.000000	1911077.000000	1773868065.993143
-6541.695000	1302.885000	12502.935000	14881.725000	-16554.195000	-19350.270000	8700.705000	15573.330000	8.489070	7.266153	21.850182	21.143938	22.651073	18.257896	7.153431	-8.016442	35.815220	-13.184640	-9.766400	0.811949	0.397338	0.407287	-1.000000	-1.000000	-1.000000	-1.000000	-1.000000	-1.000000	-1.000000	73.379310	0.000000	-1.000000	-1.000000	1911078.000000	1773868065.993165
-6632.415000	1237.095000	12362.940000	14736.645000	-16702.380000	-19490.265000	8595.180000	15546.105000	-4.614039	-11.449865	-8.528396	-11.354728	-5.686833	-8.026118	-3.304335	-19.277313	35.815220	-13.184640	-9.766400	0.811949	0.397338	0.407287	-1.000000	-1.000000	-1.000000	-1.000000	-1.000000	-1.000000	-1.000000	73.379310	0.000000	-1.000000	-1.000000	1911079.000000	1773868065.996245
-6624.855000	1263.420000	12374.865000	14749.605000	-16699.410000	-19489.320000	8581.905000	15508.665000	-21.959277	-23.371804	-44.835749	-49.666396	-41.756639	-38.520174	-20.191775	-22.741218	35.815220	-13.184640	-9.766400	0.811949	0.397338	0.407287	-1.000000	-1.000000	-1.000000	-1.000000	-1.000000	-1.000000	-1.000000	73.379310	0.000000	-1.000000	-1.000000	1911080.000000	1773868065.996254
-6601.455000	1280.160000	12427.020000	14813.955000	-16609.095000	-19418.490000	8597.835000	15487.875000	-33.191084	-26.492233	-65.411679	-69.103191	-62.507491	-55.060750	-32.526911	-16.601469	40.515300	-24.248140	-10.514140	0.799559	0.393432	0.405761	-1.000000	-1.000000	-1.000000	-1.000000	-1.000000	-1.000000	-1.000000	73.379310	0.000000	-1.000000	-1.000000	1911081.000000	1773868066.001942
-6640.290000	1204.470000	12370.095000	14764.635000	-16671.375000	-19449.360000	8587.260000	15493.995000	-29.489437	-23.641168	-55.083019	-54.003641	-50.938779	-45.055438	-29.059370	-3.867904	40.515300	-24.248140	-10.514140	0.799559	0.393432	0.405761	-1.000000	-1.000000	-1.000000	-1.000000	-1.000000	-1.000000	-1.000000	73.379310	0.000000	-1.000000	-1.000000	1911082.000000	1773868066.001953
-6645.420000	1190.880000	12377.385000	14776.785000	-16674.480000	-19461.690000	8594.865000	15512.985000	-14.040653	-20.391202	-21.751544	-14.434631	-14.686208	-15.217920	-9.566758	10.434375	40.515300	-24.248140	-10.514140	0.799559	0.393432	0.405761	-1.000000	-1.000000	-1.000000	-1.000000	-1.000000	-1.000000	-1.000000	73.379310	0.000000	-1.000000	-1.000000	1911083.000000	1773868066.006152
-6583.140000	1269.855000	12454.920000	14835.555000	-16617.645000	-19423.620000	8625.645000	15539.355000	3.510992	-16.854229	13.861423	25.548449	22.882746	15.845438	15.229283	20.337908	40.515300	-24.248140	-10.514140	0.799559	0.393432	0.405761	-1.000000	-1.000000	-1.000000	-1.000000	-1.000000	-1.000000	-1.000000	73.379310	0.000000	-1.000000	-1.000000	1911084.000000	1773868066.006162
-6590.565000	1249.245000	12439.620000	14846.355000	-16604.325000	-19408.590000	8627.310000	15520.185000	18.146260	-6.691613	38.996741	50.639989	46.055353	36.362096	33.387109	22.434842	40.515300	-24.248140	-10.514140	0.799559	0.393432	0.405761	-1.000000	-1.000000	-1.000000	-1.000000	-1.000000	-1.000000	-1.000000	73.379310	0.000000	-1.000000	-1.000000	1911085.000000	1773868066.008443
-6665.985000	1110.735000	12329.955000	14776.335000	-16662.915000	-19467.000000	8585.865000	15487.020000	26.075695	7.805228	48.787025	57.286941	51.673003	43.818768	37.397897	16.639146	40.515300	-24.248140	-10.514140	0.799559	0.393432	0.405761	-1.000000	-1.000000	-1.000000	-1.000000	-1.000000	-1.000000	-1.000000	73.379310	0.000000	-1.000000	-1.000000	1911086.000000	1773868066.008453
-6610.500000	1207.620000	12440.520000	14881.410000	-16569.045000	-19381.320000	8637.120000	15512.625000	23.323460	15.785810	43.257441	49.296317	44.332931	40.204839	27.349912	4.480846	40.515300	-24.248140	-10.514140	0.799559	0.393432	0.405761	-1.000000	-1.000000	-1.000000	-1.000000	-1.000000	-1.000000	-1.000000	73.379310	0.000000	-1.000000	-1.000000	1911087.000000	1773868066.019276
-6545.745000	1353.600000	12555.855000	15004.080000	-16450.110000	-19268.505000	8731.035000	15526.080000	15.168593	18.575925	33.006107	37.763945	34.920381	33.478094	13.755931	-8.279325	40.515300	-24.248140	-10.514140	0.799559	0.393432	0.405761	-1.000000	-1.000000	-1.000000	-1.000000	-1.000000	-1.000000	-1.000000	73.379310	0.000000	-1.000000	-1.000000	1911088.000000	1773868066.019297
-6619.095000	1267.605000	12445.920000	14883.570000	-16551.495000	-19368.810000	8653.635000	15515.460000	9.927321	24.892621	26.528571	28.107127	28.001499	28.052422	6.656891	-13.300599	40.515300	-24.248140	-10.514140	0.799559	0.393432	0.405761	-1.000000	-1.000000	-1.000000	-1.000000	-1.000000	-1.000000	-1.000000	73.379310	0.000000	-1.000000	-1.000000	1911089.000000	1773868066.023566
-6649.380000	1170.000000	12334.095000	14710.365000	-16715.655000	-19524.015000	8579.880000	15560.235000	5.101460	28.156354	14.087030	7.915174	10.578678	12.492948	1.376721	-7.685543	40.515300	-24.248140	-10.514140	0.799559	0.393432	0.405761	-1.000000	-1.000000	-1.000000	-1.000000	-1.000000	-1.000000	-1.000000	73.379310	0.000000	-1.000000	-1.000000	1911090.000000	1773868066.023576
-6543.765000	1288.890000	12496.770000	14859.855000	-16595.505000	-19404.540000	8641.170000	15579.495000	-3.444088	17.780126	-12.433922	-30.245071	-25.487730	-21.176214	-10.726200	3.874953	28.688800	-24.599120	-24.919580	0.799620	0.399047	0.398070	-1.000000	-1.000000	-1.000000	-1.000000	-1.000000	-1.000000	-1.000000	73.379310	0.000000	-1.000000	-1.000000	1911091.000000	1773868066.023586
-6558.885000	1190.880000	12477.780000	14866.155000	-16596.945000	-19405.485000	8618.310000	15563.655000	-10.963071	-1.363513	-39.546337	-66.420474	-61.456274	-55.372649	-25.779425	12.234749	28.688800	-24.599120	-24.919580	0.799620	0.399047	0.398070	-1.000000	-1.000000	-1.000000	-1.000000	-1.000000	-1.000000	-1.000000	73.379310	0.000000	-1.000000	-1.000000	1911092.000000	1773868066.023591
-6622.065000	1070.505000	12393.135000	14800.140000	-16648.425000	-19464.705000	8573.220000	15545.385000	-14.465166	-21.449946	-52.004920	-76.627507	-73.752672	-66.922696	-34.698913	9.668123	28.688800	-24.599120	-24.919580	0.799620	0.399047	0.398070	-1.000000	-1.000000	-1.000000	-1.000000	-1.000000	-1.000000	-1.000000	73.379310	0.000000	-1.000000	-1.000000	1911093.000000	1773868066.024337
-6630.030000	1121.670000	12414.285000	14819.400000	-16624.080000	-19445.670000	8641.935000	15543.090000	-17.012203	-38.007642	-48.054654	-57.745415	-57.800529	-51.495609	-32.753497	-2.539282	28.688800	-24.599120	-24.919580	0.799620	0.399047	0.398070	-1.000000	-1.000000	-1.000000	-1.000000	-1.000000	-1.000000	-1.000000	73.379310	0.000000	-1.000000	-1.000000	1911094.000000	1773868066.024348
-6594.120000	1267.425000	12500.460000	14879.070000	-16550.730000	-19354.770000	8678.340000	15550.245000	-17.465030	-38.275275	-28.170759	-19.157017	-21.064725	-17.171379	-17.540243	-15.121050	28.688800	-24.599120	-24.919580	0.799620	0.399047	0.398070	-1.000000	-1.000000	-1.000000	-1.000000	-1.000000	-1.000000	-1.000000	73.379310	0.000000	-1.000000	-1.000000	1911095.000000	1773868066.028442
-6610.185000	1262.655000	12471.390000	14833.845000	-16607.160000	-19378.710000	8637.705000	15543.450000	-11.646004	-13.927074	3.392975	23.879627	21.988313	22.769938	6.397406	-20.194937	28.688800	-24.599120	-24.919580	0.799620	0.399047	0.398070	-1.000000	-1.000000	-1.000000	-1.000000	-1.000000	-1.000000	-1.000000	73.379310	0.000000	-1.000000	-1.000000	1911096.000000	1773868066.028452
-6693.615000	1140.390000	12340.260000	14733.495000	-16705.755000	-19486.170000	8591.715000	15482.925000	-2.499347	17.812718	28.689300	49.489748	48.717881	48.062527	24.359292	-16.880891	28.688800	-24.599120	-24.919580	0.799620	0.399047	0.398070	-1.000000	-1.000000	-1.000000	-1.000000	-1.000000	-1.000000	-1.000000	73.379310	0.000000	-1.000000	-1.000000	1911097.000000	1773868066.032773
-6658.110000	1163.385000	12373.065000	14749.830000	-16705.530000	-19486.710000	8611.155000	15505.425000	3.915080	31.883476	32.301512	46.537023	45.970576	45.404448	26.446480	-8.995191	28.688800	-24.599120	-24.919580	0.799620	0.399047	0.398070	-1.000000	-1.000000	-1.000000	-1.000000	-1.000000	-1.000000	-1.000000	73.379310	0.000000	-1.000000	-1.000000	1911098.000000	1773868066.032783
-6586.020000	1259.955000	12484.035000	14876.325000	-16556.580000	-19378.665000	8655.210000	15528.375000	8.629487	26.174073	21.406860	28.868591	26.839433	24.903409	18.503776	0.090217	28.688800	-24.599120	-24.919580	0.799620	0.399047	0.398070	-1.000000	-1.000000	-1.000000	-1.000000	-1.000000	-1.000000	-1.000000	73.379310	0.000000	-1.000000	-1.000000	1911099.000000	1773868066.036360
-6606.900000	1273.320000	12506.760000	14907.600000	-16534.080000	-19366.515000	8615.205000	15457.095000	14.132532	15.316566	11.938043	15.890559	13.201800	6.496418	9.928178	7.537652	28.688800	-24.599120	-24.919580	0.799620	0.399047	0.398070	-1.000000	-1.000000	-1.000000	-1.000000	-1.000000	-1.000000	-1.000000	73.379310	0.000000	-1.000000	-1.000000	1911100.000000	1773868066.036381
-6628.365000	1225.395000	12437.685000	14839.470000	-16592.940000	-19384.650000	8612.145000	15450.930000	16.517833	8.009489	7.049572	9.417669	9.005733	-2.670812	2.352341	9.799179	28.215740	-11.307660	-22.630580	0.799986	0.421080	0.404967	-1.000000	-1.000000	-1.000000	-1.000000	-1.000000	-1.000000	-1.000000	73.379310	0.000000	-1.000000	-1.000000	1911101.000000	1773868066.043119
-6583.230000	1228.320000	12356.325000	14780.880000	-16628.985000	-19416.465000	8601.030000	15567.120000	13.169250	3.948095	0.875672	0.434234	3.810121	-6.761370	-5.018530	8.754813	28.215740	-11.307660	-22.630580	0.799986	0.421080	0.404967	-1.000000	-1.000000	-1.000000	-1.000000	-1.000000	-1.000000	-1.000000	73.379310	0.000000	-1.000000	-1.000000	1911102.000000	1773868066.043132
-6579.315000	1241.730000	12371.625000	14803.470000	-16599.915000	-19412.820000	8619.615000	15542.145000	7.871798	-0.450467	-9.174606	-13.933429	-8.019716	-10.466961	-11.073966	11.308324	28.215740	-11.307660	-22.630580	0.799986	0.421080	0.404967	-1.000000	-1.000000	-1.000000	-1.000000	-1.000000	-1.000000	-1.000000	73.379310	0.000000	-1.000000	-1.000000	1911103.000000	1773868066.045210
-6617.565000	1173.555000	12367.575000	14759.685000	-16645.815000	-19418.895000	8632.980000	15521.850000	2.734811	-10.437998	-19.509916	-27.859102	-22.373948	-15.793417	-14.083214	16.655363	28.215740	-11.307660	-22.630580	0.799986	0.421080	0.404967	-1.000000	-1.000000	-1.000000	-1.000000	-1.000000	-1.000000	-1.000000	73.379310	0.000000	-1.000000	-1.000000	1911104.000000	1773868066.045222
-6668.010000	1134.495000	12372.480000	14756.670000	-16661.430000	-19447.920000	8604.180000	15486.840000	-4.659183	-27.131214	-23.260110	-33.619061	-31.609691	-20.763368	-12.219654	16.221249	28.215740	-11.307660	-22.630580	0.799986	0.421080	0.404967	-1.000000	-1.000000	-1.000000	-1.000000	-1.000000	-1.000000	-1.000000	73.379310	0.000000	-1.000000	-1.000000	1911105.000000	1773868066.048193
-6723.045000	1093.320000	12340.755000	14752.080000	-16658.415000	-19485.990000	8584.380000	15432.885000	-14.161956	-40.352848	-14.706961	-25.586082	-28.491197	-19.790103	-5.592284	6.149919	28.215740	-11.307660	-22.630580	0.799986	0.421080	0.404967	-1.000000	-1.000000	-1.000000	-1.000000	-1.000000	-1.000000	-1.000000	73.379310	0.000000	-1.000000	-1.000000	1911106.000000	1773868066.048200
-6680.115000	1157.400000	12372.210000	14800.815000	-16595.145000	-19437.480000	8624.835000	15474.555000	-21.144092	-36.540405	3.730854	-4.376730	-10.922711	-9.507520	2.983082	-9.270734	28.215740	-11.307660	-22.630580	0.799986	0.421080	0.404967	-1.000000	-1.000000	-1.000000	-1.000000	-1.000000	-1.000000	-1.000000	73.379310	0.000000	-1.000000	-1.000000	1911107.000000	1773868066.052320
-6628.590000	1185.435000	12382.470000	14818.095000	-16598.115000	-19426.095000	8637.120000	15532.785000	-20.783825	-14.160320	19.502120	18.566609	11.616539	5.436873	10.031003	-20.550246	28.215740	-11.307660	-22.630580	0.799986	0.421080	0.404967	-1.000000	-1.000000	-1.000000	-1.000000	-1.000000	-1.000000	-1.000000	73.379310	0.000000	-1.000000	-1.000000	1911108.000000	1773868066.052330
-6551.415000	1256.130000	12474.495000	14908.095000	-16532.730000	-19375.830000	8627.625000	15570.405000	-9.979329	16.391838	22.838456	30.027093	25.015936	16.539812	13.089273	-18.046559	28.215740	-11.307660	-22.630580	0.799986	0.421080	0.404967	-1.000000	-1.000000	-1.000000	-1.000000	-1.000000	-1.000000	-1.000000	73.379310	0.000000	-1.000000	-1.000000	1911109.000000	1773868066.056329
-6553.305000	1291.950000	12543.975000	14924.025000	-16549.920000	-19377.630000	8638.515000	15567.390000	9.836853	44.013869	19.416719	29.592367	25.819771	20.871992	11.666969	-2.367335	28.215740	-11.307660	-22.630580	0.799986	0.421080	0.404967	-1.000000	-1.000000	-1.000000	-1.000000	-1.000000	-1.000000	-1.000000	73.379310	0.000000	-1.000000	-1.000000	1911110.000000	1773868066.056338
-6583.275000	1301.130000	12537.900000	14881.950000	-16570.935000	-19396.620000	8653.185000	15588.810000	28.029289	59.089183	19.695595	23.802626	19.033619	19.981470	6.901437	13.090344	19.227600	-15.443120	-17.396400	0.789244	0.445494	0.406615	-1.000000	-1.000000	-1.000000	-1.000000	-1.000000	-1.000000	-1.000000	73.379310	0.000000	-1.000000	-1.000000	1911111.000000	1773868066.062512
-6572.745000	1300.230000	12503.880000	14851.800000	-16609.905000	-19422.495000	8662.005000	15598.755000	31.324599	52.486828	20.407569	12.602074	6.935884	13.201615	0.243722	16.467861	19.227600	-15.443120	-17.396400	0.789244	0.445494	0.406615	-1.000000	-1.000000	-1.000000	-1.000000	-1.000000	-1.000000	-1.000000	73.379310	0.000000	-1.000000	-1.000000	1911112.000000	1773868066.062525
-6586.605000	1275.030000	12446.505000	14783.670000	-16665.705000	-19463.040000	8642.340000	15568.470000	17.914460	23.908564	9.376338	-6.198889	-9.119758	-0.222192	-6.692227	8.248977	19.227600	-15.443120	-17.396400	0.789244	0.445494	0.406615	-1.000000	-1.000000	-1.000000	-1.000000	-1.000000	-1.000000	-1.000000	73.379310	0.000000	-1.000000	-1.000000	1911113.000000	1773868066.064219
-6568.740000	1325.160000	12483.540000	14832.180000	-16579.980000	-19402.695000	8648.235000	15568.560000	-1.032238	-12.414414	-14.328474	-26.408521	-21.857747	-14.142336	-11.170421	-3.493666	19.227600	-15.443120	-17.396400	0.789244	0.445494	0.406615	-1.000000	-1.000000	-1.000000	-1.000000	-1.000000	-1.000000	-1.000000	73.379310	0.000000	-1.000000	-1.000000	1911114.000000	1773868066.064242
-6565.230000	1308.915000	12472.020000	14854.095000	-16610.040000	-19414.665000	8661.060000	15587.505000	-13.101723	-37.558140	-36.133831	-35.610057	-22.213136	-18.151114	-10.426191	-10.830847	19.227600	-15.443120	-17.396400	0.789244	0.445494	0.406615	-1.000000	-1.000000	-1.000000	-1.000000	-1.000000	-1.000000	-1.000000	73.379310	0.000000	-1.000000	-1.000000	1911115.000000	1773868066.068716
-6593.985000	1214.010000	12430.485000	14855.445000	-16580.655000	-19419.030000	8623.215000	15569.820000	-16.266803	-45.741756	-43.626490	-28.492898	-11.376294	-11.008297	-5.980521	-11.740149	19.227600	-15.443120	-17.396400	0.789244	0.445494	0.406615	-1.000000	-1.000000	-1.000000	-1.000000	-1.000000	-1.000000	-1.000000	73.379310	0.000000	-1.000000	-1.000000	1911116.000000	1773868066.068728
-6579.360000	1159.560000	12412.305000	14809.545000	-16594.380000	-19392.345000	8639.595000	15569.955000	-17.430004	-45.937504	-38.132254	-13.649309	0.029885	-2.248165	-2.767428	-10.474654	19.227600	-15.443120	-17.396400	0.789244	0.445494	0.406615	-1.000000	-1.000000	-1.000000	-1.000000	-1.000000	-1.000000	-1.000000	73.379310	0.000000	-1.000000	-1.000000	1911117.000000	1773868066.072352
-6585.795000	1125.855000	12402.450000	14806.395000	-16580.160000	-19343.565000	8669.610000	15556.815000	-20.200088	-44.452862	-26.494877	-3.102848	4.903192	1.892215	-1.492642	-10.345052	19.227600	-15.443120	-17.396400	0.789244	0.445494	0.406615	-1.000000	-1.000000	-1.000000	-1.000000	-1.000000	-1.000000	-1.000000	73.379310	0.000000	-1.000000	-1.000000	1911118.000000	1773868066.072365
-6595.065000	1150.695000	12400.200000	14807.835000	-16587.945000	-19363.455000	8632.035000	15516.000000	-20.657559	-36.660774	-11.981351	0.865472	4.765083	3.335597	0.603142	-10.902199	19.227600	-15.443120	-17.396400	0.789244	0.445494	0.406615	-1.000000	-1.000000	-1.000000	-1.000000	-1.000000	-1.000000	-1.000000	73.379310	0.000000	-1.000000	-1.000000	1911119.000000	1773868066.076380
-6602.220000	1151.775000	12404.205000	14819.085000	-16600.590000	-19387.980000	8612.730000	15492.240000	-13.989168	-16.256869	5.249081	4.894200	4.359576	4.315486	2.363368	-10.946522	19.227600	-15.443120	-17.396400	0.789244	0.445494	0.406615	-1.000000	-1.000000	-1.000000	-1.000000	-1.000000	-1.000000	-1.000000	73.379310	0.000000	-1.000000	-1.000000	1911120.000000	1773868066.076391
-6589.395000	1213.515000	12473.910000	14885.775000	-16560.270000	-19363.005000	8617.635000	15515.325000	-0.164683	15.369895	24.943202	14.950395	6.720526	4.498552	1.140933	-8.089007	8.545600	-11.689160	-11.887540	0.776853	0.447264	0.402465	-1.000000	-1.000000	-1.000000	-1.000000	-1.000000	-1.000000	-1.000000	73.379310	0.000000	-1.000000	-1.000000	1911121.000000	1773868066.084765
-6605.370000	1203.345000	12467.430000	14883.525000	-16580.610000	-19384.830000	8641.170000	15534.495000	15.906341	48.361618	43.923731	29.885640	11.870838	4.096779	-0.692736	1.462596	8.545600	-11.689160	-11.887540	0.776853	0.447264	0.402465	-1.000000	-1.000000	-1.000000	-1.000000	-1.000000	-1.000000	-1.000000	73.379310	0.000000	-1.000000	-1.000000	1911122.000000	1773868066.084778
-6654.780000	1154.070000	12415.725000	14825.655000	-16629.165000	-19431.495000	8634.915000	15510.330000	26.570048	67.431521	52.989111	38.969433	14.262529	2.298111	1.128997	16.846370	8.545600	-11.689160	-11.887540	0.776853	0.447264	0.402465	-1.000000	-1.000000	-1.000000	-1.000000	-1.000000	-1.000000	-1.000000	73.379310	0.000000	-1.000000	-1.000000	1911123.000000	1773868066.084790
-6772.590000	1111.275000	12362.895000	14754.420000	-16693.650000	-19512.180000	8569.890000	15385.545000	23.933344	60.314557	41.729164	28.459447	6.090702	-4.059020	5.101665	27.527298	8.545600	-11.689160	-11.887540	0.776853	0.447264	0.402465	-1.000000	-1.000000	-1.000000	-1.000000	-1.000000	-1.000000	-1.000000	73.379310	0.000000	-1.000000	-1.000000	1911124.000000	1773868066.084795
-6779.745000	1167.390000	12366.945000	14744.925000	-16722.270000	-19529.415000	8488.170000	15253.065000	6.188301	30.752500	11.359662	-2.525647	-12.627043	-15.244745	4.507497	20.239655	8.545600	-11.689160	-11.887540	0.776853	0.447264	0.402465	-1.000000	-1.000000	-1.000000	-1.000000	-1.000000	-1.000000	-1.000000	73.379310	0.000000	-1.000000	-1.000000	1911125.000000	1773868066.088275
-6678.540000	1241.055000	12444.480000	14834.115000	-16629.570000	-19433.025000	8519.805000	15329.430000	-15.152419	-1.385278	-21.619941	-35.294195	-29.928198	-23.855962	-3.314333	-4.066402	8.545600	-11.689160	-11.887540	0.776853	0.447264	0.402465	-1.000000	-1.000000	-1.000000	-1.000000	-1.000000	-1.000000	-1.000000	73.379310	0.000000	-1.000000	-1.000000	1911126.000000	1773868066.088286
-6450.795000	1388.295000	12592.575000	14982.705000	-16476.705000	-19293.345000	8676.945000	15672.735000	-19.213672	-16.623584	-36.323531	-44.535016	-28.323217	-17.771002	-9.738119	-21.005758	8.545600	-11.689160	-11.887540	0.776853	0.447264	0.402465	-1.000000	-1.000000	-1.000000	-1.000000	-1.000000	-1.000000	-1.000000	73.379310	0.000000	-1.000000	-1.000000	1911127.000000	1773868066.097370
-6554.070000	1291.140000	12500.145000	14884.965000	-16555.500000	-19373.400000	8692.470000	15637.185000	3.166886	-12.845579	-25.247470	-22.337432	-2.367554	6.451764	-2.339332	-5.174746	8.545600	-11.689160	-11.887540	0.776853	0.447264	0.402465	-1.000000	-1.000000	-1.000000	-1.000000	-1.000000	-1.000000	-1.000000	73.379310	0.000000	-1.000000	-1.000000	1911128.000000	1773868066.097381
-6581.565000	1291.095000	12509.460000	14887.575000	-16535.610000	-19355.940000	8659.530000	15502.185000	32.829237	-6.384310	-3.127683	11.368381	30.244311	34.039817	16.932196	32.034843	8.545600	-11.689160	-11.887540	0.776853	0.447264	0.402465	-1.000000	-1.000000	-1.000000	-1.000000	-1.000000	-1.000000	-1.000000	73.379310	0.000000	-1.000000	-1.000000	1911129.000000	1773868066.097391
-6531.255000	1288.845000	12518.235000	14920.200000	-16509.555000	-19332.495000	8667.585000	15496.740000	42.005883	-12.142010	9.244929	30.125297	45.820595	45.506821	30.729960	50.738042	8.545600	-11.689160	-11.887540	0.776853	0.447264	0.402465	-1.000000	-1.000000	-1.000000	-1.000000	-1.000000	-1.000000	-1.000000	73.379310	0.000000	-1.000000	-1.000000	1911130.000000	1773868066.097396
-6555.015000	1212.525000	12429.675000	14841.135000	-16600.815000	-19405.305000	8669.250000	15592.860000	24.556443	-28.044599	4.821662	25.105291	35.551130	34.286246	25.968471	31.797571	11.383960	-10.605700	-4.242280	0.765928	0.439940	0.404540	-1.000000	-1.000000	-1.000000	-1.000000	-1.000000	-1.000000	-1.000000	73.379310	0.000000	-1.000000	-1.000000	1911131.000000	1773868066.100259
-6609.555000	1159.380000	12373.830000	14773.905000	-16666.425000	-19457.325000	8650.935000	15677.460000	-5.700735	-41.901085	-10.229990	3.667150	5.628816	6.785918	5.278981	-5.194214	11.383960	-10.605700	-4.242280	0.765928	0.439940	0.404540	-1.000000	-1.000000	-1.000000	-1.000000	-1.000000	-1.000000	-1.000000	73.379310	0.000000	-1.000000	-1.000000	1911132.000000	1773868066.100268
-6590.430000	1242.810000	12435.750000	14818.950000	-16627.950000	-19428.255000	8643.285000	15621.390000	-31.192791	-41.685960	-23.177997	-19.442036	-27.717374	-22.609944	-17.819284	-29.850172	11.383960	-10.605700	-4.242280	0.765928	0.439940	0.404540	-1.000000	-1.000000	-1.000000	-1.000000	-1.000000	-1.000000	-1.000000	73.379310	0.000000	-1.000000	-1.000000	1911133.000000	1773868066.104356
-6582.780000	1230.930000	12440.700000	14837.040000	-16603.020000	-19404.855000	8652.105000	15601.950000	-40.562968	-22.487863	-22.181267	-29.111530	-45.300767	-38.481188	-29.529151	-31.285439	11.383960	-10.605700	-4.242280	0.765928	0.439940	0.404540	-1.000000	-1.000000	-1.000000	-1.000000	-1.000000	-1.000000	-1.000000	73.379310	0.000000	-1.000000	-1.000000	1911134.000000	1773868066.104364
-6541.695000	1298.880000	12509.595000	14892.525000	-16549.875000	-19360.305000	8668.980000	15608.835000	-35.246174	6.877489	-7.373622	-21.315566	-39.619767	-36.275894	-26.521652	-22.620879	11.383960	-10.605700	-4.242280	0.765928	0.439940	0.404540	-1.000000	-1.000000	-1.000000	-1.000000	-1.000000	-1.000000	-1.000000	73.379310	0.000000	-1.000000	-1.000000	1911135.000000	1773868066.108520
-6527.880000	1318.995000	12535.830000	14917.545000	-16528.095000	-19345.545000	8652.510000	15585.480000	-24.817916	30.503466	10.570298	-4.529571	-18.873402	-22.956808	-17.485434	-23.335893	11.383960	-10.605700	-4.242280	0.765928	0.439940	0.404540	-1.000000	-1.000000	-1.000000	-1.000000	-1.000000	-1.000000	-1.000000	73.379310	0.000000	-1.000000	-1.000000	1911136.000000	1773868066.108526
-6592.815000	1226.610000	12446.595000	14837.175000	-16606.665000	-19415.610000	8622.630000	15538.815000	-14.061282	38.668195	21.940481	11.016342	3.931988	-6.671144	-11.436654	-35.678057	11.383960	-10.605700	-4.242280	0.765928	0.439940	0.404540	-1.000000	-1.000000	-1.000000	-1.000000	-1.000000	-1.000000	-1.000000	73.379310	0.000000	-1.000000	-1.000000	1911137.000000	1773868066.112481
-6592.995000	1219.230000	12440.430000	14840.955000	-16592.310000	-19398.195000	8662.095000	15573.420000	-2.105960	30.189672	21.624394	18.240902	18.607750	6.785811	-7.749729	-40.619416	11.383960	-10.605700	-4.242280	0.765928	0.439940	0.404540	-1.000000	-1.000000	-1.000000	-1.000000	-1.000000	-1.000000	-1.000000	73.379310	0.000000	-1.000000	-1.000000	1911138.000000	1773868066.112491
-6582.240000	1232.865000	12460.410000	14864.265000	-16572.330000	-19368.810000	8680.545000	15590.430000	10.168327	11.545578	11.065630	15.249638	21.671136	14.625983	-0.440685	-22.203360	11.383960	-10.605700	-4.242280	0.765928	0.439940	0.404540	-1.000000	-1.000000	-1.000000	-1.000000	-1.000000	-1.000000	-1.000000	73.379310	0.000000	-1.000000	-1.000000	1911139.000000	1773868066.117894
-6622.695000	1202.310000	12426.615000	14821.155000	-16617.420000	-19404.945000	8651.700000	15548.445000	20.107860	-4.499872	-0.024672	8.035848	18.220171	18.859249	11.313156	11.442972	11.383960	-10.605700	-4.242280	0.765928	0.439940	0.404540	-1.000000	-1.000000	-1.000000	-1.000000	-1.000000	-1.000000	-1.000000	73.379310	0.000000	-1.000000	-1.000000	1911140.000000	1773868066.117904
-6654.330000	1187.010000	12418.155000	14818.050000	-16620.615000	-19416.105000	8623.530000	15503.490000	25.592639	-9.371655	-3.376004	3.733588	14.452649	21.259179	21.226321	37.638049	20.295800	3.067260	-0.595140	0.772459	0.436400	0.400817	-1.000000	-1.000000	-1.000000	-1.000000	-1.000000	-1.000000	-1.000000	73.379310	0.000000	-1.000000	-1.000000	1911141.000000	1773868066.122214
-6613.470000	1232.910000	12453.705000	14845.320000	-16602.615000	-19400.130000	8636.535000	15528.105000	25.151125	-5.734792	-0.504363	2.999182	10.810662	19.398153	23.559301	44.349983	20.295800	3.067260	-0.595140	0.772459	0.436400	0.400817	-1.000000	-1.000000	-1.000000	-1.000000	-1.000000	-1.000000	-1.000000	73.379310	0.000000	-1.000000	-1.000000	1911142.000000	1773868066.122224
-6586.875000	1230.210000	12440.745000	14823.450000	-16602.840000	-19404.900000	8645.040000	15580.305000	18.730233	-1.095788	1.756262	1.507999	4.290559	10.172131	17.932449	37.262156	20.295800	3.067260	-0.595140	0.772459	0.436400	0.400817	-1.000000	-1.000000	-1.000000	-1.000000	-1.000000	-1.000000	-1.000000	73.379310	0.000000	-1.000000	-1.000000	1911143.000000	1773868066.124531
-6580.665000	1204.380000	12424.005000	14816.925000	-16613.775000	-19414.620000	8631.585000	15605.820000	7.136553	-1.536612	-2.417418	-5.232309	-7.050625	-6.106115	6.610672	25.012833	20.295800	3.067260	-0.595140	0.772459	0.436400	0.400817	-1.000000	-1.000000	-1.000000	-1.000000	-1.000000	-1.000000	-1.000000	73.379310	0.000000	-1.000000	-1.000000	1911144.000000	1773868066.124541
-6602.445000	1207.305000	12435.435000	14832.540000	-16611.795000	-19415.205000	8621.550000	15549.030000	-6.822513	-7.835450	-12.002017	-15.165978	-19.553615	-22.657158	-6.809544	10.527110	20.295800	3.067260	-0.595140	0.772459	0.436400	0.400817	-1.000000	-1.000000	-1.000000	-1.000000	-1.000000	-1.000000	-1.000000	73.379310	0.000000	-1.000000	-1.000000	1911145.000000	1773868066.128470
-6622.470000	1200.870000	12425.535000	14821.605000	-16622.460000	-19417.500000	8633.835000	15490.260000	-16.637410	-12.411887	-17.228368	-18.625925	-24.057403	-28.472751	-16.256117	-4.703524	20.295800	3.067260	-0.595140	0.772459	0.436400	0.400817	-1.000000	-1.000000	-1.000000	-1.000000	-1.000000	-1.000000	-1.000000	73.379310	0.000000	-1.000000	-1.000000	1911146.000000	1773868066.128480
-6591.375000	1221.030000	12439.260000	14831.055000	-16607.115000	-19413.720000	8658.630000	15543.990000	-17.286763	-7.819443	-10.810063	-10.326983	-15.871969	-19.189230	-16.958788	-17.507347	20.295800	3.067260	-0.595140	0.772459	0.436400	0.400817	-1.000000	-1.000000	-1.000000	-1.000000	-1.000000	-1.000000	-1.000000	73.379310	0.000000	-1.000000	-1.000000	1911147.000000	1773868066.132346
-6550.245000	1281.420000	12483.135000	14869.980000	-16577.505000	-19399.275000	8658.585000	15563.835000	-9.079060	5.102779	4.344772	4.900468	0.591155	-1.208814	-9.698551	-23.359950	20.295800	3.067260	-0.595140	0.772459	0.436400	0.400817	-1.000000	-1.000000	-1.000000	-1.000000	-1.000000	-1.000000	-1.000000	73.379310	0.000000	-1.000000	-1.000000	1911148.000000	1773868066.132356
-6571.845000	1318.635000	12518.010000	14897.745000	-16583.265000	-19353.195000	8641.305000	15505.785000	4.436298	20.986772	21.222480	20.210126	18.044017	17.029135	0.907919	-19.877940	20.295800	3.067260	-0.595140	0.772459	0.436400	0.400817	-1.000000	-1.000000	-1.000000	-1.000000	-1.000000	-1.000000	-1.000000	73.379310	0.000000	-1.000000	-1.000000	1911149.000000	1773868066.136477
-6636.105000	1198.215000	12437.685000	14831.055000	-16625.340000	-19405.080000	8618.985000	15526.170000	15.572670	30.254661	31.001742	28.721841	28.308763	28.943915	9.561060	-9.742990	20.295800	3.067260	-0.595140	0.772459	0.436400	0.400817	-1.000000	-1.000000	-1.000000	-1.000000	-1.000000	-1.000000	-1.000000	73.379310	0.000000	-1.000000	-1.000000	1911150.000000	1773868066.136489
-6631.425000	1130.445000	12376.080000	14780.880000	-16633.530000	-19461.690000	8604.540000	15607.395000	14.486261	20.015434	23.157277	21.926678	23.626245	26.844424	11.755791	2.790505	19.181820	28.719320	-5.203660	0.795896	0.441527	0.379455	-1.000000	-1.000000	-1.000000	-1.000000	-1.000000	-1.000000	-1.000000	73.379310	0.000000	-1.000000	-1.000000	1911151.000000	1773868066.140441
-6542.100000	1258.380000	12466.035000	14841.225000	-16576.515000	-19427.220000	8595.450000	15568.470000	0.498963	-8.877329	-2.119614	-0.220790	5.307900	8.308962	5.966719	12.658021	19.181820	28.719320	-5.203660	0.795896	0.441527	0.379455	-1.000000	-1.000000	-1.000000	-1.000000	-1.000000	-1.000000	-1.000000	73.379310	0.000000	-1.000000	-1.000000	1911152.000000	1773868066.140451
-6558.795000	1255.905000	12474.270000	14850.675000	-16573.770000	-19398.240000	8613.495000	15550.695000	-14.538422	-34.598464	-27.373403	-23.347562	-14.249220	-15.346832	-3.776092	13.267448	19.181820	28.719320	-5.203660	0.795896	0.441527	0.379455	-1.000000	-1.000000	-1.000000	-1.000000	-1.000000	-1.000000	-1.000000	73.379310	0.000000	-1.000000	-1.000000	1911153.000000	1773868066.144444
-6630.255000	1218.645000	12426.750000	14827.005000	-16587.720000	-19392.390000	8653.455000	15548.580000	-19.675927	-37.734422	-35.196361	-32.033072	-22.870323	-27.337876	-9.351108	4.907768	19.181820	28.719320	-5.203660	0.795896	0.441527	0.379455	-1.000000	-1.000000	-1.000000	-1.000000	-1.000000	-1.000000	-1.000000	73.379310	0.000000	-1.000000	-1.000000	1911154.000000	1773868066.144454
-6609.870000	1209.465000	12381.120000	14801.850000	-16625.115000	-19431.945000	8653.545000	15560.415000	-14.638703	-20.312088	-25.139069	-23.904792	-18.919592	-21.874678	-6.111494	-3.417476	19.181820	28.719320	-5.203660	0.795896	0.441527	0.379455	-1.000000	-1.000000	-1.000000	-1.000000	-1.000000	-1.000000	-1.000000	73.379310	0.000000	-1.000000	-1.000000	1911155.000000	1773868066.148403
-6594.975000	1221.390000	12401.415000	14810.895000	-16616.115000	-19429.695000	8645.355000	15570.630000	-5.024990	2.481996	-8.424151	-7.758612	-9.547332	-7.268251	1.755889	-6.088715	19.181820	28.719320	-5.203660	0.795896	0.441527	0.379455	-1.000000	-1.000000	-1.000000	-1.000000	-1.000000	-1.000000	-1.000000	73.379310	0.000000	-1.000000	-1.000000	1911156.000000	1773868066.148414
-6592.905000	1206.135000	12413.790000	14811.705000	-16620.435000	-19429.155000	8644.410000	15564.555000	4.383585	17.165834	5.692022	6.603970	-1.356679	5.376113	6.884155	-4.881353	19.181820	28.719320	-5.203660	0.795896	0.441527	0.379455	-1.000000	-1.000000	-1.000000	-1.000000	-1.000000	-1.000000	-1.000000	73.379310	0.000000	-1.000000	-1.000000	1911157.000000	1773868066.152405
-6604.470000	1182.960000	12428.910000	14829.165000	-16602.525000	-19401.795000	8643.915000	15544.260000	11.428393	18.833853	14.564668	14.696167	4.530942	11.316745	6.988755	-2.184755	19.181820	28.719320	-5.203660	0.795896	0.441527	0.379455	-1.000000	-1.000000	-1.000000	-1.000000	-1.000000	-1.000000	-1.000000	73.379310	0.000000	-1.000000	-1.000000	1911158.000000	1773868066.152411
-6600.690000	1211.895000	12440.070000	14833.620000	-16594.290000	-19418.220000	8646.030000	15554.385000	15.536212	12.785964	19.758775	17.606282	9.640997	12.160869	4.485516	0.337085	19.181820	28.719320	-5.203660	0.795896	0.441527	0.379455	-1.000000	-1.000000	-1.000000	-1.000000	-1.000000	-1.000000	-1.000000	73.379310	0.000000	-1.000000	-1.000000	1911159.000000	1773868066.156406
-6572.655000	1256.220000	12466.980000	14863.995000	-16555.590000	-19387.665000	8673.615000	15566.355000	15.249307	8.519730	22.715002	18.004058	13.788473	11.234283	2.040872	-0.003598	19.181820	28.719320	-5.203660	0.795896	0.441527	0.379455	-1.000000	-1.000000	-1.000000	-1.000000	-1.000000	-1.000000	-1.000000	73.379310	0.000000	-1.000000	-1.000000	1911160.000000	1773868066.156417
-6539.040000	1309.860000	12513.330000	14905.125000	-16510.815000	-19330.560000	8672.355000	15558.930000	8.903696	8.631158	21.241871	15.859243	14.669516	9.889737	0.665741	-3.335121	0.350980	37.814280	8.011500	0.809385	0.451842	0.371886	-1.000000	-1.000000	-1.000000	-1.000000	-1.000000	-1.000000	-1.000000	73.379310	0.000000	-1.000000	-1.000000	1911161.000000	1773868066.160461
-6565.005000	1270.395000	12462.525000	14843.205000	-16604.865000	-19400.715000	8642.520000	15576.165000	-0.882017	8.440128	12.512074	9.081558	9.987491	6.678255	-1.088121	-5.100457	0.350980	37.814280	8.011500	0.809385	0.451842	0.371886	-1.000000	-1.000000	-1.000000	-1.000000	-1.000000	-1.000000	-1.000000	73.379310	0.000000	-1.000000	-1.000000	1911162.000000	1773868066.160471
-6590.790000	1241.055000	12433.725000	14818.860000	-16627.590000	-19431.630000	8616.645000	15568.830000	-8.123008	3.976218	-1.826265	-2.745228	-0.930432	-1.183688	-6.044555	-1.342013	0.350980	37.814280	8.011500	0.809385	0.451842	0.371886	-1.000000	-1.000000	-1.000000	-1.000000	-1.000000	-1.000000	-1.000000	73.379310	0.000000	-1.000000	-1.000000	1911163.000000	1773868066.164404
-6568.290000	1260.720000	12475.980000	14869.215000	-16585.470000	-19392.525000	8641.035000	15545.745000	-10.172956	-4.555156	-15.344399	-15.094410	-13.538381	-11.929093	-13.370189	5.184955	0.350980	37.814280	8.011500	0.809385	0.451842	0.371886	-1.000000	-1.000000	-1.000000	-1.000000	-1.000000	-1.000000	-1.000000	73.379310	0.000000	-1.000000	-1.000000	1911164.000000	1773868066.164414
-6556.545000	1290.285000	12514.590000	14896.935000	-16554.420000	-19355.085000	8659.350000	15530.355000	-8.606043	-12.912618	-20.825437	-20.090633	-18.669738	-17.336006	-16.546021	7.533358	0.350980	37.814280	8.011500	0.809385	0.451842	0.371886	-1.000000	-1.000000	-1.000000	-1.000000	-1.000000	-1.000000	-1.000000	73.379310	0.000000	-1.000000	-1.000000	1911165.000000	1773868066.168375
-6586.155000	1218.420000	12452.445000	14836.320000	-16627.545000	-19408.635000	8654.670000	15600.375000	-5.430388	-16.649041	-17.184471	-15.292825	-12.880149	-12.945971	-10.222127	4.546885	0.350980	37.814280	8.011500	0.809385	0.451842	0.371886	-1.000000	-1.000000	-1.000000	-1.000000	-1.000000	-1.000000	-1.000000	73.379310	0.000000	-1.000000	-1.000000	1911166.000000	1773868066.168385
-6589.260000	1182.285000	12400.920000	14787.765000	-16646.040000	-19465.740000	8630.955000	15612.885000	-2.086337	-15.784328	-11.254716	-7.585707	-3.350153	-4.940086	2.753583	2.611010	0.350980	37.814280	8.011500	0.809385	0.451842	0.371886	-1.000000	-1.000000	-1.000000	-1.000000	-1.000000	-1.000000	-1.000000	73.379310	0.000000	-1.000000	-1.000000	1911167.000000	1773868066.172440
-6547.185000	1249.830000	12445.110000	14839.335000	-16539.615000	-19397.430000	8616.555000	15570.990000	0.761737	-11.918297	-8.523391	-3.482842	2.980338	-0.325533	13.584661	3.942536	0.350980	37.814280	8.011500	0.809385	0.451842	0.371886	-1.000000	-1.000000	-1.000000	-1.000000	-1.000000	-1.000000	-1.000000	73.379310	0.000000	-1.000000	-1.000000	1911168.000000	1773868066.172450
-6536.205000	1281.060000	12462.075000	14851.080000	-16552.440000	-19362.825000	8624.835000	15549.705000	2.707460	-5.027125	-7.002050	-1.807297	6.572964	2.105437	15.619471	2.590493	0.350980	37.814280	8.011500	0.809385	0.451842	0.371886	-1.000000	-1.000000	-1.000000	-1.000000	-1.000000	-1.000000	-1.000000	73.379310	0.000000	-1.000000	-1.000000	1911169.000000	1773868066.176512
-6548.040000	1268.505000	12465.855000	14852.070000	-16599.195000	-19369.980000	8640.225000	15533.820000	2.685303	3.334486	-3.011509	0.827450	7.883134	5.418368	9.831897	-4.647890	0.350980	37.814280	8.011500	0.809385	0.451842	0.371886	-1.000000	-1.000000	-1.000000	-1.000000	-1.000000	-1.000000	-1.000000	73.379310	0.000000	-1.000000	-1.000000	1911170.000000	1773868066.176523
-6555.285000	1267.335000	12484.080000	14878.260000	-16577.910000	-19340.415000	8678.160000	15506.100000	1.277513	10.357443	4.917969	6.155140	6.337461	9.656969	3.156796	-13.320373	-1.815940	36.959720	8.393000	0.797544	0.447264	0.372802	-1.000000	-1.000000	-1.000000	-1.000000	-1.000000	-1.000000	-1.000000	73.379310	0.000000	-1.000000	-1.000000	1911171.000000	1773868066.180593
-6549.885000	1276.740000	12484.395000	14867.685000	-16568.145000	-19374.390000	8688.420000	15490.215000	0.930872	14.963968	15.815586	13.834684	4.955326	13.567850	1.377644	-17.396586	-1.815940	36.959720	8.393000	0.797544	0.447264	0.372802	-1.000000	-1.000000	-1.000000	-1.000000	-1.000000	-1.000000	-1.000000	73.379310	0.000000	-1.000000	-1.000000	1911172.000000	1773868066.180604
-6596.370000	1206.720000	12404.385000	14783.310000	-16629.120000	-19437.525000	8643.645000	15566.760000	1.215167	14.928578	22.505098	17.365751	4.165623	12.300418	2.858748	-12.809612	-1.815940	36.959720	8.393000	0.797544	0.447264	0.372802	-1.000000	-1.000000	-1.000000	-1.000000	-1.000000	-1.000000	-1.000000	73.379310	0.000000	-1.000000	-1.000000	1911173.000000	1773868066.189452
-6599.745000	1214.280000	12416.940000	14806.125000	-16627.095000	-19428.210000	8631.945000	15582.600000	-0.858522	7.256095	16.238999	9.404161	-0.100569	1.292489	1.049394	1.251123	-1.815940	36.959720	8.393000	0.797544	0.447264	0.372802	-1.000000	-1.000000	-1.000000	-1.000000	-1.000000	-1.000000	-1.000000	73.379310	0.000000	-1.000000	-1.000000	1911174.000000	1773868066.189462
-6600.645000	1219.725000	12426.255000	14809.320000	-16622.235000	-19413.540000	8655.705000	15641.460000	-4.418861	-3.735537	0.421868	-5.150219	-6.513528	-13.222835	-5.552128	18.785337	-1.815940	36.959720	8.393000	0.797544	0.447264	0.372802	-1.000000	-1.000000	-1.000000	-1.000000	-1.000000	-1.000000	-1.000000	73.379310	0.000000	-1.000000	-1.000000	1911175.000000	1773868066.189475
-6593.625000	1225.620000	12449.025000	14825.970000	-16601.805000	-19411.155000	8645.895000	15639.480000	-5.227047	-8.752829	-11.130656	-13.237734	-8.693241	-18.675063	-10.906186	29.638738	-1.815940	36.959720	8.393000	0.797544	0.447264	0.372802	-1.000000	-1.000000	-1.000000	-1.000000	-1.000000	-1.000000	-1.000000	73.379310	0.000000	-1.000000	-1.000000	1911176.000000	1773868066.189480
-6566.805000	1258.155000	12494.790000	14866.875000	-16570.080000	-19382.895000	8642.295000	15595.245000	-2.244709	-5.997924	-10.675818	-9.615136	-5.554312	-11.645607	-10.168587	27.133645	-1.815940	36.959720	8.393000	0.797544	0.447264	0.372802	-1.000000	-1.000000	-1.000000	-1.000000	-1.000000	-1.000000	-1.000000	73.379310	0.000000	-1.000000	-1.000000	1911177.000000	1773868066.192317
-6582.780000	1225.125000	12462.255000	14843.835000	-16591.365000	-19384.290000	8659.080000	15589.215000	1.736307	-1.926647	-2.818123	-0.172893	-1.048306	-0.022717	-4.674905	11.713431	-1.815940	36.959720	8.393000	0.797544	0.447264	0.372802	-1.000000	-1.000000	-1.000000	-1.000000	-1.000000	-1.000000	-1.000000	73.379310	0.000000	-1.000000	-1.000000	1911178.000000	1773868066.192329
-6535.440000	1281.960000	12493.170000	14867.730000	-16565.580000	-19372.185000	8663.085000	15597.630000	5.025137	-0.594525	3.723003	6.856679	3.130080	8.056662	1.535969	-8.742753	-1.815940	36.959720	8.393000	0.797544	0.447264	0.372802	-1.000000	-1.000000	-1.000000	-1.000000	-1.000000	-1.000000	-1.000000	73.379310	0.000000	-1.000000	-1.000000	1911179.000000	1773868066.196479
-6513.480000	1330.200000	12517.470000	14875.920000	-16574.040000	-19392.120000	8650.170000	15574.275000	8.837708	1.250463	5.553485	8.236306	7.310665	10.303326	4.856124	-23.416054	-1.815940	36.959720	8.393000	0.797544	0.447264	0.372802	-1.000000	-1.000000	-1.000000	-1.000000	-1.000000	-1.000000	-1.000000	73.379310	0.000000	-1.000000	-1.000000	1911180.000000	1773868066.196490
-6589.665000	1210.815000	12423.780000	14805.720000	-16630.965000	-19404.855000	8628.615000	15536.160000	11.988564	5.466191	3.545406	4.812141	8.957352	8.115687	3.531156	-27.222797	8.469300	21.409780	-10.987200	0.779295	0.440917	0.366271	-1.000000	-1.000000	-1.000000	-1.000000	-1.000000	-1.000000	-1.000000	73.379310	0.000000	-1.000000	-1.000000	1911181.000000	1773868066.200453
-6601.230000	1191.150000	12406.545000	14787.180000	-16626.645000	-19400.445000	8629.470000	15615.270000	9.276484	6.210370	-2.252954	-1.951887	4.933277	4.262920	-0.444350	-22.335811	8.469300	21.409780	-10.987200	0.779295	0.440917	0.366271	-1.000000	-1.000000	-1.000000	-1.000000	-1.000000	-1.000000	-1.000000	73.379310	0.000000	-1.000000	-1.000000	1911182.000000	1773868066.200459
-6578.460000	1243.710000	12455.595000	14832.720000	-16587.045000	-19391.535000	8648.955000	15587.280000	0.042145	0.579501	-9.255255	-8.544932	-1.838741	1.324310	-2.550190	-12.508806	8.469300	21.409780	-10.987200	0.779295	0.440917	0.366271	-1.000000	-1.000000	-1.000000	-1.000000	-1.000000	-1.000000	-1.000000	73.379310	0.000000	-1.000000	-1.000000	1911183.000000	1773868066.204461
-6563.475000	1243.170000	12452.085000	14831.730000	-16605.810000	-19418.715000	8647.875000	15576.435000	-8.955109	-4.974373	-11.085078	-9.660181	-5.273442	-0.295552	-0.397885	-2.242866	8.469300	21.409780	-10.987200	0.779295	0.440917	0.366271	-1.000000	-1.000000	-1.000000	-1.000000	-1.000000	-1.000000	-1.000000	73.379310	0.000000	-1.000000	-1.000000	1911184.000000	1773868066.204472
-6555.105000	1258.560000	12462.075000	14830.335000	-16614.045000	-19413.990000	8639.820000	15587.730000	-11.996012	-5.246432	-5.893286	-4.629336	-5.154815	-2.391253	4.098338	4.751425	8.469300	21.409780	-10.987200	0.779295	0.440917	0.366271	-1.000000	-1.000000	-1.000000	-1.000000	-1.000000	-1.000000	-1.000000	73.379310	0.000000	-1.000000	-1.000000	1911185.000000	1773868066.208403
-6566.580000	1252.935000	12465.945000	14827.950000	-16623.495000	-19399.500000	8658.180000	15584.625000	-9.776630	-2.565369	1.144587	1.025958	-5.877845	-6.111356	7.262985	9.785525	8.469300	21.409780	-10.987200	0.779295	0.440917	0.366271	-1.000000	-1.000000	-1.000000	-1.000000	-1.000000	-1.000000	-1.000000	73.379310	0.000000	-1.000000	-1.000000	1911186.000000	1773868066.208422
-6573.465000	1270.665000	12489.615000	14854.185000	-16573.365000	-19368.900000	8672.805000	15570.810000	-6.053245	-0.575735	5.590437	3.307369	-7.172978	-9.034326	7.044215	14.717294	8.469300	21.409780	-10.987200	0.779295	0.440917	0.366271	-1.000000	-1.000000	-1.000000	-1.000000	-1.000000	-1.000000	-1.000000	73.379310	0.000000	-1.000000	-1.000000	1911187.000000	1773868066.212392
-6584.895000	1284.660000	12488.580000	14844.375000	-16584.660000	-19385.640000	8667.855000	15579.045000	-3.569770	-0.136881	7.079730	3.179670	-4.456397	-7.475188	3.705110	17.430551	8.469300	21.409780	-10.987200	0.779295	0.440917	0.366271	-1.000000	-1.000000	-1.000000	-1.000000	-1.000000	-1.000000	-1.000000	73.379310	0.000000	-1.000000	-1.000000	1911188.000000	1773868066.212413
-6595.740000	1180.080000	12385.980000	14790.330000	-16630.785000	-19428.975000	8641.305000	15591.195000	-2.769708	-1.888129	5.016361	1.845646	2.182399	-1.959142	-1.423925	16.153941	8.469300	21.409780	-10.987200	0.779295	0.440917	0.366271	-1.000000	-1.000000	-1.000000	-1.000000	-1.000000	-1.000000	-1.000000	73.379310	0.000000	-1.000000	-1.000000	1911189.000000	1773868066.216341
-6560.820000	1239.435000	12428.640000	14809.095000	-16629.435000	-19420.785000	8638.110000	15586.695000	-0.525626	-4.501207	-0.153909	0.249020	7.869167	3.428862	-6.374382	11.326316	8.469300	21.409780	-10.987200	0.779295	0.440917	0.366271	-1.000000	-1.000000	-1.000000	-1.000000	-1.000000	-1.000000	-1.000000	73.379310	0.000000	-1.000000	-1.000000	1911190.000000	1773868066.216349
-6560.145000	1242.810000	12452.805000	14830.200000	-16604.775000	-19394.055000	8638.155000	15565.905000	6.454711	-2.619180	-3.083540	0.992258	9.811695	6.435106	-8.835687	2.348331	-3.250380	15.565200	-17.228540	0.785276	0.448363	0.365539	-1.000000	-1.000000	-1.000000	-1.000000	-1.000000	-1.000000	-1.000000	73.379310	0.000000	-1.000000	-1.000000	1911191.000000	1773868066.220511
-6566.265000	1204.560000	12435.165000	14847.345000	-16574.895000	-19371.330000	8657.550000	15558.615000	14.742360	4.186047	-0.521175	4.450948	8.604885	7.982174	-7.660948	-10.245682	-3.250380	15.565200	-17.228540	0.785276	0.448363	0.365539	-1.000000	-1.000000	-1.000000	-1.000000	-1.000000	-1.000000	-1.000000	73.379310	0.000000	-1.000000	-1.000000	1911192.000000	1773868066.220517
-6579.765000	1191.330000	12418.020000	14822.820000	-16582.725000	-19389.780000	8669.925000	15560.505000	16.420648	8.232307	3.121542	6.886394	5.710917	8.918090	-3.165045	-20.809287	-3.250380	15.565200	-17.228540	0.785276	0.448363	0.365539	-1.000000	-1.000000	-1.000000	-1.000000	-1.000000	-1.000000	-1.000000	73.379310	0.000000	-1.000000	-1.000000	1911193.000000	1773868066.232249
-6580.620000	1204.875000	12416.040000	14805.000000	-16572.825000	-19365.795000	8661.555000	15493.140000	8.185131	4.694395	2.425380	4.304126	1.854517	7.720389	2.971571	-23.396065	-3.250380	15.565200	-17.228540	0.785276	0.448363	0.365539	-1.000000	-1.000000	-1.000000	-1.000000	-1.000000	-1.000000	-1.000000	73.379310	0.000000	-1.000000	-1.000000	1911194.000000	1773868066.232261
-6556.455000	1260.945000	12479.760000	14871.870000	-16543.395000	-19321.695000	8665.560000	15472.035000	-4.724700	-1.977058	-1.725640	-2.487061	-2.209884	3.338071	7.168574	-18.025400	-3.250380	15.565200	-17.228540	0.785276	0.448363	0.365539	-1.000000	-1.000000	-1.000000	-1.000000	-1.000000	-1.000000	-1.000000	73.379310	0.000000	-1.000000	-1.000000	1911195.000000	1773868066.232273
-6515.280000	1335.960000	12551.355000	14936.175000	-16515.675000	-19325.745000	8690.445000	15555.555000	-12.796867	-3.427673	-2.898782	-6.708219	-4.862245	-2.201638	6.775963	-7.115766	-3.250380	15.565200	-17.228540	0.785276	0.448363	0.365539	-1.000000	-1.000000	-1.000000	-1.000000	-1.000000	-1.000000	-1.000000	73.379310	0.000000	-1.000000	-1.000000	1911196.000000	1773868066.232278
-6520.005000	1326.555000	12530.565000	14900.625000	-16549.470000	-19372.095000	8671.230000	15668.685000	-10.724891	3.431652	2.980411	-3.300318	-5.293146	-6.675451	3.146508	9.762139	-3.250380	15.565200	-17.228540	0.785276	0.448363	0.365539	-1.000000	-1.000000	-1.000000	-1.000000	-1.000000	-1.000000	-1.000000	73.379310	0.000000	-1.000000	-1.000000	1911197.000000	1773868066.232458
-6604.695000	1218.645000	12425.760000	14793.615000	-16626.465000	-19454.355000	8612.505000	15628.680000	-2.793168	12.385504	11.146030	3.214403	-5.017669	-10.366163	-1.230417	29.728025	-3.250380	15.565200	-17.228540	0.785276	0.448363	0.365539	-1.000000	-1.000000	-1.000000	-1.000000	-1.000000	-1.000000	-1.000000	73.379310	0.000000	-1.000000	-1.000000	1911198.000000	1773868066.232463
-6579.450000	1225.440000	12427.470000	14790.330000	-16631.145000	-19456.605000	8616.375000	15608.205000	1.742011	12.751785	11.421938	3.308102	-6.722586	-14.486334	-5.551324	40.294162	-3.250380	15.565200	-17.228540	0.785276	0.448363	0.365539	-1.000000	-1.000000	-1.000000	-1.000000	-1.000000	-1.000000	-1.000000	73.379310	0.000000	-1.000000	-1.000000	1911199.000000	1773868066.236462
-6552.090000	1249.335000	12453.975000	14814.495000	-16665.660000	-19436.985000	8639.190000	15620.310000	-0.047492	1.250771	0.139149	-5.337671	-11.091824	-17.312412	-8.348882	30.785659	-3.250380	15.565200	-17.228540	0.785276	0.448363	0.365539	-1.000000	-1.000000	-1.000000	-1.000000	-1.000000	-1.000000	-1.000000	73.379310	0.000000	-1.000000	-1.000000	1911200.000000	1773868066.236469
-6561.540000	1242.720000	12458.565000	14841.495000	-16593.120000	-19392.255000	8632.260000	15601.365000	-2.952356	-12.977963	-14.078444	-14.359193	-14.300731	-13.628115	-7.323462	5.401295	-14.252840	19.731180	-7.935200	0.795042	0.453429	0.366515	-1.000000	-1.000000	-1.000000	-1.000000	-1.000000	-1.000000	-1.000000	73.379310	0.000000	-1.000000	-1.000000	1911201.000000	1773868066.240367
-6557.715000	1223.640000	12429.855000	14823.450000	-16610.985000	-19435.230000	8647.695000	15596.235000	-2.628448	-19.544273	-20.344372	-14.337233	-10.227597	-1.340214	-2.469812	-21.494204	-14.252840	19.731180	-7.935200	0.795042	0.453429	0.366515	-1.000000	-1.000000	-1.000000	-1.000000	-1.000000	-1.000000	-1.000000	73.379310	0.000000	-1.000000	-1.000000	1911202.000000	1773868066.240377
-6553.395000	1220.310000	12411.270000	14791.455000	-16634.835000	-19466.190000	8643.870000	15584.490000	0.436667	-17.064571	-16.824402	-5.179292	1.343012	12.334034	3.859387	-36.188686	-14.252840	19.731180	-7.935200	0.795042	0.453429	0.366515	-1.000000	-1.000000	-1.000000	-1.000000	-1.000000	-1.000000	-1.000000	73.379310	0.000000	-1.000000	-1.000000	1911203.000000	1773868066.244624
-6551.775000	1238.355000	12424.815000	14795.460000	-16648.695000	-19413.405000	8639.685000	15564.420000	3.373280	-10.507929	-9.412569	4.265569	12.163593	17.758556	8.312762	-33.550522	-14.252840	19.731180	-7.935200	0.795042	0.453429	0.366515	-1.000000	-1.000000	-1.000000	-1.000000	-1.000000	-1.000000	-1.000000	73.379310	0.000000	-1.000000	-1.000000	1911204.000000	1773868066.244635
-6566.940000	1236.510000	12442.455000	14834.025000	-16593.480000	-19355.670000	8646.660000	15544.305000	3.270428	-4.640011	-3.250573	7.125962	15.678167	15.542455	8.290440	-20.886113	-14.252840	19.731180	-7.935200	0.795042	0.453429	0.366515	-1.000000	-1.000000	-1.000000	-1.000000	-1.000000	-1.000000	-1.000000	73.379310	0.000000	-1.000000	-1.000000	1911205.000000	1773868066.248516
-6597.540000	1198.530000	12430.890000	14826.330000	-16613.280000	-19383.750000	8666.145000	15548.535000	-0.038881	0.137376	2.829578	6.747291	14.626894	14.056990	5.308655	-9.895935	-14.252840	19.731180	-7.935200	0.795042	0.453429	0.366515	-1.000000	-1.000000	-1.000000	-1.000000	-1.000000	-1.000000	-1.000000	73.379310	0.000000	-1.000000	-1.000000	1911206.000000	1773868066.248526
-6563.160000	1246.455000	12482.910000	14851.080000	-16611.480000	-19388.565000	8685.855000	15586.695000	-2.492181	7.450195	13.226854	10.666422	14.500184	16.194081	4.205331	-3.121771	-14.252840	19.731180	-7.935200	0.795042	0.453429	0.366515	-1.000000	-1.000000	-1.000000	-1.000000	-1.000000	-1.000000	-1.000000	73.379310	0.000000	-1.000000	-1.000000	1911207.000000	1773868066.252469
-6527.430000	1322.280000	12559.095000	14928.480000	-16513.740000	-19294.695000	8690.130000	15567.795000	-0.009696	19.030460	27.310448	19.621210	16.188234	17.366111	6.387756	5.054914	-14.252840	19.731180	-7.935200	0.795042	0.453429	0.366515	-1.000000	-1.000000	-1.000000	-1.000000	-1.000000	-1.000000	-1.000000	73.379310	0.000000	-1.000000	-1.000000	1911208.000000	1773868066.252479
-6534.675000	1346.895000	12558.780000	14915.610000	-16560.540000	-19318.050000	8646.750000	15561.225000	5.955244	30.337111	36.828527	25.933233	16.451112	12.817788	6.720578	15.789870	-14.252840	19.731180	-7.935200	0.795042	0.453429	0.366515	-1.000000	-1.000000	-1.000000	-1.000000	-1.000000	-1.000000	-1.000000	73.379310	0.000000	-1.000000	-1.000000	1911209.000000	1773868066.256539
-6579.945000	1291.680000	12476.880000	14817.780000	-16657.920000	-19414.440000	8611.155000	15574.500000	9.258658	32.575326	31.467391	19.445721	8.054881	-0.629238	-0.445309	23.840033	-14.252840	19.731180	-7.935200	0.795042	0.453429	0.366515	-1.000000	-1.000000	-1.000000	-1.000000	-1.000000	-1.000000	-1.000000	73.379310	0.000000	-1.000000	-1.000000	1911210.000000	1773868066.256549
-6567.570000	1245.420000	12448.170000	14808.195000	-16598.790000	-19385.550000	8630.550000	15573.555000	5.417767	18.893801	7.904868	-2.782172	-12.103421	-21.371267	-13.347997	25.390613	-4.822160	20.265280	-3.479280	0.790953	0.455748	0.363830	-1.000000	-1.000000	-1.000000	-1.000000	-1.000000	-1.000000	-1.000000	73.379310	0.000000	-1.000000	-1.000000	1911211.000000	1773868066.260486
-6526.170000	1244.655000	12441.870000	14809.185000	-16625.250000	-19357.695000	8654.085000	15594.795000	-2.959835	-8.226330	-24.335457	-29.775543	-32.676611	-38.114099	-22.629765	20.820930	-4.822160	20.265280	-3.479280	0.790953	0.455748	0.363830	-1.000000	-1.000000	-1.000000	-1.000000	-1.000000	-1.000000	-1.000000	73.379310	0.000000	-1.000000	-1.000000	1911212.000000	1773868066.260495
-6592.455000	1180.395000	12389.850000	14767.335000	-16670.250000	-19403.415000	8645.355000	15597.495000	-9.621228	-36.858057	-49.340493	-45.770751	-39.921984	-40.105971	-20.366610	12.234313	-4.822160	20.265280	-3.479280	0.790953	0.455748	0.363830	-1.000000	-1.000000	-1.000000	-1.000000	-1.000000	-1.000000	-1.000000	73.379310	0.000000	-1.000000	-1.000000	1911213.000000	1773868066.264511
-6627.330000	1157.130000	12388.590000	14768.460000	-16694.640000	-19449.945000	8641.620000	15580.305000	-12.344551	-53.434054	-55.943072	-43.621513	-32.457293	-28.862372	-7.892695	0.969118	-4.822160	20.265280	-3.479280	0.790953	0.455748	0.363830	-1.000000	-1.000000	-1.000000	-1.000000	-1.000000	-1.000000	-1.000000	73.379310	0.000000	-1.000000	-1.000000	1911214.000000	1773868066.264521
-6593.490000	1196.460000	12420.675000	14801.580000	-16627.815000	-19434.285000	8640.945000	15578.865000	-11.119065	-48.129626	-40.384880	-24.468271	-14.796206	-11.303902	6.814551	-11.778497	-4.822160	20.265280	-3.479280	0.790953	0.455748	0.363830	-1.000000	-1.000000	-1.000000	-1.000000	-1.000000	-1.000000	-1.000000	73.379310	0.000000	-1.000000	-1.000000	1911215.000000	1773868066.268489
-6541.425000	1247.355000	12458.160000	14821.470000	-16602.570000	-19414.890000	8634.465000	15574.005000	-4.538978	-20.435281	-7.905943	4.906806	9.068916	8.217792	16.148089	-22.548881	-4.822160	20.265280	-3.479280	0.790953	0.455748	0.363830	-1.000000	-1.000000	-1.000000	-1.000000	-1.000000	-1.000000	-1.000000	73.379310	0.000000	-1.000000	-1.000000	1911216.000000	1773868066.268499
-6507.945000	1295.280000	12500.100000	14858.685000	-16550.100000	-19379.340000	8637.615000	15560.640000	6.333731	16.658822	26.539805	31.494724	31.244242	24.693460	16.931231	-26.552547	-4.822160	20.265280	-3.479280	0.790953	0.455748	0.363830	-1.000000	-1.000000	-1.000000	-1.000000	-1.000000	-1.000000	-1.000000	73.379310	0.000000	-1.000000	-1.000000	1911217.000000	1773868066.272427
-6523.920000	1304.775000	12498.930000	14855.850000	-16567.065000	-19366.785000	8649.495000	15577.290000	16.456387	45.119839	47.963235	43.898002	42.429739	33.322444	11.872057	-21.221937	-4.822160	20.265280	-3.479280	0.790953	0.455748	0.363830	-1.000000	-1.000000	-1.000000	-1.000000	-1.000000	-1.000000	-1.000000	73.379310	0.000000	-1.000000	-1.000000	1911218.000000	1773868066.272436
-6560.055000	1259.055000	12468.780000	14840.055000	-16576.830000	-19368.045000	8649.900000	15570.585000	19.923200	53.724728	50.569472	40.430207	38.846501	33.993381	6.377965	-8.391817	-4.822160	20.265280	-3.479280	0.790953	0.455748	0.363830	-1.000000	-1.000000	-1.000000	-1.000000	-1.000000	-1.000000	-1.000000	73.379310	0.000000	-1.000000	-1.000000	1911219.000000	1773868066.276485
-6590.115000	1237.230000	12460.230000	14836.860000	-16583.040000	-19382.580000	8647.200000	15576.030000	12.700219	40.938798	36.507817	25.761889	21.943037	27.401586	2.404714	6.284157	-4.822160	20.265280	-3.479280	0.790953	0.455748	0.363830	-1.000000	-1.000000	-1.000000	-1.000000	-1.000000	-1.000000	-1.000000	73.379310	0.000000	-1.000000	-1.000000	1911220.000000	1773868066.276491
-6576.660000	1241.460000	12458.025000	14831.010000	-16585.650000	-19397.070000	8641.305000	15565.995000	-3.350136	13.797709	12.372803	5.537670	-2.138087	12.396383	-1.852015	16.260887	-0.381500	14.619080	4.196500	0.773802	0.456725	0.374816	-1.000000	-1.000000	-1.000000	-1.000000	-1.000000	-1.000000	-1.000000	73.379310	0.000000	-1.000000	-1.000000	1911221.000000	1773868066.280435
-6527.970000	1309.905000	12508.380000	14868.000000	-16549.920000	-19363.635000	8643.510000	15516.045000	-17.391747	-13.173847	-11.379726	-13.344930	-22.361982	-7.265291	-6.905177	17.074517	-0.381500	14.619080	4.196500	0.773802	0.456725	0.374816	-1.000000	-1.000000	-1.000000	-1.000000	-1.000000	-1.000000	-1.000000	73.379310	0.000000	-1.000000	-1.000000	1911222.000000	1773868066.280441
-6524.640000	1311.930000	12504.915000	14866.065000	-16567.920000	-19352.070000	8656.425000	15499.800000	-17.540775	-25.484128	-24.452114	-23.776053	-29.555491	-20.972209	-10.161070	8.647709	-0.381500	14.619080	4.196500	0.773802	0.456725	0.374816	-1.000000	-1.000000	-1.000000	-1.000000	-1.000000	-1.000000	-1.000000	73.379310	0.000000	-1.000000	-1.000000	1911223.000000	1773868066.284454
-6574.815000	1229.805000	12434.580000	14817.420000	-16591.005000	-19376.955000	8652.600000	15549.345000	-5.561665	-22.615885	-25.954858	-24.686714	-24.942966	-22.269866	-9.151912	-2.856793	-0.381500	14.619080	4.196500	0.773802	0.456725	0.374816	-1.000000	-1.000000	-1.000000	-1.000000	-1.000000	-1.000000	-1.000000	73.379310	0.000000	-1.000000	-1.000000	1911224.000000	1773868066.284464
-6591.330000	1177.020000	12394.035000	14778.675000	-16626.600000	-19406.025000	8646.930000	15643.170000	3.890141	-18.727560	-25.055899	-22.507334	-18.057154	-16.603579	-4.660424	-7.075270	-0.381500	14.619080	4.196500	0.773802	0.456725	0.374816	-1.000000	-1.000000	-1.000000	-1.000000	-1.000000	-1.000000	-1.000000	73.379310	0.000000	-1.000000	-1.000000	1911225.000000	1773868066.288458
-6568.920000	1222.740000	12428.955000	14803.785000	-16611.345000	-19390.500000	8634.870000	15587.235000	1.739411	-22.877523	-27.034798	-21.797001	-14.988000	-12.766113	0.150985	0.775815	-0.381500	14.619080	4.196500	0.773802	0.456725	0.374816	-1.000000	-1.000000	-1.000000	-1.000000	-1.000000	-1.000000	-1.000000	73.379310	0.000000	-1.000000	-1.000000	1911226.000000	1773868066.288465
-6555.870000	1267.650000	12476.520000	14838.255000	-16611.795000	-19380.105000	8642.295000	15534.045000	-5.521259	-26.158287	-24.368723	-17.780250	-11.882455	-11.243153	2.877012	11.565068	-0.381500	14.619080	4.196500	0.773802	0.456725	0.374816	-1.000000	-1.000000	-1.000000	-1.000000	-1.000000	-1.000000	-1.000000	73.379310	0.000000	-1.000000	-1.000000	1911227.000000	1773868066.292502
-6544.980000	1271.970000	12485.385000	14835.465000	-16605.945000	-19384.425000	8655.660000	15562.260000	-6.321546	-14.693975	-7.706294	-3.895069	-2.466167	-6.756115	3.497610	12.403067	-0.381500	14.619080	4.196500	0.773802	0.456725	0.374816	-1.000000	-1.000000	-1.000000	-1.000000	-1.000000	-1.000000	-1.000000	73.379310	0.000000	-1.000000	-1.000000	1911228.000000	1773868066.292512
-6548.895000	1257.210000	12469.545000	14813.460000	-16608.375000	-19393.020000	8669.880000	15645.330000	2.161318	10.861478	18.764561	16.146653	12.237572	2.030200	3.474745	3.551831	-0.381500	14.619080	4.196500	0.773802	0.456725	0.374816	-1.000000	-1.000000	-1.000000	-1.000000	-1.000000	-1.000000	-1.000000	73.379310	0.000000	-1.000000	-1.000000	1911229.000000	1773868066.296468
-6567.075000	1251.585000	12466.485000	14806.260000	-16608.870000	-19401.165000	8661.735000	15616.035000	12.457614	34.606413	39.109926	30.293236	24.954247	10.957870	3.711543	-4.544191	-0.381500	14.619080	4.196500	0.773802	0.456725	0.374816	-1.000000	-1.000000	-1.000000	-1.000000	-1.000000	-1.000000	-1.000000	73.379310	0.000000	-1.000000	-1.000000	1911230.000000	1773868066.296474
-6571.440000	1246.995000	12461.895000	14826.510000	-16622.865000	-19395.450000	8648.640000	15587.955000	15.356864	40.842000	40.450750	30.240520	28.594128	15.367175	3.310486	-6.391680	2.594200	17.442180	8.057280	0.768736	0.459349	0.379149	-1.000000	-1.000000	-1.000000	-1.000000	-1.000000	-1.000000	-1.000000	73.379310	0.000000	-1.000000	-1.000000	1911231.000000	1773868066.300479
-6562.935000	1231.470000	12443.085000	14843.610000	-16602.165000	-19382.715000	8643.735000	15586.830000	8.780662	26.946162	22.947214	18.261304	21.409309	14.039285	0.812864	-5.160130	2.594200	17.442180	8.057280	0.768736	0.459349	0.379149	-1.000000	-1.000000	-1.000000	-1.000000	-1.000000	-1.000000	-1.000000	73.379310	0.000000	-1.000000	-1.000000	1911232.000000	1773868066.300485
-6542.550000	1258.605000	12461.670000	14844.960000	-16593.120000	-19376.955000	8654.310000	15603.930000	-1.075567	4.078759	-1.464757	3.622207	8.437613	9.472103	-3.049024	-5.882335	2.594200	17.442180	8.057280	0.768736	0.459349	0.379149	-1.000000	-1.000000	-1.000000	-1.000000	-1.000000	-1.000000	-1.000000	73.379310	0.000000	-1.000000	-1.000000	1911233.000000	1773868066.304412
-6515.415000	1296.180000	12485.520000	14854.860000	-16586.595000	-19370.115000	8660.340000	15596.775000	-6.645045	-12.728555	-18.490113	-6.143227	-3.240886	4.664811	-5.188004	-9.903422	2.594200	17.442180	8.057280	0.768736	0.459349	0.379149	-1.000000	-1.000000	-1.000000	-1.000000	-1.000000	-1.000000	-1.000000	73.379310	0.000000	-1.000000	-1.000000	1911234.000000	1773868066.304418
-6497.415000	1324.530000	12508.380000	14887.260000	-16546.275000	-19331.415000	8658.450000	15578.145000	-5.567857	-16.649729	-21.756435	-9.584042	-9.404105	0.989992	-3.552521	-13.266116	2.594200	17.442180	8.057280	0.768736	0.459349	0.379149	-1.000000	-1.000000	-1.000000	-1.000000	-1.000000	-1.000000	-1.000000	73.379310	0.000000	-1.000000	-1.000000	1911235.000000	1773868066.310009
-6541.965000	1247.805000	12443.760000	14837.985000	-16579.890000	-19375.740000	8655.300000	15579.675000	-1.464228	-12.566543	-15.718429	-9.598779	-9.765904	-1.694763	0.313700	-10.472078	2.594200	17.442180	8.057280	0.768736	0.459349	0.379149	-1.000000	-1.000000	-1.000000	-1.000000	-1.000000	-1.000000	-1.000000	73.379310	0.000000	-1.000000	-1.000000	1911236.000000	1773868066.310019
-6553.665000	1262.160000	12438.360000	14817.645000	-16608.510000	-19387.395000	8680.905000	15574.860000	-0.138088	-9.177520	-9.250324	-10.162727	-8.132671	-4.980956	3.175885	-1.776680	2.594200	17.442180	8.057280	0.768736	0.459349	0.379149	-1.000000	-1.000000	-1.000000	-1.000000	-1.000000	-1.000000	-1.000000	73.379310	0.000000	-1.000000	-1.000000	1911237.000000	1773868066.312651
-6554.970000	1244.925000	12457.125000	14841.495000	-16589.070000	-19335.555000	8698.905000	15567.210000	-3.514474	-9.031511	-5.930497	-11.696807	-8.314403	-8.534779	3.907698	6.158527	2.594200	17.442180	8.057280	0.768736	0.459349	0.379149	-1.000000	-1.000000	-1.000000	-1.000000	-1.000000	-1.000000	-1.000000	73.379310	0.000000	-1.000000	-1.000000	1911238.000000	1773868066.312661
-6525.315000	1301.265000	12532.230000	14909.580000	-16505.955000	-19287.990000	8704.665000	15565.365000	-7.369809	-8.163628	-1.913140	-9.688920	-8.084290	-7.920583	3.746609	8.993487	2.594200	17.442180	8.057280	0.768736	0.459349	0.379149	-1.000000	-1.000000	-1.000000	-1.000000	-1.000000	-1.000000	-1.000000	73.379310	0.000000	-1.000000	-1.000000	1911239.000000	1773868066.316573
-6509.070000	1359.765000	12554.550000	14902.830000	-16529.355000	-19316.340000	8677.260000	15552.315000	-6.314144	-1.896282	6.860454	-1.418064	-2.868139	-1.440880	3.183549	8.895000	2.594200	17.442180	8.057280	0.768736	0.459349	0.379149	-1.000000	-1.000000	-1.000000	-1.000000	-1.000000	-1.000000	-1.000000	73.379310	0.000000	-1.000000	-1.000000	1911240.000000	1773868066.316582
-6517.125000	1337.355000	12539.970000	14878.575000	-16576.470000	-19355.895000	8662.995000	15558.165000	0.002183	9.774235	17.754115	8.340592	4.541379	4.681306	0.784820	8.287384	1.983800	13.260940	4.608520	0.775511	0.457885	0.387755	-1.000000	-1.000000	-1.000000	-1.000000	-1.000000	-1.000000	-1.000000	73.379310	0.000000	-1.000000	-1.000000	1911241.000000	1773868066.320438
-6589.125000	1204.785000	12456.180000	14815.440000	-16625.340000	-19402.830000	8635.005000	15584.085000	5.441198	17.546387	21.359309	11.276472	5.518585	2.853995	-4.365325	6.573750	1.983800	13.260940	4.608520	0.775511	0.457885	0.387755	-1.000000	-1.000000	-1.000000	-1.000000	-1.000000	-1.000000	-1.000000	73.379310	0.000000	-1.000000	-1.000000	1911242.000000	1773868066.320448
-6619.770000	1197.360000	12434.040000	14799.735000	-16642.350000	-19437.660000	8610.660000	15573.285000	2.681701	9.426253	9.623312	3.516942	-3.151946	-7.620253	-10.639661	3.847745	1.983800	13.260940	4.608520	0.775511	0.457885	0.387755	-1.000000	-1.000000	-1.000000	-1.000000	-1.000000	-1.000000	-1.000000	73.379310	0.000000	-1.000000	-1.000000	1911243.000000	1773868066.329146
-6606.990000	1180.035000	12419.235000	14795.910000	-16640.280000	-19419.300000	8640.765000	15594.795000	-7.384706	-12.312781	-13.332171	-10.063794	-14.909012	-19.429412	-14.000264	2.152599	1.983800	13.260940	4.608520	0.775511	0.457885	0.387755	-1.000000	-1.000000	-1.000000	-1.000000	-1.000000	-1.000000	-1.000000	73.379310	0.000000	-1.000000	-1.000000	1911244.000000	1773868066.329155
-6568.245000	1226.880000	12477.420000	14874.525000	-16535.295000	-19335.645000	8674.695000	15581.610000	-13.778374	-29.047316	-30.777907	-17.363054	-17.690300	-20.681686	-10.103632	2.210072	1.983800	13.260940	4.608520	0.775511	0.457885	0.387755	-1.000000	-1.000000	-1.000000	-1.000000	-1.000000	-1.000000	-1.000000	73.379310	0.000000	-1.000000	-1.000000	1911245.000000	1773868066.329372
-6530.625000	1275.930000	12508.065000	14890.050000	-16540.920000	-19340.145000	8692.650000	15557.895000	-6.665170	-24.042647	-27.549671	-8.647305	-3.725297	-4.790307	1.064317	1.255968	1.983800	13.260940	4.608520	0.775511	0.457885	0.387755	-1.000000	-1.000000	-1.000000	-1.000000	-1.000000	-1.000000	-1.000000	73.379310	0.000000	-1.000000	-1.000000	1911246.000000	1773868066.329382
-6533.730000	1245.645000	12452.850000	14826.600000	-16609.275000	-19403.730000	8651.475000	15575.355000	11.300782	0.916510	-6.098837	10.550697	18.326131	18.163709	12.840365	-2.958883	1.983800	13.260940	4.608520	0.775511	0.457885	0.387755	-1.000000	-1.000000	-1.000000	-1.000000	-1.000000	-1.000000	-1.000000	73.379310	0.000000	-1.000000	-1.000000	1911247.000000	1773868066.332601
-6557.040000	1218.240000	12408.300000	14773.005000	-16667.595000	-19447.380000	8637.570000	15591.510000	26.413990	26.319671	14.391864	21.619066	27.852069	28.516193	16.961227	-7.335381	1.983800	13.260940	4.608520	0.775511	0.457885	0.387755	-1.000000	-1.000000	-1.000000	-1.000000	-1.000000	-1.000000	-1.000000	73.379310	0.000000	-1.000000	-1.000000	1911248.000000	1773868066.332611
-6555.645000	1276.785000	12455.865000	14800.590000	-16638.840000	-19427.670000	8621.280000	15604.065000	26.413017	33.790695	18.934096	13.985995	15.900684	18.966693	11.403127	-7.130239	1.983800	13.260940	4.608520	0.775511	0.457885	0.387755	-1.000000	-1.000000	-1.000000	-1.000000	-1.000000	-1.000000	-1.000000	73.379310	0.000000	-1.000000	-1.000000	1911249.000000	1773868066.336510
-6546.690000	1323.540000	12508.155000	14848.380000	-16572.780000	-19356.795000	8614.260000	15600.195000	11.791524	24.268937	12.250841	-2.151285	-3.650608	2.221640	1.395249	-2.731746	1.983800	13.260940	4.608520	0.775511	0.457885	0.387755	-1.000000	-1.000000	-1.000000	-1.000000	-1.000000	-1.000000	-1.000000	73.379310	0.000000	-1.000000	-1.000000	1911250.000000	1773868066.336520
-6552.225000	1255.860000	12453.975000	14807.385000	-16621.830000	-19402.785000	8606.160000	15562.395000	-5.918082	11.230558	7.607894	-9.860758	-11.921222	-5.289752	-6.174300	0.633570	0.122080	16.114560	-1.297100	0.793089	0.453673	0.399108	-1.000000	-1.000000	-1.000000	-1.000000	-1.000000	-1.000000	-1.000000	73.379310	0.000000	-1.000000	-1.000000	1911251.000000	1773868066.340563
-6591.330000	1218.060000	12424.905000	14788.260000	-16652.070000	-19419.345000	8623.935000	15538.410000	-16.519925	0.729380	7.901920	-5.376235	-6.482423	-1.580830	-7.466942	-1.000897	0.122080	16.114560	-1.297100	0.793089	0.453673	0.399108	-1.000000	-1.000000	-1.000000	-1.000000	-1.000000	-1.000000	-1.000000	73.379310	0.000000	-1.000000	-1.000000	1911252.000000	1773868066.340573
-6556.410000	1232.460000	12459.960000	14834.475000	-16591.680000	-19363.320000	8661.195000	15586.155000	-18.281666	-9.498553	7.183378	2.995899	1.962243	3.906581	-3.107290	-5.545456	0.122080	16.114560	-1.297100	0.793089	0.453673	0.399108	-1.000000	-1.000000	-1.000000	-1.000000	-1.000000	-1.000000	-1.000000	73.379310	0.000000	-1.000000	-1.000000	1911253.000000	1773868066.344640
-6536.970000	1259.235000	12482.055000	14850.495000	-16578.765000	-19353.330000	8669.610000	15594.975000	-13.903636	-18.701621	2.600623	7.772490	5.443648	4.312189	2.827571	-6.560707	0.122080	16.114560	-1.297100	0.793089	0.453673	0.399108	-1.000000	-1.000000	-1.000000	-1.000000	-1.000000	-1.000000	-1.000000	73.379310	0.000000	-1.000000	-1.000000	1911254.000000	1773868066.344650
-6513.165000	1281.645000	12486.825000	14844.375000	-16596.090000	-19376.685000	8639.280000	15582.600000	-6.318774	-22.433314	-3.751708	6.876872	3.340465	-0.617508	5.475734	-0.852911	0.122080	16.114560	-1.297100	0.793089	0.453673	0.399108	-1.000000	-1.000000	-1.000000	-1.000000	-1.000000	-1.000000	-1.000000	73.379310	0.000000	-1.000000	-1.000000	1911255.000000	1773868066.348666
-6510.915000	1298.340000	12484.125000	14825.430000	-16624.305000	-19403.145000	8628.750000	15581.160000	1.665323	-17.563056	-8.309019	2.193598	-1.191349	-7.472565	2.856112	7.350049	0.122080	16.114560	-1.297100	0.793089	0.453673	0.399108	-1.000000	-1.000000	-1.000000	-1.000000	-1.000000	-1.000000	-1.000000	73.379310	0.000000	-1.000000	-1.000000	1911256.000000	1773868066.348675
-6578.685000	1238.985000	12435.030000	14788.035000	-16646.490000	-19423.530000	8630.595000	15571.395000	6.672698	-6.569770	-9.427796	-3.225423	-4.834766	-12.074427	-2.249727	11.274238	0.122080	16.114560	-1.297100	0.793089	0.453673	0.399108	-1.000000	-1.000000	-1.000000	-1.000000	-1.000000	-1.000000	-1.000000	73.379310	0.000000	-1.000000	-1.000000	1911257.000000	1773868066.352542
-6601.590000	1179.945000	12390.570000	14762.070000	-16670.340000	-19435.095000	8618.265000	15553.845000	5.105244	1.216310	-10.270258	-8.576786	-7.092137	-12.843761	-5.376049	7.823601	0.122080	16.114560	-1.297100	0.793089	0.453673	0.399108	-1.000000	-1.000000	-1.000000	-1.000000	-1.000000	-1.000000	-1.000000	73.379310	0.000000	-1.000000	-1.000000	1911258.000000	1773868066.352552
-6582.780000	1205.370000	12413.880000	14768.685000	-16676.280000	-19409.220000	8618.265000	15545.925000	-1.964020	-0.052971	-13.384228	-13.501618	-9.208620	-10.602522	-4.653481	-0.736333	0.122080	16.114560	-1.297100	0.793089	0.453673	0.399108	-1.000000	-1.000000	-1.000000	-1.000000	-1.000000	-1.000000	-1.000000	73.379310	0.000000	-1.000000	-1.000000	1911259.000000	1773868066.356682
-6583.005000	1232.235000	12441.015000	14795.235000	-16607.610000	-19376.640000	8627.850000	15551.640000	-7.102746	-3.055686	-13.243381	-13.807725	-8.555451	-4.377736	-1.141594	-8.042515	0.122080	16.114560	-1.297100	0.793089	0.453673	0.399108	-1.000000	-1.000000	-1.000000	-1.000000	-1.000000	-1.000000	-1.000000	73.379310	0.000000	-1.000000	-1.000000	1911260.000000	1773868066.356692
-6568.155000	1256.085000	12473.280000	14849.100000	-16575.795000	-19384.110000	8636.220000	15565.860000	-4.290513	2.820334	-2.858761	-4.927067	-0.053590	6.327308	2.536662	-8.447019	-5.722500	11.933320	-7.675780	0.795591	0.454345	0.396911	-1.000000	-1.000000	-1.000000	-1.000000	-1.000000	-1.000000	-1.000000	73.379310	0.000000	-1.000000	-1.000000	1911261.000000	1773868066.367295
-6548.940000	1282.230000	12501.360000	14876.460000	-16569.675000	-19387.575000	8645.445000	15563.835000	4.546077	16.567398	14.470330	10.251616	13.185395	15.269643	3.332313	-2.703819	-5.722500	11.933320	-7.675780	0.795591	0.454345	0.396911	-1.000000	-1.000000	-1.000000	-1.000000	-1.000000	-1.000000	-1.000000	73.379310	0.000000	-1.000000	-1.000000	1911262.000000	1773868066.367303
-6590.025000	1226.160000	12439.530000	14804.775000	-16628.805000	-19424.880000	8648.010000	15556.185000	11.487194	26.027329	26.166568	20.965183	19.548964	14.412657	0.555446	3.529496	-5.722500	11.933320	-7.675780	0.795591	0.454345	0.396911	-1.000000	-1.000000	-1.000000	-1.000000	-1.000000	-1.000000	-1.000000	73.379310	0.000000	-1.000000	-1.000000	1911263.000000	1773868066.367313
-6619.500000	1225.845000	12454.155000	14825.835000	-16593.570000	-19389.510000	8665.785000	15554.700000	9.403735	20.345414	22.463368	18.425438	12.955957	4.716606	-2.365383	6.140247	-5.722500	11.933320	-7.675780	0.795591	0.454345	0.396911	-1.000000	-1.000000	-1.000000	-1.000000	-1.000000	-1.000000	-1.000000	73.379310	0.000000	-1.000000	-1.000000	1911264.000000	1773868066.367318
-6612.480000	1272.780000	12509.010000	14880.960000	-16535.250000	-19333.935000	8663.895000	15535.485000	-0.745192	2.157064	7.236040	6.388555	0.976930	-3.432662	-1.485004	4.671267	-5.722500	11.933320	-7.675780	0.795591	0.454345	0.396911	-1.000000	-1.000000	-1.000000	-1.000000	-1.000000	-1.000000	-1.000000	73.379310	0.000000	-1.000000	-1.000000	1911265.000000	1773868066.382562
-6568.065000	1295.460000	12513.870000	14874.975000	-16570.935000	-19352.835000	8648.460000	15499.845000	-8.842635	-13.792289	-5.879248	-3.233169	-5.206006	-1.966239	2.545463	0.252728	-5.722500	11.933320	-7.675780	0.795591	0.454345	0.396911	-1.000000	-1.000000	-1.000000	-1.000000	-1.000000	-1.000000	-1.000000	73.379310	0.000000	-1.000000	-1.000000	1911266.000000	1773868066.382572
-6518.295000	1301.760000	12500.280000	14853.780000	-16591.770000	-19347.660000	8662.185000	15532.245000	-5.323146	-15.953707	-8.971677	-5.243460	-4.648088	5.269288	5.693606	-4.653385	-5.722500	11.933320	-7.675780	0.795591	0.454345	0.396911	-1.000000	-1.000000	-1.000000	-1.000000	-1.000000	-1.000000	-1.000000	73.379310	0.000000	-1.000000	-1.000000	1911267.000000	1773868066.382582
-6472.035000	1329.885000	12527.640000	14885.595000	-16541.685000	-19320.795000	8681.220000	15605.235000	8.693079	-6.107287	-5.437354	-3.739577	-3.392012	8.748632	5.803020	-4.979040	-5.722500	11.933320	-7.675780	0.795591	0.454345	0.396911	-1.000000	-1.000000	-1.000000	-1.000000	-1.000000	-1.000000	-1.000000	73.379310	0.000000	-1.000000	-1.000000	1911268.000000	1773868066.382587
-6475.545000	1333.755000	12535.155000	14897.295000	-16521.120000	-19325.340000	8665.830000	15555.690000	22.565614	5.494989	-1.921850	-3.250957	-4.084271	4.526834	3.145993	1.871601	-5.722500	11.933320	-7.675780	0.795591	0.454345	0.396911	-1.000000	-1.000000	-1.000000	-1.000000	-1.000000	-1.000000	-1.000000	73.379310	0.000000	-1.000000	-1.000000	1911269.000000	1773868066.382593
-6513.165000	1308.150000	12509.145000	14869.845000	-16564.590000	-19341.405000	8642.610000	15476.310000	24.140553	9.183699	-2.709782	-6.008013	-6.810477	-5.023350	-2.364616	8.481249	-5.722500	11.933320	-7.675780	0.795591	0.454345	0.396911	-1.000000	-1.000000	-1.000000	-1.000000	-1.000000	-1.000000	-1.000000	73.379310	0.000000	-1.000000	-1.000000	1911270.000000	1773868066.382597
-6575.355000	1237.815000	12444.300000	14804.235000	-16644.960000	-19414.620000	8634.915000	15449.760000	7.758794	0.797648	-9.381364	-12.926845	-12.480904	-15.874875	-10.124173	4.576720	-15.916180	4.227020	-6.317640	0.786192	0.440856	0.408385	-1.000000	-1.000000	-1.000000	-1.000000	-1.000000	-1.000000	-1.000000	73.379310	0.000000	-1.000000	-1.000000	1911271.000000	1773868066.382603
-6603.615000	1189.170000	12409.965000	14781.330000	-16611.075000	-19401.615000	8644.590000	15512.670000	-19.846152	-15.777457	-18.859383	-20.562273	-18.468892	-23.491549	-16.092962	-7.633801	-15.916180	4.227020	-6.317640	0.786192	0.440856	0.408385	-1.000000	-1.000000	-1.000000	-1.000000	-1.000000	-1.000000	-1.000000	73.379310	0.000000	-1.000000	-1.000000	1911272.000000	1773868066.382607
-6621.030000	1153.440000	12374.505000	14751.405000	-16662.915000	-19424.070000	8625.780000	15621.255000	-42.306550	-30.486920	-24.459062	-22.417124	-18.453595	-23.427609	-15.436500	-13.638541	-15.916180	4.227020	-6.317640	0.786192	0.440856	0.408385	-1.000000	-1.000000	-1.000000	-1.000000	-1.000000	-1.000000	-1.000000	73.379310	0.000000	-1.000000	-1.000000	1911273.000000	1773868066.390117
-6614.640000	1157.805000	12377.295000	14747.175000	-16718.895000	-19462.815000	8637.525000	15637.815000	-45.697959	-33.971942	-21.522145	-15.677125	-11.343471	-15.408554	-7.409531	-2.967658	-15.916180	4.227020	-6.317640	0.786192	0.440856	0.408385	-1.000000	-1.000000	-1.000000	-1.000000	-1.000000	-1.000000	-1.000000	73.379310	0.000000	-1.000000	-1.000000	1911274.000000	1773868066.390128
-6593.580000	1229.265000	12444.300000	14805.405000	-16623.585000	-19406.340000	8640.270000	15588.945000	-28.262435	-21.484224	-8.398774	-1.325419	-0.051738	-2.714337	4.642052	17.399777	-15.916180	4.227020	-6.317640	0.786192	0.440856	0.408385	-1.000000	-1.000000	-1.000000	-1.000000	-1.000000	-1.000000	-1.000000	73.379310	0.000000	-1.000000	-1.000000	1911275.000000	1773868066.390512
-6580.620000	1252.080000	12464.280000	14819.220000	-16632.720000	-19418.265000	8637.750000	15603.255000	-0.137421	5.221824	13.601156	18.159577	15.048387	11.832869	15.310199	28.554831	-15.916180	4.227020	-6.317640	0.786192	0.440856	0.408385	-1.000000	-1.000000	-1.000000	-1.000000	-1.000000	-1.000000	-1.000000	73.379310	0.000000	-1.000000	-1.000000	1911276.000000	1773868066.390520
-6598.890000	1173.555000	12420.810000	14788.665000	-16662.645000	-19425.015000	8625.915000	15585.750000	24.144098	33.655951	35.253217	34.950291	28.983795	23.624573	19.060360	18.943817	-15.916180	4.227020	-6.317640	0.786192	0.440856	0.408385	-1.000000	-1.000000	-1.000000	-1.000000	-1.000000	-1.000000	-1.000000	73.379310	0.000000	-1.000000	-1.000000	1911277.000000	1773868066.392422
-6528.375000	1299.105000	12492.540000	14834.970000	-16614.900000	-19381.635000	8640.360000	15568.110000	35.616828	47.737800	43.552443	38.514897	31.822314	27.437906	14.368134	-4.956507	-15.916180	4.227020	-6.317640	0.786192	0.440856	0.408385	-1.000000	-1.000000	-1.000000	-1.000000	-1.000000	-1.000000	-1.000000	73.379310	0.000000	-1.000000	-1.000000	1911278.000000	1773868066.392430
-6528.915000	1289.970000	12485.295000	14843.385000	-16585.020000	-19371.870000	8666.595000	15571.935000	35.540990	43.840317	35.182939	27.314463	23.044395	23.815998	5.739876	-25.823705	-15.916180	4.227020	-6.317640	0.786192	0.440856	0.408385	-1.000000	-1.000000	-1.000000	-1.000000	-1.000000	-1.000000	-1.000000	73.379310	0.000000	-1.000000	-1.000000	1911279.000000	1773868066.396462
-6570.810000	1204.605000	12419.325000	14799.915000	-16612.875000	-19410.030000	8642.970000	15559.605000	28.757355	28.398212	16.885203	9.712854	11.531533	16.806788	-1.148543	-30.948530	-15.916180	4.227020	-6.317640	0.786192	0.440856	0.408385	-1.000000	-1.000000	-1.000000	-1.000000	-1.000000	-1.000000	-1.000000	73.379310	0.000000	-1.000000	-1.000000	1911280.000000	1773868066.396468
-6596.325000	1242.810000	12449.340000	14811.885000	-16606.530000	-19399.545000	8633.160000	15516.315000	16.696689	7.203367	-3.440189	-6.039040	2.102926	7.654385	-5.045727	-22.599088	-5.676720	-9.842700	-9.125480	0.770384	0.440612	0.422667	-1.000000	-1.000000	-1.000000	-1.000000	-1.000000	-1.000000	-1.000000	73.379310	0.000000	-1.000000	-1.000000	1911281.000000	1773868066.400430
-6631.065000	1229.040000	12444.165000	14806.080000	-16625.340000	-19415.340000	8642.655000	15513.030000	-0.162312	-13.384699	-18.991256	-16.144942	-6.087598	-3.584652	-7.231721	-12.634560	-5.676720	-9.842700	-9.125480	0.770384	0.440612	0.422667	-1.000000	-1.000000	-1.000000	-1.000000	-1.000000	-1.000000	-1.000000	73.379310	0.000000	-1.000000	-1.000000	1911282.000000	1773868066.400438
-6598.305000	1270.395000	12464.370000	14817.420000	-16629.030000	-19407.960000	8639.730000	15544.125000	-17.824331	-26.843059	-25.652003	-20.019164	-13.170844	-14.176546	-7.703998	-6.426668	-5.676720	-9.842700	-9.125480	0.770384	0.440612	0.422667	-1.000000	-1.000000	-1.000000	-1.000000	-1.000000	-1.000000	-1.000000	73.379310	0.000000	-1.000000	-1.000000	1911283.000000	1773868066.404317
-6550.200000	1261.620000	12476.880000	14843.340000	-16597.170000	-19378.305000	8650.755000	15599.295000	-28.896942	-31.179782	-24.368127	-19.076738	-18.207671	-20.329506	-6.096821	1.738162	-5.676720	-9.842700	-9.125480	0.770384	0.440612	0.422667	-1.000000	-1.000000	-1.000000	-1.000000	-1.000000	-1.000000	-1.000000	73.379310	0.000000	-1.000000	-1.000000	1911284.000000	1773868066.404324
-6555.150000	1214.685000	12457.530000	14832.720000	-16609.950000	-19389.645000	8665.560000	15617.835000	-27.760267	-28.576245	-18.661099	-15.014423	-20.029317	-20.025005	-2.807924	15.988832	-5.676720	-9.842700	-9.125480	0.770384	0.440612	0.422667	-1.000000	-1.000000	-1.000000	-1.000000	-1.000000	-1.000000	-1.000000	73.379310	0.000000	-1.000000	-1.000000	1911285.000000	1773868066.409886
-6551.640000	1255.005000	12473.730000	14842.845000	-16587.405000	-19373.490000	8665.560000	15586.335000	-16.248093	-21.460129	-11.252524	-9.178315	-17.234078	-14.061941	1.277589	30.140918	-5.676720	-9.842700	-9.125480	0.770384	0.440612	0.422667	-1.000000	-1.000000	-1.000000	-1.000000	-1.000000	-1.000000	-1.000000	73.379310	0.000000	-1.000000	-1.000000	1911286.000000	1773868066.409892
-6520.905000	1293.210000	12507.705000	14875.335000	-16552.530000	-19345.500000	8685.900000	15578.595000	-2.018357	-10.864099	-3.482960	-2.915190	-9.870410	-5.410000	4.502277	34.225508	-5.676720	-9.842700	-9.125480	0.770384	0.440612	0.422667	-1.000000	-1.000000	-1.000000	-1.000000	-1.000000	-1.000000	-1.000000	73.379310	0.000000	-1.000000	-1.000000	1911287.000000	1773868066.412381
-6500.745000	1342.530000	12544.740000	14899.230000	-16542.855000	-19339.830000	8680.185000	15570.180000	9.160851	3.144450	5.149347	3.674558	0.418667	3.425494	5.184771	24.375360	-5.676720	-9.842700	-9.125480	0.770384	0.440612	0.422667	-1.000000	-1.000000	-1.000000	-1.000000	-1.000000	-1.000000	-1.000000	73.379310	0.000000	-1.000000	-1.000000	1911288.000000	1773868066.412387
-6530.940000	1281.105000	12474.630000	14820.975000	-16634.430000	-19424.970000	8645.310000	15610.950000	16.141419	19.230423	14.679553	10.188348	9.575230	9.870694	2.788606	5.730163	-5.676720	-9.842700	-9.125480	0.770384	0.440612	0.422667	-1.000000	-1.000000	-1.000000	-1.000000	-1.000000	-1.000000	-1.000000	73.379310	0.000000	-1.000000	-1.000000	1911289.000000	1773868066.416421
-6567.930000	1210.275000	12413.115000	14762.340000	-16686.315000	-19476.135000	8628.885000	15593.535000	17.842888	29.111074	19.044885	11.764870	10.991927	9.140377	-2.039635	-12.040221	-5.676720	-9.842700	-9.125480	0.770384	0.440612	0.422667	-1.000000	-1.000000	-1.000000	-1.000000	-1.000000	-1.000000	-1.000000	73.379310	0.000000	-1.000000	-1.000000	1911290.000000	1773868066.416429
-6528.195000	1295.775000	12498.660000	14847.930000	-16571.520000	-19379.970000	8646.165000	15580.620000	12.947863	23.919999	12.484023	5.331840	4.635970	1.347608	-7.027321	-22.558489	-12.940480	-4.837420	2.578940	0.767942	0.454955	0.426635	-1.000000	-1.000000	-1.000000	-1.000000	-1.000000	-1.000000	-1.000000	73.379310	0.000000	-1.000000	-1.000000	1911291.000000	1773868066.420368
-6551.235000	1231.335000	12459.780000	14835.240000	-16568.415000	-19367.685000	8650.080000	15563.790000	2.945168	6.596624	-0.358244	-3.077344	0.230073	-4.378774	-8.648672	-25.664970	-12.940480	-4.837420	2.578940	0.767942	0.454955	0.426635	-1.000000	-1.000000	-1.000000	-1.000000	-1.000000	-1.000000	-1.000000	73.379310	0.000000	-1.000000	-1.000000	1911292.000000	1773868066.420377
-6552.270000	1216.935000	12441.690000	14797.395000	-16656.660000	-19425.510000	8638.830000	15556.455000	-9.238175	-12.648350	-11.351564	-7.268207	1.796305	-2.790257	-5.559225	-24.085610	-12.940480	-4.837420	2.578940	0.767942	0.454955	0.426635	-1.000000	-1.000000	-1.000000	-1.000000	-1.000000	-1.000000	-1.000000	73.379310	0.000000	-1.000000	-1.000000	1911293.000000	1773868066.424431
-6539.490000	1255.995000	12478.095000	14832.630000	-16610.670000	-19374.480000	8638.245000	15545.610000	-19.070517	-23.791736	-15.863039	-7.187484	2.964782	1.675141	-0.277577	-19.278586	-12.940480	-4.837420	2.578940	0.767942	0.454955	0.426635	-1.000000	-1.000000	-1.000000	-1.000000	-1.000000	-1.000000	-1.000000	73.379310	0.000000	-1.000000	-1.000000	1911294.000000	1773868066.424438
-6544.395000	1266.795000	12487.725000	14849.145000	-16592.130000	-19358.145000	8646.525000	15537.960000	-21.132182	-21.038458	-11.855210	-3.699135	0.565311	4.812515	3.966079	-10.102426	-12.940480	-4.837420	2.578940	0.767942	0.454955	0.426635	-1.000000	-1.000000	-1.000000	-1.000000	-1.000000	-1.000000	-1.000000	73.379310	0.000000	-1.000000	-1.000000	1911295.000000	1773868066.428309
-6565.140000	1239.345000	12455.550000	14826.915000	-16602.165000	-19376.370000	8651.205000	15558.030000	-14.861044	-8.855249	-2.709967	1.513362	-2.646211	5.584957	5.793147	3.888639	-12.940480	-4.837420	2.578940	0.767942	0.454955	0.426635	-1.000000	-1.000000	-1.000000	-1.000000	-1.000000	-1.000000	-1.000000	73.379310	0.000000	-1.000000	-1.000000	1911296.000000	1773868066.428316
-6575.670000	1249.560000	12457.125000	14820.480000	-16615.755000	-19396.845000	8642.160000	15554.970000	-4.593036	3.308701	4.943553	5.171828	-4.080740	3.580938	5.610067	18.738269	-12.940480	-4.837420	2.578940	0.767942	0.454955	0.426635	-1.000000	-1.000000	-1.000000	-1.000000	-1.000000	-1.000000	-1.000000	73.379310	0.000000	-1.000000	-1.000000	1911297.000000	1773868066.434561
-6599.880000	1235.250000	12445.065000	14808.645000	-16622.595000	-19403.235000	8623.395000	15542.235000	5.896091	11.665846	9.196125	6.993448	-1.619571	0.902081	4.750739	27.137607	-12.940480	-4.837420	2.578940	0.767942	0.454955	0.426635	-1.000000	-1.000000	-1.000000	-1.000000	-1.000000	-1.000000	-1.000000	73.379310	0.000000	-1.000000	-1.000000	1911298.000000	1773868066.434571
-6579.045000	1243.395000	12457.575000	14824.350000	-16600.455000	-19376.595000	8639.775000	15537.420000	14.662220	16.761519	11.844968	8.796204	5.025951	0.753957	4.003268	24.284905	-12.940480	-4.837420	2.578940	0.767942	0.454955	0.426635	-1.000000	-1.000000	-1.000000	-1.000000	-1.000000	-1.000000	-1.000000	73.379310	0.000000	-1.000000	-1.000000	1911299.000000	1773868066.436924
-6526.935000	1320.525000	12537.540000	14897.880000	-16533.765000	-19314.495000	8679.330000	15506.820000	20.154372	18.044588	12.957740	9.967091	11.501209	2.786760	3.537902	12.176857	-12.940480	-4.837420	2.578940	0.767942	0.454955	0.426635	-1.000000	-1.000000	-1.000000	-1.000000	-1.000000	-1.000000	-1.000000	73.379310	0.000000	-1.000000	-1.000000	1911300.000000	1773868066.436934
-6499.440000	1358.595000	12578.760000	14940.900000	-16493.400000	-19274.040000	8723.745000	15577.785000	21.425355	16.232019	12.685519	9.675145	13.650896	4.783279	4.101772	-1.949890	-14.100240	-3.402980	11.429740	0.775938	0.465697	0.424193	-1.000000	-1.000000	-1.000000	-1.000000	-1.000000	-1.000000	-1.000000	73.379310	0.000000	-1.000000	-1.000000	1911301.000000	1773868066.440356
-6530.355000	1339.740000	12558.015000	14917.860000	-16522.695000	-19303.065000	8689.275000	15561.000000	17.624135	13.283909	11.620279	8.385670	11.854655	5.779174	5.364750	-10.196691	-14.100240	-3.402980	11.429740	0.775938	0.465697	0.424193	-1.000000	-1.000000	-1.000000	-1.000000	-1.000000	-1.000000	-1.000000	73.379310	0.000000	-1.000000	-1.000000	1911302.000000	1773868066.440366
-6537.195000	1329.570000	12510.945000	14839.920000	-16602.705000	-19380.870000	8648.280000	15599.295000	7.472659	6.744557	6.091742	2.952992	4.861720	2.346807	3.532606	-9.269331	-14.100240	-3.402980	11.429740	0.775938	0.465697	0.424193	-1.000000	-1.000000	-1.000000	-1.000000	-1.000000	-1.000000	-1.000000	73.379310	0.000000	-1.000000	-1.000000	1911303.000000	1773868066.445343
-6577.875000	1218.330000	12423.420000	14763.510000	-16684.380000	-19479.915000	8621.820000	15604.425000	-7.780278	-8.009022	-8.652776	-11.543860	-11.484612	-10.683905	-4.941506	-2.009996	-14.100240	-3.402980	11.429740	0.775938	0.465697	0.424193	-1.000000	-1.000000	-1.000000	-1.000000	-1.000000	-1.000000	-1.000000	73.379310	0.000000	-1.000000	-1.000000	1911304.000000	1773868066.445353
-6611.805000	1155.645000	12387.240000	14752.305000	-16679.070000	-19460.745000	8621.550000	15574.185000	-22.648012	-29.527793	-29.244382	-31.213790	-32.914219	-29.307998	-17.002436	4.738017	-14.100240	-3.402980	11.429740	0.775938	0.465697	0.424193	-1.000000	-1.000000	-1.000000	-1.000000	-1.000000	-1.000000	-1.000000	73.379310	0.000000	-1.000000	-1.000000	1911305.000000	1773868066.461467
-6615.225000	1171.575000	12394.485000	14753.835000	-16668.090000	-19432.125000	8603.190000	15561.630000	-29.884113	-46.672113	-42.825427	-41.720412	-43.656837	-37.556356	-23.915433	4.268368	-14.100240	-3.402980	11.429740	0.775938	0.465697	0.424193	-1.000000	-1.000000	-1.000000	-1.000000	-1.000000	-1.000000	-1.000000	73.379310	0.000000	-1.000000	-1.000000	1911306.000000	1773868066.461477
-6600.915000	1214.280000	12430.440000	14778.360000	-16653.780000	-19422.720000	8614.530000	15549.525000	-24.392063	-44.469705	-36.653313	-31.213291	-31.275853	-23.196068	-19.245500	-3.867319	-14.100240	-3.402980	11.429740	0.775938	0.465697	0.424193	-1.000000	-1.000000	-1.000000	-1.000000	-1.000000	-1.000000	-1.000000	73.379310	0.000000	-1.000000	-1.000000	1911307.000000	1773868066.461486
-6570.810000	1224.675000	12428.460000	14779.980000	-16650.720000	-19420.830000	8617.230000	15572.700000	-7.770227	-18.781045	-10.888338	-3.131103	-1.108157	6.931400	-4.817089	-12.759850	-14.100240	-3.402980	11.429740	0.775938	0.465697	0.424193	-1.000000	-1.000000	-1.000000	-1.000000	-1.000000	-1.000000	-1.000000	73.379310	0.000000	-1.000000	-1.000000	1911308.000000	1773868066.461491
-6566.400000	1228.860000	12443.805000	14807.880000	-16624.305000	-19389.195000	8629.245000	15549.435000	10.872965	16.318891	19.174164	25.645497	27.893868	32.880138	10.774614	-15.153097	-14.100240	-3.402980	11.429740	0.775938	0.465697	0.424193	-1.000000	-1.000000	-1.000000	-1.000000	-1.000000	-1.000000	-1.000000	73.379310	0.000000	-1.000000	-1.000000	1911309.000000	1773868066.461497
-6563.790000	1245.105000	12464.235000	14826.645000	-16643.520000	-19379.610000	8645.760000	15553.440000	21.659933	41.175723	37.057050	40.027061	40.463556	40.785602	19.497362	-10.689216	-14.100240	-3.402980	11.429740	0.775938	0.465697	0.424193	-1.000000	-1.000000	-1.000000	-1.000000	-1.000000	-1.000000	-1.000000	73.379310	0.000000	-1.000000	-1.000000	1911310.000000	1773868066.461502
-6571.530000	1243.845000	12464.955000	14824.080000	-16642.755000	-19402.830000	8640.945000	15567.120000	21.313922	46.374213	38.054204	37.522460	35.028005	31.403141	19.951243	-3.524390	-24.705940	-0.854560	10.239460	0.780821	0.460875	0.413512	-1.000000	-1.000000	-1.000000	-1.000000	-1.000000	-1.000000	-1.000000	73.379310	0.000000	-1.000000	-1.000000	1911311.000000	1773868066.461507
-6590.115000	1251.270000	12472.020000	14828.220000	-16598.790000	-19395.855000	8643.960000	15551.055000	13.107103	34.879174	27.808257	25.218379	20.902406	14.420297	15.751797	3.290791	-24.705940	-0.854560	10.239460	0.780821	0.460875	0.413512	-1.000000	-1.000000	-1.000000	-1.000000	-1.000000	-1.000000	-1.000000	73.379310	0.000000	-1.000000	-1.000000	1911312.000000	1773868066.461512
-6614.820000	1258.560000	12481.920000	14834.790000	-16568.640000	-19359.405000	8648.505000	15491.385000	2.571780	17.131356	15.151113	11.800620	9.761209	0.876667	10.170841	7.003566	-24.705940	-0.854560	10.239460	0.780821	0.460875	0.413512	-1.000000	-1.000000	-1.000000	-1.000000	-1.000000	-1.000000	-1.000000	73.379310	0.000000	-1.000000	-1.000000	1911313.000000	1773868066.465113
-6613.110000	1277.280000	12505.905000	14863.230000	-16560.270000	-19346.445000	8646.390000	15458.580000	-5.255527	3.518026	6.081101	2.036342	5.691297	-3.963142	4.295940	5.408352	-24.705940	-0.854560	10.239460	0.780821	0.460875	0.413512	-1.000000	-1.000000	-1.000000	-1.000000	-1.000000	-1.000000	-1.000000	73.379310	0.000000	-1.000000	-1.000000	1911314.000000	1773868066.465123
-6552.225000	1318.680000	12529.215000	14878.755000	-16559.820000	-19344.015000	8663.490000	15514.020000	-6.861142	-3.107158	0.621533	-4.145494	3.256004	-3.939492	-1.338420	1.238994	-24.705940	-0.854560	10.239460	0.780821	0.460875	0.413512	-1.000000	-1.000000	-1.000000	-1.000000	-1.000000	-1.000000	-1.000000	73.379310	0.000000	-1.000000	-1.000000	1911315.000000	1773868066.473667
-6475.320000	1338.120000	12533.805000	14878.530000	-16569.405000	-19358.820000	8677.845000	15639.930000	-1.211591	-6.649339	-4.998637	-9.369380	-4.195519	-6.132087	-5.791923	2.520460	-24.705940	-0.854560	10.239460	0.780821	0.460875	0.413512	-1.000000	-1.000000	-1.000000	-1.000000	-1.000000	-1.000000	-1.000000	73.379310	0.000000	-1.000000	-1.000000	1911316.000000	1773868066.473676
-6479.190000	1338.660000	12545.910000	14898.195000	-16546.905000	-19335.330000	8687.295000	15622.155000	7.700995	-11.749641	-13.446759	-15.877228	-17.334977	-13.291491	-8.701514	13.441364	-24.705940	-0.854560	10.239460	0.780821	0.460875	0.413512	-1.000000	-1.000000	-1.000000	-1.000000	-1.000000	-1.000000	-1.000000	73.379310	0.000000	-1.000000	-1.000000	1911317.000000	1773868066.473686
-6507.045000	1346.895000	12559.230000	14895.270000	-16556.400000	-19330.020000	8678.475000	15568.380000	11.170930	-19.260175	-22.944715	-22.869323	-30.218694	-21.884502	-10.795600	24.889428	-24.705940	-0.854560	10.239460	0.780821	0.460875	0.413512	-1.000000	-1.000000	-1.000000	-1.000000	-1.000000	-1.000000	-1.000000	73.379310	0.000000	-1.000000	-1.000000	1911318.000000	1773868066.473691
-6557.490000	1314.765000	12526.875000	14871.555000	-16577.550000	-19361.610000	8628.930000	15521.085000	3.122864	-25.853139	-28.783126	-26.925352	-34.964625	-25.731652	-13.071167	21.900011	-24.705940	-0.854560	10.239460	0.780821	0.460875	0.413512	-1.000000	-1.000000	-1.000000	-1.000000	-1.000000	-1.000000	-1.000000	73.379310	0.000000	-1.000000	-1.000000	1911319.000000	1773868066.477204
-6585.975000	1304.235000	12494.700000	14834.025000	-16604.415000	-19388.745000	8609.535000	15478.290000	-13.451543	-27.603343	-27.895471	-25.045358	-28.282403	-21.324878	-15.249577	0.538152	-24.705940	-0.854560	10.239460	0.780821	0.460875	0.413512	-1.000000	-1.000000	-1.000000	-1.000000	-1.000000	-1.000000	-1.000000	73.379310	0.000000	-1.000000	-1.000000	1911320.000000	1773868066.477216
-6612.435000	1190.205000	12414.330000	14785.920000	-16632.855000	-19407.915000	8603.370000	15477.930000	-28.133363	-23.470760	-20.998644	-16.996794	-13.969836	-9.957815	-14.875717	-27.054599	-18.464600	5.966660	7.095900	0.784971	0.435057	0.402709	-1.000000	-1.000000	-1.000000	-1.000000	-1.000000	-1.000000	-1.000000	73.379310	0.000000	-1.000000	-1.000000	1911321.000000	1773868066.482644
-6588.675000	1162.305000	12379.680000	14758.875000	-16653.780000	-19440.000000	8597.250000	15548.670000	-30.192642	-15.827232	-11.471949	-5.752606	0.720999	2.974750	-9.394315	-40.967309	-18.464600	5.966660	7.095900	0.784971	0.435057	0.402709	-1.000000	-1.000000	-1.000000	-1.000000	-1.000000	-1.000000	-1.000000	73.379310	0.000000	-1.000000	-1.000000	1911322.000000	1773868066.482657
-6550.380000	1224.855000	12407.535000	14776.695000	-16643.070000	-19432.530000	8621.190000	15640.020000	-16.072813	-6.128328	-1.742424	5.016597	11.067150	11.551480	1.083501	-28.059513	-18.464600	5.966660	7.095900	0.784971	0.435057	0.402709	-1.000000	-1.000000	-1.000000	-1.000000	-1.000000	-1.000000	-1.000000	73.379310	0.000000	-1.000000	-1.000000	1911323.000000	1773868066.489444
-6540.570000	1271.205000	12473.550000	14833.620000	-16606.665000	-19396.125000	8642.655000	15569.685000	6.699874	7.367552	9.389317	14.478786	17.580659	14.888115	13.445430	3.514555	-18.464600	5.966660	7.095900	0.784971	0.435057	0.402709	-1.000000	-1.000000	-1.000000	-1.000000	-1.000000	-1.000000	-1.000000	73.379310	0.000000	-1.000000	-1.000000	1911324.000000	1773868066.489458
-6562.215000	1234.440000	12463.020000	14812.290000	-16596.360000	-19380.105000	8664.615000	15528.555000	23.508631	23.023481	22.638587	22.841307	22.415003	16.464741	22.767982	27.151395	-18.464600	5.966660	7.095900	0.784971	0.435057	0.402709	-1.000000	-1.000000	-1.000000	-1.000000	-1.000000	-1.000000	-1.000000	73.379310	0.000000	-1.000000	-1.000000	1911325.000000	1773868066.489472
-6548.085000	1263.780000	12471.390000	14812.965000	-16593.345000	-19371.690000	8643.150000	15579.180000	24.940263	33.221467	32.815292	26.669281	24.358713	17.356477	24.338394	25.545875	-18.464600	5.966660	7.095900	0.784971	0.435057	0.402709	-1.000000	-1.000000	-1.000000	-1.000000	-1.000000	-1.000000	-1.000000	73.379310	0.000000	-1.000000	-1.000000	1911326.000000	1773868066.489480
-6550.335000	1288.170000	12496.770000	14849.955000	-16605.720000	-19374.795000	8629.290000	15596.010000	14.931710	32.885199	33.257974	22.585065	20.480834	15.177300	16.538668	8.432677	-18.464600	5.966660	7.095900	0.784971	0.435057	0.402709	-1.000000	-1.000000	-1.000000	-1.000000	-1.000000	-1.000000	-1.000000	73.379310	0.000000	-1.000000	-1.000000	1911327.000000	1773868066.497730
-6569.055000	1252.935000	12450.285000	14797.530000	-16638.885000	-19400.715000	8631.270000	15587.235000	4.133208	23.659570	23.236666	12.805805	10.737163	9.024768	3.394119	-4.661178	-18.464600	5.966660	7.095900	0.784971	0.435057	0.402709	-1.000000	-1.000000	-1.000000	-1.000000	-1.000000	-1.000000	-1.000000	73.379310	0.000000	-1.000000	-1.000000	1911328.000000	1773868066.497743
-6529.140000	1288.620000	12497.985000	14844.870000	-16596.495000	-19349.145000	8666.820000	15590.160000	-0.417065	10.468899	8.208826	2.606960	-0.985656	1.775672	-7.224111	-5.869944	-18.464600	5.966660	7.095900	0.784971	0.435057	0.402709	-1.000000	-1.000000	-1.000000	-1.000000	-1.000000	-1.000000	-1.000000	73.379310	0.000000	-1.000000	-1.000000	1911329.000000	1773868066.497756
-6489.180000	1321.875000	12527.190000	14867.550000	-16600.590000	-19350.720000	8675.055000	15610.410000	2.551644	0.524520	-3.075256	-2.817366	-8.868743	-2.342493	-9.982611	0.299458	-18.464600	5.966660	7.095900	0.784971	0.435057	0.402709	-1.000000	-1.000000	-1.000000	-1.000000	-1.000000	-1.000000	-1.000000	73.379310	0.000000	-1.000000	-1.000000	1911330.000000	1773868066.497763
-6550.155000	1233.900000	12449.970000	14801.850000	-16643.475000	-19432.080000	8658.045000	15655.815000	7.943581	-3.127936	-6.682318	-2.891848	-10.753379	-3.687137	-6.516259	5.511782	-1.342880	10.269980	2.838360	0.791075	0.415648	0.392882	-1.000000	-1.000000	-1.000000	-1.000000	-1.000000	-1.000000	-1.000000	73.379310	0.000000	-1.000000	-1.000000	1911331.000000	1773868066.501949
-6550.200000	1238.130000	12452.265000	14809.950000	-16649.865000	-19477.575000	8667.945000	15646.455000	5.956242	-8.178538	-9.464615	-4.430420	-10.616107	-8.329036	-3.138832	4.024364	-1.342880	10.269980	2.838360	0.791075	0.415648	0.392882	-1.000000	-1.000000	-1.000000	-1.000000	-1.000000	-1.000000	-1.000000	73.379310	0.000000	-1.000000	-1.000000	1911332.000000	1773868066.501959
-6547.680000	1274.985000	12487.410000	14845.635000	-16598.655000	-19393.065000	8695.260000	15575.850000	-6.963405	-20.120922	-17.735197	-11.853182	-11.614368	-17.747078	-3.900675	-4.502903	-1.342880	10.269980	2.838360	0.791075	0.415648	0.392882	-1.000000	-1.000000	-1.000000	-1.000000	-1.000000	-1.000000	-1.000000	73.379310	0.000000	-1.000000	-1.000000	1911333.000000	1773868066.506921
-6573.420000	1280.520000	12512.295000	14883.795000	-16538.265000	-19331.325000	8635.545000	15446.925000	-22.614901	-30.778239	-26.151561	-19.232182	-10.682839	-22.608683	-7.926347	-17.223887	-1.342880	10.269980	2.838360	0.791075	0.415648	0.392882	-1.000000	-1.000000	-1.000000	-1.000000	-1.000000	-1.000000	-1.000000	73.379310	0.000000	-1.000000	-1.000000	1911334.000000	1773868066.506932
-6554.700000	1302.255000	12519.135000	14881.545000	-16535.835000	-19312.425000	8621.910000	15398.955000	-29.703940	-29.604985	-25.546842	-18.458451	-3.785181	-14.014705	-12.450695	-30.665918	-1.342880	10.269980	2.838360	0.791075	0.415648	0.392882	-1.000000	-1.000000	-1.000000	-1.000000	-1.000000	-1.000000	-1.000000	73.379310	0.000000	-1.000000	-1.000000	1911335.000000	1773868066.524046
-6544.620000	1309.365000	12519.045000	14872.725000	-16569.090000	-19371.420000	8638.560000	15435.045000	-22.367237	-15.642375	-14.145351	-9.386937	6.712198	4.090162	-13.500350	-37.197954	-1.342880	10.269980	2.838360	0.791075	0.415648	0.392882	-1.000000	-1.000000	-1.000000	-1.000000	-1.000000	-1.000000	-1.000000	73.379310	0.000000	-1.000000	-1.000000	1911336.000000	1773868066.524060
-6571.395000	1220.850000	12436.200000	14796.000000	-16613.145000	-19425.330000	8666.235000	15619.455000	-3.478716	3.121835	1.557993	1.210073	12.964796	18.013852	-7.196827	-24.069176	-1.342880	10.269980	2.838360	0.791075	0.415648	0.392882	-1.000000	-1.000000	-1.000000	-1.000000	-1.000000	-1.000000	-1.000000	73.379310	0.000000	-1.000000	-1.000000	1911337.000000	1773868066.524074
-6580.710000	1224.315000	12439.710000	14806.485000	-16560.990000	-19381.320000	8644.275000	15618.735000	15.785046	15.637430	12.003352	6.170666	9.844365	17.867557	4.695487	13.015958	-1.342880	10.269980	2.838360	0.791075	0.415648	0.392882	-1.000000	-1.000000	-1.000000	-1.000000	-1.000000	-1.000000	-1.000000	73.379310	0.000000	-1.000000	-1.000000	1911338.000000	1773868066.524079
-6585.165000	1233.405000	12438.810000	14791.050000	-16649.145000	-19427.175000	8621.640000	15585.300000	24.309218	17.364331	13.139395	4.236710	0.028192	6.714108	14.470894	54.827800	-1.342880	10.269980	2.838360	0.791075	0.415648	0.392882	-1.000000	-1.000000	-1.000000	-1.000000	-1.000000	-1.000000	-1.000000	73.379310	0.000000	-1.000000	-1.000000	1911339.000000	1773868066.524086
-6583.230000	1225.845000	12433.950000	14795.595000	-16690.230000	-19422.405000	8654.985000	15649.830000	20.365931	13.364277	9.755361	0.950937	-10.695637	-4.317969	16.486795	71.567074	-1.342880	10.269980	2.838360	0.791075	0.415648	0.392882	-1.000000	-1.000000	-1.000000	-1.000000	-1.000000	-1.000000	-1.000000	73.379310	0.000000	-1.000000	-1.000000	1911340.000000	1773868066.524091
-6572.655000	1239.660000	12462.795000	14845.860000	-16579.350000	-19345.455000	8681.355000	15628.320000	10.143727	9.198361	7.501568	1.728812	-16.724822	-6.579498	12.061264	52.883373	-2.685760	3.464020	-6.790700	0.789732	0.413817	0.389892	-1.000000	-1.000000	-1.000000	-1.000000	-1.000000	-1.000000	-1.000000	73.379310	0.000000	-1.000000	-1.000000	1911341.000000	1773868066.524096
-6569.280000	1269.585000	12496.815000	14877.720000	-16548.390000	-19333.980000	8630.595000	15521.670000	0.488731	5.813880	7.129362	6.735697	-12.708006	-0.299615	5.029122	12.898064	-2.685760	3.464020	-6.790700	0.789732	0.413817	0.389892	-1.000000	-1.000000	-1.000000	-1.000000	-1.000000	-1.000000	-1.000000	73.379310	0.000000	-1.000000	-1.000000	1911342.000000	1773868066.524101
-6564.510000	1269.810000	12486.285000	14853.105000	-16596.450000	-19372.095000	8602.380000	15445.845000	-4.663727	2.799617	6.644366	11.512904	-0.677793	5.443050	-2.455552	-27.633872	-2.685760	3.464020	-6.790700	0.789732	0.413817	0.389892	-1.000000	-1.000000	-1.000000	-1.000000	-1.000000	-1.000000	-1.000000	73.379310	0.000000	-1.000000	-1.000000	1911343.000000	1773868066.528544
-6567.795000	1318.950000	12516.570000	14867.280000	-16581.735000	-19364.940000	8627.670000	15437.520000	-5.149313	0.287366	4.316835	10.980605	9.857925	2.900817	-7.984600	-53.282698	-2.685760	3.464020	-6.790700	0.789732	0.413817	0.389892	-1.000000	-1.000000	-1.000000	-1.000000	-1.000000	-1.000000	-1.000000	73.379310	0.000000	-1.000000	-1.000000	1911344.000000	1773868066.528554
-6607.845000	1240.605000	12469.455000	14839.110000	-16596.990000	-19391.220000	8666.325000	15644.925000	-3.905614	-1.447097	0.697456	5.074243	13.833537	-4.585248	-8.335868	-55.142285	-2.685760	3.464020	-6.790700	0.789732	0.413817	0.389892	-1.000000	-1.000000	-1.000000	-1.000000	-1.000000	-1.000000	-1.000000	73.379310	0.000000	-1.000000	-1.000000	1911345.000000	1773868066.528565
-6614.280000	1250.010000	12498.705000	14864.760000	-16576.020000	-19354.905000	8672.580000	15581.520000	-3.860405	-2.571950	-1.800933	-1.144798	13.007081	-8.196302	-3.131855	-33.893169	-2.685760	3.464020	-6.790700	0.789732	0.413817	0.389892	-1.000000	-1.000000	-1.000000	-1.000000	-1.000000	-1.000000	-1.000000	73.379310	0.000000	-1.000000	-1.000000	1911346.000000	1773868066.528570
-6603.390000	1280.520000	12511.620000	14858.820000	-16584.255000	-19366.605000	8645.130000	15533.685000	-4.987004	-2.878802	-1.547355	-3.666371	9.497993	-4.678456	3.655849	-4.327886	-2.685760	3.464020	-6.790700	0.789732	0.413817	0.389892	-1.000000	-1.000000	-1.000000	-1.000000	-1.000000	-1.000000	-1.000000	73.379310	0.000000	-1.000000	-1.000000	1911347.000000	1773868066.534352
-6573.465000	1234.035000	12444.480000	14776.425000	-16679.565000	-19454.085000	8608.635000	15613.560000	-4.443830	-2.121504	-0.247176	-3.980921	4.116076	1.652983	6.483413	16.247774	-2.685760	3.464020	-6.790700	0.789732	0.413817	0.389892	-1.000000	-1.000000	-1.000000	-1.000000	-1.000000	-1.000000	-1.000000	73.379310	0.000000	-1.000000	-1.000000	1911348.000000	1773868066.534360
-6577.515000	1198.710000	12392.820000	14727.870000	-16719.345000	-19501.515000	8631.135000	15614.325000	-0.373767	-2.608850	-2.895013	-7.502587	-3.784256	3.167530	2.333405	23.047231	-2.685760	3.464020	-6.790700	0.789732	0.413817	0.389892	-1.000000	-1.000000	-1.000000	-1.000000	-1.000000	-1.000000	-1.000000	73.379310	0.000000	-1.000000	-1.000000	1911349.000000	1773868066.536598
-6576.705000	1185.345000	12379.950000	14718.240000	-16719.255000	-19494.495000	8642.610000	15625.935000	4.774973	-7.089343	-12.230627	-16.696623	-15.357017	-4.405169	-5.816070	21.469744	-2.685760	3.464020	-6.790700	0.789732	0.413817	0.389892	-1.000000	-1.000000	-1.000000	-1.000000	-1.000000	-1.000000	-1.000000	73.379310	0.000000	-1.000000	-1.000000	1911350.000000	1773868066.536609
-6557.490000	1211.625000	12404.565000	14732.010000	-16731.180000	-19475.640000	8633.385000	15626.160000	7.176117	-13.315908	-22.869148	-25.569298	-26.813009	-15.628820	-10.267221	19.491161	0.839300	8.057280	-7.935200	0.781126	0.424804	0.391234	-1.000000	-1.000000	-1.000000	-1.000000	-1.000000	-1.000000	-1.000000	73.379310	0.000000	-1.000000	-1.000000	1911351.000000	1773868066.540626
-6538.995000	1289.115000	12491.370000	14851.260000	-16586.370000	-19375.785000	8623.125000	15569.820000	6.186173	-14.124689	-23.584877	-22.418423	-26.956399	-17.443439	-6.325636	20.391090	0.839300	8.057280	-7.935200	0.781126	0.424804	0.391234	-1.000000	-1.000000	-1.000000	-1.000000	-1.000000	-1.000000	-1.000000	73.379310	0.000000	-1.000000	-1.000000	1911352.000000	1773868066.540634
-6530.625000	1297.395000	12514.815000	14898.150000	-16491.195000	-19337.490000	8641.170000	15566.490000	3.841610	-4.349081	-7.523617	-0.341037	-5.721228	-1.116187	2.436106	16.984077	0.839300	8.057280	-7.935200	0.781126	0.424804	0.391234	-1.000000	-1.000000	-1.000000	-1.000000	-1.000000	-1.000000	-1.000000	73.379310	0.000000	-1.000000	-1.000000	1911353.000000	1773868066.544628
-6561.315000	1241.100000	12461.895000	14828.355000	-16590.105000	-19380.555000	8665.560000	15593.040000	1.850896	12.499994	18.650931	31.490934	29.460924	25.931725	8.784128	-0.105037	0.839300	8.057280	-7.935200	0.781126	0.424804	0.391234	-1.000000	-1.000000	-1.000000	-1.000000	-1.000000	-1.000000	-1.000000	73.379310	0.000000	-1.000000	-1.000000	1911354.000000	1773868066.544638
-6562.755000	1261.170000	12479.535000	14840.550000	-16608.555000	-19393.740000	8654.400000	15567.525000	-0.314498	25.385063	37.750214	51.046597	52.362179	43.023050	9.278468	-26.042540	0.839300	8.057280	-7.935200	0.781126	0.424804	0.391234	-1.000000	-1.000000	-1.000000	-1.000000	-1.000000	-1.000000	-1.000000	73.379310	0.000000	-1.000000	-1.000000	1911355.000000	1773868066.548663
-6551.955000	1323.720000	12537.405000	14903.010000	-16530.075000	-19323.630000	8640.495000	15445.395000	-3.886701	26.190185	38.249641	45.266923	45.612628	37.287372	5.575849	-44.732427	0.839300	8.057280	-7.935200	0.781126	0.424804	0.391234	-1.000000	-1.000000	-1.000000	-1.000000	-1.000000	-1.000000	-1.000000	73.379310	0.000000	-1.000000	-1.000000	1911356.000000	1773868066.548674
-6590.430000	1295.640000	12518.235000	14886.495000	-16541.325000	-19328.220000	8633.880000	15424.830000	-8.559370	17.115884	24.223392	22.160047	19.477608	16.781039	0.775080	-48.069011	0.839300	8.057280	-7.935200	0.781126	0.424804	0.391234	-1.000000	-1.000000	-1.000000	-1.000000	-1.000000	-1.000000	-1.000000	73.379310	0.000000	-1.000000	-1.000000	1911357.000000	1773868066.552596
-6628.455000	1232.370000	12462.885000	14835.510000	-16595.370000	-19382.445000	8625.645000	15491.655000	-13.308714	3.707013	5.265806	-3.879162	-7.612523	-4.617760	-3.876305	-36.329715	0.839300	8.057280	-7.935200	0.781126	0.424804	0.391234	-1.000000	-1.000000	-1.000000	-1.000000	-1.000000	-1.000000	-1.000000	73.379310	0.000000	-1.000000	-1.000000	1911358.000000	1773868066.552606
-6621.975000	1251.495000	12494.160000	14871.870000	-16559.145000	-19344.105000	8650.035000	15542.955000	-16.237731	-11.390264	-13.439602	-25.306777	-28.009489	-21.990705	-7.557775	-8.516218	0.839300	8.057280	-7.935200	0.781126	0.424804	0.391234	-1.000000	-1.000000	-1.000000	-1.000000	-1.000000	-1.000000	-1.000000	73.379310	0.000000	-1.000000	-1.000000	1911359.000000	1773868066.556590
-6530.490000	1290.870000	12517.335000	14890.455000	-16537.590000	-19324.305000	8688.015000	15735.285000	-13.027294	-24.119033	-27.821331	-37.999890	-38.886469	-33.516598	-6.963089	33.226536	0.839300	8.057280	-7.935200	0.781126	0.424804	0.391234	-1.000000	-1.000000	-1.000000	-1.000000	-1.000000	-1.000000	-1.000000	73.379310	0.000000	-1.000000	-1.000000	1911360.000000	1773868066.556600
-6502.005000	1282.545000	12477.555000	14826.420000	-16606.395000	-19387.305000	8677.620000	15665.625000	-0.256457	-29.172573	-34.436072	-40.915674	-40.139821	-37.399880	-0.364184	75.206742	-6.607580	7.568960	-0.259420	0.764585	0.443114	0.393126	-1.000000	-1.000000	-1.000000	-1.000000	-1.000000	-1.000000	-1.000000	73.379310	0.000000	-1.000000	-1.000000	1911361.000000	1773868066.560670
-6555.870000	1272.510000	12475.125000	14822.820000	-16605.720000	-19381.995000	8665.245000	15561.675000	17.437939	-24.353593	-32.653668	-36.788191	-36.036452	-34.397232	6.867606	90.208164	-6.607580	7.568960	-0.259420	0.764585	0.443114	0.393126	-1.000000	-1.000000	-1.000000	-1.000000	-1.000000	-1.000000	-1.000000	73.379310	0.000000	-1.000000	-1.000000	1911362.000000	1773868066.560677
-6542.640000	1222.335000	12424.995000	14783.670000	-16652.025000	-19443.285000	8641.890000	15636.735000	28.684843	-11.247198	-22.551314	-25.822958	-26.578752	-24.601366	7.030338	58.780919	-6.607580	7.568960	-0.259420	0.764585	0.443114	0.393126	-1.000000	-1.000000	-1.000000	-1.000000	-1.000000	-1.000000	-1.000000	73.379310	0.000000	-1.000000	-1.000000	1911363.000000	1773868066.564655
-6529.995000	1209.825000	12414.285000	14777.280000	-16656.570000	-19446.930000	8642.970000	15639.255000	26.406979	3.480592	-7.155344	-7.984487	-9.036723	-8.873631	-0.492652	-2.188500	-6.607580	7.568960	-0.259420	0.764585	0.443114	0.393126	-1.000000	-1.000000	-1.000000	-1.000000	-1.000000	-1.000000	-1.000000	73.379310	0.000000	-1.000000	-1.000000	1911364.000000	1773868066.564665
-6535.755000	1238.130000	12445.245000	14803.740000	-16636.230000	-19423.440000	8643.465000	15575.850000	12.918126	12.208002	7.628017	11.914215	13.011589	8.686778	-8.531687	-54.269118	-6.607580	7.568960	-0.259420	0.764585	0.443114	0.393126	-1.000000	-1.000000	-1.000000	-1.000000	-1.000000	-1.000000	-1.000000	73.379310	0.000000	-1.000000	-1.000000	1911365.000000	1773868066.568645
-6543.990000	1264.995000	12478.050000	14836.500000	-16599.780000	-19375.065000	8662.905000	15561.945000	-3.949566	15.292720	19.881731	29.131332	32.898730	24.986071	-10.081618	-74.881066	-6.607580	7.568960	-0.259420	0.764585	0.443114	0.393126	-1.000000	-1.000000	-1.000000	-1.000000	-1.000000	-1.000000	-1.000000	73.379310	0.000000	-1.000000	-1.000000	1911366.000000	1773868066.568654
-6522.165000	1284.570000	12507.075000	14871.735000	-16562.430000	-19357.740000	8671.185000	15614.145000	-15.701798	18.418024	30.649326	41.346304	45.955919	38.196953	-4.228644	-65.001052	-6.607580	7.568960	-0.259420	0.764585	0.443114	0.393126	-1.000000	-1.000000	-1.000000	-1.000000	-1.000000	-1.000000	-1.000000	73.379310	0.000000	-1.000000	-1.000000	1911367.000000	1773868066.572512
-6510.870000	1285.425000	12499.290000	14859.585000	-16578.270000	-19372.680000	8662.005000	15616.575000	-18.281038	21.690460	36.287580	44.202775	47.444935	42.845585	4.226293	-36.984341	-6.607580	7.568960	-0.259420	0.764585	0.443114	0.393126	-1.000000	-1.000000	-1.000000	-1.000000	-1.000000	-1.000000	-1.000000	73.379310	0.000000	-1.000000	-1.000000	1911368.000000	1773868066.572528
-6507.045000	1313.505000	12526.020000	14883.885000	-16554.375000	-19349.190000	8625.510000	15515.775000	-15.006720	18.859937	30.060250	32.766600	33.476250	32.814737	8.408228	-7.944902	-6.607580	7.568960	-0.259420	0.764585	0.443114	0.393126	-1.000000	-1.000000	-1.000000	-1.000000	-1.000000	-1.000000	-1.000000	73.379310	0.000000	-1.000000	-1.000000	1911369.000000	1773868066.592151
-6520.365000	1327.635000	12548.745000	14907.735000	-16539.705000	-19339.245000	8633.295000	15459.120000	-11.317680	7.617991	12.468359	10.210848	8.094566	11.100942	5.042754	8.722692	-6.607580	7.568960	-0.259420	0.764585	0.443114	0.393126	-1.000000	-1.000000	-1.000000	-1.000000	-1.000000	-1.000000	-1.000000	73.379310	0.000000	-1.000000	-1.000000	1911370.000000	1773868066.592163
-6557.040000	1271.745000	12492.810000	14859.360000	-16571.070000	-19367.100000	8650.755000	15525.045000	-8.160746	-6.443976	-7.563074	-12.446395	-16.739082	-11.083157	-1.856908	14.026478	-10.636220	2.716280	0.549360	0.764463	0.450194	0.395202	-1.000000	-1.000000	-1.000000	-1.000000	-1.000000	-1.000000	-1.000000	73.379310	0.000000	-1.000000	-1.000000	1911371.000000	1773868066.592176
-6579.540000	1198.170000	12403.980000	14764.365000	-16670.655000	-19461.150000	8645.535000	15723.360000	-4.493202	-17.739360	-23.142513	-27.965709	-32.082893	-25.700714	-5.184865	20.436929	-10.636220	2.716280	0.549360	0.764463	0.450194	0.395202	-1.000000	-1.000000	-1.000000	-1.000000	-1.000000	-1.000000	-1.000000	73.379310	0.000000	-1.000000	-1.000000	1911372.000000	1773868066.592182
-6588.855000	1189.890000	12381.570000	14731.560000	-16710.300000	-19484.865000	8645.535000	15701.535000	-1.096677	-25.131553	-33.352648	-36.856962	-38.095110	-32.615718	-2.258421	36.545867	-10.636220	2.716280	0.549360	0.764463	0.450194	0.395202	-1.000000	-1.000000	-1.000000	-1.000000	-1.000000	-1.000000	-1.000000	73.379310	0.000000	-1.000000	-1.000000	1911373.000000	1773868066.592188
-6576.705000	1280.655000	12457.890000	14799.555000	-16637.670000	-19421.460000	8657.055000	15572.295000	2.030518	-26.265100	-36.057562	-38.637112	-36.463090	-32.744403	3.733801	52.794694	-10.636220	2.716280	0.549360	0.764463	0.450194	0.395202	-1.000000	-1.000000	-1.000000	-1.000000	-1.000000	-1.000000	-1.000000	73.379310	0.000000	-1.000000	-1.000000	1911374.000000	1773868066.592192
-6604.560000	1297.755000	12518.100000	14863.140000	-16573.950000	-19377.405000	8624.475000	15452.955000	6.246550	-16.244696	-25.487298	-27.923385	-24.099901	-23.241973	7.392209	46.714367	-10.636220	2.716280	0.549360	0.764463	0.450194	0.395202	-1.000000	-1.000000	-1.000000	-1.000000	-1.000000	-1.000000	-1.000000	73.379310	0.000000	-1.000000	-1.000000	1911375.000000	1773868066.592198
-6668.325000	1268.640000	12531.870000	14901.615000	-16540.110000	-19329.525000	8606.880000	15344.820000	9.499223	2.743171	-1.697414	-3.614376	-0.579215	-3.480979	4.868217	7.504502	-10.636220	2.716280	0.549360	0.764463	0.450194	0.395202	-1.000000	-1.000000	-1.000000	-1.000000	-1.000000	-1.000000	-1.000000	73.379310	0.000000	-1.000000	-1.000000	1911376.000000	1773868066.592203
-6627.600000	1294.965000	12537.405000	14913.585000	-16524.045000	-19320.930000	8606.070000	15362.910000	7.597461	19.121664	23.767612	24.301836	24.977133	19.403280	-2.624956	-47.524541	-10.636220	2.716280	0.549360	0.764463	0.450194	0.395202	-1.000000	-1.000000	-1.000000	-1.000000	-1.000000	-1.000000	-1.000000	73.379310	0.000000	-1.000000	-1.000000	1911377.000000	1773868066.608608
-6545.655000	1335.735000	12551.445000	14911.110000	-16528.095000	-19328.670000	8618.715000	15432.795000	3.046524	23.958468	36.595618	40.965160	39.344095	33.824866	-8.773848	-80.854657	-10.636220	2.716280	0.549360	0.764463	0.450194	0.395202	-1.000000	-1.000000	-1.000000	-1.000000	-1.000000	-1.000000	-1.000000	73.379310	0.000000	-1.000000	-1.000000	1911378.000000	1773868066.608619
-6496.290000	1273.095000	12498.210000	14871.735000	-16555.410000	-19352.655000	8676.450000	15517.125000	4.717054	17.773156	30.819244	37.531444	34.967723	31.832389	-7.615968	-64.123943	-10.636220	2.716280	0.549360	0.764463	0.450194	0.395202	-1.000000	-1.000000	-1.000000	-1.000000	-1.000000	-1.000000	-1.000000	73.379310	0.000000	-1.000000	-1.000000	1911379.000000	1773868066.608629
-6521.490000	1203.030000	12409.245000	14769.045000	-16666.830000	-19465.425000	8680.545000	15764.445000	14.992913	5.606876	10.976071	16.493724	14.556293	14.517761	1.145301	-3.984421	-10.636220	2.716280	0.549360	0.764463	0.450194	0.395202	-1.000000	-1.000000	-1.000000	-1.000000	-1.000000	-1.000000	-1.000000	73.379310	0.000000	-1.000000	-1.000000	1911380.000000	1773868066.608635
-6555.645000	1170.495000	12372.705000	14728.995000	-16706.835000	-19486.890000	8655.255000	15812.010000	23.694103	-7.110063	-12.043542	-10.742223	-11.318592	-9.012606	11.250217	63.353410	-13.520360	5.569900	0.763000	0.778929	0.446898	0.396789	-1.000000	-1.000000	-1.000000	-1.000000	-1.000000	-1.000000	-1.000000	73.379310	0.000000	-1.000000	-1.000000	1911381.000000	1773868066.608641
-6572.295000	1173.645000	12381.795000	14740.650000	-16692.480000	-19476.405000	8638.785000	15716.070000	18.829672	-15.838569	-27.177600	-30.598974	-29.967139	-26.691238	14.311129	98.407016	-13.520360	5.569900	0.763000	0.778929	0.446898	0.396789	-1.000000	-1.000000	-1.000000	-1.000000	-1.000000	-1.000000	-1.000000	73.379310	0.000000	-1.000000	-1.000000	1911382.000000	1773868066.608646
-6558.165000	1207.080000	12419.775000	14778.630000	-16651.530000	-19440.630000	8627.760000	15666.885000	0.065188	-18.413195	-29.014775	-34.794447	-33.462547	-30.584034	7.061305	82.603597	-13.520360	5.569900	0.763000	0.778929	0.446898	0.396789	-1.000000	-1.000000	-1.000000	-1.000000	-1.000000	-1.000000	-1.000000	73.379310	0.000000	-1.000000	-1.000000	1911383.000000	1773868066.608651
-6533.910000	1237.455000	12445.920000	14805.180000	-16621.695000	-19414.620000	8616.690000	15642.675000	-20.396825	-13.807647	-18.975553	-23.992179	-22.577913	-20.962323	-5.622903	28.128960	-13.520360	5.569900	0.763000	0.778929	0.446898	0.396789	-1.000000	-1.000000	-1.000000	-1.000000	-1.000000	-1.000000	-1.000000	73.379310	0.000000	-1.000000	-1.000000	1911384.000000	1773868066.608656
-6522.930000	1279.305000	12487.095000	14843.880000	-16603.425000	-19392.480000	8618.580000	15589.305000	-29.063649	-1.653340	-2.049597	-4.953070	-4.195779	-4.032084	-15.129297	-34.223978	-13.520360	5.569900	0.763000	0.778929	0.446898	0.396789	-1.000000	-1.000000	-1.000000	-1.000000	-1.000000	-1.000000	-1.000000	73.379310	0.000000	-1.000000	-1.000000	1911385.000000	1773868066.608662
-6551.685000	1266.210000	12481.920000	14844.420000	-16596.630000	-19384.605000	8643.015000	15588.045000	-23.974442	13.397612	15.237904	14.097258	13.342200	12.433922	-15.631128	-77.059072	-13.520360	5.569900	0.763000	0.778929	0.446898	0.396789	-1.000000	-1.000000	-1.000000	-1.000000	-1.000000	-1.000000	-1.000000	73.379310	0.000000	-1.000000	-1.000000	1911386.000000	1773868066.608666
-6587.550000	1223.685000	12443.085000	14810.985000	-16622.325000	-19404.045000	8664.435000	15599.565000	-15.148582	21.420703	25.193522	25.639505	23.255911	22.218001	-7.438546	-87.568826	-13.520360	5.569900	0.763000	0.778929	0.446898	0.396789	-1.000000	-1.000000	-1.000000	-1.000000	-1.000000	-1.000000	-1.000000	73.379310	0.000000	-1.000000	-1.000000	1911387.000000	1773868066.613916
-6570.855000	1263.420000	12478.905000	14842.935000	-16594.920000	-19383.705000	8671.050000	15576.885000	-10.780033	18.030445	24.441906	26.737845	23.932210	23.561775	3.412175	-69.671174	-13.520360	5.569900	0.763000	0.778929	0.446898	0.396789	-1.000000	-1.000000	-1.000000	-1.000000	-1.000000	-1.000000	-1.000000	73.379310	0.000000	-1.000000	-1.000000	1911388.000000	1773868066.613924
-6554.160000	1303.650000	12523.320000	14885.595000	-16555.725000	-19352.610000	8648.955000	15548.715000	-7.674498	11.006930	19.157792	22.864190	21.158144	20.989867	9.878499	-41.277753	-13.520360	5.569900	0.763000	0.778929	0.446898	0.396789	-1.000000	-1.000000	-1.000000	-1.000000	-1.000000	-1.000000	-1.000000	73.379310	0.000000	-1.000000	-1.000000	1911389.000000	1773868066.616514
-6543.315000	1304.775000	12527.505000	14890.410000	-16550.280000	-19348.380000	8639.010000	15554.700000	1.444653	8.756887	16.406591	20.362345	20.559896	19.012494	9.390804	-16.812089	-13.520360	5.569900	0.763000	0.778929	0.446898	0.396789	-1.000000	-1.000000	-1.000000	-1.000000	-1.000000	-1.000000	-1.000000	73.379310	0.000000	-1.000000	-1.000000	1911390.000000	1773868066.616520
-6534.180000	1272.780000	12487.455000	14848.020000	-16592.355000	-19387.845000	8622.855000	15583.005000	16.276677	7.863635	12.509930	15.499731	17.426724	13.716930	4.187020	7.599271	-3.341940	8.591380	1.251320	0.786985	0.432921	0.395690	-1.000000	-1.000000	-1.000000	-1.000000	-1.000000	-1.000000	-1.000000	73.379310	0.000000	-1.000000	-1.000000	1911391.000000	1773868066.620622
-6521.670000	1282.635000	12486.420000	14845.455000	-16593.750000	-19384.245000	8645.040000	15611.220000	28.492713	-0.553324	-1.290144	-0.241013	2.393101	-1.743955	-1.394431	40.253074	-3.341940	8.591380	1.251320	0.786985	0.432921	0.395690	-1.000000	-1.000000	-1.000000	-1.000000	-1.000000	-1.000000	-1.000000	73.379310	0.000000	-1.000000	-1.000000	1911392.000000	1773868066.620632
-6515.190000	1307.520000	12514.095000	14876.685000	-16560.405000	-19350.000000	8672.760000	15585.120000	30.050724	-16.563889	-23.832375	-25.159310	-22.908454	-24.340387	-2.998814	73.811423	-3.341940	8.591380	1.251320	0.786985	0.432921	0.395690	-1.000000	-1.000000	-1.000000	-1.000000	-1.000000	-1.000000	-1.000000	73.379310	0.000000	-1.000000	-1.000000	1911393.000000	1773868066.624784
-6448.005000	1404.360000	12616.380000	14979.195000	-16461.720000	-19255.815000	8721.360000	15584.355000	20.278025	-29.236821	-40.997938	-44.201923	-42.655851	-39.864850	1.125921	89.056074	-3.341940	8.591380	1.251320	0.786985	0.432921	0.395690	-1.000000	-1.000000	-1.000000	-1.000000	-1.000000	-1.000000	-1.000000	73.379310	0.000000	-1.000000	-1.000000	1911394.000000	1773868066.624794
-6446.970000	1460.565000	12694.095000	15061.950000	-16379.820000	-19180.215000	8745.615000	15510.780000	5.776897	-26.570929	-37.392195	-41.069511	-40.178276	-34.673578	8.067996	72.091922	-3.341940	8.591380	1.251320	0.786985	0.432921	0.395690	-1.000000	-1.000000	-1.000000	-1.000000	-1.000000	-1.000000	-1.000000	73.379310	0.000000	-1.000000	-1.000000	1911395.000000	1773868066.629457
-6572.790000	1312.785000	12544.020000	14910.300000	-16529.040000	-19322.910000	8672.805000	15450.480000	-8.211782	-8.948522	-13.139621	-15.743643	-15.858606	-10.794194	10.596684	24.607518	-3.341940	8.591380	1.251320	0.786985	0.432921	0.395690	-1.000000	-1.000000	-1.000000	-1.000000	-1.000000	-1.000000	-1.000000	73.379310	0.000000	-1.000000	-1.000000	1911396.000000	1773868066.629467
-6711.030000	1106.505000	12327.975000	14695.650000	-16736.580000	-19519.470000	8593.470000	15556.365000	-23.870770	5.361607	9.616784	8.955087	7.693620	10.234521	1.691667	-34.021587	-3.341940	8.591380	1.251320	0.786985	0.432921	0.395690	-1.000000	-1.000000	-1.000000	-1.000000	-1.000000	-1.000000	-1.000000	73.379310	0.000000	-1.000000	-1.000000	1911397.000000	1773868066.634133
-6700.185000	1127.880000	12348.225000	14714.235000	-16723.800000	-19514.430000	8604.135000	15578.460000	-41.354708	-0.743029	8.692801	9.995352	8.404751	8.594931	-16.248660	-73.832875	-3.341940	8.591380	1.251320	0.786985	0.432921	0.395690	-1.000000	-1.000000	-1.000000	-1.000000	-1.000000	-1.000000	-1.000000	73.379310	0.000000	-1.000000	-1.000000	1911398.000000	1773868066.634144
-6657.480000	1187.730000	12416.355000	14784.705000	-16655.940000	-19449.900000	8616.825000	15508.935000	-48.848913	-18.411688	-9.329759	-6.749456	-7.774697	-8.982761	-29.533080	-75.630412	-3.341940	8.591380	1.251320	0.786985	0.432921	0.395690	-1.000000	-1.000000	-1.000000	-1.000000	-1.000000	-1.000000	-1.000000	73.379310	0.000000	-1.000000	-1.000000	1911399.000000	1773868066.636511
-6596.145000	1181.385000	12404.340000	14776.290000	-16658.280000	-19438.515000	8627.310000	15585.795000	-32.988987	-23.294107	-18.517011	-15.714290	-16.121637	-18.095544	-25.971939	-44.969854	-3.341940	8.591380	1.251320	0.786985	0.432921	0.395690	-1.000000	-1.000000	-1.000000	-1.000000	-1.000000	-1.000000	-1.000000	73.379310	0.000000	-1.000000	-1.000000	1911400.000000	1773868066.636522
-6537.690000	1241.505000	12461.310000	14836.230000	-16594.785000	-19381.860000	8650.755000	15611.760000	4.595191	-5.305148	-5.759636	-3.641442	-3.728605	-5.762285	-6.541432	-1.226774	9.064440	4.516960	6.790700	0.792478	0.418151	0.397460	-1.000000	-1.000000	-1.000000	-1.000000	-1.000000	-1.000000	-1.000000	73.379310	0.000000	-1.000000	-1.000000	1911401.000000	1773868066.640681
-6499.215000	1312.920000	12531.825000	14901.480000	-16538.805000	-19328.940000	8649.540000	15573.420000	46.017813	24.880228	20.447133	21.225138	21.335908	19.751956	16.542389	35.892071	9.064440	4.516960	6.790700	0.792478	0.418151	0.397460	-1.000000	-1.000000	-1.000000	-1.000000	-1.000000	-1.000000	-1.000000	73.379310	0.000000	-1.000000	-1.000000	1911402.000000	1773868066.640692
-6529.365000	1261.935000	12475.485000	14843.160000	-16594.065000	-19388.655000	8610.030000	15616.935000	68.273230	47.313376	41.026017	39.979099	40.142696	38.928466	28.840255	51.968633	9.064440	4.516960	6.790700	0.792478	0.418151	0.397460	-1.000000	-1.000000	-1.000000	-1.000000	-1.000000	-1.000000	-1.000000	73.379310	0.000000	-1.000000	-1.000000	1911403.000000	1773868066.645505
-6624.855000	1182.870000	12393.720000	14759.730000	-16682.850000	-19465.515000	8606.790000	15613.920000	57.713256	45.752186	39.469845	36.588532	36.507155	35.622596	23.473508	44.800277	9.064440	4.516960	6.790700	0.792478	0.418151	0.397460	-1.000000	-1.000000	-1.000000	-1.000000	-1.000000	-1.000000	-1.000000	73.379310	0.000000	-1.000000	-1.000000	1911404.000000	1773868066.645516
-6599.385000	1222.560000	12422.025000	14776.560000	-16674.120000	-19444.680000	8646.210000	15575.535000	21.749051	23.003509	18.032841	14.021016	13.265826	13.216686	7.946979	22.121700	9.064440	4.516960	6.790700	0.792478	0.418151	0.397460	-1.000000	-1.000000	-1.000000	-1.000000	-1.000000	-1.000000	-1.000000	73.379310	0.000000	-1.000000	-1.000000	1911405.000000	1773868066.649840
-6581.115000	1242.945000	12447.990000	14804.640000	-16627.680000	-19416.780000	8649.360000	15551.370000	-14.864858	0.444104	-1.926768	-5.832355	-7.318080	-6.228159	-2.464752	-8.508601	9.064440	4.516960	6.790700	0.792478	0.418151	0.397460	-1.000000	-1.000000	-1.000000	-1.000000	-1.000000	-1.000000	-1.000000	73.379310	0.000000	-1.000000	-1.000000	1911406.000000	1773868066.649852
-6568.290000	1258.335000	12474.360000	14847.300000	-16580.070000	-19387.980000	8638.785000	15573.285000	-32.281294	-7.330770	-5.845215	-7.968710	-8.963330	-7.844953	-1.561486	-37.476669	9.064440	4.516960	6.790700	0.792478	0.418151	0.397460	-1.000000	-1.000000	-1.000000	-1.000000	-1.000000	-1.000000	-1.000000	73.379310	0.000000	-1.000000	-1.000000	1911407.000000	1773868066.654027
-6554.565000	1250.955000	12467.115000	14840.820000	-16597.485000	-19390.005000	8628.795000	15594.255000	-30.589557	-6.335768	-0.751440	0.547239	1.606083	1.002845	3.402244	-49.735611	9.064440	4.516960	6.790700	0.792478	0.418151	0.397460	-1.000000	-1.000000	-1.000000	-1.000000	-1.000000	-1.000000	-1.000000	73.379310	0.000000	-1.000000	-1.000000	1911408.000000	1773868066.654039
-6578.415000	1258.200000	12477.375000	14846.580000	-16594.065000	-19376.010000	8629.470000	15544.845000	-22.050950	-8.493474	-0.332561	4.442267	7.185860	4.866149	3.314615	-38.706172	9.064440	4.516960	6.790700	0.792478	0.418151	0.397460	-1.000000	-1.000000	-1.000000	-1.000000	-1.000000	-1.000000	-1.000000	73.379310	0.000000	-1.000000	-1.000000	1911409.000000	1773868066.656851
-6567.480000	1315.395000	12530.835000	14895.270000	-16547.490000	-19348.920000	8651.610000	15462.045000	-16.950902	-16.861183	-8.950889	-3.045654	-0.774911	-2.884835	-3.509176	-15.364341	9.064440	4.516960	6.790700	0.792478	0.418151	0.397460	-1.000000	-1.000000	-1.000000	-1.000000	-1.000000	-1.000000	-1.000000	73.379310	0.000000	-1.000000	-1.000000	1911410.000000	1773868066.656862
-6515.370000	1395.855000	12576.645000	14918.940000	-16537.545000	-19344.240000	8660.475000	15413.220000	-15.894850	-25.094669	-20.763824	-17.161720	-17.110523	-17.530894	-11.724994	4.192994	15.076880	10.559920	-0.839300	0.806333	0.424804	0.396728	-1.000000	-1.000000	-1.000000	-1.000000	-1.000000	-1.000000	-1.000000	73.379310	0.000000	-1.000000	-1.000000	1911411.000000	1773868066.660610
-6502.905000	1288.305000	12484.890000	14845.545000	-16598.745000	-19391.850000	8666.730000	15644.475000	-11.122932	-25.156784	-26.984941	-27.827257	-30.063511	-28.753315	-14.688898	15.889458	15.076880	10.559920	-0.839300	0.806333	0.424804	0.396728	-1.000000	-1.000000	-1.000000	-1.000000	-1.000000	-1.000000	-1.000000	73.379310	0.000000	-1.000000	-1.000000	1911412.000000	1773868066.660621
-6555.330000	1183.320000	12401.775000	14775.345000	-16661.520000	-19447.965000	8654.670000	15762.555000	2.831020	-16.984796	-24.029223	-28.094833	-30.866808	-28.358596	-10.345210	29.714189	15.076880	10.559920	-0.839300	0.806333	0.424804	0.396728	-1.000000	-1.000000	-1.000000	-1.000000	-1.000000	-1.000000	-1.000000	73.379310	0.000000	-1.000000	-1.000000	1911413.000000	1773868066.664557
-6600.465000	1161.630000	12393.450000	14779.800000	-16648.830000	-19431.495000	8650.305000	15637.725000	19.644983	-7.631895	-14.578308	-17.719258	-18.468816	-15.470167	-2.382688	47.904095	15.076880	10.559920	-0.839300	0.806333	0.424804	0.396728	-1.000000	-1.000000	-1.000000	-1.000000	-1.000000	-1.000000	-1.000000	73.379310	0.000000	-1.000000	-1.000000	1911414.000000	1773868066.664564
-6579.765000	1227.510000	12452.760000	14828.130000	-16607.295000	-19401.975000	8644.680000	15578.460000	26.921178	-0.604857	-2.156262	-1.094934	1.164663	3.939264	4.008953	51.794344	15.076880	10.559920	-0.839300	0.806333	0.424804	0.396728	-1.000000	-1.000000	-1.000000	-1.000000	-1.000000	-1.000000	-1.000000	73.379310	0.000000	-1.000000	-1.000000	1911415.000000	1773868066.674079
-6571.890000	1256.130000	12481.605000	14859.315000	-16575.885000	-19368.855000	8628.840000	15544.665000	19.965206	6.918986	11.068455	15.384038	18.957658	21.018787	6.241207	26.202170	15.076880	10.559920	-0.839300	0.806333	0.424804	0.396728	-1.000000	-1.000000	-1.000000	-1.000000	-1.000000	-1.000000	-1.000000	73.379310	0.000000	-1.000000	-1.000000	1911416.000000	1773868066.674090
-6569.145000	1254.060000	12478.905000	14861.115000	-16575.930000	-19360.755000	8628.795000	15557.670000	4.594950	16.410323	22.017086	25.697424	28.023676	28.807017	4.722857	-18.197450	15.076880	10.559920	-0.839300	0.806333	0.424804	0.396728	-1.000000	-1.000000	-1.000000	-1.000000	-1.000000	-1.000000	-1.000000	73.379310	0.000000	-1.000000	-1.000000	1911417.000000	1773868066.674102
-6565.950000	1235.835000	12456.630000	14836.770000	-16599.960000	-19389.555000	8647.695000	15610.995000	-9.898862	22.861876	25.350181	25.520176	25.354304	24.288505	1.593482	-53.441913	15.076880	10.559920	-0.839300	0.806333	0.424804	0.396728	-1.000000	-1.000000	-1.000000	-1.000000	-1.000000	-1.000000	-1.000000	73.379310	0.000000	-1.000000	-1.000000	1911418.000000	1773868066.674108
-6523.605000	1252.665000	12461.130000	14831.055000	-16609.185000	-19407.735000	8648.100000	15629.310000	-16.806574	18.856205	16.443805	13.088616	10.951903	8.237208	-0.919930	-56.091098	15.076880	10.559920	-0.839300	0.806333	0.424804	0.396728	-1.000000	-1.000000	-1.000000	-1.000000	-1.000000	-1.000000	-1.000000	73.379310	0.000000	-1.000000	-1.000000	1911419.000000	1773868066.676744
-6510.285000	1280.565000	12484.890000	14850.495000	-16598.745000	-19399.815000	8644.950000	15611.400000	-14.481430	4.623912	-1.154619	-6.101445	-8.806084	-12.139913	-1.867357	-27.270088	15.076880	10.559920	-0.839300	0.806333	0.424804	0.396728	-1.000000	-1.000000	-1.000000	-1.000000	-1.000000	-1.000000	-1.000000	73.379310	0.000000	-1.000000	-1.000000	1911420.000000	1773868066.676754
-6532.470000	1283.130000	12492.045000	14863.140000	-16580.295000	-19368.540000	8648.820000	15584.355000	-5.475219	-7.532052	-13.569643	-18.027840	-20.295458	-23.228710	-1.275255	5.681615	6.393940	8.515080	6.271860	0.805540	0.433410	0.402709	-1.000000	-1.000000	-1.000000	-1.000000	-1.000000	-1.000000	-1.000000	73.379310	0.000000	-1.000000	-1.000000	1911421.000000	1773868066.680508
-6558.750000	1279.080000	12502.710000	14884.020000	-16549.605000	-19344.645000	8664.300000	15581.295000	5.682636	-5.230185	-9.070853	-11.813325	-13.283204	-15.313520	0.833106	16.730991	6.393940	8.515080	6.271860	0.805540	0.433410	0.402709	-1.000000	-1.000000	-1.000000	-1.000000	-1.000000	-1.000000	-1.000000	73.379310	0.000000	-1.000000	-1.000000	1911422.000000	1773868066.680517
-6545.430000	1286.370000	12509.055000	14883.705000	-16557.390000	-19353.150000	8703.180000	15603.120000	14.012171	8.455264	7.919466	7.371779	6.872928	5.877784	4.559480	7.999031	6.393940	8.515080	6.271860	0.805540	0.433410	0.402709	-1.000000	-1.000000	-1.000000	-1.000000	-1.000000	-1.000000	-1.000000	73.379310	0.000000	-1.000000	-1.000000	1911423.000000	1773868066.685062
-6519.780000	1298.565000	12509.280000	14879.070000	-16565.130000	-19353.105000	8716.005000	15605.775000	15.834950	17.913913	20.358677	21.742362	22.055209	22.497918	9.236107	0.248228	6.393940	8.515080	6.271860	0.805540	0.433410	0.402709	-1.000000	-1.000000	-1.000000	-1.000000	-1.000000	-1.000000	-1.000000	73.379310	0.000000	-1.000000	-1.000000	1911424.000000	1773868066.685073
-6570.045000	1265.490000	12498.750000	14888.385000	-16539.165000	-19326.375000	8658.630000	15508.710000	9.855458	11.651879	15.659499	18.219795	19.139297	21.578453	11.591790	3.613842	6.393940	8.515080	6.271860	0.805540	0.433410	0.402709	-1.000000	-1.000000	-1.000000	-1.000000	-1.000000	-1.000000	-1.000000	73.379310	0.000000	-1.000000	-1.000000	1911425.000000	1773868066.688593
-6584.760000	1271.745000	12511.395000	14899.095000	-16535.250000	-19316.880000	8624.880000	15412.320000	-2.583371	-7.632250	-3.145112	0.111661	1.923038	5.834217	6.466636	8.561245	6.393940	8.515080	6.271860	0.805540	0.433410	0.402709	-1.000000	-1.000000	-1.000000	-1.000000	-1.000000	-1.000000	-1.000000	73.379310	0.000000	-1.000000	-1.000000	1911426.000000	1773868066.688604
-6556.635000	1302.120000	12533.580000	14917.545000	-16517.970000	-19305.495000	8649.135000	15416.145000	-16.060325	-26.796138	-22.206390	-18.590817	-15.888060	-12.083710	-6.616020	3.775066	6.393940	8.515080	6.271860	0.805540	0.433410	0.402709	-1.000000	-1.000000	-1.000000	-1.000000	-1.000000	-1.000000	-1.000000	73.379310	0.000000	-1.000000	-1.000000	1911427.000000	1773868066.692502
-6509.790000	1311.885000	12530.070000	14903.730000	-16541.955000	-19330.965000	8696.880000	15709.275000	-22.528713	-33.742233	-29.830865	-26.637184	-24.023153	-21.641496	-18.997320	-3.437064	6.393940	8.515080	6.271860	0.805540	0.433410	0.402709	-1.000000	-1.000000	-1.000000	-1.000000	-1.000000	-1.000000	-1.000000	73.379310	0.000000	-1.000000	-1.000000	1911428.000000	1773868066.692510
-6551.235000	1248.165000	12460.005000	14832.180000	-16611.795000	-19410.930000	8614.530000	15655.050000	-17.653472	-26.059612	-24.419476	-22.814474	-21.602780	-21.414245	-21.324704	3.736200	6.393940	8.515080	6.271860	0.805540	0.433410	0.402709	-1.000000	-1.000000	-1.000000	-1.000000	-1.000000	-1.000000	-1.000000	73.379310	0.000000	-1.000000	-1.000000	1911429.000000	1773868066.696689
-6649.020000	1146.960000	12361.905000	14740.155000	-16694.640000	-19496.115000	8562.915000	15542.955000	-5.485172	-10.891658	-13.100474	-14.088872	-14.952715	-17.597726	-14.930740	20.839611	6.393940	8.515080	6.271860	0.805540	0.433410	0.402709	-1.000000	-1.000000	-1.000000	-1.000000	-1.000000	-1.000000	-1.000000	73.379310	0.000000	-1.000000	-1.000000	1911430.000000	1773868066.696698
-6665.265000	1149.255000	12366.945000	14744.745000	-16690.005000	-19482.525000	8616.735000	15596.415000	5.065692	2.295836	-3.901484	-7.478663	-9.997616	-15.134174	-6.898185	26.078393	8.408260	0.503580	9.079700	0.793821	0.434935	0.409667	-1.000000	-1.000000	-1.000000	-1.000000	-1.000000	-1.000000	-1.000000	73.379310	0.000000	-1.000000	-1.000000	1911431.000000	1773868066.700929
-6630.480000	1217.430000	12435.795000	14806.620000	-16637.175000	-19427.715000	8634.015000	15575.535000	9.252196	10.378090	2.405947	-2.376622	-5.395793	-10.658898	0.878821	12.420010	8.408260	0.503580	9.079700	0.793821	0.434935	0.409667	-1.000000	-1.000000	-1.000000	-1.000000	-1.000000	-1.000000	-1.000000	73.379310	0.000000	-1.000000	-1.000000	1911432.000000	1773868066.700941
-6577.155000	1294.290000	12496.365000	14856.030000	-16591.455000	-19385.865000	8626.950000	15559.020000	10.062503	17.554830	11.242128	7.039243	4.511972	2.011927	9.693502	-8.669795	8.408260	0.503580	9.079700	0.793821	0.434935	0.409667	-1.000000	-1.000000	-1.000000	-1.000000	-1.000000	-1.000000	-1.000000	73.379310	0.000000	-1.000000	-1.000000	1911433.000000	1773868066.704922
-6558.345000	1316.070000	12511.845000	14872.410000	-16571.565000	-19373.670000	8626.455000	15577.830000	13.032898	27.192108	24.418969	21.594688	19.887247	20.890014	18.436149	-22.522223	8.408260	0.503580	9.079700	0.793821	0.434935	0.409667	-1.000000	-1.000000	-1.000000	-1.000000	-1.000000	-1.000000	-1.000000	73.379310	0.000000	-1.000000	-1.000000	1911434.000000	1773868066.704933
-6590.430000	1187.955000	12420.630000	14813.730000	-16612.785000	-19402.920000	8632.530000	15651.585000	18.002966	32.916552	33.607371	32.614444	32.092852	35.066423	23.727462	-19.447926	8.408260	0.503580	9.079700	0.793821	0.434935	0.409667	-1.000000	-1.000000	-1.000000	-1.000000	-1.000000	-1.000000	-1.000000	73.379310	0.000000	-1.000000	-1.000000	1911435.000000	1773868066.708617
-6580.710000	1212.660000	12437.460000	14823.135000	-16610.535000	-19409.445000	8617.680000	15622.695000	17.442961	22.858307	27.298725	29.638873	31.279486	34.570279	21.243858	-3.451015	8.408260	0.503580	9.079700	0.793821	0.434935	0.409667	-1.000000	-1.000000	-1.000000	-1.000000	-1.000000	-1.000000	-1.000000	73.379310	0.000000	-1.000000	-1.000000	1911436.000000	1773868066.708628
-6565.365000	1261.755000	12469.275000	14840.820000	-16605.990000	-19414.395000	8628.480000	15565.680000	6.506661	-1.618771	6.681191	13.118243	17.122076	19.833001	9.529165	5.733982	8.408260	0.503580	9.079700	0.793821	0.434935	0.409667	-1.000000	-1.000000	-1.000000	-1.000000	-1.000000	-1.000000	-1.000000	73.379310	0.000000	-1.000000	-1.000000	1911437.000000	1773868066.712687
-6561.225000	1292.580000	12485.520000	14857.470000	-16582.455000	-19377.090000	8656.425000	15524.055000	-8.200491	-21.443634	-12.110278	-4.082275	0.422699	2.040886	-4.718889	-5.113468	8.408260	0.503580	9.079700	0.793821	0.434935	0.409667	-1.000000	-1.000000	-1.000000	-1.000000	-1.000000	-1.000000	-1.000000	73.379310	0.000000	-1.000000	-1.000000	1911438.000000	1773868066.712697
-6596.730000	1240.605000	12473.820000	14859.045000	-16574.895000	-19367.955000	8666.190000	15534.945000	-15.214075	-21.290344	-15.400396	-10.034677	-7.639677	-6.967506	-11.590387	-23.790262	8.408260	0.503580	9.079700	0.793821	0.434935	0.409667	-1.000000	-1.000000	-1.000000	-1.000000	-1.000000	-1.000000	-1.000000	73.379310	0.000000	-1.000000	-1.000000	1911439.000000	1773868066.717893
-6629.310000	1198.125000	12438.270000	14821.785000	-16616.160000	-19402.065000	8654.355000	15555.105000	-12.104812	-7.356095	-6.642837	-6.281725	-7.129787	-6.762160	-10.119683	-29.118683	8.408260	0.503580	9.079700	0.793821	0.434935	0.409667	-1.000000	-1.000000	-1.000000	-1.000000	-1.000000	-1.000000	-1.000000	73.379310	0.000000	-1.000000	-1.000000	1911440.000000	1773868066.717903
-6608.835000	1218.060000	12439.440000	14816.835000	-16617.645000	-19402.335000	8638.110000	15562.305000	-6.862326	1.796790	-0.943458	-4.736981	-7.790011	-7.393228	-7.803131	-14.036899	10.895640	-5.737760	-1.754900	0.797544	0.437560	0.409240	-1.000000	-1.000000	-1.000000	-1.000000	-1.000000	-1.000000	-1.000000	73.379310	0.000000	-1.000000	-1.000000	1911441.000000	1773868066.720650
-6513.480000	1262.025000	12466.620000	14831.820000	-16608.105000	-19414.530000	8629.560000	15610.410000	-4.821074	-2.437811	-6.719747	-12.298546	-15.482090	-15.490800	-8.948249	13.557715	10.895640	-5.737760	-1.754900	0.797544	0.437560	0.409240	-1.000000	-1.000000	-1.000000	-1.000000	-1.000000	-1.000000	-1.000000	73.379310	0.000000	-1.000000	-1.000000	1911442.000000	1773868066.720661
-6512.760000	1262.070000	12467.745000	14833.260000	-16615.890000	-19432.395000	8629.875000	15608.160000	-2.522225	-11.631660	-17.129952	-22.756081	-24.909404	-26.587362	-10.881258	39.183422	10.895640	-5.737760	-1.754900	0.797544	0.437560	0.409240	-1.000000	-1.000000	-1.000000	-1.000000	-1.000000	-1.000000	-1.000000	73.379310	0.000000	-1.000000	-1.000000	1911443.000000	1773868066.724595
-6537.960000	1284.300000	12492.945000	14866.965000	-16573.050000	-19367.415000	8623.665000	15574.545000	2.597829	-12.589290	-19.406619	-24.373560	-25.842965	-29.858217	-9.815271	47.670312	10.895640	-5.737760	-1.754900	0.797544	0.437560	0.409240	-1.000000	-1.000000	-1.000000	-1.000000	-1.000000	-1.000000	-1.000000	73.379310	0.000000	-1.000000	-1.000000	1911444.000000	1773868066.724605
-6543.540000	1270.935000	12490.470000	14872.905000	-16561.215000	-19356.705000	8623.980000	15591.825000	5.975334	-2.322855	-8.926131	-12.141066	-13.065670	-17.524518	-5.189018	31.844366	10.895640	-5.737760	-1.754900	0.797544	0.437560	0.409240	-1.000000	-1.000000	-1.000000	-1.000000	-1.000000	-1.000000	-1.000000	73.379310	0.000000	-1.000000	-1.000000	1911445.000000	1773868066.728721
-6560.235000	1206.000000	12438.720000	14824.395000	-16608.780000	-19403.100000	8636.805000	15640.650000	3.160716	9.056504	6.414879	6.975941	7.701722	6.097817	1.379616	1.805488	10.895640	-5.737760	-1.754900	0.797544	0.437560	0.409240	-1.000000	-1.000000	-1.000000	-1.000000	-1.000000	-1.000000	-1.000000	73.379310	0.000000	-1.000000	-1.000000	1911446.000000	1773868066.728732
-6574.770000	1209.825000	12442.635000	14827.815000	-16604.190000	-19393.110000	8668.485000	15607.395000	-3.386793	11.162940	15.507954	20.668756	23.668310	26.289087	8.263823	-21.854972	10.895640	-5.737760	-1.754900	0.797544	0.437560	0.409240	-1.000000	-1.000000	-1.000000	-1.000000	-1.000000	-1.000000	-1.000000	73.379310	0.000000	-1.000000	-1.000000	1911447.000000	1773868066.740971
-6553.800000	1249.245000	12470.355000	14851.935000	-16582.095000	-19376.595000	8639.595000	15545.250000	-6.764372	6.141146	15.535114	22.963779	26.866604	31.953785	13.150191	-29.092655	10.895640	-5.737760	-1.754900	0.797544	0.437560	0.409240	-1.000000	-1.000000	-1.000000	-1.000000	-1.000000	-1.000000	-1.000000	73.379310	0.000000	-1.000000	-1.000000	1911448.000000	1773868066.741002
-6566.715000	1265.040000	12485.430000	14861.745000	-16578.990000	-19374.030000	8633.205000	15529.545000	-3.149080	3.239862	11.333026	16.933615	19.428021	23.610774	12.753625	-26.023284	10.895640	-5.737760	-1.754900	0.797544	0.437560	0.409240	-1.000000	-1.000000	-1.000000	-1.000000	-1.000000	-1.000000	-1.000000	73.379310	0.000000	-1.000000	-1.000000	1911449.000000	1773868066.741014
-6568.560000	1273.320000	12495.915000	14866.920000	-16576.920000	-19363.320000	8654.940000	15550.920000	3.090843	4.682426	6.705413	7.795317	7.419450	8.367889	7.058305	-19.964259	10.895640	-5.737760	-1.754900	0.797544	0.437560	0.409240	-1.000000	-1.000000	-1.000000	-1.000000	-1.000000	-1.000000	-1.000000	73.379310	0.000000	-1.000000	-1.000000	1911450.000000	1773868066.741019
-6577.560000	1243.980000	12464.010000	14838.705000	-16601.670000	-19391.445000	8646.525000	15559.290000	3.879925	4.487318	1.087587	-1.985281	-4.932605	-6.595508	0.545396	-11.730478	8.057280	-4.715340	1.159760	0.805540	0.444396	0.408385	-1.000000	-1.000000	-1.000000	-1.000000	-1.000000	-1.000000	-1.000000	73.379310	0.000000	-1.000000	-1.000000	1911451.000000	1773868066.741025
-6614.415000	1184.760000	12420.630000	14814.135000	-16615.035000	-19410.975000	8642.745000	15562.980000	-2.738879	-1.909569	-6.826861	-11.426484	-14.947065	-16.912728	-3.380073	-0.982923	8.057280	-4.715340	1.159760	0.805540	0.444396	0.408385	-1.000000	-1.000000	-1.000000	-1.000000	-1.000000	-1.000000	-1.000000	73.379310	0.000000	-1.000000	-1.000000	1911452.000000	1773868066.741030
-6602.760000	1205.280000	12438.360000	14826.150000	-16602.975000	-19397.475000	8638.920000	15566.805000	-10.423856	-12.127916	-15.165682	-18.403059	-20.147213	-21.347483	-4.913108	10.098861	8.057280	-4.715340	1.159760	0.805540	0.444396	0.408385	-1.000000	-1.000000	-1.000000	-1.000000	-1.000000	-1.000000	-1.000000	73.379310	0.000000	-1.000000	-1.000000	1911453.000000	1773868066.744830
-6568.695000	1256.850000	12481.245000	14855.130000	-16583.895000	-19385.910000	8634.105000	15566.760000	-10.946970	-17.696132	-17.967973	-18.822543	-18.008367	-19.077280	-5.316711	17.430535	8.057280	-4.715340	1.159760	0.805540	0.444396	0.408385	-1.000000	-1.000000	-1.000000	-1.000000	-1.000000	-1.000000	-1.000000	73.379310	0.000000	-1.000000	-1.000000	1911454.000000	1773868066.744841
-6552.180000	1268.190000	12479.940000	14843.835000	-16601.670000	-19397.205000	8655.435000	15585.660000	-0.884454	-10.415303	-9.693041	-9.593496	-7.657184	-9.310147	-5.206737	18.199876	8.057280	-4.715340	1.159760	0.805540	0.444396	0.408385	-1.000000	-1.000000	-1.000000	-1.000000	-1.000000	-1.000000	-1.000000	73.379310	0.000000	-1.000000	-1.000000	1911455.000000	1773868066.748698
-6560.505000	1251.270000	12474.360000	14855.535000	-16577.865000	-19367.460000	8688.105000	15585.660000	15.054013	7.429776	6.655767	5.829523	6.763740	4.815832	-4.002454	14.257531	8.057280	-4.715340	1.159760	0.805540	0.444396	0.408385	-1.000000	-1.000000	-1.000000	-1.000000	-1.000000	-1.000000	-1.000000	73.379310	0.000000	-1.000000	-1.000000	1911456.000000	1773868066.748708
-6547.905000	1252.170000	12495.555000	14891.175000	-16536.555000	-19328.085000	8700.570000	15606.045000	26.560374	22.513333	20.050556	18.671868	18.137397	17.041970	-0.338733	10.066026	8.057280	-4.715340	1.159760	0.805540	0.444396	0.408385	-1.000000	-1.000000	-1.000000	-1.000000	-1.000000	-1.000000	-1.000000	73.379310	0.000000	-1.000000	-1.000000	1911457.000000	1773868066.754008
-6568.740000	1243.395000	12478.680000	14867.685000	-16565.490000	-19359.630000	8667.315000	15583.680000	25.476953	23.104417	21.597436	22.083481	21.512987	22.095952	4.825189	7.153367	8.057280	-4.715340	1.159760	0.805540	0.444396	0.408385	-1.000000	-1.000000	-1.000000	-1.000000	-1.000000	-1.000000	-1.000000	73.379310	0.000000	-1.000000	-1.000000	1911458.000000	1773868066.754018
-6566.625000	1236.825000	12460.230000	14841.765000	-16594.155000	-19387.350000	8644.185000	15564.870000	11.145590	8.896394	10.591883	14.259357	14.909067	16.852496	6.780714	2.263037	8.057280	-4.715340	1.159760	0.805540	0.444396	0.408385	-1.000000	-1.000000	-1.000000	-1.000000	-1.000000	-1.000000	-1.000000	73.379310	0.000000	-1.000000	-1.000000	1911459.000000	1773868066.756652
-6550.425000	1263.105000	12488.445000	14870.745000	-16561.665000	-19350.810000	8662.950000	15548.040000	-8.876654	-9.418212	-5.392879	-0.312829	1.260521	3.745996	2.778648	-7.510740	8.057280	-4.715340	1.159760	0.805540	0.444396	0.408385	-1.000000	-1.000000	-1.000000	-1.000000	-1.000000	-1.000000	-1.000000	73.379310	0.000000	-1.000000	-1.000000	1911460.000000	1773868066.756660
-6566.355000	1263.645000	12497.580000	14883.885000	-16547.040000	-19335.240000	8673.075000	15546.825000	-23.012690	-18.541408	-15.056029	-12.040920	-10.862892	-8.409609	-3.370313	-18.951213	-1.754900	-10.407320	4.883200	0.798155	0.438292	0.405822	-1.000000	-1.000000	-1.000000	-1.000000	-1.000000	-1.000000	-1.000000	73.379310	0.000000	-1.000000	-1.000000	1911461.000000	1773868066.760674
-6576.480000	1237.455000	12465.405000	14851.620000	-16580.250000	-19379.070000	8647.920000	15573.870000	-25.133307	-14.885009	-13.982723	-15.090313	-15.346650	-13.522173	-6.371315	-24.605983	-1.754900	-10.407320	4.883200	0.798155	0.438292	0.405822	-1.000000	-1.000000	-1.000000	-1.000000	-1.000000	-1.000000	-1.000000	73.379310	0.000000	-1.000000	-1.000000	1911462.000000	1773868066.760684
-6592.680000	1223.910000	12449.880000	14830.965000	-16606.845000	-19411.830000	8628.255000	15546.645000	-18.398586	-6.420046	-8.009301	-12.154945	-13.719715	-13.433555	-5.772522	-20.019582	-1.754900	-10.407320	4.883200	0.798155	0.438292	0.405822	-1.000000	-1.000000	-1.000000	-1.000000	-1.000000	-1.000000	-1.000000	73.379310	0.000000	-1.000000	-1.000000	1911463.000000	1773868066.764570
-6605.640000	1211.985000	12434.265000	14806.800000	-16637.220000	-19432.890000	8612.325000	15511.635000	-9.038513	-1.177984	-3.780192	-8.228514	-10.245160	-12.118395	-4.867249	-8.293459	-1.754900	-10.407320	4.883200	0.798155	0.438292	0.405822	-1.000000	-1.000000	-1.000000	-1.000000	-1.000000	-1.000000	-1.000000	73.379310	0.000000	-1.000000	-1.000000	1911464.000000	1773868066.764580
-6599.385000	1224.630000	12442.185000	14813.415000	-16624.440000	-19414.440000	8626.590000	15587.550000	-0.579805	0.128200	-2.294328	-5.412015	-7.289355	-10.657288	-5.458588	4.502098	-1.754900	-10.407320	4.883200	0.798155	0.438292	0.405822	-1.000000	-1.000000	-1.000000	-1.000000	-1.000000	-1.000000	-1.000000	73.379310	0.000000	-1.000000	-1.000000	1911465.000000	1773868066.768569
-6559.380000	1258.695000	12468.555000	14837.760000	-16599.915000	-19393.380000	8644.545000	15624.090000	6.738802	1.243470	-1.034766	-2.943305	-4.318668	-7.312328	-4.966481	16.233762	-1.754900	-10.407320	4.883200	0.798155	0.438292	0.405822	-1.000000	-1.000000	-1.000000	-1.000000	-1.000000	-1.000000	-1.000000	73.379310	0.000000	-1.000000	-1.000000	1911466.000000	1773868066.768585
-6539.490000	1281.915000	12496.860000	14870.745000	-16566.705000	-19373.220000	8644.770000	15577.875000	13.753390	5.104959	2.820877	1.920877	1.666863	0.490179	0.373224	25.157287	-1.754900	-10.407320	4.883200	0.798155	0.438292	0.405822	-1.000000	-1.000000	-1.000000	-1.000000	-1.000000	-1.000000	-1.000000	73.379310	0.000000	-1.000000	-1.000000	1911467.000000	1773868066.772537
-6566.985000	1228.905000	12461.355000	14839.785000	-16597.035000	-19398.690000	8614.665000	15519.555000	18.618606	10.016689	9.124927	10.052862	11.437704	11.956430	9.328930	25.005180	-1.754900	-10.407320	4.883200	0.798155	0.438292	0.405822	-1.000000	-1.000000	-1.000000	-1.000000	-1.000000	-1.000000	-1.000000	73.379310	0.000000	-1.000000	-1.000000	1911468.000000	1773868066.772545
-6584.085000	1216.080000	12456.675000	14839.155000	-16593.795000	-19386.000000	8619.120000	15484.860000	16.879234	10.464601	13.086217	16.545601	19.247724	20.637627	15.316118	11.561103	-1.754900	-10.407320	4.883200	0.798155	0.438292	0.405822	-1.000000	-1.000000	-1.000000	-1.000000	-1.000000	-1.000000	-1.000000	73.379310	0.000000	-1.000000	-1.000000	1911469.000000	1773868066.776556
-6552.720000	1253.610000	12472.695000	14848.740000	-16586.190000	-19383.345000	8632.035000	15542.865000	7.926622	4.553891	10.580838	15.633442	18.473386	20.329611	13.794948	-8.976269	-1.754900	-10.407320	4.883200	0.798155	0.438292	0.405822	-1.000000	-1.000000	-1.000000	-1.000000	-1.000000	-1.000000	-1.000000	73.379310	0.000000	-1.000000	-1.000000	1911470.000000	1773868066.776563
-6475.005000	1350.135000	12558.870000	14930.370000	-16512.345000	-19317.195000	8685.675000	15643.890000	-1.569665	-1.215771	4.798954	9.166211	10.846435	12.987193	7.765989	-22.053225	1.052940	-5.554640	1.113980	0.798460	0.425292	0.396483	-1.000000	-1.000000	-1.000000	-1.000000	-1.000000	-1.000000	-1.000000	73.379310	0.000000	-1.000000	-1.000000	1911471.000000	1773868066.780528
-6463.665000	1390.995000	12614.535000	14995.035000	-16443.000000	-19244.070000	8739.405000	15610.005000	-3.988688	1.239458	3.474284	5.414994	5.380335	7.283406	4.123079	-17.320537	1.052940	-5.554640	1.113980	0.798460	0.425292	0.396483	-1.000000	-1.000000	-1.000000	-1.000000	-1.000000	-1.000000	-1.000000	73.379310	0.000000	-1.000000	-1.000000	1911472.000000	1773868066.780535
-6547.365000	1306.170000	12532.005000	14913.180000	-16522.650000	-19324.890000	8667.315000	15552.900000	-0.630757	9.548871	7.419261	7.035574	5.828938	6.645625	4.285078	-0.842663	1.052940	-5.554640	1.113980	0.798460	0.425292	0.396483	-1.000000	-1.000000	-1.000000	-1.000000	-1.000000	-1.000000	-1.000000	73.379310	0.000000	-1.000000	-1.000000	1911473.000000	1773868066.784596
-6645.375000	1169.910000	12391.965000	14772.330000	-16659.990000	-19453.590000	8585.820000	15506.280000	-2.202597	9.392997	5.257848	3.727231	2.382545	1.584217	0.596667	9.426857	1.052940	-5.554640	1.113980	0.798460	0.425292	0.396483	-1.000000	-1.000000	-1.000000	-1.000000	-1.000000	-1.000000	-1.000000	73.379310	0.000000	-1.000000	-1.000000	1911474.000000	1773868066.784606
-6631.605000	1154.160000	12381.525000	14762.205000	-16664.580000	-19448.370000	8619.570000	15573.195000	-15.208036	-9.278373	-12.688840	-14.491233	-15.211883	-16.870281	-12.237664	4.124137	1.052940	-5.554640	1.113980	0.798460	0.425292	0.396483	-1.000000	-1.000000	-1.000000	-1.000000	-1.000000	-1.000000	-1.000000	73.379310	0.000000	-1.000000	-1.000000	1911475.000000	1773868066.788562
-6593.715000	1217.385000	12424.185000	14781.960000	-16657.920000	-19454.490000	8633.340000	15641.910000	-30.413083	-35.324952	-36.815733	-38.898452	-38.843943	-39.656321	-25.792295	-5.959690	1.052940	-5.554640	1.113980	0.798460	0.425292	0.396483	-1.000000	-1.000000	-1.000000	-1.000000	-1.000000	-1.000000	-1.000000	73.379310	0.000000	-1.000000	-1.000000	1911476.000000	1773868066.788572
-6588.945000	1239.615000	12445.470000	14798.340000	-16643.475000	-19443.105000	8629.110000	15614.820000	-31.316615	-44.132653	-44.849320	-48.113373	-48.041757	-47.456275	-26.979679	-4.933998	1.052940	-5.554640	1.113980	0.798460	0.425292	0.396483	-1.000000	-1.000000	-1.000000	-1.000000	-1.000000	-1.000000	-1.000000	73.379310	0.000000	-1.000000	-1.000000	1911477.000000	1773868066.792526
-6627.555000	1146.690000	12397.005000	14793.660000	-16626.015000	-19422.045000	8633.835000	15599.880000	-13.050965	-25.369324	-26.710976	-31.128215	-31.874572	-31.255280	-13.512632	7.010126	1.052940	-5.554640	1.113980	0.798460	0.425292	0.396483	-1.000000	-1.000000	-1.000000	-1.000000	-1.000000	-1.000000	-1.000000	73.379310	0.000000	-1.000000	-1.000000	1911478.000000	1773868066.792536
-6604.740000	1185.210000	12421.305000	14816.700000	-16620.030000	-19408.365000	8658.045000	15587.505000	12.444528	5.903438	5.420718	2.784819	1.646860	1.126875	5.796724	15.062804	1.052940	-5.554640	1.113980	0.798460	0.425292	0.396483	-1.000000	-1.000000	-1.000000	-1.000000	-1.000000	-1.000000	-1.000000	73.379310	0.000000	-1.000000	-1.000000	1911479.000000	1773868066.796559
-6585.570000	1208.520000	12430.395000	14815.980000	-16611.660000	-19405.620000	8647.200000	15573.735000	29.354066	28.482815	31.176475	33.538068	33.114174	32.027343	19.704122	7.945625	1.052940	-5.554640	1.113980	0.798460	0.425292	0.396483	-1.000000	-1.000000	-1.000000	-1.000000	-1.000000	-1.000000	-1.000000	73.379310	0.000000	-1.000000	-1.000000	1911480.000000	1773868066.796567
-6575.175000	1214.370000	12430.980000	14803.875000	-16618.950000	-19419.660000	8620.335000	15549.615000	31.703762	34.221364	38.931045	45.391257	46.256015	45.568958	21.109964	-9.808367	7.843640	-7.080640	-6.561800	0.802793	0.421325	0.387755	-1.000000	-1.000000	-1.000000	-1.000000	-1.000000	-1.000000	-1.000000	73.241379	0.000000	-1.000000	-1.000000	1911481.000000	1773868066.800565
-6579.720000	1218.510000	12449.025000	14830.380000	-16593.390000	-19386.765000	8624.430000	15526.260000	24.815523	28.781014	31.872446	37.929033	39.799880	39.417702	12.148796	-23.449884	7.843640	-7.080640	-6.561800	0.802793	0.421325	0.387755	-1.000000	-1.000000	-1.000000	-1.000000	-1.000000	-1.000000	-1.000000	73.241379	0.000000	-1.000000	-1.000000	1911482.000000	1773868066.800583
-6587.280000	1225.035000	12454.920000	14842.260000	-16591.185000	-19396.260000	8621.730000	15582.510000	16.412155	22.101654	21.666146	23.662704	25.288247	24.508709	2.397023	-22.570970	7.843640	-7.080640	-6.561800	0.802793	0.421325	0.387755	-1.000000	-1.000000	-1.000000	-1.000000	-1.000000	-1.000000	-1.000000	73.241379	0.000000	-1.000000	-1.000000	1911483.000000	1773868066.804631
-6557.625000	1310.850000	12490.965000	14853.735000	-16590.915000	-19398.330000	8630.415000	15599.160000	8.498826	18.328966	14.817900	12.392270	12.070993	10.421406	-1.816823	-8.131081	7.843640	-7.080640	-6.561800	0.802793	0.421325	0.387755	-1.000000	-1.000000	-1.000000	-1.000000	-1.000000	-1.000000	-1.000000	73.241379	0.000000	-1.000000	-1.000000	1911484.000000	1773868066.804643
-6586.245000	1213.965000	12457.395000	14848.695000	-16583.940000	-19383.840000	8634.870000	15557.760000	-1.278638	12.749885	7.715613	3.115573	0.345507	-1.641085	-1.724495	9.635116	7.843640	-7.080640	-6.561800	0.802793	0.421325	0.387755	-1.000000	-1.000000	-1.000000	-1.000000	-1.000000	-1.000000	-1.000000	73.241379	0.000000	-1.000000	-1.000000	1911485.000000	1773868066.808559
-6605.595000	1160.910000	12439.260000	14845.005000	-16581.645000	-19376.820000	8631.990000	15533.730000	-13.361860	-1.987325	-4.966794	-8.253695	-11.784411	-12.430622	-0.738706	19.488298	7.843640	-7.080640	-6.561800	0.802793	0.421325	0.387755	-1.000000	-1.000000	-1.000000	-1.000000	-1.000000	-1.000000	-1.000000	73.241379	0.000000	-1.000000	-1.000000	1911486.000000	1773868066.808567
-6556.005000	1229.895000	12472.110000	14864.805000	-16569.990000	-19372.275000	8635.545000	15534.450000	-23.061252	-23.207012	-20.740030	-20.714873	-22.716353	-20.834176	-1.015308	17.663169	7.843640	-7.080640	-6.561800	0.802793	0.421325	0.387755	-1.000000	-1.000000	-1.000000	-1.000000	-1.000000	-1.000000	-1.000000	73.241379	0.000000	-1.000000	-1.000000	1911487.000000	1773868066.812726
-6542.055000	1269.135000	12504.195000	14903.415000	-16538.040000	-19348.245000	8645.625000	15527.385000	-24.319562	-37.020421	-30.671561	-28.707966	-28.370255	-24.824430	-3.198337	7.975618	7.843640	-7.080640	-6.561800	0.802793	0.421325	0.387755	-1.000000	-1.000000	-1.000000	-1.000000	-1.000000	-1.000000	-1.000000	73.241379	0.000000	-1.000000	-1.000000	1911488.000000	1773868066.812738
-6546.465000	1277.685000	12517.110000	14918.220000	-16524.405000	-19340.595000	8638.425000	15532.515000	-16.776384	-34.236458	-28.995155	-27.420894	-25.584680	-22.634905	-6.037940	-2.451977	7.843640	-7.080640	-6.561800	0.802793	0.421325	0.387755	-1.000000	-1.000000	-1.000000	-1.000000	-1.000000	-1.000000	-1.000000	73.241379	0.000000	-1.000000	-1.000000	1911489.000000	1773868066.816810
-6594.030000	1208.430000	12438.360000	14819.310000	-16616.295000	-19426.725000	8584.200000	15558.930000	-6.026331	-18.969017	-18.279297	-18.032119	-16.120717	-15.405047	-7.538074	-6.452117	7.843640	-7.080640	-6.561800	0.802793	0.421325	0.387755	-1.000000	-1.000000	-1.000000	-1.000000	-1.000000	-1.000000	-1.000000	73.241379	0.000000	-1.000000	-1.000000	1911490.000000	1773868066.816819
-6637.095000	1178.055000	12397.590000	14770.980000	-16654.455000	-19450.215000	8592.705000	15527.070000	1.887528	-2.054233	-6.483216	-8.013584	-6.631201	-7.807003	-6.783584	-2.132574	13.901860	-1.007160	-5.081580	0.803587	0.427733	0.381591	-1.000000	-1.000000	-1.000000	-1.000000	-1.000000	-1.000000	-1.000000	73.241379	0.000000	-1.000000	-1.000000	1911491.000000	1773868066.825661
-6604.740000	1216.170000	12430.035000	14810.220000	-16615.260000	-19406.205000	8659.755000	15557.535000	4.702088	8.519375	0.775226	-2.672479	-1.083441	-2.096969	-2.897223	4.070536	13.901860	-1.007160	-5.081580	0.803587	0.427733	0.381591	-1.000000	-1.000000	-1.000000	-1.000000	-1.000000	-1.000000	-1.000000	73.241379	0.000000	-1.000000	-1.000000	1911492.000000	1773868066.825671
-6558.885000	1251.720000	12466.035000	14849.325000	-16582.095000	-19375.830000	8689.680000	15654.510000	5.179008	12.105626	4.894918	1.213720	3.803928	4.846871	5.075544	6.263032	13.901860	-1.007160	-5.081580	0.803587	0.427733	0.381591	-1.000000	-1.000000	-1.000000	-1.000000	-1.000000	-1.000000	-1.000000	73.241379	0.000000	-1.000000	-1.000000	1911493.000000	1773868066.825682
-6526.440000	1303.110000	12508.380000	14895.810000	-16529.490000	-19327.005000	8700.930000	15635.835000	8.272015	14.376816	10.701165	9.342393	12.241362	15.024908	14.558243	6.737525	13.901860	-1.007160	-5.081580	0.803587	0.427733	0.381591	-1.000000	-1.000000	-1.000000	-1.000000	-1.000000	-1.000000	-1.000000	73.241379	0.000000	-1.000000	-1.000000	1911494.000000	1773868066.825687
-6495.300000	1355.085000	12576.870000	14970.240000	-16455.195000	-19257.615000	8734.635000	15622.515000	15.330769	21.011128	20.360739	22.004922	23.349710	25.420724	19.756080	7.749264	13.901860	-1.007160	-5.081580	0.803587	0.427733	0.381591	-1.000000	-1.000000	-1.000000	-1.000000	-1.000000	-1.000000	-1.000000	73.241379	0.000000	-1.000000	-1.000000	1911495.000000	1773868066.828809
-6588.495000	1204.560000	12462.210000	14858.955000	-16568.145000	-19368.495000	8648.505000	15554.835000	19.530857	26.106265	27.826583	31.251323	29.900996	29.059178	15.537190	4.752427	13.901860	-1.007160	-5.081580	0.803587	0.427733	0.381591	-1.000000	-1.000000	-1.000000	-1.000000	-1.000000	-1.000000	-1.000000	73.241379	0.000000	-1.000000	-1.000000	1911496.000000	1773868066.828816
-6639.390000	1079.685000	12358.260000	14756.130000	-16664.895000	-19459.755000	8597.430000	15521.940000	10.562468	13.298763	19.863326	23.679579	20.410040	16.908600	-0.313733	-6.505392	13.901860	-1.007160	-5.081580	0.803587	0.427733	0.381591	-1.000000	-1.000000	-1.000000	-1.000000	-1.000000	-1.000000	-1.000000	73.241379	0.000000	-1.000000	-1.000000	1911497.000000	1773868066.832720
-6607.845000	1143.945000	12392.145000	14792.265000	-16627.095000	-19427.355000	8622.045000	15562.035000	-10.491371	-19.268841	-6.545607	-3.217228	-6.506402	-10.336409	-21.642833	-21.220151	13.901860	-1.007160	-5.081580	0.803587	0.427733	0.381591	-1.000000	-1.000000	-1.000000	-1.000000	-1.000000	-1.000000	-1.000000	73.241379	0.000000	-1.000000	-1.000000	1911498.000000	1773868066.832726
-6643.170000	1172.475000	12376.395000	14766.435000	-16678.170000	-19449.135000	8599.770000	15538.725000	-27.682298	-46.331699	-32.682003	-30.251628	-32.596423	-34.451644	-33.734028	-28.183422	13.901860	-1.007160	-5.081580	0.803587	0.427733	0.381591	-1.000000	-1.000000	-1.000000	-1.000000	-1.000000	-1.000000	-1.000000	73.241379	0.000000	-1.000000	-1.000000	1911499.000000	1773868066.838571
-6630.570000	1167.975000	12377.430000	14754.285000	-16708.140000	-19439.145000	8582.445000	15531.210000	-27.362417	-42.866100	-37.285049	-36.257826	-38.816635	-37.222862	-28.065173	-21.653870	13.901860	-1.007160	-5.081580	0.803587	0.427733	0.381591	-1.000000	-1.000000	-1.000000	-1.000000	-1.000000	-1.000000	-1.000000	73.241379	0.000000	-1.000000	-1.000000	1911500.000000	1773868066.838596
-6587.865000	1209.735000	12423.330000	14794.245000	-16605.855000	-19386.495000	8598.960000	15533.505000	-10.973297	-11.957567	-18.615856	-19.963582	-23.425227	-18.436672	-10.947475	-6.932626	11.094020	-1.480220	-3.570840	0.795530	0.440001	0.374084	-1.000000	-1.000000	-1.000000	-1.000000	-1.000000	-1.000000	-1.000000	73.241379	0.000000	-1.000000	-1.000000	1911501.000000	1773868066.841412
-6605.460000	1201.680000	12406.725000	14771.970000	-16582.905000	-19427.355000	8616.600000	15545.925000	9.440993	23.333555	8.536726	4.247291	3.474501	7.696110	6.478633	6.440335	11.094020	-1.480220	-3.570840	0.795530	0.440001	0.374084	-1.000000	-1.000000	-1.000000	-1.000000	-1.000000	-1.000000	-1.000000	73.241379	0.000000	-1.000000	-1.000000	1911502.000000	1773868066.841422
-6613.920000	1215.270000	12407.085000	14741.910000	-16616.835000	-19438.965000	8624.205000	15560.595000	21.219973	42.328482	26.823268	19.917206	26.861363	23.843624	17.963527	14.264452	11.094020	-1.480220	-3.570840	0.795530	0.440001	0.374084	-1.000000	-1.000000	-1.000000	-1.000000	-1.000000	-1.000000	-1.000000	73.241379	0.000000	-1.000000	-1.000000	1911503.000000	1773868066.844561
-6598.035000	1240.695000	12451.635000	14776.560000	-16625.340000	-19428.120000	8636.355000	15557.850000	19.476147	38.694955	28.025723	19.396417	32.855607	21.721580	22.202379	18.541739	11.094020	-1.480220	-3.570840	0.795530	0.440001	0.374084	-1.000000	-1.000000	-1.000000	-1.000000	-1.000000	-1.000000	-1.000000	73.241379	0.000000	-1.000000	-1.000000	1911504.000000	1773868066.844572
-6603.930000	1210.005000	12476.700000	14844.870000	-16614.540000	-19418.940000	8641.485000	15550.920000	10.113332	21.353269	18.724505	10.985551	21.558376	9.527017	21.448611	21.284519	11.094020	-1.480220	-3.570840	0.795530	0.440001	0.374084	-1.000000	-1.000000	-1.000000	-1.000000	-1.000000	-1.000000	-1.000000	73.241379	0.000000	-1.000000	-1.000000	1911505.000000	1773868066.848607
-6610.455000	1132.245000	12431.520000	14877.810000	-16578.045000	-19390.095000	8631.765000	15546.420000	2.304164	3.068655	10.454772	9.544257	6.772750	2.193718	18.674779	21.104314	11.094020	-1.480220	-3.570840	0.795530	0.440001	0.374084	-1.000000	-1.000000	-1.000000	-1.000000	-1.000000	-1.000000	-1.000000	73.241379	0.000000	-1.000000	-1.000000	1911506.000000	1773868066.848617
-6600.825000	1184.805000	12439.170000	14877.585000	-16567.740000	-19384.245000	8635.545000	15560.640000	-0.641335	-11.216800	5.461644	17.480546	-0.245738	5.146469	13.718051	15.081497	11.094020	-1.480220	-3.570840	0.795530	0.440001	0.374084	-1.000000	-1.000000	-1.000000	-1.000000	-1.000000	-1.000000	-1.000000	73.241379	0.000000	-1.000000	-1.000000	1911507.000000	1773868066.853135
-6578.955000	1267.425000	12459.105000	14887.755000	-16548.255000	-19359.495000	8657.685000	15565.185000	-0.050776	-19.282440	0.059364	23.776920	1.190283	12.207033	5.728685	3.647232	11.094020	-1.480220	-3.570840	0.795530	0.440001	0.374084	-1.000000	-1.000000	-1.000000	-1.000000	-1.000000	-1.000000	-1.000000	73.241379	0.000000	-1.000000	-1.000000	1911508.000000	1773868066.853148
-6589.215000	1257.525000	12420.540000	14852.610000	-16574.130000	-19376.595000	8645.085000	15550.875000	1.336232	-17.743590	-7.174521	17.723430	4.365519	13.947404	-3.845578	-8.725812	11.094020	-1.480220	-3.570840	0.795530	0.440001	0.374084	-1.000000	-1.000000	-1.000000	-1.000000	-1.000000	-1.000000	-1.000000	73.241379	0.000000	-1.000000	-1.000000	1911509.000000	1773868066.856666
-6613.515000	1208.070000	12392.370000	14799.555000	-16626.330000	-19426.275000	8617.950000	15542.280000	-0.979201	-10.517737	-16.673563	-3.480395	-0.739612	4.063725	-13.757915	-18.414038	11.094020	-1.480220	-3.570840	0.795530	0.440001	0.374084	-1.000000	-1.000000	-1.000000	-1.000000	-1.000000	-1.000000	-1.000000	73.241379	0.000000	-1.000000	-1.000000	1911510.000000	1773868066.856680
-6597.540000	1238.580000	12453.795000	14824.530000	-16611.795000	-19417.815000	8617.320000	15543.495000	-8.453071	-6.247284	-25.588281	-31.771064	-17.686113	-15.176671	-22.971586	-23.574413	3.235120	-1.968540	-7.477400	0.789854	0.440368	0.363341	-1.000000	-1.000000	-1.000000	-1.000000	-1.000000	-1.000000	-1.000000	73.241379	0.000000	-1.000000	-1.000000	1911511.000000	1773868066.860686
-6546.915000	1295.820000	12509.100000	14863.320000	-16579.260000	-19391.355000	8625.105000	15557.310000	-15.096656	-6.150490	-25.769433	-50.160068	-35.144853	-31.912129	-27.828207	-22.001127	3.235120	-1.968540	-7.477400	0.789854	0.440368	0.363341	-1.000000	-1.000000	-1.000000	-1.000000	-1.000000	-1.000000	-1.000000	73.241379	0.000000	-1.000000	-1.000000	1911512.000000	1773868066.860698
-6548.670000	1276.965000	12522.195000	14887.125000	-16544.655000	-19366.065000	8632.035000	15524.235000	-13.568107	-4.672109	-12.982857	-45.834466	-36.299673	-33.740819	-23.725962	-12.983729	3.235120	-1.968540	-7.477400	0.789854	0.440368	0.363341	-1.000000	-1.000000	-1.000000	-1.000000	-1.000000	-1.000000	-1.000000	73.241379	0.000000	-1.000000	-1.000000	1911513.000000	1773868066.864582
-6545.205000	1245.735000	12526.875000	14901.885000	-16518.780000	-19351.170000	8646.255000	15478.020000	-3.469237	1.462437	6.966513	-21.327912	-15.991790	-17.942175	-9.709572	-0.515211	3.235120	-1.968540	-7.477400	0.789854	0.440368	0.363341	-1.000000	-1.000000	-1.000000	-1.000000	-1.000000	-1.000000	-1.000000	73.241379	0.000000	-1.000000	-1.000000	1911514.000000	1773868066.864593
-6566.580000	1238.850000	12519.045000	14895.765000	-16526.565000	-19345.815000	8661.195000	15488.910000	8.292682	9.549637	23.587386	8.815342	13.995673	6.322362	9.438884	8.763346	3.235120	-1.968540	-7.477400	0.789854	0.440368	0.363341	-1.000000	-1.000000	-1.000000	-1.000000	-1.000000	-1.000000	-1.000000	73.241379	0.000000	-1.000000	-1.000000	1911515.000000	1773868066.868686
-6566.355000	1273.950000	12504.870000	14872.185000	-16569.945000	-19357.110000	8670.690000	15585.930000	13.715867	13.370152	28.452488	29.395071	34.651455	24.836213	25.282535	12.964853	3.235120	-1.968540	-7.477400	0.789854	0.440368	0.363341	-1.000000	-1.000000	-1.000000	-1.000000	-1.000000	-1.000000	-1.000000	73.241379	0.000000	-1.000000	-1.000000	1911516.000000	1773868066.868696
-6531.255000	1323.810000	12538.620000	14895.360000	-16542.855000	-19344.240000	8684.910000	15602.445000	10.476834	9.480003	19.729836	33.598116	34.934526	28.449141	30.566037	16.285820	3.235120	-1.968540	-7.477400	0.789854	0.440368	0.363341	-1.000000	-1.000000	-1.000000	-1.000000	-1.000000	-1.000000	-1.000000	73.241379	0.000000	-1.000000	-1.000000	1911517.000000	1773868066.872875
-6574.050000	1252.710000	12481.290000	14834.025000	-16604.640000	-19395.495000	8656.785000	15604.425000	2.295934	0.487814	3.194437	24.202556	18.012003	17.572551	23.231966	20.027044	3.235120	-1.968540	-7.477400	0.789854	0.440368	0.363341	-1.000000	-1.000000	-1.000000	-1.000000	-1.000000	-1.000000	-1.000000	73.241379	0.000000	-1.000000	-1.000000	1911518.000000	1773868066.872885
-6658.965000	1148.940000	12386.520000	14737.320000	-16698.150000	-19496.115000	8580.735000	15575.670000	-7.215660	-10.115269	-14.437012	7.187587	-6.113837	-1.395390	6.137611	18.940413	3.235120	-1.968540	-7.477400	0.789854	0.440368	0.363341	-1.000000	-1.000000	-1.000000	-1.000000	-1.000000	-1.000000	-1.000000	73.241379	0.000000	-1.000000	-1.000000	1911519.000000	1773868066.876756
-6612.840000	1196.505000	12419.145000	14789.835000	-16653.915000	-19457.820000	8607.240000	15583.185000	-16.105723	-20.354658	-29.561689	-11.582783	-27.309852	-20.256004	-14.373951	8.758140	3.235120	-1.968540	-7.477400	0.789854	0.440368	0.363341	-1.000000	-1.000000	-1.000000	-1.000000	-1.000000	-1.000000	-1.000000	73.241379	0.000000	-1.000000	-1.000000	1911520.000000	1773868066.876766
-6588.990000	1205.955000	12408.660000	14822.820000	-16616.115000	-19416.915000	8641.530000	15592.275000	-19.789649	-25.061482	-37.149687	-23.568013	-35.098534	-29.254433	-28.184466	-7.141106	21.913360	1.190280	-1.510740	0.787718	0.430663	0.365478	-1.000000	-1.000000	-1.000000	-1.000000	-1.000000	-1.000000	-1.000000	73.241379	0.000000	-1.000000	-1.000000	1911521.000000	1773868066.880800
-6580.980000	1226.070000	12444.165000	14835.915000	-16591.455000	-19390.410000	8643.060000	15579.495000	-13.188035	-17.150825	-30.698663	-21.499504	-23.675501	-21.478267	-26.731525	-19.581117	21.913360	1.190280	-1.510740	0.787718	0.430663	0.365478	-1.000000	-1.000000	-1.000000	-1.000000	-1.000000	-1.000000	-1.000000	73.241379	0.000000	-1.000000	-1.000000	1911522.000000	1773868066.880810
-6552.270000	1289.475000	12491.235000	14842.305000	-16596.945000	-19402.110000	8634.375000	15577.560000	2.703202	4.868211	-8.400632	-7.151175	0.720378	-0.758361	-11.691367	-21.632774	21.913360	1.190280	-1.510740	0.787718	0.430663	0.365478	-1.000000	-1.000000	-1.000000	-1.000000	-1.000000	-1.000000	-1.000000	73.241379	0.000000	-1.000000	-1.000000	1911523.000000	1773868066.884848
-6572.160000	1251.225000	12470.355000	14840.055000	-16604.640000	-19414.485000	8636.220000	15565.185000	20.197544	31.439878	22.295037	10.503457	23.895344	19.855736	6.357892	-14.977765	21.913360	1.190280	-1.510740	0.787718	0.430663	0.365478	-1.000000	-1.000000	-1.000000	-1.000000	-1.000000	-1.000000	-1.000000	73.241379	0.000000	-1.000000	-1.000000	1911524.000000	1773868066.884858
-6596.055000	1222.110000	12467.745000	14858.370000	-16579.080000	-19398.060000	8638.695000	15555.960000	28.958904	44.104486	45.818341	22.683493	34.992352	28.913414	17.333575	-7.800385	21.913360	1.190280	-1.510740	0.787718	0.430663	0.365478	-1.000000	-1.000000	-1.000000	-1.000000	-1.000000	-1.000000	-1.000000	73.241379	0.000000	-1.000000	-1.000000	1911525.000000	1773868066.897182
-6591.330000	1205.955000	12456.270000	14850.630000	-16578.135000	-19389.105000	8633.160000	15537.240000	22.735245	31.022025	48.850691	24.915669	31.711288	24.302433	17.693989	-5.729064	21.913360	1.190280	-1.510740	0.787718	0.430663	0.365478	-1.000000	-1.000000	-1.000000	-1.000000	-1.000000	-1.000000	-1.000000	73.241379	0.000000	-1.000000	-1.000000	1911526.000000	1773868066.897192
-6599.790000	1194.210000	12449.250000	14852.430000	-16561.080000	-19360.350000	8644.590000	15520.410000	6.215920	1.466720	31.705011	18.600121	19.093791	13.090084	11.138842	-6.657882	21.913360	1.190280	-1.510740	0.787718	0.430663	0.365478	-1.000000	-1.000000	-1.000000	-1.000000	-1.000000	-1.000000	-1.000000	73.241379	0.000000	-1.000000	-1.000000	1911527.000000	1773868066.897204
-6565.140000	1245.285000	12480.255000	14869.935000	-16544.880000	-19353.915000	8656.560000	15537.960000	-8.191478	-22.210898	6.988663	9.379413	5.566316	4.710742	4.948292	-4.701622	21.913360	1.190280	-1.510740	0.787718	0.430663	0.365478	-1.000000	-1.000000	-1.000000	-1.000000	-1.000000	-1.000000	-1.000000	73.241379	0.000000	-1.000000	-1.000000	1911528.000000	1773868066.897210
-6615.495000	1234.530000	12467.295000	14853.915000	-16568.595000	-19371.555000	8648.370000	15469.470000	-13.687599	-26.749723	-13.122096	0.113524	-5.062844	0.666970	2.272098	2.154656	21.913360	1.190280	-1.510740	0.787718	0.430663	0.365478	-1.000000	-1.000000	-1.000000	-1.000000	-1.000000	-1.000000	-1.000000	73.241379	0.000000	-1.000000	-1.000000	1911529.000000	1773868066.897216
-6690.690000	1164.195000	12393.540000	14787.045000	-16634.745000	-19427.130000	8622.945000	15425.370000	-15.028097	-17.624882	-25.654649	-11.817396	-16.383679	-6.214630	-0.508737	9.043224	21.913360	1.190280	-1.510740	0.787718	0.430663	0.365478	-1.000000	-1.000000	-1.000000	-1.000000	-1.000000	-1.000000	-1.000000	73.241379	0.000000	-1.000000	-1.000000	1911530.000000	1773868066.897220
-6655.590000	1131.885000	12371.310000	14772.870000	-16649.730000	-19446.570000	8622.945000	15570.090000	-17.870686	-8.480233	-33.366177	-26.938367	-30.461765	-19.912394	-6.565080	13.024616	42.834820	0.518840	-5.661460	0.791563	0.421752	0.360412	-1.000000	-1.000000	-1.000000	-1.000000	-1.000000	-1.000000	-1.000000	73.241379	0.000000	-1.000000	-1.000000	1911531.000000	1773868066.900840
-6597.990000	1123.830000	12396.510000	14813.100000	-16610.445000	-19409.715000	8657.280000	15638.445000	-18.165749	-6.565274	-35.993677	-37.298182	-39.924796	-32.952633	-12.650873	19.267577	42.834820	0.518840	-5.661460	0.791563	0.421752	0.360412	-1.000000	-1.000000	-1.000000	-1.000000	-1.000000	-1.000000	-1.000000	73.241379	0.000000	-1.000000	-1.000000	1911532.000000	1773868066.900851
-6547.365000	1176.030000	12442.410000	14865.210000	-16550.370000	-19350.270000	8675.955000	15601.455000	-7.746570	-7.692923	-27.871518	-31.753917	-33.136259	-32.226167	-12.740661	28.545005	42.834820	0.518840	-5.661460	0.791563	0.421752	0.360412	-1.000000	-1.000000	-1.000000	-1.000000	-1.000000	-1.000000	-1.000000	73.241379	0.000000	-1.000000	-1.000000	1911533.000000	1773868066.905287
-6507.450000	1249.425000	12480.030000	14890.095000	-16532.100000	-19337.085000	8671.005000	15599.430000	13.183156	-2.188676	-6.053396	-8.278762	-7.960954	-13.147082	-5.588276	30.170292	42.834820	0.518840	-5.661460	0.791563	0.421752	0.360412	-1.000000	-1.000000	-1.000000	-1.000000	-1.000000	-1.000000	-1.000000	73.241379	0.000000	-1.000000	-1.000000	1911534.000000	1773868066.905297
-6572.205000	1211.355000	12430.035000	14837.805000	-16590.825000	-19402.065000	8653.995000	15575.715000	32.659664	13.030642	21.536388	21.125250	22.306444	13.222179	3.703637	16.175876	42.834820	0.518840	-5.661460	0.791563	0.421752	0.360412	-1.000000	-1.000000	-1.000000	-1.000000	-1.000000	-1.000000	-1.000000	73.241379	0.000000	-1.000000	-1.000000	1911535.000000	1773868066.909216
-6623.685000	1196.325000	12407.130000	14804.325000	-16626.690000	-19431.450000	8617.680000	15506.640000	35.517577	28.563843	39.530235	38.876750	38.923176	29.212662	8.615915	-9.293876	42.834820	0.518840	-5.661460	0.791563	0.421752	0.360412	-1.000000	-1.000000	-1.000000	-1.000000	-1.000000	-1.000000	-1.000000	73.241379	0.000000	-1.000000	-1.000000	1911536.000000	1773868066.909225
-6616.845000	1237.635000	12456.270000	14818.185000	-16601.760000	-19404.720000	8624.790000	15518.970000	16.843926	31.446319	37.813786	35.209957	33.338588	26.522805	6.230462	-34.728634	42.834820	0.518840	-5.661460	0.791563	0.421752	0.360412	-1.000000	-1.000000	-1.000000	-1.000000	-1.000000	-1.000000	-1.000000	73.241379	0.000000	-1.000000	-1.000000	1911537.000000	1773868066.912796
-6594.930000	1243.485000	12496.320000	14850.135000	-16560.315000	-19386.045000	8653.950000	15574.995000	-11.237422	19.018570	20.967466	15.596275	13.827066	12.071946	-0.219156	-45.693067	42.834820	0.518840	-5.661460	0.791563	0.421752	0.360412	-1.000000	-1.000000	-1.000000	-1.000000	-1.000000	-1.000000	-1.000000	73.241379	0.000000	-1.000000	-1.000000	1911538.000000	1773868066.912805
-6580.440000	1200.870000	12486.960000	14855.985000	-16589.655000	-19385.955000	8654.625000	15559.245000	-28.965187	0.076143	2.787773	-4.499051	-3.661535	-0.955205	-3.912739	-33.802628	42.834820	0.518840	-5.661460	0.791563	0.421752	0.360412	-1.000000	-1.000000	-1.000000	-1.000000	-1.000000	-1.000000	-1.000000	73.241379	0.000000	-1.000000	-1.000000	1911539.000000	1773868066.917178
-6606.630000	1139.355000	12403.215000	14761.305000	-16678.170000	-19448.550000	8616.780000	15555.555000	-27.819124	-16.546204	-9.316776	-15.150143	-12.055306	-6.287359	-2.371302	-8.793124	42.834820	0.518840	-5.661460	0.791563	0.421752	0.360412	-1.000000	-1.000000	-1.000000	-1.000000	-1.000000	-1.000000	-1.000000	73.241379	0.000000	-1.000000	-1.000000	1911540.000000	1773868066.917190
-6624.090000	1159.245000	12385.845000	14747.535000	-16667.640000	-19447.290000	8618.760000	15553.260000	-16.226733	-27.470333	-18.699682	-19.449799	-16.091383	-7.883512	-0.018687	10.176807	55.363280	-0.854560	-4.578000	0.798887	0.424010	0.356689	-1.000000	-1.000000	-1.000000	-1.000000	-1.000000	-1.000000	-1.000000	73.241379	0.000000	-1.000000	-1.000000	1911541.000000	1773868066.920825
-6633.630000	1128.510000	12394.710000	14792.310000	-16622.190000	-19421.730000	8638.335000	15539.310000	-6.552751	-31.414213	-27.955293	-22.211433	-19.212259	-10.563081	-0.565327	15.043769	55.363280	-0.854560	-4.578000	0.798887	0.424010	0.356689	-1.000000	-1.000000	-1.000000	-1.000000	-1.000000	-1.000000	-1.000000	73.241379	0.000000	-1.000000	-1.000000	1911542.000000	1773868066.920833
-6627.690000	1067.445000	12391.155000	14808.600000	-16618.860000	-19420.875000	8650.260000	15550.515000	-2.685663	-28.853672	-32.046999	-20.062680	-17.293963	-12.283646	-1.783493	11.426604	55.363280	-0.854560	-4.578000	0.798887	0.424010	0.356689	-1.000000	-1.000000	-1.000000	-1.000000	-1.000000	-1.000000	-1.000000	73.241379	0.000000	-1.000000	-1.000000	1911543.000000	1773868066.924641
-6557.895000	1207.035000	12473.145000	14852.745000	-16606.305000	-19369.260000	8649.945000	15574.950000	1.429797	-18.895740	-23.044744	-7.202563	-5.955485	-7.076356	0.262071	8.474532	55.363280	-0.854560	-4.578000	0.798887	0.424010	0.356689	-1.000000	-1.000000	-1.000000	-1.000000	-1.000000	-1.000000	-1.000000	73.241379	0.000000	-1.000000	-1.000000	1911544.000000	1773868066.924651
-6547.545000	1260.630000	12494.610000	14874.885000	-16589.160000	-19340.145000	8655.075000	15582.960000	12.728681	2.517022	0.740640	14.685418	12.043704	6.951494	5.726120	11.324409	55.363280	-0.854560	-4.578000	0.798887	0.424010	0.356689	-1.000000	-1.000000	-1.000000	-1.000000	-1.000000	-1.000000	-1.000000	73.241379	0.000000	-1.000000	-1.000000	1911545.000000	1773868066.928810
-6570.405000	1245.645000	12474.630000	14847.570000	-16584.525000	-19374.795000	8621.370000	15551.730000	26.900452	30.252677	27.396531	33.510738	26.703531	21.811221	9.985951	16.660587	55.363280	-0.854560	-4.578000	0.798887	0.424010	0.356689	-1.000000	-1.000000	-1.000000	-1.000000	-1.000000	-1.000000	-1.000000	73.241379	0.000000	-1.000000	-1.000000	1911546.000000	1773868066.928820
-6584.040000	1238.220000	12461.220000	14823.180000	-16599.465000	-19441.305000	8587.800000	15547.365000	31.214831	47.634299	39.015943	35.153957	28.214537	24.195667	7.172328	15.735918	55.363280	-0.854560	-4.578000	0.798887	0.424010	0.356689	-1.000000	-1.000000	-1.000000	-1.000000	-1.000000	-1.000000	-1.000000	73.241379	0.000000	-1.000000	-1.000000	1911547.000000	1773868066.934301
-6631.290000	1253.970000	12438.945000	14794.425000	-16636.815000	-19448.190000	8601.165000	15501.915000	18.673852	44.262350	29.184411	16.980965	15.612652	9.331323	-2.819336	4.026079	55.363280	-0.854560	-4.578000	0.798887	0.424010	0.356689	-1.000000	-1.000000	-1.000000	-1.000000	-1.000000	-1.000000	-1.000000	73.241379	0.000000	-1.000000	-1.000000	1911548.000000	1773868066.934311
-6579.630000	1332.810000	12502.800000	14856.615000	-16591.410000	-19391.985000	8622.000000	15506.370000	-4.861558	25.510464	8.215408	-8.080774	-2.149577	-11.745096	-12.022635	-14.197580	55.363280	-0.854560	-4.578000	0.798887	0.424010	0.356689	-1.000000	-1.000000	-1.000000	-1.000000	-1.000000	-1.000000	-1.000000	73.241379	0.000000	-1.000000	-1.000000	1911549.000000	1773868066.940691
-6578.325000	1268.775000	12468.735000	14847.120000	-16585.515000	-19397.655000	8643.060000	15550.695000	-24.736741	2.672599	-8.746598	-23.351645	-14.465774	-23.110699	-12.491153	-27.804897	55.363280	-0.854560	-4.578000	0.798887	0.424010	0.356689	-1.000000	-1.000000	-1.000000	-1.000000	-1.000000	-1.000000	-1.000000	73.241379	0.000000	-1.000000	-1.000000	1911550.000000	1773868066.940701
-6601.230000	1216.035000	12428.505000	14817.555000	-16610.670000	-19425.330000	8647.740000	15579.045000	-30.174331	-18.663689	-16.519438	-24.388221	-18.531245	-20.350358	-4.393492	-25.911451	48.496280	-0.854560	-6.332900	0.800169	0.441222	0.354430	-1.000000	-1.000000	-1.000000	-1.000000	-1.000000	-1.000000	-1.000000	73.241379	0.000000	-1.000000	-1.000000	1911551.000000	1773868066.940713
-6605.370000	1199.745000	12412.980000	14799.375000	-16625.790000	-19444.320000	8626.905000	15572.970000	-22.366802	-36.317320	-19.389711	-18.524762	-17.878236	-10.715051	5.433160	-8.409715	48.496280	-0.854560	-6.332900	0.800169	0.441222	0.354430	-1.000000	-1.000000	-1.000000	-1.000000	-1.000000	-1.000000	-1.000000	73.241379	0.000000	-1.000000	-1.000000	1911552.000000	1773868066.940718
-6614.370000	1173.510000	12393.495000	14784.390000	-16633.395000	-19438.830000	8624.340000	15562.890000	-9.466779	-46.972798	-21.042180	-12.643642	-14.847600	-2.193659	10.234513	12.741251	48.496280	-0.854560	-6.332900	0.800169	0.441222	0.354430	-1.000000	-1.000000	-1.000000	-1.000000	-1.000000	-1.000000	-1.000000	73.241379	0.000000	-1.000000	-1.000000	1911553.000000	1773868066.944825
-6599.205000	1193.985000	12409.110000	14794.515000	-16621.875000	-19412.100000	8633.520000	15545.835000	1.666145	-47.546036	-20.794736	-8.018860	-9.609701	2.576539	8.377128	24.224843	48.496280	-0.854560	-6.332900	0.800169	0.441222	0.354430	-1.000000	-1.000000	-1.000000	-1.000000	-1.000000	-1.000000	-1.000000	73.241379	0.000000	-1.000000	-1.000000	1911554.000000	1773868066.944835
-6586.020000	1239.435000	12449.385000	14830.470000	-16585.065000	-19383.030000	8644.320000	15541.920000	9.381108	-34.027136	-14.486593	-1.754129	-2.040888	6.553346	3.518191	21.198377	48.496280	-0.854560	-6.332900	0.800169	0.441222	0.354430	-1.000000	-1.000000	-1.000000	-1.000000	-1.000000	-1.000000	-1.000000	73.241379	0.000000	-1.000000	-1.000000	1911555.000000	1773868066.948947
-6611.940000	1222.920000	12448.035000	14829.930000	-16607.205000	-19406.700000	8643.330000	15541.380000	14.644067	-5.427666	0.783247	8.945549	7.632672	13.136766	0.271198	8.446162	48.496280	-0.854560	-6.332900	0.800169	0.441222	0.354430	-1.000000	-1.000000	-1.000000	-1.000000	-1.000000	-1.000000	-1.000000	73.241379	0.000000	-1.000000	-1.000000	1911556.000000	1773868066.948957
-6591.015000	1217.070000	12451.950000	14824.530000	-16605.270000	-19421.955000	8636.940000	15552.405000	16.777716	27.646619	20.169830	21.167519	16.866363	19.189793	-0.494041	-4.866492	48.496280	-0.854560	-6.332900	0.800169	0.441222	0.354430	-1.000000	-1.000000	-1.000000	-1.000000	-1.000000	-1.000000	-1.000000	73.241379	0.000000	-1.000000	-1.000000	1911557.000000	1773868066.955445
-6595.920000	1194.345000	12438.315000	14816.790000	-16592.895000	-19404.180000	8625.330000	15535.035000	14.064144	47.693209	32.593915	26.680496	20.650293	17.449073	-1.648116	-12.270659	48.496280	-0.854560	-6.332900	0.800169	0.441222	0.354430	-1.000000	-1.000000	-1.000000	-1.000000	-1.000000	-1.000000	-1.000000	73.241379	0.000000	-1.000000	-1.000000	1911558.000000	1773868066.955456
-6616.170000	1180.755000	12429.270000	14822.145000	-16582.815000	-19399.185000	8609.940000	15500.655000	6.265818	45.916491	30.351116	19.983991	15.820645	6.387354	-5.604137	-14.112714	48.496280	-0.854560	-6.332900	0.800169	0.441222	0.354430	-1.000000	-1.000000	-1.000000	-1.000000	-1.000000	-1.000000	-1.000000	73.241379	0.000000	-1.000000	-1.000000	1911559.000000	1773868066.956852
-6622.335000	1209.780000	12443.310000	14823.810000	-16568.145000	-19391.175000	8633.745000	15508.035000	-3.875929	29.100536	16.146154	4.831850	5.262972	-6.996549	-10.532718	-13.896981	48.496280	-0.854560	-6.332900	0.800169	0.441222	0.354430	-1.000000	-1.000000	-1.000000	-1.000000	-1.000000	-1.000000	-1.000000	73.241379	0.000000	-1.000000	-1.000000	1911560.000000	1773868066.956862
-6614.370000	1230.075000	12458.835000	14809.995000	-16557.570000	-19373.220000	8666.235000	15552.990000	-11.496948	10.342595	-0.447405	-9.605695	-4.170669	-14.355576	-10.756001	-11.161846	30.153760	-4.440660	-4.715340	0.790464	0.458983	0.359374	-1.000000	-1.000000	-1.000000	-1.000000	-1.000000	-1.000000	-1.000000	73.241379	0.000000	-1.000000	-1.000000	1911561.000000	1773868066.960865
-6621.435000	1188.405000	12415.410000	14781.735000	-16621.740000	-19417.680000	8664.075000	15580.980000	-13.233428	-3.671362	-12.414814	-17.543744	-9.157036	-13.988092	-3.089375	-2.257508	30.153760	-4.440660	-4.715340	0.790464	0.458983	0.359374	-1.000000	-1.000000	-1.000000	-1.000000	-1.000000	-1.000000	-1.000000	73.241379	0.000000	-1.000000	-1.000000	1911562.000000	1773868066.960876
-6599.745000	1214.595000	12430.980000	14794.245000	-16628.445000	-19434.510000	8639.280000	15565.320000	-9.299249	-13.822419	-18.936480	-18.804266	-12.549477	-11.120464	7.696915	11.703200	30.153760	-4.440660	-4.715340	0.790464	0.458983	0.359374	-1.000000	-1.000000	-1.000000	-1.000000	-1.000000	-1.000000	-1.000000	73.241379	0.000000	-1.000000	-1.000000	1911563.000000	1773868066.964903
-6583.950000	1260.000000	12470.175000	14817.870000	-16626.960000	-19427.715000	8623.845000	15527.610000	-1.849743	-20.186526	-20.360011	-14.714992	-16.287726	-9.660458	13.106387	22.177926	30.153760	-4.440660	-4.715340	0.790464	0.458983	0.359374	-1.000000	-1.000000	-1.000000	-1.000000	-1.000000	-1.000000	-1.000000	73.241379	0.000000	-1.000000	-1.000000	1911564.000000	1773868066.964914
-6568.020000	1264.815000	12501.045000	14871.780000	-16585.425000	-19378.800000	8663.805000	15539.535000	6.671110	-19.409406	-14.827062	-5.410495	-15.973540	-6.593940	10.104686	20.959074	30.153760	-4.440660	-4.715340	0.790464	0.458983	0.359374	-1.000000	-1.000000	-1.000000	-1.000000	-1.000000	-1.000000	-1.000000	73.241379	0.000000	-1.000000	-1.000000	1911565.000000	1773868066.968729
-6564.105000	1246.410000	12518.505000	14903.820000	-16551.090000	-19351.890000	8684.325000	15557.130000	12.782175	-11.504464	-2.593036	8.082685	-6.600541	2.313347	3.512354	8.966588	30.153760	-4.440660	-4.715340	0.790464	0.458983	0.359374	-1.000000	-1.000000	-1.000000	-1.000000	-1.000000	-1.000000	-1.000000	73.241379	0.000000	-1.000000	-1.000000	1911566.000000	1773868066.968741
-6561.720000	1254.735000	12513.645000	14881.995000	-16574.490000	-19371.645000	8653.680000	15588.180000	12.895644	-1.735063	10.727716	20.110297	8.524993	13.905334	-1.117264	-4.727504	30.153760	-4.440660	-4.715340	0.790464	0.458983	0.359374	-1.000000	-1.000000	-1.000000	-1.000000	-1.000000	-1.000000	-1.000000	73.241379	0.000000	-1.000000	-1.000000	1911567.000000	1773868066.973321
-6587.325000	1213.920000	12474.135000	14850.450000	-16592.580000	-19394.820000	8626.455000	15578.505000	6.697121	4.886575	17.473398	22.192276	18.956105	19.267844	-3.737729	-11.628755	30.153760	-4.440660	-4.715340	0.790464	0.458983	0.359374	-1.000000	-1.000000	-1.000000	-1.000000	-1.000000	-1.000000	-1.000000	73.241379	0.000000	-1.000000	-1.000000	1911568.000000	1773868066.973332
-6562.170000	1219.680000	12457.260000	14865.435000	-16564.365000	-19377.720000	8637.570000	15558.570000	-2.362024	5.592290	12.951676	11.387286	17.895672	13.622642	-6.831965	-11.069947	30.153760	-4.440660	-4.715340	0.790464	0.458983	0.359374	-1.000000	-1.000000	-1.000000	-1.000000	-1.000000	-1.000000	-1.000000	73.241379	0.000000	-1.000000	-1.000000	1911569.000000	1773868066.978472
-6577.695000	1216.305000	12447.225000	14871.195000	-16551.405000	-19369.395000	8634.825000	15533.820000	-9.722087	0.747438	-0.605482	-5.156387	8.742753	1.250919	-10.041262	-9.054067	30.153760	-4.440660	-4.715340	0.790464	0.458983	0.359374	-1.000000	-1.000000	-1.000000	-1.000000	-1.000000	-1.000000	-1.000000	73.241379	0.000000	-1.000000	-1.000000	1911570.000000	1773868066.978482
-6606.765000	1189.800000	12428.235000	14834.295000	-16599.870000	-19409.490000	8635.545000	15567.345000	-13.094702	-5.301004	-14.452388	-17.172293	-0.562938	-9.625325	-10.426228	-9.480592	22.447460	-2.792580	1.800680	0.769895	0.457335	0.375609	-1.000000	-1.000000	-1.000000	-1.000000	-1.000000	-1.000000	-1.000000	73.241379	0.000000	-1.000000	-1.000000	1911571.000000	1773868066.980717
-6611.490000	1161.945000	12414.735000	14805.945000	-16628.085000	-19428.210000	8647.830000	15567.255000	-13.395774	-9.084905	-20.777468	-21.015961	-6.733017	-14.438781	-5.615194	-9.007563	22.447460	-2.792580	1.800680	0.769895	0.457335	0.375609	-1.000000	-1.000000	-1.000000	-1.000000	-1.000000	-1.000000	-1.000000	73.241379	0.000000	-1.000000	-1.000000	1911572.000000	1773868066.980731
-6587.145000	1149.030000	12414.150000	14792.580000	-16628.265000	-19427.355000	8636.760000	15551.955000	-11.245661	-10.662881	-18.291668	-19.489841	-10.939457	-13.606761	3.300642	-3.336884	22.447460	-2.792580	1.800680	0.769895	0.457335	0.375609	-1.000000	-1.000000	-1.000000	-1.000000	-1.000000	-1.000000	-1.000000	73.241379	0.000000	-1.000000	-1.000000	1911573.000000	1773868066.984652
-6599.250000	1159.155000	12424.005000	14784.075000	-16601.805000	-19400.670000	8646.570000	15552.855000	-5.834160	-9.387772	-9.770318	-15.614847	-13.040647	-9.172359	10.926681	5.344459	22.447460	-2.792580	1.800680	0.769895	0.457335	0.375609	-1.000000	-1.000000	-1.000000	-1.000000	-1.000000	-1.000000	-1.000000	73.241379	0.000000	-1.000000	-1.000000	1911574.000000	1773868066.984659
-6599.250000	1167.975000	12420.360000	14745.465000	-16606.395000	-19400.220000	8650.080000	15606.495000	1.723877	-2.776686	1.471049	-10.337387	-11.324828	-2.878564	12.377274	11.608358	22.447460	-2.792580	1.800680	0.769895	0.457335	0.375609	-1.000000	-1.000000	-1.000000	-1.000000	-1.000000	-1.000000	-1.000000	73.241379	0.000000	-1.000000	-1.000000	1911575.000000	1773868066.988834
-6577.830000	1182.915000	12422.070000	14759.460000	-16615.440000	-19408.770000	8651.835000	15625.350000	8.891456	9.237386	12.435144	-2.901626	-5.408654	3.863606	8.505435	13.508227	22.447460	-2.792580	1.800680	0.769895	0.457335	0.375609	-1.000000	-1.000000	-1.000000	-1.000000	-1.000000	-1.000000	-1.000000	73.241379	0.000000	-1.000000	-1.000000	1911576.000000	1773868066.988847
-6566.130000	1210.365000	12439.440000	14814.585000	-16592.940000	-19401.255000	8627.445000	15583.725000	14.443042	22.372034	20.883577	8.681590	3.081452	9.602987	3.249391	11.568380	22.447460	-2.792580	1.800680	0.769895	0.457335	0.375609	-1.000000	-1.000000	-1.000000	-1.000000	-1.000000	-1.000000	-1.000000	73.241379	0.000000	-1.000000	-1.000000	1911577.000000	1773868066.992895
-6579.180000	1221.975000	12439.305000	14834.520000	-16607.250000	-19407.240000	8617.815000	15540.255000	16.747633	30.015361	24.853130	23.724033	10.637840	12.300639	-1.797171	5.123135	22.447460	-2.792580	1.800680	0.769895	0.457335	0.375609	-1.000000	-1.000000	-1.000000	-1.000000	-1.000000	-1.000000	-1.000000	73.241379	0.000000	-1.000000	-1.000000	1911578.000000	1773868066.992906
-6638.895000	1187.370000	12402.405000	14809.860000	-16642.080000	-19442.835000	8590.725000	15478.605000	12.830487	26.687129	21.922318	35.298580	13.189470	10.102997	-6.882647	-6.207446	22.447460	-2.792580	1.800680	0.769895	0.457335	0.375609	-1.000000	-1.000000	-1.000000	-1.000000	-1.000000	-1.000000	-1.000000	73.241379	0.000000	-1.000000	-1.000000	1911579.000000	1773868066.996797
-6667.380000	1203.660000	12412.665000	14818.320000	-16628.265000	-19446.165000	8611.830000	15467.085000	1.956748	12.201670	11.312540	35.186623	10.117764	3.944912	-10.585574	-19.237777	22.447460	-2.792580	1.800680	0.769895	0.457335	0.375609	-1.000000	-1.000000	-1.000000	-1.000000	-1.000000	-1.000000	-1.000000	73.241379	0.000000	-1.000000	-1.000000	1911580.000000	1773868066.996807
-6614.055000	1249.920000	12440.970000	14826.555000	-16601.940000	-19430.955000	8646.885000	15546.510000	-10.871299	-6.192782	-2.964937	22.066873	5.615862	-1.969008	-9.488172	-25.512483	31.756060	1.754900	-0.137340	0.772154	0.457213	0.385802	-1.000000	-1.000000	-1.000000	-1.000000	-1.000000	-1.000000	-1.000000	73.241379	0.000000	-1.000000	-1.000000	1911581.000000	1773868067.002151
-6565.320000	1252.395000	12448.530000	14812.830000	-16590.195000	-19408.095000	8647.335000	15604.335000	-16.634268	-18.597060	-14.048395	1.758893	3.409748	-4.019327	-2.178061	-15.718257	31.756060	1.754900	-0.137340	0.772154	0.457213	0.385802	-1.000000	-1.000000	-1.000000	-1.000000	-1.000000	-1.000000	-1.000000	73.241379	0.000000	-1.000000	-1.000000	1911582.000000	1773868067.002161
-6574.005000	1238.355000	12461.085000	14807.700000	-16621.335000	-19403.730000	8649.495000	15587.370000	-10.556519	-21.196276	-17.905574	-17.927178	1.850091	-2.621030	7.191778	8.032738	31.756060	1.754900	-0.137340	0.772154	0.457213	0.385802	-1.000000	-1.000000	-1.000000	-1.000000	-1.000000	-1.000000	-1.000000	73.241379	0.000000	-1.000000	-1.000000	1911583.000000	1773868067.004650
-6530.490000	1307.430000	12518.055000	14862.690000	-16593.390000	-19386.270000	8639.820000	15566.985000	2.740522	-16.687347	-14.277605	-29.194315	-2.206191	-0.406226	12.187355	28.856597	31.756060	1.754900	-0.137340	0.772154	0.457213	0.385802	-1.000000	-1.000000	-1.000000	-1.000000	-1.000000	-1.000000	-1.000000	73.241379	0.000000	-1.000000	-1.000000	1911584.000000	1773868067.004663
-6543.810000	1231.245000	12502.530000	14872.095000	-16611.345000	-19375.290000	8637.930000	15544.395000	14.015624	-9.341502	-5.142842	-27.073050	-7.407504	1.415231	10.213319	30.899832	31.756060	1.754900	-0.137340	0.772154	0.457213	0.385802	-1.000000	-1.000000	-1.000000	-1.000000	-1.000000	-1.000000	-1.000000	73.241379	0.000000	-1.000000	-1.000000	1911585.000000	1773868067.009465
-6578.010000	1184.445000	12472.335000	14870.250000	-16588.710000	-19386.810000	8629.785000	15518.835000	15.663334	-5.268587	3.652039	-15.292205	-10.352951	2.325510	3.629250	14.508919	31.756060	1.754900	-0.137340	0.772154	0.457213	0.385802	-1.000000	-1.000000	-1.000000	-1.000000	-1.000000	-1.000000	-1.000000	73.241379	0.000000	-1.000000	-1.000000	1911586.000000	1773868067.009475
-6582.780000	1215.135000	12473.235000	14885.685000	-16552.125000	-19400.940000	8633.475000	15479.415000	6.297818	-7.710836	5.694060	-3.184605	-8.707941	1.064084	-3.174753	-7.131543	31.756060	1.754900	-0.137340	0.772154	0.457213	0.385802	-1.000000	-1.000000	-1.000000	-1.000000	-1.000000	-1.000000	-1.000000	73.241379	0.000000	-1.000000	-1.000000	1911587.000000	1773868067.012821
-6619.590000	1178.055000	12443.805000	14856.390000	-16562.970000	-19389.960000	8655.525000	15478.020000	-7.098645	-10.837694	1.006728	3.791348	-1.475645	-1.767555	-6.413390	-20.772426	31.756060	1.754900	-0.137340	0.772154	0.457213	0.385802	-1.000000	-1.000000	-1.000000	-1.000000	-1.000000	-1.000000	-1.000000	73.241379	0.000000	-1.000000	-1.000000	1911588.000000	1773868067.012832
-6591.015000	1189.260000	12436.335000	14832.315000	-16600.545000	-19403.010000	8663.490000	15543.540000	-15.421050	-8.026094	-5.841781	4.963418	7.185050	-3.572476	-5.119457	-20.407216	31.756060	1.754900	-0.137340	0.772154	0.457213	0.385802	-1.000000	-1.000000	-1.000000	-1.000000	-1.000000	-1.000000	-1.000000	73.241379	0.000000	-1.000000	-1.000000	1911589.000000	1773868067.016957
-6597.585000	1194.795000	12434.445000	14824.980000	-16600.860000	-19403.685000	8662.995000	15645.240000	-15.611854	0.159229	-11.059207	1.504882	9.263798	-3.897916	-2.101469	-7.629688	31.756060	1.754900	-0.137340	0.772154	0.457213	0.385802	-1.000000	-1.000000	-1.000000	-1.000000	-1.000000	-1.000000	-1.000000	73.241379	0.000000	-1.000000	-1.000000	1911590.000000	1773868067.016968
-6591.555000	1257.210000	12475.260000	14845.230000	-16585.875000	-19388.160000	8655.660000	15600.690000	-10.775108	10.465474	-11.589245	-2.714594	2.507730	-4.363569	-0.933317	9.332122	20.326320	3.982860	0.152600	0.787413	0.473876	0.381835	-1.000000	-1.000000	-1.000000	-1.000000	-1.000000	-1.000000	-1.000000	73.241379	0.000000	-1.000000	-1.000000	1911591.000000	1773868067.020943
-6551.100000	1295.775000	12488.580000	14838.615000	-16609.725000	-19411.200000	8653.590000	15594.255000	-4.136034	20.752417	-5.569060	-3.077873	-6.958935	-5.362701	-2.315309	18.742155	20.326320	3.982860	0.152600	0.787413	0.473876	0.381835	-1.000000	-1.000000	-1.000000	-1.000000	-1.000000	-1.000000	-1.000000	73.241379	0.000000	-1.000000	-1.000000	1911592.000000	1773868067.020953
-6588.180000	1171.980000	12408.075000	14800.815000	-16621.020000	-19426.410000	8647.695000	15574.545000	2.825611	25.710234	3.368557	-0.007253	-12.418305	-6.209685	-4.122777	14.277907	20.326320	3.982860	0.152600	0.787413	0.473876	0.381835	-1.000000	-1.000000	-1.000000	-1.000000	-1.000000	-1.000000	-1.000000	73.241379	0.000000	-1.000000	-1.000000	1911593.000000	1773868067.026088
-6614.730000	1175.535000	12416.760000	14825.970000	-16597.665000	-19400.310000	8639.325000	15559.515000	7.402587	18.515528	8.070435	2.065605	-11.392851	-5.756417	-4.041646	0.448683	20.326320	3.982860	0.152600	0.787413	0.473876	0.381835	-1.000000	-1.000000	-1.000000	-1.000000	-1.000000	-1.000000	-1.000000	73.241379	0.000000	-1.000000	-1.000000	1911594.000000	1773868067.026098
-6611.490000	1200.510000	12442.680000	14852.430000	-16572.645000	-19382.940000	8641.305000	15561.990000	7.832761	2.135295	7.537791	2.269381	-4.492664	-1.799195	-1.554863	-12.271759	20.326320	3.982860	0.152600	0.787413	0.473876	0.381835	-1.000000	-1.000000	-1.000000	-1.000000	-1.000000	-1.000000	-1.000000	73.241379	0.000000	-1.000000	-1.000000	1911595.000000	1773868067.028920
-6609.420000	1192.455000	12425.445000	14817.420000	-16617.195000	-19420.830000	8647.605000	15578.280000	6.627118	-11.903576	7.008767	3.275562	4.639021	5.826553	2.210880	-15.240444	20.326320	3.982860	0.152600	0.787413	0.473876	0.381835	-1.000000	-1.000000	-1.000000	-1.000000	-1.000000	-1.000000	-1.000000	73.241379	0.000000	-1.000000	-1.000000	1911596.000000	1773868067.028930
-6620.265000	1168.155000	12396.870000	14769.720000	-16699.185000	-19451.340000	8654.130000	15595.740000	6.859938	-16.528576	8.416056	4.971832	9.560425	12.114490	5.260508	-7.496927	20.326320	3.982860	0.152600	0.787413	0.473876	0.381835	-1.000000	-1.000000	-1.000000	-1.000000	-1.000000	-1.000000	-1.000000	73.241379	0.000000	-1.000000	-1.000000	1911597.000000	1773868067.032848
-6593.715000	1205.100000	12416.220000	14773.995000	-16648.155000	-19414.890000	8629.200000	15560.100000	7.648005	-12.905443	8.768176	4.885702	7.020931	12.111198	5.390310	2.097304	20.326320	3.982860	0.152600	0.787413	0.473876	0.381835	-1.000000	-1.000000	-1.000000	-1.000000	-1.000000	-1.000000	-1.000000	73.241379	0.000000	-1.000000	-1.000000	1911598.000000	1773868067.032858
-6574.590000	1245.870000	12470.625000	14829.345000	-16547.130000	-19388.115000	8630.280000	15514.920000	6.419132	-5.039928	6.547332	3.569824	2.919319	7.306906	1.923363	1.797153	20.326320	3.982860	0.152600	0.787413	0.473876	0.381835	-1.000000	-1.000000	-1.000000	-1.000000	-1.000000	-1.000000	-1.000000	73.241379	0.000000	-1.000000	-1.000000	1911599.000000	1773868067.036855
-6558.390000	1268.595000	12524.760000	14908.185000	-16448.670000	-19325.430000	8655.210000	15498.315000	2.836606	3.082946	3.832334	4.999963	6.761707	3.144868	-2.394206	-9.480048	20.326320	3.982860	0.152600	0.787413	0.473876	0.381835	-1.000000	-1.000000	-1.000000	-1.000000	-1.000000	-1.000000	-1.000000	73.241379	0.000000	-1.000000	-1.000000	1911600.000000	1773868067.036865
-6526.305000	1314.585000	12551.805000	14913.900000	-16572.870000	-19358.640000	8694.720000	15588.045000	-1.568387	8.425097	2.954920	10.815157	17.680706	2.696297	-2.815191	-18.561959	5.661460	15.748320	-3.402980	0.803526	0.482970	0.369628	-1.000000	-1.000000	-1.000000	-1.000000	-1.000000	-1.000000	-1.000000	73.241379	0.000000	-1.000000	-1.000000	1911601.000000	1773868067.044693
-6560.055000	1276.110000	12492.405000	14849.145000	-16618.275000	-19418.265000	8662.410000	15577.380000	-4.831350	11.308027	3.438195	15.264516	21.138730	2.628075	2.061114	-11.811258	5.661460	15.748320	-3.402980	0.803526	0.482970	0.369628	-1.000000	-1.000000	-1.000000	-1.000000	-1.000000	-1.000000	-1.000000	73.241379	0.000000	-1.000000	-1.000000	1911602.000000	1773868067.044704
-6586.920000	1214.685000	12431.250000	14811.930000	-16620.750000	-19428.120000	8628.345000	15574.410000	-6.242697	11.197802	0.567334	8.870345	6.160496	-3.225913	7.169483	9.398568	5.661460	15.748320	-3.402980	0.803526	0.482970	0.369628	-1.000000	-1.000000	-1.000000	-1.000000	-1.000000	-1.000000	-1.000000	73.241379	0.000000	-1.000000	-1.000000	1911603.000000	1773868067.044715
-6591.195000	1209.015000	12419.820000	14815.530000	-16607.475000	-19413.270000	8644.230000	15610.005000	-6.938910	3.810307	-9.732047	-9.749283	-19.596953	-13.851801	6.471971	30.709682	5.661460	15.748320	-3.402980	0.803526	0.482970	0.369628	-1.000000	-1.000000	-1.000000	-1.000000	-1.000000	-1.000000	-1.000000	73.241379	0.000000	-1.000000	-1.000000	1911604.000000	1773868067.044720
-6586.020000	1191.330000	12430.980000	14836.185000	-16581.285000	-19380.195000	8659.935000	15602.220000	-7.105073	-9.920653	-22.294835	-28.171772	-36.501307	-19.434581	0.311005	38.688315	5.661460	15.748320	-3.402980	0.803526	0.482970	0.369628	-1.000000	-1.000000	-1.000000	-1.000000	-1.000000	-1.000000	-1.000000	73.241379	0.000000	-1.000000	-1.000000	1911605.000000	1773868067.056245
-6553.935000	1176.615000	12463.380000	14867.235000	-16543.080000	-19349.595000	8669.160000	15587.505000	-5.131118	-21.390295	-25.584016	-30.712731	-30.285765	-12.128559	-5.904366	28.247940	5.661460	15.748320	-3.402980	0.803526	0.482970	0.369628	-1.000000	-1.000000	-1.000000	-1.000000	-1.000000	-1.000000	-1.000000	73.241379	0.000000	-1.000000	-1.000000	1911606.000000	1773868067.056258
-6574.590000	1171.530000	12449.835000	14850.630000	-16556.400000	-19373.805000	8663.175000	15569.145000	-1.120729	-24.067786	-15.022583	-14.625210	-5.515550	3.973133	-7.756121	3.753098	5.661460	15.748320	-3.402980	0.803526	0.482970	0.369628	-1.000000	-1.000000	-1.000000	-1.000000	-1.000000	-1.000000	-1.000000	73.241379	0.000000	-1.000000	-1.000000	1911607.000000	1773868067.056272
-6617.385000	1188.495000	12424.455000	14808.555000	-16612.650000	-19424.295000	8632.620000	15534.000000	1.171765	-18.086671	0.894649	6.071496	16.225778	15.003604	-5.482221	-22.458117	5.661460	15.748320	-3.402980	0.803526	0.482970	0.369628	-1.000000	-1.000000	-1.000000	-1.000000	-1.000000	-1.000000	-1.000000	73.241379	0.000000	-1.000000	-1.000000	1911608.000000	1773868067.056277
-6622.920000	1193.445000	12424.680000	14787.045000	-16660.215000	-19464.930000	8610.795000	15526.260000	-1.773315	-7.056531	9.779756	14.204991	16.901717	10.482181	-3.436360	-37.937270	5.661460	15.748320	-3.402980	0.803526	0.482970	0.369628	-1.000000	-1.000000	-1.000000	-1.000000	-1.000000	-1.000000	-1.000000	73.241379	0.000000	-1.000000	-1.000000	1911609.000000	1773868067.056862
-6596.820000	1216.980000	12462.255000	14821.290000	-16616.880000	-19422.765000	8630.595000	15565.995000	-7.377875	5.680277	9.263952	7.203020	1.538406	-4.703441	-4.371727	-37.577127	5.661460	15.748320	-3.402980	0.803526	0.482970	0.369628	-1.000000	-1.000000	-1.000000	-1.000000	-1.000000	-1.000000	-1.000000	73.241379	0.000000	-1.000000	-1.000000	1911610.000000	1773868067.056871
-6577.155000	1229.760000	12467.385000	14830.830000	-16600.635000	-19392.525000	8640.585000	15589.125000	-7.503394	18.774919	8.070714	-1.759073	-9.117285	-13.999134	-4.801985	-22.547683	-4.135460	15.504160	-2.456860	0.798094	0.483641	0.365478	-1.000000	-1.000000	-1.000000	-1.000000	-1.000000	-1.000000	-1.000000	73.241379	0.000000	-1.000000	-1.000000	1911611.000000	1773868067.060700
-6557.445000	1286.595000	12477.645000	14843.385000	-16584.660000	-19387.755000	8635.365000	15567.795000	2.657384	30.805359	13.066936	-0.737490	-3.824407	-7.336932	-0.005506	0.983127	-4.135460	15.504160	-2.456860	0.798094	0.483641	0.365478	-1.000000	-1.000000	-1.000000	-1.000000	-1.000000	-1.000000	-1.000000	73.241379	0.000000	-1.000000	-1.000000	1911612.000000	1773868067.060711
-6604.515000	1201.005000	12439.035000	14817.960000	-16609.995000	-19407.015000	8652.780000	15548.355000	17.302383	36.346323	20.274775	8.662241	10.256926	8.651555	8.366036	21.115589	-4.135460	15.504160	-2.456860	0.798094	0.483641	0.365478	-1.000000	-1.000000	-1.000000	-1.000000	-1.000000	-1.000000	-1.000000	73.241379	0.000000	-1.000000	-1.000000	1911613.000000	1773868067.065591
-6577.965000	1230.660000	12466.530000	14838.660000	-16599.060000	-19398.690000	8654.805000	15510.555000	24.634796	28.393399	20.420348	16.429702	19.710824	19.631265	14.017365	27.037390	-4.135460	15.504160	-2.456860	0.798094	0.483641	0.365478	-1.000000	-1.000000	-1.000000	-1.000000	-1.000000	-1.000000	-1.000000	73.241379	0.000000	-1.000000	-1.000000	1911614.000000	1773868067.065602
-6567.390000	1246.050000	12486.105000	14863.455000	-16559.640000	-19363.770000	8637.165000	15461.550000	18.666380	7.929932	10.101992	15.903944	17.802482	17.970790	12.644133	17.263332	-4.135460	15.504160	-2.456860	0.798094	0.483641	0.365478	-1.000000	-1.000000	-1.000000	-1.000000	-1.000000	-1.000000	-1.000000	73.241379	0.000000	-1.000000	-1.000000	1911615.000000	1773868067.071555
-6570.990000	1219.770000	12457.260000	14835.510000	-16592.580000	-19400.355000	8624.790000	15480.225000	3.959786	-15.365831	-5.699975	7.889253	6.924619	6.972999	4.881741	0.323501	-4.135460	15.504160	-2.456860	0.798094	0.483641	0.365478	-1.000000	-1.000000	-1.000000	-1.000000	-1.000000	-1.000000	-1.000000	73.241379	0.000000	-1.000000	-1.000000	1911616.000000	1773868067.071565
-6581.610000	1201.095000	12431.205000	14812.110000	-16610.085000	-19411.155000	8630.685000	15587.235000	-10.231452	-32.795034	-20.057620	-3.529109	-6.501772	-5.575749	-4.450786	-9.505421	-4.135460	15.504160	-2.456860	0.798094	0.483641	0.365478	-1.000000	-1.000000	-1.000000	-1.000000	-1.000000	-1.000000	-1.000000	73.241379	0.000000	-1.000000	-1.000000	1911617.000000	1773868067.072694
-6594.120000	1191.510000	12434.940000	14827.230000	-16592.175000	-19402.425000	8624.970000	15593.130000	-17.961958	-40.087689	-28.201935	-13.905072	-15.510026	-13.394858	-10.019487	-3.428095	-4.135460	15.504160	-2.456860	0.798094	0.483641	0.365478	-1.000000	-1.000000	-1.000000	-1.000000	-1.000000	-1.000000	-1.000000	73.241379	0.000000	-1.000000	-1.000000	1911618.000000	1773868067.072701
-6640.605000	1127.970000	12388.005000	14788.530000	-16616.700000	-19421.370000	8633.745000	15570.360000	-19.377258	-36.023744	-27.769800	-19.299101	-15.967836	-14.262248	-10.001589	11.024414	-4.135460	15.504160	-2.456860	0.798094	0.483641	0.365478	-1.000000	-1.000000	-1.000000	-1.000000	-1.000000	-1.000000	-1.000000	73.241379	0.000000	-1.000000	-1.000000	1911619.000000	1773868067.076724
-6624.855000	1143.135000	12378.105000	14767.515000	-16628.715000	-19433.070000	8640.720000	15578.685000	-17.086159	-22.949717	-19.454345	-18.739477	-10.658152	-10.903555	-5.779702	18.175338	-4.135460	15.504160	-2.456860	0.798094	0.483641	0.365478	-1.000000	-1.000000	-1.000000	-1.000000	-1.000000	-1.000000	-1.000000	73.241379	0.000000	-1.000000	-1.000000	1911620.000000	1773868067.076729
-6582.240000	1207.485000	12419.010000	14795.235000	-16619.355000	-19414.260000	8646.840000	15601.320000	-10.908792	-4.049778	-5.423792	-13.242213	-5.054453	-6.665589	0.157559	11.939850	-6.958560	16.221380	4.593260	0.778929	0.481261	0.368712	-1.000000	-1.000000	-1.000000	-1.000000	-1.000000	-1.000000	-1.000000	73.241379	0.000000	-1.000000	-1.000000	1911621.000000	1773868067.080747
-6578.100000	1233.405000	12450.105000	14816.970000	-16601.580000	-19412.325000	8649.045000	15579.675000	0.926682	18.949769	12.295733	-2.952237	-0.379954	-1.647685	4.675550	-1.456935	-6.958560	16.221380	4.593260	0.778929	0.481261	0.368712	-1.000000	-1.000000	-1.000000	-1.000000	-1.000000	-1.000000	-1.000000	73.241379	0.000000	-1.000000	-1.000000	1911622.000000	1773868067.080759
-6558.435000	1284.570000	12512.115000	14860.485000	-16575.120000	-19389.015000	8657.010000	15560.190000	15.020041	40.707767	29.136765	10.444811	4.576613	4.230890	5.619082	-13.155539	-6.958560	16.221380	4.593260	0.778929	0.481261	0.368712	-1.000000	-1.000000	-1.000000	-1.000000	-1.000000	-1.000000	-1.000000	73.241379	0.000000	-1.000000	-1.000000	1911623.000000	1773868067.084726
-6559.020000	1285.425000	12533.850000	14885.595000	-16558.110000	-19360.395000	8675.100000	15525.720000	23.272892	50.774030	38.010857	21.882401	8.976237	9.268075	4.089717	-18.352215	-6.958560	16.221380	4.593260	0.778929	0.481261	0.368712	-1.000000	-1.000000	-1.000000	-1.000000	-1.000000	-1.000000	-1.000000	73.241379	0.000000	-1.000000	-1.000000	1911624.000000	1773868067.084755
-6504.795000	1372.680000	12605.040000	14947.515000	-16491.915000	-19316.160000	8684.910000	15516.045000	21.778577	43.104699	35.308743	27.259406	12.039978	13.088508	2.993707	-17.732150	-6.958560	16.221380	4.593260	0.778929	0.481261	0.368712	-1.000000	-1.000000	-1.000000	-1.000000	-1.000000	-1.000000	-1.000000	73.241379	0.000000	-1.000000	-1.000000	1911625.000000	1773868067.089635
-6493.545000	1369.440000	12592.845000	14945.355000	-16486.740000	-19327.680000	8675.550000	15565.680000	13.996213	22.213233	23.106456	25.711426	14.838875	16.010427	3.072465	-14.712016	-6.958560	16.221380	4.593260	0.778929	0.481261	0.368712	-1.000000	-1.000000	-1.000000	-1.000000	-1.000000	-1.000000	-1.000000	73.241379	0.000000	-1.000000	-1.000000	1911626.000000	1773868067.089647
-6586.920000	1208.205000	12443.490000	14807.385000	-16620.615000	-19440.045000	8634.060000	15632.145000	3.712048	-4.736165	3.019376	14.924615	14.019190	13.719489	1.687075	-9.188792	-6.958560	16.221380	4.593260	0.778929	0.481261	0.368712	-1.000000	-1.000000	-1.000000	-1.000000	-1.000000	-1.000000	-1.000000	73.241379	0.000000	-1.000000	-1.000000	1911627.000000	1773868067.096984
-6600.105000	1192.050000	12410.685000	14749.965000	-16749.945000	-19489.185000	8630.820000	15635.070000	-8.826396	-33.336251	-24.068457	-7.749099	0.943119	0.175373	-3.608811	1.802876	-6.958560	16.221380	4.593260	0.778929	0.481261	0.368712	-1.000000	-1.000000	-1.000000	-1.000000	-1.000000	-1.000000	-1.000000	73.241379	0.000000	-1.000000	-1.000000	1911628.000000	1773868067.096995
-6606.855000	1144.620000	12371.580000	14727.285000	-16721.280000	-19454.895000	8639.010000	15604.605000	-21.656852	-56.170142	-49.630023	-35.340083	-23.978034	-20.587930	-10.651864	15.076765	-6.958560	16.221380	4.593260	0.778929	0.481261	0.368712	-1.000000	-1.000000	-1.000000	-1.000000	-1.000000	-1.000000	-1.000000	73.241379	0.000000	-1.000000	-1.000000	1911629.000000	1773868067.097006
-6602.760000	1129.770000	12384.360000	14764.275000	-16630.650000	-19445.715000	8638.785000	15581.835000	-29.011787	-63.469165	-59.918381	-51.622250	-42.830462	-33.855479	-14.082437	21.101753	-6.958560	16.221380	4.593260	0.778929	0.481261	0.368712	-1.000000	-1.000000	-1.000000	-1.000000	-1.000000	-1.000000	-1.000000	73.241379	0.000000	-1.000000	-1.000000	1911630.000000	1773868067.097012
-6604.380000	1192.545000	12430.800000	14807.295000	-16585.830000	-19423.845000	8647.965000	15573.870000	-26.197911	-49.776945	-47.356923	-44.392047	-36.355908	-28.950365	-10.849133	15.294815	-17.594780	17.533740	4.318580	0.771604	0.481505	0.363585	-1.000000	-1.000000	-1.000000	-1.000000	-1.000000	-1.000000	-1.000000	73.241379	0.000000	-1.000000	-1.000000	1911631.000000	1773868067.100887
-6559.155000	1269.720000	12497.445000	14868.720000	-16566.030000	-19368.315000	8658.315000	15582.105000	-13.217505	-16.565120	-15.475076	-15.267363	-5.487205	-8.349647	-2.261594	3.422440	-17.594780	17.533740	4.318580	0.771604	0.481505	0.363585	-1.000000	-1.000000	-1.000000	-1.000000	-1.000000	-1.000000	-1.000000	73.241379	0.000000	-1.000000	-1.000000	1911632.000000	1773868067.100906
-6537.330000	1274.985000	12519.090000	14908.005000	-16524.135000	-19324.035000	8684.730000	15600.645000	5.586645	25.412421	22.936065	21.718639	29.956825	16.965050	7.823592	-4.987832	-17.594780	17.533740	4.318580	0.771604	0.481505	0.363585	-1.000000	-1.000000	-1.000000	-1.000000	-1.000000	-1.000000	-1.000000	73.241379	0.000000	-1.000000	-1.000000	1911633.000000	1773868067.104944
-6565.815000	1256.130000	12493.710000	14878.890000	-16550.820000	-19350.630000	8675.190000	15596.280000	22.003800	56.847692	50.665212	48.070426	48.918646	34.472877	15.104949	-6.207792	-17.594780	17.533740	4.318580	0.771604	0.481505	0.363585	-1.000000	-1.000000	-1.000000	-1.000000	-1.000000	-1.000000	-1.000000	73.241379	0.000000	-1.000000	-1.000000	1911634.000000	1773868067.104954
-6600.105000	1218.645000	12456.360000	14835.735000	-16588.260000	-19382.445000	8648.235000	15553.305000	27.325894	62.335927	55.456265	50.885060	42.338783	35.537699	16.237365	-5.438016	-17.594780	17.533740	4.318580	0.771604	0.481505	0.363585	-1.000000	-1.000000	-1.000000	-1.000000	-1.000000	-1.000000	-1.000000	73.241379	0.000000	-1.000000	-1.000000	1911635.000000	1773868067.108868
-6606.675000	1191.690000	12443.355000	14812.605000	-16618.275000	-19416.195000	8625.330000	15548.895000	20.616076	43.965364	39.616866	32.166114	17.905295	21.302960	10.436250	-9.299939	-17.594780	17.533740	4.318580	0.771604	0.481505	0.363585	-1.000000	-1.000000	-1.000000	-1.000000	-1.000000	-1.000000	-1.000000	73.241379	0.000000	-1.000000	-1.000000	1911636.000000	1773868067.108880
-6597.360000	1171.755000	12424.635000	14792.760000	-16638.615000	-19432.305000	8624.970000	15570.585000	9.103027	16.031483	16.022877	6.080870	-7.046291	1.028207	0.378008	-15.671283	-17.594780	17.533740	4.318580	0.771604	0.481505	0.363585	-1.000000	-1.000000	-1.000000	-1.000000	-1.000000	-1.000000	-1.000000	73.241379	0.000000	-1.000000	-1.000000	1911637.000000	1773868067.112803
-6590.925000	1166.130000	12397.095000	14774.310000	-16648.335000	-19435.590000	8630.775000	15556.455000	-0.505005	-9.060987	-5.075174	-14.901578	-21.814576	-16.617640	-9.087687	-15.683241	-17.594780	17.533740	4.318580	0.771604	0.481505	0.363585	-1.000000	-1.000000	-1.000000	-1.000000	-1.000000	-1.000000	-1.000000	73.241379	0.000000	-1.000000	-1.000000	1911638.000000	1773868067.112815
-6611.400000	1137.780000	12359.205000	14745.240000	-16658.820000	-19440.000000	8636.535000	15552.495000	-6.326538	-25.408373	-20.987307	-27.290062	-28.008235	-26.921707	-13.516772	-5.230247	-17.594780	17.533740	4.318580	0.771604	0.481505	0.363585	-1.000000	-1.000000	-1.000000	-1.000000	-1.000000	-1.000000	-1.000000	73.241379	0.000000	-1.000000	-1.000000	1911639.000000	1773868067.116733
-6602.040000	1151.505000	12371.670000	14751.810000	-16651.665000	-19448.820000	8630.910000	15564.645000	-9.580281	-32.896806	-32.349313	-32.720740	-29.884707	-28.262105	-11.504741	10.797386	-17.594780	17.533740	4.318580	0.771604	0.481505	0.363585	-1.000000	-1.000000	-1.000000	-1.000000	-1.000000	-1.000000	-1.000000	73.241379	0.000000	-1.000000	-1.000000	1911640.000000	1773868067.116743
-6598.350000	1188.270000	12425.940000	14796.315000	-16621.695000	-19411.920000	8641.980000	15564.330000	-11.633603	-33.202879	-37.106645	-31.537004	-26.628868	-21.990831	-5.392829	23.705267	-19.029220	17.091200	3.799740	0.783262	0.478636	0.357360	-1.000000	-1.000000	-1.000000	-1.000000	-1.000000	-1.000000	-1.000000	73.241379	0.000000	-1.000000	-1.000000	1911641.000000	1773868067.120833
-6595.155000	1200.735000	12451.950000	14823.450000	-16577.955000	-19376.955000	8635.185000	15564.735000	-12.218305	-25.525496	-30.138316	-21.554808	-15.158662	-10.261805	0.931602	26.549068	-19.029220	17.091200	3.799740	0.783262	0.478636	0.357360	-1.000000	-1.000000	-1.000000	-1.000000	-1.000000	-1.000000	-1.000000	73.241379	0.000000	-1.000000	-1.000000	1911642.000000	1773868067.120843
-6584.940000	1236.555000	12476.520000	14828.040000	-16625.295000	-19400.220000	8639.730000	15569.910000	-9.407550	-9.077538	-9.890833	-2.560339	3.386322	4.971000	5.093674	17.863088	-19.029220	17.091200	3.799740	0.783262	0.478636	0.357360	-1.000000	-1.000000	-1.000000	-1.000000	-1.000000	-1.000000	-1.000000	73.241379	0.000000	-1.000000	-1.000000	1911643.000000	1773868067.124852
-6548.850000	1283.985000	12502.530000	14841.405000	-16606.395000	-19391.580000	8637.210000	15561.495000	-0.881841	13.924073	17.842212	20.695199	22.571031	20.129821	7.489305	2.699781	-19.029220	17.091200	3.799740	0.783262	0.478636	0.357360	-1.000000	-1.000000	-1.000000	-1.000000	-1.000000	-1.000000	-1.000000	73.241379	0.000000	-1.000000	-1.000000	1911644.000000	1773868067.124864
-6528.285000	1323.585000	12512.880000	14847.885000	-16596.990000	-19387.440000	8646.705000	15560.685000	12.344130	37.264260	41.945753	39.805571	35.912067	30.500953	9.254182	-11.374779	-19.029220	17.091200	3.799740	0.783262	0.478636	0.357360	-1.000000	-1.000000	-1.000000	-1.000000	-1.000000	-1.000000	-1.000000	73.241379	0.000000	-1.000000	-1.000000	1911645.000000	1773868067.128826
-6556.590000	1299.690000	12486.555000	14830.335000	-16622.820000	-19417.905000	8655.930000	15567.840000	22.785053	49.921952	50.285135	45.680572	38.775396	31.353869	9.787471	-18.958249	-19.029220	17.091200	3.799740	0.783262	0.478636	0.357360	-1.000000	-1.000000	-1.000000	-1.000000	-1.000000	-1.000000	-1.000000	73.241379	0.000000	-1.000000	-1.000000	1911646.000000	1773868067.128836
-6575.715000	1255.050000	12456.720000	14810.265000	-16666.155000	-19417.635000	8662.770000	15574.725000	21.353116	41.425381	36.668654	33.333768	27.024085	19.868301	7.495177	-17.809530	-19.029220	17.091200	3.799740	0.783262	0.478636	0.357360	-1.000000	-1.000000	-1.000000	-1.000000	-1.000000	-1.000000	-1.000000	73.241379	0.000000	-1.000000	-1.000000	1911647.000000	1773868067.137812
-6578.910000	1218.960000	12455.145000	14809.095000	-16642.665000	-19372.725000	8657.055000	15565.320000	6.878471	11.125769	6.195929	6.592265	2.178507	0.274124	2.002606	-9.361519	-19.029220	17.091200	3.799740	0.783262	0.478636	0.357360	-1.000000	-1.000000	-1.000000	-1.000000	-1.000000	-1.000000	-1.000000	73.241379	0.000000	-1.000000	-1.000000	1911648.000000	1773868067.137822
-6596.055000	1202.760000	12460.680000	14821.245000	-16573.950000	-19378.125000	8641.800000	15564.105000	-12.608904	-29.051806	-27.423669	-23.022682	-23.660772	-17.367660	-5.321330	1.010142	-19.029220	17.091200	3.799740	0.783262	0.478636	0.357360	-1.000000	-1.000000	-1.000000	-1.000000	-1.000000	-1.000000	-1.000000	73.241379	0.000000	-1.000000	-1.000000	1911649.000000	1773868067.137835
-6578.550000	1232.325000	12467.070000	14832.990000	-16580.385000	-19407.645000	8643.780000	15576.165000	-26.787188	-60.131632	-50.064968	-43.151029	-36.326176	-26.932320	-12.082439	7.657793	-19.029220	17.091200	3.799740	0.783262	0.478636	0.357360	-1.000000	-1.000000	-1.000000	-1.000000	-1.000000	-1.000000	-1.000000	73.241379	0.000000	-1.000000	-1.000000	1911650.000000	1773868067.137840
-6565.815000	1232.235000	12471.255000	14835.600000	-16588.350000	-19393.560000	8646.885000	15573.015000	-28.489279	-66.151683	-53.380123	-46.463704	-32.107448	-28.577576	-15.233321	8.569345	-18.785060	7.172200	-4.425400	0.781675	0.473021	0.351012	-1.000000	-1.000000	-1.000000	-1.000000	-1.000000	-1.000000	-1.000000	73.241379	0.000000	-1.000000	-1.000000	1911651.000000	1773868067.140743
-6581.205000	1209.555000	12486.510000	14850.405000	-16561.800000	-19363.455000	8655.930000	15567.570000	-17.148561	-44.647714	-36.821759	-32.353680	-16.343842	-21.872309	-12.268962	5.066046	-18.785060	7.172200	-4.425400	0.781675	0.473021	0.351012	-1.000000	-1.000000	-1.000000	-1.000000	-1.000000	-1.000000	-1.000000	73.241379	0.000000	-1.000000	-1.000000	1911652.000000	1773868067.140753
-6564.015000	1251.675000	12507.030000	14877.180000	-16543.755000	-19345.365000	8695.800000	15594.300000	0.279853	-7.783660	-7.455609	-6.565448	3.967511	-6.041046	-3.160092	0.353703	-18.785060	7.172200	-4.425400	0.781675	0.473021	0.351012	-1.000000	-1.000000	-1.000000	-1.000000	-1.000000	-1.000000	-1.000000	73.241379	0.000000	-1.000000	-1.000000	1911653.000000	1773868067.147574
-6529.590000	1295.460000	12534.795000	14903.280000	-16517.430000	-19315.395000	8712.585000	15614.595000	15.087511	28.087948	22.960866	20.671750	21.387877	14.119532	8.808185	-1.908602	-18.785060	7.172200	-4.425400	0.781675	0.473021	0.351012	-1.000000	-1.000000	-1.000000	-1.000000	-1.000000	-1.000000	-1.000000	73.241379	0.000000	-1.000000	-1.000000	1911654.000000	1773868067.147586
-6488.415000	1352.070000	12584.025000	14945.490000	-16457.490000	-19285.605000	8727.165000	15621.435000	23.531191	52.223959	44.061777	39.236704	30.220002	29.857275	17.770628	-0.395025	-18.785060	7.172200	-4.425400	0.781675	0.473021	0.351012	-1.000000	-1.000000	-1.000000	-1.000000	-1.000000	-1.000000	-1.000000	73.241379	0.000000	-1.000000	-1.000000	1911655.000000	1773868067.148746
-6514.380000	1294.020000	12535.650000	14904.045000	-16483.140000	-19324.845000	8695.665000	15601.185000	25.495923	59.639456	49.839284	42.728216	28.770633	33.335910	18.177765	2.503937	-18.785060	7.172200	-4.425400	0.781675	0.473021	0.351012	-1.000000	-1.000000	-1.000000	-1.000000	-1.000000	-1.000000	-1.000000	73.241379	0.000000	-1.000000	-1.000000	1911656.000000	1773868067.148756
-6569.955000	1214.460000	12481.740000	14862.195000	-16552.755000	-19346.445000	8650.035000	15551.775000	19.218122	46.602080	36.662847	28.520819	15.451877	20.266630	8.256743	2.485606	-18.785060	7.172200	-4.425400	0.781675	0.473021	0.351012	-1.000000	-1.000000	-1.000000	-1.000000	-1.000000	-1.000000	-1.000000	73.241379	0.000000	-1.000000	-1.000000	1911657.000000	1773868067.152837
-6627.465000	1104.885000	12375.585000	14754.060000	-16711.020000	-19450.800000	8604.855000	15480.765000	2.849948	12.752742	5.180027	-1.173650	-11.924828	-6.340499	-8.448896	-3.622332	-18.785060	7.172200	-4.425400	0.781675	0.473021	0.351012	-1.000000	-1.000000	-1.000000	-1.000000	-1.000000	-1.000000	-1.000000	73.241379	0.000000	-1.000000	-1.000000	1911658.000000	1773868067.152847
-6614.505000	1089.585000	12344.580000	14724.855000	-16712.820000	-19458.495000	8624.205000	15564.195000	-18.890400	-31.443280	-34.137457	-36.325609	-46.602888	-34.882214	-23.639773	-13.219350	-18.785060	7.172200	-4.425400	0.781675	0.473021	0.351012	-1.000000	-1.000000	-1.000000	-1.000000	-1.000000	-1.000000	-1.000000	73.241379	0.000000	-1.000000	-1.000000	1911659.000000	1773868067.156989
-6591.195000	1145.880000	12388.005000	14769.135000	-16652.745000	-19426.455000	8642.295000	15598.080000	-33.877670	-63.644179	-61.310766	-59.003116	-67.124679	-49.517435	-27.754351	-16.448446	-18.785060	7.172200	-4.425400	0.781675	0.473021	0.351012	-1.000000	-1.000000	-1.000000	-1.000000	-1.000000	-1.000000	-1.000000	73.241379	0.000000	-1.000000	-1.000000	1911660.000000	1773868067.156999
-6605.055000	1194.795000	12424.095000	14789.880000	-16641.855000	-19429.335000	8622.270000	15531.435000	-31.851601	-62.731875	-58.374930	-53.174630	-53.507252	-40.054692	-17.427182	-7.534894	-25.697840	8.301440	9.857960	0.767942	0.469725	0.353271	-1.000000	-1.000000	-1.000000	-1.000000	-1.000000	-1.000000	-1.000000	73.241379	0.000000	-1.000000	-1.000000	1911661.000000	1773868067.160744
-6584.580000	1279.035000	12504.330000	14843.880000	-16593.840000	-19388.700000	8644.320000	15524.730000	-14.242640	-27.194941	-24.008953	-19.089514	-8.918173	-10.658632	0.616028	5.754257	-25.697840	8.301440	9.857960	0.767942	0.469725	0.353271	-1.000000	-1.000000	-1.000000	-1.000000	-1.000000	-1.000000	-1.000000	73.241379	0.000000	-1.000000	-1.000000	1911662.000000	1773868067.160754
-6563.385000	1262.430000	12509.595000	14859.315000	-16575.480000	-19368.270000	8676.135000	15531.165000	7.991274	21.738836	24.006866	25.396172	42.384274	23.492690	16.392680	12.491304	-25.697840	8.301440	9.857960	0.767942	0.469725	0.353271	-1.000000	-1.000000	-1.000000	-1.000000	-1.000000	-1.000000	-1.000000	73.241379	0.000000	-1.000000	-1.000000	1911663.000000	1773868067.164863
-6597.900000	1188.405000	12453.120000	14814.585000	-16611.345000	-19397.970000	8660.385000	15557.895000	23.411571	54.727035	59.196998	56.679198	73.182845	46.025686	24.161078	11.208422	-25.697840	8.301440	9.857960	0.767942	0.469725	0.353271	-1.000000	-1.000000	-1.000000	-1.000000	-1.000000	-1.000000	-1.000000	73.241379	0.000000	-1.000000	-1.000000	1911664.000000	1773868067.164874
-6568.515000	1211.535000	12449.070000	14803.560000	-16626.780000	-19415.520000	8630.145000	15566.355000	26.725059	55.442645	63.301663	59.764978	69.397658	47.176149	22.599131	7.931614	-25.697840	8.301440	9.857960	0.767942	0.469725	0.353271	-1.000000	-1.000000	-1.000000	-1.000000	-1.000000	-1.000000	-1.000000	73.241379	0.000000	-1.000000	-1.000000	1911665.000000	1773868067.168675
-6546.195000	1257.480000	12463.335000	14813.235000	-16613.145000	-19398.735000	8640.855000	15584.130000	21.647651	32.623369	39.408640	37.758119	38.436510	29.581530	14.209350	8.227040	-25.697840	8.301440	9.857960	0.767942	0.469725	0.353271	-1.000000	-1.000000	-1.000000	-1.000000	-1.000000	-1.000000	-1.000000	73.241379	0.000000	-1.000000	-1.000000	1911666.000000	1773868067.168686
-6553.395000	1258.245000	12468.240000	14818.995000	-16614.225000	-19395.855000	8648.730000	15584.760000	15.112393	7.757820	6.839277	7.767528	2.428000	6.676212	4.528538	11.928641	-25.697840	8.301440	9.857960	0.767942	0.469725	0.353271	-1.000000	-1.000000	-1.000000	-1.000000	-1.000000	-1.000000	-1.000000	73.241379	0.000000	-1.000000	-1.000000	1911667.000000	1773868067.172750
-6604.155000	1205.640000	12432.060000	14772.690000	-16665.435000	-19408.500000	8637.705000	15556.995000	7.735548	-8.050957	-17.525568	-14.968403	-21.719627	-9.531132	-2.756328	11.999049	-25.697840	8.301440	9.857960	0.767942	0.469725	0.353271	-1.000000	-1.000000	-1.000000	-1.000000	-1.000000	-1.000000	-1.000000	73.241379	0.000000	-1.000000	-1.000000	1911668.000000	1773868067.172759
-6610.770000	1192.320000	12425.175000	14767.695000	-16642.485000	-19398.645000	8633.520000	15556.410000	-4.109050	-18.930006	-30.103632	-27.260532	-32.739482	-17.167789	-8.091496	2.142707	-25.697840	8.301440	9.857960	0.767942	0.469725	0.353271	-1.000000	-1.000000	-1.000000	-1.000000	-1.000000	-1.000000	-1.000000	73.241379	0.000000	-1.000000	-1.000000	1911669.000000	1773868067.176797
-6579.900000	1247.490000	12473.190000	14818.455000	-16627.860000	-19441.350000	8644.410000	15567.255000	-18.147319	-29.724963	-34.237133	-31.632009	-35.087784	-20.205322	-12.069014	-12.979458	-25.697840	8.301440	9.857960	0.767942	0.469725	0.353271	-1.000000	-1.000000	-1.000000	-1.000000	-1.000000	-1.000000	-1.000000	73.241379	0.000000	-1.000000	-1.000000	1911670.000000	1773868067.176805
-6568.920000	1291.860000	12511.755000	14862.645000	-16584.030000	-19402.830000	8661.285000	15560.910000	-26.176358	-36.275017	-30.991641	-27.928506	-29.968875	-21.537666	-13.500815	-22.301654	-21.928620	-2.716280	-3.280900	0.768064	0.465636	0.356261	-1.000000	-1.000000	-1.000000	-1.000000	-1.000000	-1.000000	-1.000000	73.241379	0.000000	-1.000000	-1.000000	1911671.000000	1773868067.180808
-6556.050000	1294.695000	12510.945000	14857.560000	-16585.380000	-19360.980000	8652.645000	15548.760000	-23.162576	-30.847678	-19.761882	-15.946347	-18.008519	-19.577261	-11.771051	-21.113902	-21.928620	-2.716280	-3.280900	0.768064	0.465636	0.356261	-1.000000	-1.000000	-1.000000	-1.000000	-1.000000	-1.000000	-1.000000	73.241379	0.000000	-1.000000	-1.000000	1911672.000000	1773868067.180822
-6561.945000	1246.230000	12462.930000	14812.695000	-16626.870000	-19421.460000	8629.245000	15566.265000	-10.900731	-12.325286	-3.087647	-0.132122	-2.842044	-11.256799	-7.584406	-12.733362	-21.928620	-2.716280	-3.280900	0.768064	0.465636	0.356261	-1.000000	-1.000000	-1.000000	-1.000000	-1.000000	-1.000000	-1.000000	73.241379	0.000000	-1.000000	-1.000000	1911673.000000	1773868067.184838
-6609.645000	1183.950000	12422.160000	14780.205000	-16650.360000	-19443.780000	8630.595000	15574.320000	3.511241	9.262415	11.729894	11.754388	9.458580	0.578374	-1.718618	-1.856724	-21.928620	-2.716280	-3.280900	0.768064	0.465636	0.356261	-1.000000	-1.000000	-1.000000	-1.000000	-1.000000	-1.000000	-1.000000	73.241379	0.000000	-1.000000	-1.000000	1911674.000000	1773868067.184846
-6570.855000	1229.850000	12453.030000	14806.710000	-16615.665000	-19403.190000	8632.980000	15567.660000	12.247968	21.145781	18.003818	14.846733	15.209330	9.851349	4.811022	8.116150	-21.928620	-2.716280	-3.280900	0.768064	0.465636	0.356261	-1.000000	-1.000000	-1.000000	-1.000000	-1.000000	-1.000000	-1.000000	73.241379	0.000000	-1.000000	-1.000000	1911675.000000	1773868067.188760
-6542.415000	1279.980000	12493.530000	14841.900000	-16603.650000	-19402.650000	8636.760000	15560.010000	14.162783	21.726792	16.930047	12.027953	16.400341	14.862266	9.849715	13.786288	-21.928620	-2.716280	-3.280900	0.768064	0.465636	0.356261	-1.000000	-1.000000	-1.000000	-1.000000	-1.000000	-1.000000	-1.000000	73.241379	0.000000	-1.000000	-1.000000	1911676.000000	1773868067.188771
-6545.340000	1276.695000	12502.440000	14856.885000	-16591.365000	-19386.270000	8635.635000	15577.785000	13.730032	18.779043	14.558895	9.780496	16.159976	16.319584	11.243729	13.291641	-21.928620	-2.716280	-3.280900	0.768064	0.465636	0.356261	-1.000000	-1.000000	-1.000000	-1.000000	-1.000000	-1.000000	-1.000000	73.241379	0.000000	-1.000000	-1.000000	1911677.000000	1773868067.192840
-6567.930000	1263.195000	12499.605000	14847.795000	-16585.695000	-19373.040000	8655.705000	15594.885000	12.337142	15.532640	12.481632	9.433628	13.768827	14.180919	8.887479	8.923576	-21.928620	-2.716280	-3.280900	0.768064	0.465636	0.356261	-1.000000	-1.000000	-1.000000	-1.000000	-1.000000	-1.000000	-1.000000	73.241379	0.000000	-1.000000	-1.000000	1911678.000000	1773868067.192850
-6561.270000	1208.160000	12463.560000	14826.195000	-16584.480000	-19367.730000	8672.355000	15597.495000	6.891015	6.870285	6.058127	5.597836	6.549085	9.006791	4.533444	4.483144	-21.928620	-2.716280	-3.280900	0.768064	0.465636	0.356261	-1.000000	-1.000000	-1.000000	-1.000000	-1.000000	-1.000000	-1.000000	73.241379	0.000000	-1.000000	-1.000000	1911679.000000	1773868067.196807
-6544.215000	1214.325000	12472.560000	14833.755000	-16583.355000	-19370.700000	8651.160000	15584.310000	-3.196222	-10.215118	-7.538602	-5.533854	-5.498055	1.238873	-0.497396	1.099752	-21.928620	-2.716280	-3.280900	0.768064	0.465636	0.356261	-1.000000	-1.000000	-1.000000	-1.000000	-1.000000	-1.000000	-1.000000	73.241379	0.000000	-1.000000	-1.000000	1911680.000000	1773868067.196816
-6574.815000	1217.385000	12459.555000	14812.695000	-16635.240000	-19421.595000	8647.425000	15578.775000	-13.237278	-26.954423	-21.752900	-18.574491	-17.908181	-8.950763	-5.532840	-2.310620	-23.958200	5.112100	4.578000	0.776915	0.471984	0.360473	-1.000000	-1.000000	-1.000000	-1.000000	-1.000000	-1.000000	-1.000000	73.241379	0.000000	-1.000000	-1.000000	1911681.000000	1773868067.201614
-6590.790000	1199.160000	12440.295000	14797.530000	-16625.880000	-19400.265000	8681.085000	15577.830000	-18.033549	-29.421494	-25.522513	-23.322938	-23.909935	-17.850284	-8.045227	-6.316299	-23.958200	5.112100	4.578000	0.776915	0.471984	0.360473	-1.000000	-1.000000	-1.000000	-1.000000	-1.000000	-1.000000	-1.000000	73.241379	0.000000	-1.000000	-1.000000	1911682.000000	1773868067.201624
-6595.605000	1221.345000	12470.355000	14819.535000	-16603.065000	-19374.480000	8689.860000	15561.135000	-15.534433	-13.688928	-14.705905	-15.103001	-18.726720	-18.675067	-5.124328	-9.839482	-23.958200	5.112100	4.578000	0.776915	0.471984	0.360473	-1.000000	-1.000000	-1.000000	-1.000000	-1.000000	-1.000000	-1.000000	73.241379	0.000000	-1.000000	-1.000000	1911683.000000	1773868067.204938
-6603.615000	1206.585000	12451.770000	14793.705000	-16635.285000	-19415.385000	8639.820000	15544.170000	-7.641931	9.794044	3.986043	0.979295	-4.548973	-10.047515	0.912668	-11.170274	-23.958200	5.112100	4.578000	0.776915	0.471984	0.360473	-1.000000	-1.000000	-1.000000	-1.000000	-1.000000	-1.000000	-1.000000	73.241379	0.000000	-1.000000	-1.000000	1911684.000000	1773868067.204948
-6593.580000	1208.925000	12445.830000	14790.150000	-16637.085000	-19438.740000	8593.560000	15540.120000	1.147647	25.409491	18.218126	14.135351	9.538646	0.570462	2.941690	-9.441233	-23.958200	5.112100	4.578000	0.776915	0.471984	0.360473	-1.000000	-1.000000	-1.000000	-1.000000	-1.000000	-1.000000	-1.000000	73.241379	0.000000	-1.000000	-1.000000	1911685.000000	1773868067.208892
-6552.765000	1268.730000	12490.650000	14825.205000	-16626.645000	-19416.375000	8619.525000	15567.300000	8.415460	26.087872	20.526871	17.516672	15.757009	5.735125	-2.213252	-4.671131	-23.958200	5.112100	4.578000	0.776915	0.471984	0.360473	-1.000000	-1.000000	-1.000000	-1.000000	-1.000000	-1.000000	-1.000000	73.241379	0.000000	-1.000000	-1.000000	1911686.000000	1773868067.208902
-6548.445000	1247.760000	12497.445000	14850.045000	-16615.395000	-19399.050000	8662.770000	15616.530000	14.473901	16.740721	13.744443	13.395480	13.483782	5.685696	-8.853258	2.929625	-23.958200	5.112100	4.578000	0.776915	0.471984	0.360473	-1.000000	-1.000000	-1.000000	-1.000000	-1.000000	-1.000000	-1.000000	73.241379	0.000000	-1.000000	-1.000000	1911687.000000	1773868067.212944
-6567.210000	1214.595000	12466.980000	14808.330000	-16632.720000	-19380.555000	8699.040000	15616.305000	17.355994	4.407648	4.313802	6.939043	6.469757	4.894163	-8.736477	12.031852	-23.958200	5.112100	4.578000	0.776915	0.471984	0.360473	-1.000000	-1.000000	-1.000000	-1.000000	-1.000000	-1.000000	-1.000000	73.241379	0.000000	-1.000000	-1.000000	1911688.000000	1773868067.212955
-6568.290000	1218.825000	12456.810000	14791.770000	-16633.845000	-19372.815000	8686.755000	15564.960000	13.304661	-7.403079	-4.436198	-0.195836	-1.029032	5.930091	0.115985	18.039875	-23.958200	5.112100	4.578000	0.776915	0.471984	0.360473	-1.000000	-1.000000	-1.000000	-1.000000	-1.000000	-1.000000	-1.000000	73.241379	0.000000	-1.000000	-1.000000	1911689.000000	1773868067.216961
-6579.090000	1233.765000	12462.435000	14827.185000	-16610.220000	-19401.525000	8639.235000	15532.245000	3.237179	-15.110820	-10.208238	-6.265379	-4.408409	8.316432	11.011097	14.937477	-23.958200	5.112100	4.578000	0.776915	0.471984	0.360473	-1.000000	-1.000000	-1.000000	-1.000000	-1.000000	-1.000000	-1.000000	73.241379	0.000000	-1.000000	-1.000000	1911690.000000	1773868067.216972
-6566.355000	1253.745000	12435.615000	14815.395000	-16611.840000	-19418.490000	8631.315000	15553.395000	-6.606878	-14.635824	-10.592854	-7.259803	-1.272161	8.872912	14.168549	2.569019	-23.622480	6.683880	5.646200	0.790281	0.458495	0.361877	-1.000000	-1.000000	-1.000000	-1.000000	-1.000000	-1.000000	-1.000000	73.241379	0.000000	-1.000000	-1.000000	1911691.000000	1773868067.227282
-6637.320000	1058.310000	12355.965000	14766.255000	-16628.715000	-19412.325000	8619.255000	15534.405000	-11.757490	-9.145018	-7.804534	-3.693008	4.471112	4.334031	6.628930	-10.857635	-23.622480	6.683880	5.646200	0.790281	0.458495	0.361877	-1.000000	-1.000000	-1.000000	-1.000000	-1.000000	-1.000000	-1.000000	73.241379	0.000000	-1.000000	-1.000000	1911692.000000	1773868067.227293
-6624.675000	1015.515000	12377.160000	14783.535000	-16614.675000	-19394.910000	8628.345000	15547.410000	-13.226411	-9.565767	-6.841841	-0.966309	6.798726	-3.100593	-4.317758	-16.487712	-23.622480	6.683880	5.646200	0.790281	0.458495	0.361877	-1.000000	-1.000000	-1.000000	-1.000000	-1.000000	-1.000000	-1.000000	73.241379	0.000000	-1.000000	-1.000000	1911693.000000	1773868067.227306
-6583.905000	1121.760000	12455.370000	14840.640000	-16560.495000	-19358.055000	8662.680000	15561.450000	-12.112503	-17.270045	-6.371955	-0.572017	4.893663	-6.964823	-8.606818	-12.014829	-23.622480	6.683880	5.646200	0.790281	0.458495	0.361877	-1.000000	-1.000000	-1.000000	-1.000000	-1.000000	-1.000000	-1.000000	73.241379	0.000000	-1.000000	-1.000000	1911694.000000	1773868067.227311
-6564.195000	1244.970000	12526.695000	14877.675000	-16536.330000	-19338.345000	8684.370000	15562.620000	-6.839415	-17.158348	-0.052744	0.721836	2.121877	-4.379773	-3.359404	-2.096178	-23.622480	6.683880	5.646200	0.790281	0.458495	0.361877	-1.000000	-1.000000	-1.000000	-1.000000	-1.000000	-1.000000	-1.000000	73.241379	0.000000	-1.000000	-1.000000	1911695.000000	1773868067.229279
-6595.965000	1298.430000	12504.060000	14827.680000	-16609.320000	-19397.880000	8671.410000	15574.680000	1.652733	2.989420	12.551424	3.415882	-0.704597	0.158015	4.626957	5.761760	-23.622480	6.683880	5.646200	0.790281	0.458495	0.361877	-1.000000	-1.000000	-1.000000	-1.000000	-1.000000	-1.000000	-1.000000	73.241379	0.000000	-1.000000	-1.000000	1911696.000000	1773868067.229289
-6592.815000	1324.035000	12478.860000	14795.460000	-16644.015000	-19432.755000	8628.390000	15565.590000	8.607785	35.618552	22.912426	3.747940	-6.570478	-0.912665	6.089864	7.796727	-23.622480	6.683880	5.646200	0.790281	0.458495	0.361877	-1.000000	-1.000000	-1.000000	-1.000000	-1.000000	-1.000000	-1.000000	73.241379	0.000000	-1.000000	-1.000000	1911697.000000	1773868067.232966
-6577.515000	1316.745000	12488.265000	14820.480000	-16613.505000	-19402.290000	8629.065000	15538.860000	10.967607	58.594729	22.305974	0.036997	-14.761782	-8.358193	-0.923594	5.970057	-23.622480	6.683880	5.646200	0.790281	0.458495	0.361877	-1.000000	-1.000000	-1.000000	-1.000000	-1.000000	-1.000000	-1.000000	73.241379	0.000000	-1.000000	-1.000000	1911698.000000	1773868067.232977
-6545.160000	1287.855000	12483.495000	14827.275000	-16592.130000	-19376.370000	8671.725000	15553.080000	10.200184	53.341524	10.565426	-4.345692	-18.187771	-13.055820	-8.655740	3.525619	-23.622480	6.683880	5.646200	0.790281	0.458495	0.361877	-1.000000	-1.000000	-1.000000	-1.000000	-1.000000	-1.000000	-1.000000	73.241379	0.000000	-1.000000	-1.000000	1911699.000000	1773868067.236845
-6471.945000	1351.035000	12559.320000	14902.245000	-16505.730000	-19304.595000	8721.135000	15591.375000	10.036996	20.990499	-3.724156	-4.291259	-10.710455	-6.452351	-7.656319	2.386783	-23.622480	6.683880	5.646200	0.790281	0.458495	0.361877	-1.000000	-1.000000	-1.000000	-1.000000	-1.000000	-1.000000	-1.000000	73.241379	0.000000	-1.000000	-1.000000	1911700.000000	1773868067.236855
-6497.640000	1330.605000	12563.145000	14913.900000	-16479.765000	-19288.980000	8699.895000	15585.570000	12.312354	-16.769213	-10.219719	2.961613	6.886294	9.797932	3.057318	3.273077	-13.001520	3.464020	-1.968540	0.798704	0.428954	0.371215	-1.000000	-1.000000	-1.000000	-1.000000	-1.000000	-1.000000	-1.000000	73.241379	0.000000	-1.000000	-1.000000	1911701.000000	1773868067.240916
-6586.920000	1192.050000	12454.560000	14817.060000	-16591.320000	-19390.005000	8615.970000	15547.815000	11.607270	-40.629939	-8.969085	11.687187	23.673590	23.392843	13.431361	3.889972	-13.001520	3.464020	-1.968540	0.798704	0.428954	0.371215	-1.000000	-1.000000	-1.000000	-1.000000	-1.000000	-1.000000	-1.000000	73.241379	0.000000	-1.000000	-1.000000	1911702.000000	1773868067.240926
-6628.185000	1129.455000	12381.930000	14735.610000	-16712.415000	-19478.520000	8601.075000	15495.390000	-1.254979	-52.946724	-12.728406	8.242496	22.095027	19.055212	11.113124	-0.588589	-13.001520	3.464020	-1.968540	0.798704	0.428954	0.371215	-1.000000	-1.000000	-1.000000	-1.000000	-1.000000	-1.000000	-1.000000	73.241379	0.000000	-1.000000	-1.000000	1911703.000000	1773868067.246613
-6623.955000	1141.335000	12409.065000	14771.385000	-16668.045000	-19442.745000	8664.030000	15548.805000	-24.435655	-62.014748	-27.742329	-11.507301	-2.536199	-4.915936	-4.089556	-10.541413	-13.001520	3.464020	-1.968540	0.798704	0.428954	0.371215	-1.000000	-1.000000	-1.000000	-1.000000	-1.000000	-1.000000	-1.000000	73.241379	0.000000	-1.000000	-1.000000	1911704.000000	1773868067.246624
-6550.245000	1277.505000	12550.410000	14911.515000	-16528.005000	-19314.135000	8757.720000	15611.265000	-40.776099	-60.032977	-38.530820	-29.420583	-28.124680	-27.986207	-17.036809	-17.407525	-13.001520	3.464020	-1.968540	0.798704	0.428954	0.371215	-1.000000	-1.000000	-1.000000	-1.000000	-1.000000	-1.000000	-1.000000	73.241379	0.000000	-1.000000	-1.000000	1911705.000000	1773868067.248775
-6545.565000	1300.005000	12571.920000	14925.780000	-16514.280000	-19309.095000	8741.115000	15554.970000	-34.251333	-32.667718	-24.254385	-22.899651	-27.045446	-26.695452	-13.255300	-12.551821	-13.001520	3.464020	-1.968540	0.798704	0.428954	0.371215	-1.000000	-1.000000	-1.000000	-1.000000	-1.000000	-1.000000	-1.000000	73.241379	0.000000	-1.000000	-1.000000	1911706.000000	1773868067.248785
-6614.640000	1087.155000	12415.185000	14786.910000	-16631.595000	-19374.975000	8653.635000	15535.935000	-8.272925	13.611780	11.040000	4.661912	-0.594473	-2.455960	3.151101	1.007250	-13.001520	3.464020	-1.968540	0.798704	0.428954	0.371215	-1.000000	-1.000000	-1.000000	-1.000000	-1.000000	-1.000000	-1.000000	73.241379	0.000000	-1.000000	-1.000000	1911707.000000	1773868067.258902
-6624.495000	1085.265000	12395.610000	14755.455000	-16667.820000	-19467.945000	8554.635000	15574.050000	17.113769	50.085863	38.759709	25.701039	22.688900	19.671467	12.588866	12.626666	-13.001520	3.464020	-1.968540	0.798704	0.428954	0.371215	-1.000000	-1.000000	-1.000000	-1.000000	-1.000000	-1.000000	-1.000000	73.241379	0.000000	-1.000000	-1.000000	1911708.000000	1773868067.258923
-6588.450000	1224.045000	12468.015000	14803.515000	-16627.500000	-19447.065000	8545.095000	15615.495000	26.490442	59.185560	39.493432	22.271212	21.819197	19.027633	2.522981	16.373294	-13.001520	3.464020	-1.968540	0.798704	0.428954	0.371215	-1.000000	-1.000000	-1.000000	-1.000000	-1.000000	-1.000000	-1.000000	73.241379	0.000000	-1.000000	-1.000000	1911709.000000	1773868067.258939
-6534.270000	1378.305000	12588.345000	14907.465000	-16544.745000	-19334.655000	8621.730000	15602.580000	22.685892	53.230285	22.898123	4.713563	4.232234	1.291752	-16.270376	13.661648	-13.001520	3.464020	-1.968540	0.798704	0.428954	0.371215	-1.000000	-1.000000	-1.000000	-1.000000	-1.000000	-1.000000	-1.000000	73.241379	0.000000	-1.000000	-1.000000	1911710.000000	1773868067.258945
-6549.930000	1345.635000	12563.010000	14888.385000	-16581.600000	-19306.215000	8687.295000	15582.420000	17.792556	50.288339	10.544623	-4.765629	-7.683964	-9.364942	-20.362144	7.785197	11.765460	-1.327620	1.236060	0.800962	0.425658	0.386352	-1.000000	-1.000000	-1.000000	-1.000000	-1.000000	-1.000000	-1.000000	73.241379	0.000000	-1.000000	-1.000000	1911711.000000	1773868067.260770
-6598.350000	1229.355000	12416.760000	14744.295000	-16699.815000	-19438.605000	8661.690000	15563.430000	15.863899	45.659672	7.451045	-0.167331	-4.361766	-1.271481	-1.384172	0.478153	11.765460	-1.327620	1.236060	0.800962	0.425658	0.386352	-1.000000	-1.000000	-1.000000	-1.000000	-1.000000	-1.000000	-1.000000	73.241379	0.000000	-1.000000	-1.000000	1911712.000000	1773868067.260782
-6601.995000	1197.045000	12370.005000	14698.980000	-16727.580000	-19536.345000	8612.910000	15552.855000	10.624930	20.393248	-0.639108	3.163106	2.278431	9.755785	22.827162	-8.282829	11.765460	-1.327620	1.236060	0.800962	0.425658	0.386352	-1.000000	-1.000000	-1.000000	-1.000000	-1.000000	-1.000000	-1.000000	73.241379	0.000000	-1.000000	-1.000000	1911713.000000	1773868067.264963
-6583.140000	1191.375000	12401.685000	14748.795000	-16641.990000	-19479.735000	8621.190000	15553.170000	-2.239474	-28.500663	-22.145635	-7.201809	-0.770920	4.154466	28.979012	-17.429538	11.765460	-1.327620	1.236060	0.800962	0.425658	0.386352	-1.000000	-1.000000	-1.000000	-1.000000	-1.000000	-1.000000	-1.000000	73.241379	0.000000	-1.000000	-1.000000	1911714.000000	1773868067.264975
-6591.555000	1203.570000	12426.660000	14766.570000	-16650.945000	-19458.990000	8622.630000	15555.915000	-17.416415	-76.603736	-43.363376	-22.171250	-9.216404	-13.591130	14.139276	-21.212572	11.765460	-1.327620	1.236060	0.800962	0.425658	0.386352	-1.000000	-1.000000	-1.000000	-1.000000	-1.000000	-1.000000	-1.000000	73.241379	0.000000	-1.000000	-1.000000	1911715.000000	1773868067.268919
-6588.090000	1247.310000	12465.495000	14789.070000	-16652.655000	-19451.925000	8617.410000	15549.885000	-24.872983	-89.731288	-41.629300	-22.441198	-10.017478	-22.376974	-4.996120	-14.403471	11.765460	-1.327620	1.236060	0.800962	0.425658	0.386352	-1.000000	-1.000000	-1.000000	-1.000000	-1.000000	-1.000000	-1.000000	73.241379	0.000000	-1.000000	-1.000000	1911716.000000	1773868067.268928
-6592.185000	1277.010000	12496.905000	14817.285000	-16633.845000	-19438.290000	8629.245000	15542.820000	-20.165346	-55.735691	-11.193371	-1.952132	0.640115	-10.723175	-12.352212	-0.954214	11.765460	-1.327620	1.236060	0.800962	0.425658	0.386352	-1.000000	-1.000000	-1.000000	-1.000000	-1.000000	-1.000000	-1.000000	73.241379	0.000000	-1.000000	-1.000000	1911717.000000	1773868067.272794
-6584.400000	1267.470000	12492.405000	14827.905000	-16607.880000	-19421.190000	8645.085000	15552.090000	-8.335793	0.772714	27.494783	24.558937	13.814036	12.514040	-5.971022	9.753091	11.765460	-1.327620	1.236060	0.800962	0.425658	0.386352	-1.000000	-1.000000	-1.000000	-1.000000	-1.000000	-1.000000	-1.000000	73.241379	0.000000	-1.000000	-1.000000	1911718.000000	1773868067.272804
-6607.935000	1121.670000	12405.735000	14783.760000	-16625.385000	-19422.315000	8656.785000	15570.900000	2.251182	39.859135	45.649824	35.934974	18.354634	28.460753	4.134564	13.750269	11.765460	-1.327620	1.236060	0.800962	0.425658	0.386352	-1.000000	-1.000000	-1.000000	-1.000000	-1.000000	-1.000000	-1.000000	73.241379	0.000000	-1.000000	-1.000000	1911719.000000	1773868067.276848
-6581.745000	1185.435000	12448.980000	14797.800000	-16638.480000	-19426.545000	8647.470000	15559.605000	7.906999	42.209530	33.327319	25.146503	12.345658	26.644967	7.013953	13.859315	11.765460	-1.327620	1.236060	0.800962	0.425658	0.386352	-1.000000	-1.000000	-1.000000	-1.000000	-1.000000	-1.000000	-1.000000	73.241379	0.000000	-1.000000	-1.000000	1911720.000000	1773868067.276860
-6591.780000	1262.655000	12497.670000	14820.795000	-16634.520000	-19415.070000	8648.235000	15524.505000	10.711325	23.647465	8.185731	5.129713	3.496210	13.547438	0.346880	12.004657	-14.558040	-0.701960	1.571780	0.795164	0.458983	0.384398	-1.000000	-1.000000	-1.000000	-1.000000	-1.000000	-1.000000	-1.000000	73.241379	0.000000	-1.000000	-1.000000	1911721.000000	1773868067.280744
-6592.635000	1299.600000	12508.695000	14826.105000	-16623.135000	-19416.375000	8647.830000	15521.310000	12.048553	11.097611	-6.906769	-8.089948	-2.031371	1.548627	-9.475421	6.547597	-14.558040	-0.701960	1.571780	0.795164	0.458983	0.384398	-1.000000	-1.000000	-1.000000	-1.000000	-1.000000	-1.000000	-1.000000	73.241379	0.000000	-1.000000	-1.000000	1911722.000000	1773868067.280752
-6604.380000	1213.830000	12457.485000	14794.245000	-16625.700000	-19433.160000	8647.425000	15534.630000	9.669770	11.123998	-8.739015	-12.595820	-6.207798	-6.141772	-14.901931	-1.783490	-14.558040	-0.701960	1.571780	0.795164	0.458983	0.384398	-1.000000	-1.000000	-1.000000	-1.000000	-1.000000	-1.000000	-1.000000	73.241379	0.000000	-1.000000	-1.000000	1911723.000000	1773868067.284907
-6565.365000	1216.350000	12477.555000	14832.360000	-16594.740000	-19400.760000	8653.950000	15591.645000	3.605041	12.079608	-7.816347	-14.377706	-11.046334	-12.756914	-12.541403	-7.194368	-14.558040	-0.701960	1.571780	0.795164	0.458983	0.384398	-1.000000	-1.000000	-1.000000	-1.000000	-1.000000	-1.000000	-1.000000	73.241379	0.000000	-1.000000	-1.000000	1911724.000000	1773868067.284918
-6540.660000	1232.190000	12484.305000	14827.725000	-16612.875000	-19377.450000	8671.095000	15623.190000	-1.371703	5.410582	-9.852826	-14.781464	-13.102797	-17.036148	-3.207698	-4.781327	-14.558040	-0.701960	1.571780	0.795164	0.458983	0.384398	-1.000000	-1.000000	-1.000000	-1.000000	-1.000000	-1.000000	-1.000000	73.241379	0.000000	-1.000000	-1.000000	1911725.000000	1773868067.294098
-6551.595000	1220.310000	12477.285000	14823.450000	-16615.845000	-19395.270000	8650.935000	15594.435000	-2.267387	-7.540772	-13.528260	-12.937179	-10.917429	-15.716711	8.232376	2.780071	-14.558040	-0.701960	1.571780	0.795164	0.458983	0.384398	-1.000000	-1.000000	-1.000000	-1.000000	-1.000000	-1.000000	-1.000000	73.241379	0.000000	-1.000000	-1.000000	1911726.000000	1773868067.294109
-6583.905000	1193.355000	12439.980000	14786.685000	-16640.010000	-19418.940000	8641.305000	15550.155000	-1.929570	-20.465105	-16.263803	-10.547836	-8.088099	-11.265098	14.067579	6.478117	-14.558040	-0.701960	1.571780	0.795164	0.458983	0.384398	-1.000000	-1.000000	-1.000000	-1.000000	-1.000000	-1.000000	-1.000000	73.241379	0.000000	-1.000000	-1.000000	1911727.000000	1773868067.294120
-6627.690000	1163.520000	12400.875000	14759.910000	-16636.590000	-19430.595000	8650.395000	15515.955000	-4.623924	-25.530575	-15.408852	-8.599674	-6.281727	-8.314267	9.932562	0.110119	-14.558040	-0.701960	1.571780	0.795164	0.458983	0.384398	-1.000000	-1.000000	-1.000000	-1.000000	-1.000000	-1.000000	-1.000000	73.241379	0.000000	-1.000000	-1.000000	1911728.000000	1773868067.294125
-6587.505000	1241.505000	12469.635000	14835.465000	-16559.955000	-19371.465000	8659.845000	15490.980000	-9.854792	-18.444957	-8.635192	-4.147990	-1.341795	-5.531429	-0.213614	-12.767147	-14.558040	-0.701960	1.571780	0.795164	0.458983	0.384398	-1.000000	-1.000000	-1.000000	-1.000000	-1.000000	-1.000000	-1.000000	73.241379	0.000000	-1.000000	-1.000000	1911729.000000	1773868067.296865
-6537.105000	1332.180000	12567.285000	14935.860000	-16497.990000	-19275.030000	8711.955000	15498.315000	-11.420877	-1.942538	4.951195	7.268126	10.819859	3.338331	-7.468768	-21.905912	-14.558040	-0.701960	1.571780	0.795164	0.458983	0.384398	-1.000000	-1.000000	-1.000000	-1.000000	-1.000000	-1.000000	-1.000000	73.241379	0.000000	-1.000000	-1.000000	1911730.000000	1773868067.296875
-6493.770000	1372.230000	12597.885000	14949.765000	-16481.565000	-19253.880000	8732.205000	15551.370000	-3.964443	17.194613	22.664672	24.256517	25.499794	19.326394	-5.829403	-18.757803	-44.955960	6.378680	10.468360	0.796324	0.473387	0.376098	-1.000000	-1.000000	-1.000000	-1.000000	-1.000000	-1.000000	-1.000000	73.241379	0.000000	-1.000000	-1.000000	1911731.000000	1773868067.300944
-6520.950000	1340.640000	12554.955000	14888.205000	-16546.815000	-19340.460000	8681.445000	15591.195000	9.355653	31.261437	35.863641	35.652958	30.394507	31.596325	2.140778	-2.717846	-44.955960	6.378680	10.468360	0.796324	0.473387	0.376098	-1.000000	-1.000000	-1.000000	-1.000000	-1.000000	-1.000000	-1.000000	73.241379	0.000000	-1.000000	-1.000000	1911732.000000	1773868067.300954
-6636.420000	1100.385000	12378.060000	14742.045000	-16672.455000	-19453.680000	8620.830000	15621.120000	16.495307	29.556439	31.642694	27.226204	15.796305	24.650733	6.871764	17.470408	-44.955960	6.378680	10.468360	0.796324	0.473387	0.376098	-1.000000	-1.000000	-1.000000	-1.000000	-1.000000	-1.000000	-1.000000	73.241379	0.000000	-1.000000	-1.000000	1911733.000000	1773868067.305029
-6656.130000	1108.575000	12391.785000	14756.400000	-16660.665000	-19443.915000	8608.860000	15556.995000	7.101309	3.675398	3.842260	-3.763744	-15.130341	-4.339690	1.642660	28.699155	-44.955960	6.378680	10.468360	0.796324	0.473387	0.376098	-1.000000	-1.000000	-1.000000	-1.000000	-1.000000	-1.000000	-1.000000	73.241379	0.000000	-1.000000	-1.000000	1911734.000000	1773868067.305037
-6617.565000	1165.905000	12422.115000	14770.755000	-16660.845000	-19434.510000	8609.535000	15550.470000	-13.108744	-33.869141	-32.932430	-39.395771	-44.031058	-37.240370	-9.574393	23.373544	-44.955960	6.378680	10.468360	0.796324	0.473387	0.376098	-1.000000	-1.000000	-1.000000	-1.000000	-1.000000	-1.000000	-1.000000	73.241379	0.000000	-1.000000	-1.000000	1911735.000000	1773868067.308898
-6572.655000	1206.045000	12449.070000	14797.215000	-16628.265000	-19410.615000	8612.955000	15558.345000	-24.705293	-52.321535	-50.939322	-53.545049	-50.334360	-49.690105	-16.669204	6.446535	-44.955960	6.378680	10.468360	0.796324	0.473387	0.376098	-1.000000	-1.000000	-1.000000	-1.000000	-1.000000	-1.000000	-1.000000	73.379310	0.000000	-1.000000	-1.000000	1911736.000000	1773868067.308908
-6577.290000	1198.395000	12442.635000	14784.255000	-16647.120000	-19409.265000	8642.880000	15570.720000	-15.212763	-35.010512	-36.302747	-35.771353	-28.917287	-32.765529	-13.336677	-9.053600	-44.955960	6.378680	10.468360	0.796324	0.473387	0.376098	-1.000000	-1.000000	-1.000000	-1.000000	-1.000000	-1.000000	-1.000000	73.379310	0.000000	-1.000000	-1.000000	1911737.000000	1773868067.317196
-6558.030000	1229.265000	12472.470000	14802.435000	-16624.260000	-19403.640000	8660.430000	15575.085000	7.844324	3.259188	-1.770964	-0.102440	5.772571	0.965111	-0.993348	-13.882285	-44.955960	6.378680	10.468360	0.796324	0.473387	0.376098	-1.000000	-1.000000	-1.000000	-1.000000	-1.000000	-1.000000	-1.000000	73.379310	0.000000	-1.000000	-1.000000	1911738.000000	1773868067.317207
-6545.115000	1241.595000	12482.280000	14803.830000	-16627.860000	-19406.655000	8675.460000	15577.740000	26.089749	33.725201	27.375659	28.804734	32.340894	28.982179	12.938931	-9.041395	-44.955960	6.378680	10.468360	0.796324	0.473387	0.376098	-1.000000	-1.000000	-1.000000	-1.000000	-1.000000	-1.000000	-1.000000	73.379310	0.000000	-1.000000	-1.000000	1911739.000000	1773868067.317218
-6554.250000	1256.760000	12518.100000	14851.980000	-16559.100000	-19340.730000	8705.745000	15580.530000	27.487318	40.322526	36.111420	37.411585	39.930518	38.024515	20.910741	-2.613314	-44.955960	6.378680	10.468360	0.796324	0.473387	0.376098	-1.000000	-1.000000	-1.000000	-1.000000	-1.000000	-1.000000	-1.000000	73.379310	0.000000	-1.000000	-1.000000	1911740.000000	1773868067.317223
-6494.940000	1369.980000	12630.735000	14961.285000	-16462.575000	-19267.830000	8766.045000	15618.195000	14.936005	30.221556	30.026905	32.516599	35.239965	33.871801	22.219103	-1.266403	-26.857600	6.561800	0.289940	0.809690	0.442077	0.373778	-1.000000	-1.000000	-1.000000	-1.000000	-1.000000	-1.000000	-1.000000	73.379310	0.000000	-1.000000	-1.000000	1911741.000000	1773868067.321262
-6470.325000	1395.810000	12636.585000	14948.910000	-16495.020000	-19307.520000	8751.510000	15633.270000	2.021772	22.432320	24.517126	28.399723	30.470992	28.513343	20.688453	-4.183258	-26.857600	6.561800	0.289940	0.809690	0.442077	0.373778	-1.000000	-1.000000	-1.000000	-1.000000	-1.000000	-1.000000	-1.000000	73.379310	0.000000	-1.000000	-1.000000	1911742.000000	1773868067.321271
-6563.745000	1271.700000	12516.885000	14844.060000	-16601.670000	-19394.730000	8625.150000	15525.855000	-3.258231	21.470209	21.708862	25.126459	24.227326	21.156837	14.516758	-6.652487	-26.857600	6.561800	0.289940	0.809690	0.442077	0.373778	-1.000000	-1.000000	-1.000000	-1.000000	-1.000000	-1.000000	-1.000000	73.379310	0.000000	-1.000000	-1.000000	1911743.000000	1773868067.324931
-6627.420000	1189.935000	12436.605000	14789.250000	-16656.435000	-19424.340000	8572.725000	15449.445000	-7.759172	10.540801	7.541535	9.509647	4.806931	2.609198	-2.870550	-8.278648	-26.857600	6.561800	0.289940	0.809690	0.442077	0.373778	-1.000000	-1.000000	-1.000000	-1.000000	-1.000000	-1.000000	-1.000000	73.379310	0.000000	-1.000000	-1.000000	1911744.000000	1773868067.324942
-6627.375000	1195.380000	12433.365000	14776.875000	-16656.840000	-19428.075000	8605.755000	15435.630000	-18.977121	-19.829298	-22.961729	-21.126283	-27.539697	-25.464387	-28.361200	-11.222069	-26.857600	6.561800	0.289940	0.809690	0.442077	0.373778	-1.000000	-1.000000	-1.000000	-1.000000	-1.000000	-1.000000	-1.000000	73.379310	0.000000	-1.000000	-1.000000	1911745.000000	1773868067.332142
-6632.055000	1197.495000	12444.075000	14796.405000	-16610.850000	-19386.720000	8601.660000	15442.920000	-31.095586	-53.862654	-53.284049	-50.461630	-54.712573	-47.512511	-46.277226	-12.594296	-26.857600	6.561800	0.289940	0.809690	0.442077	0.373778	-1.000000	-1.000000	-1.000000	-1.000000	-1.000000	-1.000000	-1.000000	73.379310	0.000000	-1.000000	-1.000000	1911746.000000	1773868067.332149
-6616.215000	1208.430000	12460.095000	14815.710000	-16601.940000	-19394.055000	8610.795000	15505.650000	-32.707334	-68.434536	-62.849078	-59.564921	-58.231099	-49.227696	-43.976770	-6.142212	-26.857600	6.561800	0.289940	0.809690	0.442077	0.373778	-1.000000	-1.000000	-1.000000	-1.000000	-1.000000	-1.000000	-1.000000	73.379310	0.000000	-1.000000	-1.000000	1911747.000000	1773868067.334707
-6549.255000	1278.360000	12526.020000	14868.855000	-16559.910000	-19349.010000	8639.865000	15416.640000	-18.810715	-53.236954	-44.532759	-42.340314	-35.596285	-29.803006	-22.308492	8.174265	-26.857600	6.561800	0.289940	0.809690	0.442077	0.373778	-1.000000	-1.000000	-1.000000	-1.000000	-1.000000	-1.000000	-1.000000	73.379310	0.000000	-1.000000	-1.000000	1911748.000000	1773868067.334716
-6524.415000	1307.565000	12558.600000	14898.330000	-16538.895000	-19329.390000	8663.310000	15540.435000	6.780287	-14.116998	-6.547873	-7.526818	-0.122625	-0.278478	7.986101	21.927863	-26.857600	6.561800	0.289940	0.809690	0.442077	0.373778	-1.000000	-1.000000	-1.000000	-1.000000	-1.000000	-1.000000	-1.000000	73.379310	0.000000	-1.000000	-1.000000	1911749.000000	1773868067.337011
-6567.255000	1262.610000	12526.335000	14880.600000	-16561.170000	-19356.930000	8658.405000	15602.805000	31.867616	29.834005	32.261746	27.015441	29.636676	24.853992	33.214364	28.819281	-26.857600	6.561800	0.289940	0.809690	0.442077	0.373778	-1.000000	-1.000000	-1.000000	-1.000000	-1.000000	-1.000000	-1.000000	73.379310	0.000000	-1.000000	-1.000000	1911750.000000	1773868067.337021
-6618.465000	1181.250000	12427.380000	14753.655000	-16672.230000	-19429.740000	8634.465000	15665.535000	41.544730	55.657800	52.024447	43.907968	40.545292	35.068861	43.593293	30.169957	-7.248500	8.194620	-8.331960	0.817686	0.413329	0.372497	-1.000000	-1.000000	-1.000000	-1.000000	-1.000000	-1.000000	-1.000000	73.379310	0.000000	-1.000000	-1.000000	1911751.000000	1773868067.341491
-6579.180000	1192.140000	12413.205000	14704.965000	-16738.155000	-19493.145000	8618.265000	15748.830000	31.838396	53.511640	45.698793	36.680323	30.753522	28.285901	38.604863	30.170308	-7.248500	8.194620	-8.331960	0.817686	0.413329	0.372497	-1.000000	-1.000000	-1.000000	-1.000000	-1.000000	-1.000000	-1.000000	73.379310	0.000000	-1.000000	-1.000000	1911752.000000	1773868067.341500
-6499.665000	1267.245000	12480.030000	14778.630000	-16668.315000	-19459.395000	8659.260000	15712.290000	14.395248	33.914982	24.518484	15.164831	10.505739	11.251420	24.695615	29.192912	-7.248500	8.194620	-8.331960	0.817686	0.413329	0.372497	-1.000000	-1.000000	-1.000000	-1.000000	-1.000000	-1.000000	-1.000000	73.379310	0.000000	-1.000000	-1.000000	1911753.000000	1773868067.344956
-6530.490000	1281.465000	12508.740000	14830.605000	-16611.795000	-19388.295000	8727.795000	15598.395000	2.177065	14.072104	6.066258	-1.954498	-4.298490	-3.920915	8.952639	18.516537	-7.248500	8.194620	-8.331960	0.817686	0.413329	0.372497	-1.000000	-1.000000	-1.000000	-1.000000	-1.000000	-1.000000	-1.000000	73.379310	0.000000	-1.000000	-1.000000	1911754.000000	1773868067.344966
-6579.945000	1246.410000	12487.410000	14823.810000	-16619.895000	-19367.010000	8695.215000	15540.975000	-4.720541	0.361493	-2.769465	-4.900233	-5.887314	-8.098773	-4.526706	-11.196071	-7.248500	8.194620	-8.331960	0.817686	0.413329	0.372497	-1.000000	-1.000000	-1.000000	-1.000000	-1.000000	-1.000000	-1.000000	73.379310	0.000000	-1.000000	-1.000000	1911755.000000	1773868067.349539
-6616.080000	1202.085000	12447.405000	14797.260000	-16639.515000	-19455.795000	8633.835000	15570.765000	-14.167884	-12.050004	-8.122545	-0.365905	-0.601556	-3.787489	-16.556047	-52.003591	-7.248500	8.194620	-8.331960	0.817686	0.413329	0.372497	-1.000000	-1.000000	-1.000000	-1.000000	-1.000000	-1.000000	-1.000000	73.379310	0.000000	-1.000000	-1.000000	1911756.000000	1773868067.349551
-6627.105000	1178.280000	12425.940000	14786.820000	-16614.495000	-19428.030000	8640.495000	15596.460000	-28.417739	-27.376139	-17.595498	-0.539628	1.164750	-1.687722	-29.195105	-78.738300	-7.248500	8.194620	-8.331960	0.817686	0.413329	0.372497	-1.000000	-1.000000	-1.000000	-1.000000	-1.000000	-1.000000	-1.000000	73.379310	0.000000	-1.000000	-1.000000	1911757.000000	1773868067.352944
-6620.355000	1139.805000	12382.470000	14738.400000	-16665.930000	-19454.985000	8601.705000	15588.675000	-39.567532	-41.555753	-30.501363	-9.978779	-4.287903	-6.785707	-39.066416	-73.370808	-7.248500	8.194620	-8.331960	0.817686	0.413329	0.372497	-1.000000	-1.000000	-1.000000	-1.000000	-1.000000	-1.000000	-1.000000	73.379310	0.000000	-1.000000	-1.000000	1911758.000000	1773868067.352954
-6614.730000	1149.570000	12382.920000	14728.680000	-16691.355000	-19467.180000	8598.915000	15586.335000	-36.088366	-44.007781	-37.269961	-21.917728	-12.665246	-13.127483	-38.993535	-41.407464	-7.248500	8.194620	-8.331960	0.817686	0.413329	0.372497	-1.000000	-1.000000	-1.000000	-1.000000	-1.000000	-1.000000	-1.000000	73.379310	0.000000	-1.000000	-1.000000	1911759.000000	1773868067.357557
-6644.115000	1172.610000	12410.010000	14750.010000	-16664.805000	-19442.295000	8594.370000	15514.830000	-14.302454	-26.047329	-26.499234	-22.844635	-14.424119	-11.118940	-24.317664	-1.996141	-7.248500	8.194620	-8.331960	0.817686	0.413329	0.372497	-1.000000	-1.000000	-1.000000	-1.000000	-1.000000	-1.000000	-1.000000	73.379310	0.000000	-1.000000	-1.000000	1911760.000000	1773868067.357568
-6645.690000	1194.435000	12443.805000	14802.255000	-16600.725000	-19412.415000	8584.335000	15433.695000	15.121330	8.368547	2.940409	-5.217629	-2.336821	3.062618	1.940014	26.807960	4.990020	17.442180	-12.497940	0.810301	0.425109	0.365539	-1.000000	-1.000000	-1.000000	-1.000000	-1.000000	-1.000000	-1.000000	73.379310	0.000000	-1.000000	-1.000000	1911761.000000	1773868067.360759
-6610.320000	1213.650000	12468.105000	14831.280000	-16610.310000	-19406.835000	8634.015000	15450.975000	35.440211	40.989904	35.911148	21.605642	17.455569	21.311591	27.859021	38.168407	4.990020	17.442180	-12.497940	0.810301	0.425109	0.365539	-1.000000	-1.000000	-1.000000	-1.000000	-1.000000	-1.000000	-1.000000	73.379310	0.000000	-1.000000	-1.000000	1911762.000000	1773868067.360765
-6558.480000	1228.455000	12464.820000	14807.160000	-16624.935000	-19392.165000	8656.380000	15590.385000	39.632392	53.524886	52.065668	37.868022	27.722525	28.578797	40.981451	41.588394	4.990020	17.442180	-12.497940	0.810301	0.425109	0.365539	-1.000000	-1.000000	-1.000000	-1.000000	-1.000000	-1.000000	-1.000000	73.379310	0.000000	-1.000000	-1.000000	1911763.000000	1773868067.364891
-6574.455000	1220.445000	12465.630000	14795.505000	-16663.815000	-19410.075000	8614.710000	15635.385000	32.668539	42.075549	42.743464	31.268653	17.795055	17.876053	37.517500	49.602630	4.990020	17.442180	-12.497940	0.810301	0.425109	0.365539	-1.000000	-1.000000	-1.000000	-1.000000	-1.000000	-1.000000	-1.000000	73.379310	0.000000	-1.000000	-1.000000	1911764.000000	1773868067.364896
-6628.140000	1210.995000	12477.015000	14806.395000	-16632.540000	-19420.425000	8577.495000	15542.055000	19.549792	16.039751	15.693764	6.741114	-5.943645	-3.224501	21.457479	56.962423	4.990020	17.442180	-12.497940	0.810301	0.425109	0.365539	-1.000000	-1.000000	-1.000000	-1.000000	-1.000000	-1.000000	-1.000000	73.379310	0.000000	-1.000000	-1.000000	1911765.000000	1773868067.368929
-6677.190000	1167.300000	12434.670000	14763.555000	-16645.320000	-19509.255000	8567.685000	15562.170000	0.555066	-11.764141	-13.817643	-20.042072	-27.329717	-22.863427	-0.024536	45.335191	4.990020	17.442180	-12.497940	0.810301	0.425109	0.365539	-1.000000	-1.000000	-1.000000	-1.000000	-1.000000	-1.000000	-1.000000	73.379310	0.000000	-1.000000	-1.000000	1911766.000000	1773868067.368937
-6635.790000	1199.925000	12450.105000	14784.075000	-16624.665000	-19429.830000	8664.300000	15579.360000	-20.708297	-30.717943	-33.137810	-34.879479	-32.985713	-32.988207	-16.803947	9.740277	4.990020	17.442180	-12.497940	0.810301	0.425109	0.365539	-1.000000	-1.000000	-1.000000	-1.000000	-1.000000	-1.000000	-1.000000	73.379310	0.000000	-1.000000	-1.000000	1911767.000000	1773868067.374701
-6527.655000	1243.710000	12478.140000	14818.320000	-16615.125000	-19359.225000	8715.510000	15638.220000	-32.097995	-33.499258	-35.468551	-30.592128	-19.277913	-26.543902	-18.389497	-31.658251	4.990020	17.442180	-12.497940	0.810301	0.425109	0.365539	-1.000000	-1.000000	-1.000000	-1.000000	-1.000000	-1.000000	-1.000000	73.379310	0.000000	-1.000000	-1.000000	1911768.000000	1773868067.374712
-6501.465000	1233.900000	12456.855000	14792.130000	-16641.945000	-19389.510000	8685.225000	15684.705000	-22.889941	-20.384552	-22.276971	-10.456120	5.039746	-3.391657	-4.573241	-53.741291	4.990020	17.442180	-12.497940	0.810301	0.425109	0.365539	-1.000000	-1.000000	-1.000000	-1.000000	-1.000000	-1.000000	-1.000000	73.379310	0.000000	-1.000000	-1.000000	1911769.000000	1773868067.376933
-6530.985000	1286.505000	12496.860000	14827.545000	-16627.860000	-19397.790000	8673.885000	15615.675000	0.628316	-1.409751	-3.919041	11.346414	23.198374	21.590581	10.614123	-46.037975	4.990020	17.442180	-12.497940	0.810301	0.425109	0.365539	-1.000000	-1.000000	-1.000000	-1.000000	-1.000000	-1.000000	-1.000000	73.379310	0.000000	-1.000000	-1.000000	1911770.000000	1773868067.376939
-6555.555000	1324.935000	12532.410000	14861.385000	-16599.645000	-19376.685000	8666.640000	15551.415000	17.971976	12.243877	9.123688	21.525679	24.632137	30.769534	11.660661	-21.933744	-11.063500	18.281480	7.507920	0.785520	0.448119	0.370910	-1.000000	-1.000000	-1.000000	-1.000000	-1.000000	-1.000000	-1.000000	73.379310	0.000000	-1.000000	-1.000000	1911771.000000	1773868067.380984
-6597.225000	1269.855000	12526.110000	14878.530000	-16561.215000	-19352.295000	8664.705000	15502.590000	14.834853	15.466967	13.726823	18.810795	13.808875	20.759551	-3.306705	-5.687401	-11.063500	18.281480	7.507920	0.785520	0.448119	0.370910	-1.000000	-1.000000	-1.000000	-1.000000	-1.000000	-1.000000	-1.000000	73.379310	0.000000	-1.000000	-1.000000	1911772.000000	1773868067.380991
-6565.185000	1228.320000	12490.875000	14846.670000	-16573.230000	-19362.150000	8667.855000	15504.075000	-3.909683	7.786643	11.006050	9.443240	2.033703	2.169586	-21.173016	-7.752609	-11.063500	18.281480	7.507920	0.785520	0.448119	0.370910	-1.000000	-1.000000	-1.000000	-1.000000	-1.000000	-1.000000	-1.000000	73.379310	0.000000	-1.000000	-1.000000	1911773.000000	1773868067.385028
-6534.990000	1227.195000	12488.805000	14841.405000	-16596.180000	-19359.090000	8687.295000	15540.660000	-19.744443	-6.247415	3.074052	-1.460064	-5.489573	-12.059223	-26.650727	-15.798503	-11.063500	18.281480	7.507920	0.785520	0.448119	0.370910	-1.000000	-1.000000	-1.000000	-1.000000	-1.000000	-1.000000	-1.000000	73.379310	0.000000	-1.000000	-1.000000	1911774.000000	1773868067.385037
-6542.460000	1188.540000	12444.660000	14792.895000	-16626.330000	-19400.040000	8652.015000	15626.745000	-18.559128	-17.355911	-5.778678	-10.664944	-10.568196	-15.917387	-16.480454	-11.520681	-11.063500	18.281480	7.507920	0.785520	0.448119	0.370910	-1.000000	-1.000000	-1.000000	-1.000000	-1.000000	-1.000000	-1.000000	73.379310	0.000000	-1.000000	-1.000000	1911775.000000	1773868067.389024
-6545.205000	1175.130000	12417.795000	14760.180000	-16648.470000	-19443.015000	8630.820000	15728.355000	-4.063149	-19.381661	-11.367380	-16.216447	-14.592551	-13.344549	-1.532103	10.063885	-11.063500	18.281480	7.507920	0.785520	0.448119	0.370910	-1.000000	-1.000000	-1.000000	-1.000000	-1.000000	-1.000000	-1.000000	73.379310	0.000000	-1.000000	-1.000000	1911776.000000	1773868067.389031
-6681.600000	1216.260000	12482.505000	14833.755000	-16585.335000	-19383.750000	8636.400000	15499.530000	6.875498	-12.868687	-11.520565	-16.609457	-14.947369	-11.390701	6.212995	34.596849	-11.063500	18.281480	7.507920	0.785520	0.448119	0.370910	-1.000000	-1.000000	-1.000000	-1.000000	-1.000000	-1.000000	-1.000000	73.379310	0.000000	-1.000000	-1.000000	1911777.000000	1773868067.392914
-6790.455000	1271.925000	12542.175000	14877.405000	-16580.790000	-19359.945000	8646.480000	15350.760000	0.566514	-0.262748	-4.078552	-8.956777	-7.979217	-9.088746	6.372884	37.115809	-11.063500	18.281480	7.507920	0.785520	0.448119	0.370910	-1.000000	-1.000000	-1.000000	-1.000000	-1.000000	-1.000000	-1.000000	73.379310	0.000000	-1.000000	-1.000000	1911778.000000	1773868067.392920
-6805.080000	1293.300000	12565.395000	14897.295000	-16542.630000	-19330.380000	8670.060000	15286.680000	-19.096824	14.445845	9.431429	5.549455	4.619436	-1.200212	6.045370	9.177628	-11.063500	18.281480	7.507920	0.785520	0.448119	0.370910	-1.000000	-1.000000	-1.000000	-1.000000	-1.000000	-1.000000	-1.000000	73.379310	0.000000	-1.000000	-1.000000	1911779.000000	1773868067.396917
-6667.785000	1252.080000	12540.330000	14895.270000	-16525.260000	-19300.725000	8670.195000	15366.645000	-30.594691	23.661585	20.167197	18.033251	15.507990	10.716828	8.830860	-26.539881	-11.063500	18.281480	7.507920	0.785520	0.448119	0.370910	-1.000000	-1.000000	-1.000000	-1.000000	-1.000000	-1.000000	-1.000000	73.379310	0.000000	-1.000000	-1.000000	1911780.000000	1773868067.396923
-6472.980000	1281.735000	12526.920000	14872.320000	-16554.555000	-19347.570000	8639.415000	15479.055000	-12.215050	22.446691	19.544279	19.962747	17.976844	18.878093	12.306656	-37.712760	-11.704420	16.007740	18.891880	0.762693	0.457396	0.384520	-1.000000	-1.000000	-1.000000	-1.000000	-1.000000	-1.000000	-1.000000	73.379310	0.000000	-1.000000	-1.000000	1911781.000000	1773868067.400957
-6502.545000	1232.460000	12457.710000	14788.170000	-16641.090000	-19430.820000	8593.605000	15507.540000	33.938731	13.586593	7.181435	9.836261	9.345868	15.986745	11.565316	-12.624093	-11.704420	16.007740	18.891880	0.762693	0.457396	0.384520	-1.000000	-1.000000	-1.000000	-1.000000	-1.000000	-1.000000	-1.000000	73.379310	0.000000	-1.000000	-1.000000	1911782.000000	1773868067.400963
-6536.475000	1188.720000	12426.570000	14759.820000	-16664.580000	-19446.525000	8612.730000	15656.670000	75.926731	1.862786	-10.338553	-7.229531	-7.318250	1.659548	4.542827	31.196259	-11.704420	16.007740	18.891880	0.762693	0.457396	0.384520	-1.000000	-1.000000	-1.000000	-1.000000	-1.000000	-1.000000	-1.000000	73.379310	0.000000	-1.000000	-1.000000	1911783.000000	1773868067.407923
-6562.980000	1260.900000	12509.280000	14835.600000	-16597.305000	-19378.665000	8644.770000	15535.440000	79.454890	-8.553896	-22.141793	-20.022372	-21.084659	-13.591616	-4.046784	61.313876	-11.704420	16.007740	18.891880	0.762693	0.457396	0.384520	-1.000000	-1.000000	-1.000000	-1.000000	-1.000000	-1.000000	-1.000000	73.379310	0.000000	-1.000000	-1.000000	1911784.000000	1773868067.407934
-6538.815000	1377.630000	12617.550000	14924.385000	-16524.315000	-19309.095000	8603.910000	15360.435000	39.773593	-10.936559	-17.351518	-16.556616	-19.181250	-15.810853	-7.810041	51.301066	-11.704420	16.007740	18.891880	0.762693	0.457396	0.384520	-1.000000	-1.000000	-1.000000	-1.000000	-1.000000	-1.000000	-1.000000	73.379310	0.000000	-1.000000	-1.000000	1911785.000000	1773868067.409129
-6485.805000	1332.045000	12559.140000	14878.980000	-16564.995000	-19374.120000	8584.785000	15601.095000	-15.539594	-3.176021	2.347997	2.007556	-1.320817	-3.492682	-6.699134	7.220482	-11.704420	16.007740	18.891880	0.762693	0.457396	0.384520	-1.000000	-1.000000	-1.000000	-1.000000	-1.000000	-1.000000	-1.000000	73.379310	0.000000	-1.000000	-1.000000	1911786.000000	1773868067.409140
-6534.855000	1155.420000	12383.865000	14726.745000	-16687.125000	-19459.935000	8630.010000	15746.580000	-52.116314	2.242251	16.730541	16.636647	15.788058	8.617534	-4.267634	-27.604083	-11.704420	16.007740	18.891880	0.762693	0.457396	0.384520	-1.000000	-1.000000	-1.000000	-1.000000	-1.000000	-1.000000	-1.000000	73.379310	0.000000	-1.000000	-1.000000	1911787.000000	1773868067.412986
-6566.940000	1105.785000	12344.040000	14683.770000	-16748.415000	-19478.205000	8696.610000	15778.620000	-58.230020	-9.624848	6.569957	9.049489	13.918884	5.952288	-0.748468	-21.036501	-11.704420	16.007740	18.891880	0.762693	0.457396	0.384520	-1.000000	-1.000000	-1.000000	-1.000000	-1.000000	-1.000000	-1.000000	73.379310	0.000000	-1.000000	-1.000000	1911788.000000	1773868067.412996
-6542.910000	1176.660000	12400.830000	14724.045000	-16728.570000	-19454.805000	8687.745000	15733.980000	-47.266370	-31.898864	-20.458571	-15.440178	-6.553177	-9.012726	5.373172	8.845813	-11.704420	16.007740	18.891880	0.762693	0.457396	0.384520	-1.000000	-1.000000	-1.000000	-1.000000	-1.000000	-1.000000	-1.000000	73.379310	0.000000	-1.000000	-1.000000	1911789.000000	1773868067.416972
-6536.835000	1205.055000	12436.290000	14768.280000	-16669.260000	-19457.595000	8694.225000	15711.165000	-35.649000	-39.550426	-35.645978	-31.420807	-24.746982	-19.594360	12.214850	20.630132	-11.704420	16.007740	18.891880	0.762693	0.457396	0.384520	-1.000000	-1.000000	-1.000000	-1.000000	-1.000000	-1.000000	-1.000000	73.379310	0.000000	-1.000000	-1.000000	1911790.000000	1773868067.416982
-6531.480000	1203.525000	12445.470000	14792.760000	-16606.305000	-19425.915000	8697.870000	15708.735000	-26.066820	-18.568302	-20.430944	-19.578820	-18.974936	-12.183803	15.316275	-3.883408	-9.934260	13.947640	4.028640	0.763609	0.455504	0.386779	-1.000000	-1.000000	-1.000000	-1.000000	-1.000000	-1.000000	-1.000000	73.379310	0.000000	-1.000000	-1.000000	1911791.000000	1773868067.420854
-6520.320000	1284.660000	12524.760000	14861.025000	-16558.425000	-19360.665000	8652.195000	15533.730000	-11.150839	21.043869	17.365160	15.472536	11.829082	11.540557	10.712445	-50.523997	-9.934260	13.947640	4.028640	0.763609	0.455504	0.386779	-1.000000	-1.000000	-1.000000	-1.000000	-1.000000	-1.000000	-1.000000	73.379310	0.000000	-1.000000	-1.000000	1911792.000000	1773868067.420864
-6436.215000	1398.510000	12634.695000	14963.670000	-16472.340000	-19263.330000	8673.480000	15456.375000	12.769672	56.790716	53.724088	50.914063	46.523670	36.957987	-2.211035	-90.123028	-9.934260	13.947640	4.028640	0.763609	0.455504	0.386779	-1.000000	-1.000000	-1.000000	-1.000000	-1.000000	-1.000000	-1.000000	73.379310	0.000000	-1.000000	-1.000000	1911793.000000	1773868067.430520
-6469.965000	1330.740000	12576.780000	14906.970000	-16525.305000	-19301.085000	8690.310000	15512.220000	38.699590	67.787605	65.562291	62.934262	59.451662	47.195690	-16.493673	-93.391450	-9.934260	13.947640	4.028640	0.763609	0.455504	0.386779	-1.000000	-1.000000	-1.000000	-1.000000	-1.000000	-1.000000	-1.000000	73.379310	0.000000	-1.000000	-1.000000	1911794.000000	1773868067.430530
-6578.190000	1199.745000	12423.015000	14743.620000	-16683.795000	-19457.865000	8648.865000	15702.660000	51.651774	44.596599	42.630617	40.248806	38.131478	32.454248	-22.703746	-48.598256	-9.934260	13.947640	4.028640	0.763609	0.455504	0.386779	-1.000000	-1.000000	-1.000000	-1.000000	-1.000000	-1.000000	-1.000000	73.379310	0.000000	-1.000000	-1.000000	1911795.000000	1773868067.430542
-6613.470000	1157.040000	12387.555000	14722.290000	-16697.790000	-19479.915000	8653.770000	15696.945000	40.700769	-2.251618	-4.834654	-7.633301	-8.287745	-3.549721	-20.038264	25.275008	-9.934260	13.947640	4.028640	0.763609	0.455504	0.386779	-1.000000	-1.000000	-1.000000	-1.000000	-1.000000	-1.000000	-1.000000	73.379310	0.000000	-1.000000	-1.000000	1911796.000000	1773868067.430547
-6640.605000	1103.130000	12379.050000	14734.125000	-16688.520000	-19483.875000	8649.270000	15634.305000	10.666606	-47.164615	-50.404931	-53.361876	-52.771167	-42.461803	-14.124620	88.666106	-9.934260	13.947640	4.028640	0.763609	0.455504	0.386779	-1.000000	-1.000000	-1.000000	-1.000000	-1.000000	-1.000000	-1.000000	73.379310	0.000000	-1.000000	-1.000000	1911797.000000	1773868067.432883
-6630.930000	1150.470000	12408.210000	14751.945000	-16668.675000	-19459.305000	8626.005000	15594.885000	-22.321475	-68.565843	-70.397320	-71.524435	-69.893081	-62.085196	-7.745166	108.105859	-9.934260	13.947640	4.028640	0.763609	0.455504	0.386779	-1.000000	-1.000000	-1.000000	-1.000000	-1.000000	-1.000000	-1.000000	73.379310	0.000000	-1.000000	-1.000000	1911798.000000	1773868067.432894
-6634.800000	1192.590000	12447.450000	14795.505000	-16610.265000	-19414.080000	8617.230000	15459.480000	-42.108309	-58.804139	-57.446171	-55.393269	-53.256097	-50.951931	-0.391966	76.668042	-9.934260	13.947640	4.028640	0.763609	0.455504	0.386779	-1.000000	-1.000000	-1.000000	-1.000000	-1.000000	-1.000000	-1.000000	73.379310	0.000000	-1.000000	-1.000000	1911799.000000	1773868067.436939
-6606.720000	1260.720000	12510.585000	14849.370000	-16596.225000	-19381.095000	8616.195000	15358.860000	-39.244423	-22.940508	-19.857967	-15.969271	-15.172979	-15.088652	7.866183	13.221831	-9.934260	13.947640	4.028640	0.763609	0.455504	0.386779	-1.000000	-1.000000	-1.000000	-1.000000	-1.000000	-1.000000	-1.000000	73.379310	0.000000	-1.000000	-1.000000	1911800.000000	1773868067.436952
-6567.120000	1277.145000	12527.910000	14870.160000	-16568.415000	-19343.340000	8616.645000	15473.115000	-15.850869	20.889286	22.453157	25.543192	22.800422	24.761007	15.509481	-45.705716	-33.373620	3.464020	11.963840	0.765928	0.447203	0.392089	-1.000000	-1.000000	-1.000000	-1.000000	-1.000000	-1.000000	-1.000000	73.379310	0.000000	-1.000000	-1.000000	1911801.000000	1773868067.441089
-6552.630000	1224.360000	12475.485000	14815.845000	-16612.920000	-19386.945000	8655.210000	15672.105000	14.533257	47.408556	45.771571	46.758131	41.313997	45.606069	20.416592	-60.419252	-33.373620	3.464020	11.963840	0.765928	0.447203	0.392089	-1.000000	-1.000000	-1.000000	-1.000000	-1.000000	-1.000000	-1.000000	73.379310	0.000000	-1.000000	-1.000000	1911802.000000	1773868067.441100
-6577.965000	1211.130000	12470.220000	14812.200000	-16616.250000	-19382.040000	8691.345000	15714.000000	36.186507	43.915242	40.212384	39.633730	35.747868	39.466227	21.615797	-22.342329	-33.373620	3.464020	11.963840	0.765928	0.447203	0.392089	-1.000000	-1.000000	-1.000000	-1.000000	-1.000000	-1.000000	-1.000000	73.379310	0.000000	-1.000000	-1.000000	1911803.000000	1773868067.445031
-6597.180000	1225.755000	12477.240000	14816.970000	-16609.005000	-19403.415000	8730.180000	15695.550000	41.551736	22.601675	19.674239	18.520160	19.528972	19.163456	19.835469	30.396667	-33.373620	3.464020	11.963840	0.765928	0.447203	0.392089	-1.000000	-1.000000	-1.000000	-1.000000	-1.000000	-1.000000	-1.000000	73.379310	0.000000	-1.000000	-1.000000	1911804.000000	1773868067.445041
-6600.780000	1280.835000	12500.235000	14822.010000	-16628.940000	-19426.230000	8697.870000	15564.465000	32.089114	5.732297	4.926516	3.170840	8.205495	1.732092	14.428049	50.123302	-33.373620	3.464020	11.963840	0.765928	0.447203	0.392089	-1.000000	-1.000000	-1.000000	-1.000000	-1.000000	-1.000000	-1.000000	73.379310	0.000000	-1.000000	-1.000000	1911805.000000	1773868067.450875
-6655.230000	1222.065000	12474.180000	14793.120000	-16682.805000	-19377.585000	8659.170000	15431.850000	12.218280	1.902807	1.404645	-2.032255	2.777015	-7.320184	2.809995	22.119077	-33.373620	3.464020	11.963840	0.765928	0.447203	0.392089	-1.000000	-1.000000	-1.000000	-1.000000	-1.000000	-1.000000	-1.000000	73.379310	0.000000	-1.000000	-1.000000	1911806.000000	1773868067.450888
-6726.870000	1235.835000	12541.230000	14895.225000	-16532.190000	-19308.375000	8620.965000	15361.335000	-13.720734	1.649946	0.901549	-3.823920	-2.925438	-9.273415	-14.117993	-31.502426	-33.373620	3.464020	11.963840	0.765928	0.447203	0.392089	-1.000000	-1.000000	-1.000000	-1.000000	-1.000000	-1.000000	-1.000000	73.379310	0.000000	-1.000000	-1.000000	1911807.000000	1773868067.453024
-6772.095000	1180.530000	12475.530000	14835.105000	-16569.090000	-19374.525000	8593.650000	15453.495000	-38.841414	-6.733128	-4.173667	-6.701029	-8.737012	-7.290999	-29.728858	-70.656614	-33.373620	3.464020	11.963840	0.765928	0.447203	0.392089	-1.000000	-1.000000	-1.000000	-1.000000	-1.000000	-1.000000	-1.000000	73.379310	0.000000	-1.000000	-1.000000	1911808.000000	1773868067.453034
-6647.220000	1174.230000	12441.285000	14788.530000	-16612.695000	-19407.240000	8604.135000	15565.275000	-51.271706	-24.219865	-16.390295	-13.358951	-13.328654	-8.593366	-35.890219	-63.023025	-33.373620	3.464020	11.963840	0.765928	0.447203	0.392089	-1.000000	-1.000000	-1.000000	-1.000000	-1.000000	-1.000000	-1.000000	73.379310	0.000000	-1.000000	-1.000000	1911809.000000	1773868067.461423
-6520.140000	1219.905000	12454.290000	14784.030000	-16638.840000	-19424.070000	8639.370000	15699.555000	-39.104899	-40.632873	-32.093254	-24.449615	-19.112790	-17.678239	-27.945225	-9.509473	-33.373620	3.464020	11.963840	0.765928	0.447203	0.392089	-1.000000	-1.000000	-1.000000	-1.000000	-1.000000	-1.000000	-1.000000	73.379310	0.000000	-1.000000	-1.000000	1911810.000000	1773868067.461440
-6509.295000	1259.865000	12490.560000	14816.970000	-16609.095000	-19428.300000	8630.280000	15692.310000	-2.938495	-40.610351	-38.833033	-31.457156	-23.618676	-27.647814	-8.804831	52.824408	-18.495120	7.172200	18.266220	0.776670	0.441649	0.397155	-1.000000	-1.000000	-1.000000	-1.000000	-1.000000	-1.000000	-1.000000	73.379310	0.000000	-1.000000	-1.000000	1911811.000000	1773868067.461455
-6518.205000	1261.485000	12490.110000	14803.425000	-16595.460000	-19433.430000	8637.210000	15642.855000	38.733312	-16.696274	-24.863196	-22.567899	-18.150044	-25.899307	11.414801	79.253759	-18.495120	7.172200	18.266220	0.776670	0.441649	0.397155	-1.000000	-1.000000	-1.000000	-1.000000	-1.000000	-1.000000	-1.000000	73.379310	0.000000	-1.000000	-1.000000	1911812.000000	1773868067.461461
-6496.155000	1227.780000	12454.110000	14767.290000	-16645.635000	-19441.035000	8680.770000	15663.555000	62.325601	19.517833	5.638636	1.456608	-0.594527	-7.794471	23.476146	54.613304	-18.495120	7.172200	18.266220	0.776670	0.441649	0.397155	-1.000000	-1.000000	-1.000000	-1.000000	-1.000000	-1.000000	-1.000000	73.379310	0.000000	-1.000000	-1.000000	1911813.000000	1773868067.465465
-6497.640000	1208.385000	12431.610000	14753.835000	-16709.355000	-19435.950000	8689.860000	15668.775000	56.166442	45.008808	33.555302	25.718605	18.197135	17.902111	26.097907	4.295521	-18.495120	7.172200	18.266220	0.776670	0.441649	0.397155	-1.000000	-1.000000	-1.000000	-1.000000	-1.000000	-1.000000	-1.000000	73.379310	0.000000	-1.000000	-1.000000	1911814.000000	1773868067.465478
-6492.915000	1245.015000	12467.160000	14797.395000	-16639.065000	-19388.025000	8691.075000	15626.790000	25.972430	46.000598	42.448849	36.093168	25.727831	36.303042	23.277158	-33.399652	-18.495120	7.172200	18.266220	0.776670	0.441649	0.397155	-1.000000	-1.000000	-1.000000	-1.000000	-1.000000	-1.000000	-1.000000	73.379310	0.000000	-1.000000	-1.000000	1911815.000000	1773868067.468982
-6512.445000	1292.130000	12531.645000	14862.240000	-16591.455000	-19337.580000	8688.555000	15554.115000	-11.066594	27.743891	31.693418	30.297974	19.762410	38.529283	17.869393	-41.798600	-18.495120	7.172200	18.266220	0.776670	0.441649	0.397155	-1.000000	-1.000000	-1.000000	-1.000000	-1.000000	-1.000000	-1.000000	73.379310	0.000000	-1.000000	-1.000000	1911816.000000	1773868067.468994
-6545.880000	1315.125000	12563.595000	14888.655000	-16581.555000	-19322.865000	8696.385000	15491.475000	-39.157559	5.284639	13.444687	16.540946	7.620392	27.420781	10.183891	-32.072787	-18.495120	7.172200	18.266220	0.776670	0.441649	0.397155	-1.000000	-1.000000	-1.000000	-1.000000	-1.000000	-1.000000	-1.000000	73.379310	0.000000	-1.000000	-1.000000	1911817.000000	1773868067.477197
-6498.450000	1388.025000	12629.160000	14949.855000	-16499.160000	-19292.535000	8704.260000	15509.160000	-53.217481	-9.951185	0.310820	5.218568	-0.451779	11.768976	0.047251	-23.661884	-18.495120	7.172200	18.266220	0.776670	0.441649	0.397155	-1.000000	-1.000000	-1.000000	-1.000000	-1.000000	-1.000000	-1.000000	73.379310	0.000000	-1.000000	-1.000000	1911818.000000	1773868067.477210
-6473.565000	1407.780000	12654.945000	14981.760000	-16447.905000	-19254.915000	8674.335000	15543.855000	-54.261222	-15.222474	-3.846961	0.769043	1.581785	-1.554924	-12.048281	-23.831986	-18.495120	7.172200	18.266220	0.776670	0.441649	0.397155	-1.000000	-1.000000	-1.000000	-1.000000	-1.000000	-1.000000	-1.000000	73.379310	0.000000	-1.000000	-1.000000	1911819.000000	1773868067.477224
-6550.245000	1263.645000	12521.970000	14873.400000	-16542.045000	-19329.255000	8551.845000	15437.385000	-42.573584	-16.021392	-5.305589	-1.345201	8.843454	-10.494730	-25.348264	-25.784433	-18.495120	7.172200	18.266220	0.776670	0.441649	0.397155	-1.000000	-1.000000	-1.000000	-1.000000	-1.000000	-1.000000	-1.000000	73.379310	0.000000	-1.000000	-1.000000	1911820.000000	1773868067.477229
-6596.910000	1194.165000	12448.935000	14802.480000	-16614.045000	-19387.440000	8537.130000	15278.985000	-20.992851	-21.112906	-13.870666	-9.749804	7.947369	-17.937604	-37.883757	-22.331774	-24.904320	21.318220	17.930500	0.796263	0.443541	0.385375	-1.000000	-1.000000	-1.000000	-1.000000	-1.000000	-1.000000	-1.000000	73.379310	0.000000	-1.000000	-1.000000	1911821.000000	1773868067.481498
-6599.475000	1206.270000	12456.675000	14801.850000	-16612.965000	-19386.090000	8624.610000	15485.310000	3.169014	-30.473789	-29.366263	-25.142943	-6.519137	-26.000992	-42.125323	-9.723328	-24.904320	21.318220	17.930500	0.796263	0.443541	0.385375	-1.000000	-1.000000	-1.000000	-1.000000	-1.000000	-1.000000	-1.000000	73.379310	0.000000	-1.000000	-1.000000	1911822.000000	1773868067.481505
-6677.505000	1147.995000	12396.960000	14735.745000	-16675.065000	-19448.955000	8688.510000	15711.615000	22.423973	-33.461238	-39.620309	-37.640804	-24.475981	-31.791153	-27.159085	20.610092	-24.904320	21.318220	17.930500	0.796263	0.443541	0.385375	-1.000000	-1.000000	-1.000000	-1.000000	-1.000000	-1.000000	-1.000000	73.379310	0.000000	-1.000000	-1.000000	1911823.000000	1773868067.485114
-6632.190000	1213.605000	12455.190000	14785.380000	-16628.355000	-19395.540000	8716.410000	15651.675000	32.834476	-22.694468	-35.148139	-38.593680	-34.449023	-31.643204	7.621033	68.706803	-24.904320	21.318220	17.930500	0.796263	0.443541	0.385375	-1.000000	-1.000000	-1.000000	-1.000000	-1.000000	-1.000000	-1.000000	73.379310	0.000000	-1.000000	-1.000000	1911824.000000	1773868067.485130
-6555.780000	1199.205000	12434.715000	14763.915000	-16678.305000	-19427.355000	8708.760000	15738.255000	37.106738	-0.930653	-16.943147	-26.765838	-33.060412	-23.419289	45.608550	108.614234	-24.904320	21.318220	17.930500	0.796263	0.443541	0.385375	-1.000000	-1.000000	-1.000000	-1.000000	-1.000000	-1.000000	-1.000000	73.379310	0.000000	-1.000000	-1.000000	1911825.000000	1773868067.489018
-6526.125000	1250.280000	12489.615000	14817.240000	-16621.380000	-19381.815000	8684.820000	15623.595000	39.719602	22.658511	7.401038	-5.642553	-21.073311	-6.888689	64.137788	107.240108	-24.904320	21.318220	17.930500	0.796263	0.443541	0.385375	-1.000000	-1.000000	-1.000000	-1.000000	-1.000000	-1.000000	-1.000000	73.379310	0.000000	-1.000000	-1.000000	1911826.000000	1773868067.489028
-6507.000000	1301.895000	12534.570000	14862.870000	-16568.280000	-19348.155000	8637.030000	15430.140000	37.102934	38.149887	28.890634	18.538975	-1.083901	14.395611	51.098245	50.177535	-24.904320	21.318220	17.930500	0.796263	0.443541	0.385375	-1.000000	-1.000000	-1.000000	-1.000000	-1.000000	-1.000000	-1.000000	73.379310	0.000000	-1.000000	-1.000000	1911827.000000	1773868067.494596
-6497.100000	1351.170000	12575.970000	14895.855000	-16548.255000	-19318.950000	8646.975000	15359.850000	23.093557	41.830594	41.929526	38.827516	21.621864	34.044603	14.324857	-46.584351	-24.904320	21.318220	17.930500	0.796263	0.443541	0.385375	-1.000000	-1.000000	-1.000000	-1.000000	-1.000000	-1.000000	-1.000000	73.379310	0.000000	-1.000000	-1.000000	1911828.000000	1773868067.494606
-6573.420000	1213.290000	12445.695000	14771.880000	-16661.205000	-19407.870000	8658.855000	15594.975000	0.519650	36.186276	44.637005	48.903975	38.951385	44.943454	-22.618632	-130.651825	-24.904320	21.318220	17.930500	0.796263	0.443541	0.385375	-1.000000	-1.000000	-1.000000	-1.000000	-1.000000	-1.000000	-1.000000	73.379310	0.000000	-1.000000	-1.000000	1911829.000000	1773868067.497194
-6567.075000	1215.000000	12423.195000	14732.055000	-16701.345000	-19465.515000	8650.890000	15788.520000	-21.513573	22.508835	34.854926	42.963300	42.105005	40.587919	-39.998148	-141.544844	-24.904320	21.318220	17.930500	0.796263	0.443541	0.385375	-1.000000	-1.000000	-1.000000	-1.000000	-1.000000	-1.000000	-1.000000	73.379310	0.000000	-1.000000	-1.000000	1911830.000000	1773868067.497204
-6530.355000	1346.895000	12534.300000	14827.410000	-16611.795000	-19394.505000	8631.675000	15688.395000	-34.074965	4.024989	14.712360	22.248925	29.950202	21.069758	-37.477851	-72.353637	-37.097060	17.228540	15.809360	0.807676	0.442748	0.393371	-1.000000	-1.000000	-1.000000	-1.000000	-1.000000	-1.000000	-1.000000	73.379310	0.000000	-1.000000	-1.000000	1911831.000000	1773868067.500954
-6526.665000	1266.930000	12514.230000	14854.230000	-16562.655000	-19327.770000	8663.580000	15644.070000	-31.376490	-10.871469	-5.380605	-0.836405	12.717063	-2.036829	-26.258166	17.669345	-37.097060	17.228540	15.809360	0.807676	0.442748	0.393371	-1.000000	-1.000000	-1.000000	-1.000000	-1.000000	-1.000000	-1.000000	73.379310	0.000000	-1.000000	-1.000000	1911832.000000	1773868067.500964
-6496.470000	1280.160000	12543.435000	14886.585000	-16540.515000	-19300.140000	8696.610000	15524.010000	-16.395436	-19.988641	-18.126582	-15.210253	-0.041497	-15.736592	-13.085488	66.055752	-37.097060	17.228540	15.809360	0.807676	0.442748	0.393371	-1.000000	-1.000000	-1.000000	-1.000000	-1.000000	-1.000000	-1.000000	73.379310	0.000000	-1.000000	-1.000000	1911833.000000	1773868067.505173
-6475.275000	1362.870000	12636.630000	14983.605000	-16435.935000	-19190.205000	8674.470000	15255.675000	-0.331633	-26.040941	-23.248725	-19.113324	-6.387788	-16.271101	1.155171	53.972645	-37.097060	17.228540	15.809360	0.807676	0.442748	0.393371	-1.000000	-1.000000	-1.000000	-1.000000	-1.000000	-1.000000	-1.000000	73.379310	0.000000	-1.000000	-1.000000	1911834.000000	1773868067.505183
-6484.230000	1414.170000	12688.065000	15036.570000	-16376.085000	-19162.170000	8620.740000	15237.855000	6.758180	-26.531874	-20.841758	-15.086241	-7.522280	-7.696153	13.584456	2.689294	-37.097060	17.228540	15.809360	0.807676	0.442748	0.393371	-1.000000	-1.000000	-1.000000	-1.000000	-1.000000	-1.000000	-1.000000	73.379310	0.000000	-1.000000	-1.000000	1911835.000000	1773868067.509078
-6615.450000	1235.520000	12492.630000	14834.385000	-16593.120000	-19373.670000	8556.075000	15431.760000	0.979554	-22.173674	-16.260490	-11.481009	-10.574671	-2.088431	18.425007	-39.862842	-37.097060	17.228540	15.809360	0.807676	0.442748	0.393371	-1.000000	-1.000000	-1.000000	-1.000000	-1.000000	-1.000000	-1.000000	73.379310	0.000000	-1.000000	-1.000000	1911836.000000	1773868067.509088
-6658.515000	1142.910000	12376.485000	14713.605000	-16711.515000	-19481.445000	8600.760000	15685.785000	-14.155275	-21.008464	-20.147121	-19.819916	-25.860516	-13.385177	14.195492	-29.680343	-37.097060	17.228540	15.809360	0.807676	0.442748	0.393371	-1.000000	-1.000000	-1.000000	-1.000000	-1.000000	-1.000000	-1.000000	73.379310	0.000000	-1.000000	-1.000000	1911837.000000	1773868067.513331
-6620.490000	1177.065000	12415.950000	14752.080000	-16670.205000	-19434.015000	8657.325000	15662.520000	-25.449633	-21.968244	-29.948194	-35.860700	-47.114508	-36.182556	7.513682	29.147877	-37.097060	17.228540	15.809360	0.807676	0.442748	0.393371	-1.000000	-1.000000	-1.000000	-1.000000	-1.000000	-1.000000	-1.000000	73.379310	0.000000	-1.000000	-1.000000	1911838.000000	1773868067.513342
-6610.545000	1142.955000	12378.690000	14707.260000	-16719.390000	-19481.130000	8655.120000	15703.515000	-18.982713	-14.149455	-29.154718	-39.624095	-52.140363	-46.351740	5.574823	84.153809	-37.097060	17.228540	15.809360	0.807676	0.442748	0.393371	-1.000000	-1.000000	-1.000000	-1.000000	-1.000000	-1.000000	-1.000000	73.379310	0.000000	-1.000000	-1.000000	1911839.000000	1773868067.517062
-6564.240000	1174.635000	12400.695000	14724.225000	-16702.425000	-19463.130000	8666.235000	15720.435000	4.998518	4.013602	-11.354179	-22.198437	-31.527051	-31.215497	7.496115	89.689589	-37.097060	17.228540	15.809360	0.807676	0.442748	0.393371	-1.000000	-1.000000	-1.000000	-1.000000	-1.000000	-1.000000	-1.000000	73.379310	0.000000	-1.000000	-1.000000	1911840.000000	1773868067.517073
-6558.030000	1196.055000	12420.540000	14745.285000	-16664.265000	-19419.930000	8680.095000	15659.100000	32.536085	24.369570	14.167065	6.292291	2.812796	-0.495729	7.215996	45.870224	-34.502860	14.985320	16.496060	0.800840	0.445372	0.395080	-1.000000	-1.000000	-1.000000	-1.000000	-1.000000	-1.000000	-1.000000	73.379310	0.000000	-1.000000	-1.000000	1911841.000000	1773868067.521113
-6534.360000	1243.035000	12469.500000	14799.870000	-16618.950000	-19379.205000	8682.660000	15599.115000	47.177659	39.458940	35.498055	31.660839	34.345849	29.417919	1.572391	-15.757026	-34.502860	14.985320	16.496060	0.800840	0.445372	0.395080	-1.000000	-1.000000	-1.000000	-1.000000	-1.000000	-1.000000	-1.000000	73.379310	0.000000	-1.000000	-1.000000	1911842.000000	1773868067.521124
-6499.485000	1288.755000	12516.255000	14842.530000	-16592.040000	-19351.845000	8682.525000	15605.730000	40.662522	42.912917	44.061724	44.358831	51.188738	46.140519	-6.438163	-59.885615	-34.502860	14.985320	16.496060	0.800840	0.445372	0.395080	-1.000000	-1.000000	-1.000000	-1.000000	-1.000000	-1.000000	-1.000000	73.379310	0.000000	-1.000000	-1.000000	1911843.000000	1773868067.527258
-6523.065000	1285.830000	12522.105000	14852.430000	-16569.945000	-19341.270000	8678.385000	15582.870000	18.203879	32.016534	37.550843	41.752936	48.798471	45.326499	-10.454336	-68.252971	-34.502860	14.985320	16.496060	0.800840	0.445372	0.395080	-1.000000	-1.000000	-1.000000	-1.000000	-1.000000	-1.000000	-1.000000	73.379310	0.000000	-1.000000	-1.000000	1911844.000000	1773868067.527272
-6605.460000	1236.645000	12505.815000	14850.045000	-16569.495000	-19334.835000	8703.855000	15570.270000	-7.190775	13.073228	23.348477	30.732674	35.006850	34.380008	-6.791420	-51.716471	-34.502860	14.985320	16.496060	0.800840	0.445372	0.395080	-1.000000	-1.000000	-1.000000	-1.000000	-1.000000	-1.000000	-1.000000	73.379310	0.000000	-1.000000	-1.000000	1911845.000000	1773868067.529168
-6612.885000	1212.615000	12468.150000	14805.180000	-16633.035000	-19392.345000	8697.465000	15583.815000	-25.003128	-3.416572	11.667575	20.893396	21.983204	23.536834	0.902112	-35.358627	-34.502860	14.985320	16.496060	0.800840	0.445372	0.395080	-1.000000	-1.000000	-1.000000	-1.000000	-1.000000	-1.000000	-1.000000	73.379310	0.000000	-1.000000	-1.000000	1911846.000000	1773868067.529180
-6537.555000	1299.735000	12515.940000	14831.775000	-16606.530000	-19369.755000	8699.850000	15616.710000	-30.534703	-11.928748	4.337847	12.827248	11.321384	13.012595	4.249255	-29.197602	-34.502860	14.985320	16.496060	0.800840	0.445372	0.395080	-1.000000	-1.000000	-1.000000	-1.000000	-1.000000	-1.000000	-1.000000	73.379310	0.000000	-1.000000	-1.000000	1911847.000000	1773868067.533052
-6496.605000	1344.015000	12554.280000	14862.240000	-16578.090000	-19336.140000	8711.595000	15604.740000	-23.174987	-12.629249	-2.729755	1.641021	-1.499002	-1.169695	-0.414494	-23.313987	-34.502860	14.985320	16.496060	0.800840	0.445372	0.395080	-1.000000	-1.000000	-1.000000	-1.000000	-1.000000	-1.000000	-1.000000	73.379310	0.000000	-1.000000	-1.000000	1911848.000000	1773868067.533060
-6581.700000	1253.835000	12536.505000	14875.380000	-16553.745000	-19313.820000	8686.755000	15447.150000	-8.855162	-10.393899	-11.770975	-13.173684	-16.302997	-17.352507	-8.876217	-8.746886	-34.502860	14.985320	16.496060	0.800840	0.445372	0.395080	-1.000000	-1.000000	-1.000000	-1.000000	-1.000000	-1.000000	-1.000000	73.379310	0.000000	-1.000000	-1.000000	1911849.000000	1773868067.538423
-6683.130000	1242.135000	12524.535000	14860.215000	-16588.530000	-19374.930000	8620.695000	15286.860000	-0.597267	-13.531841	-23.029645	-28.393840	-30.179403	-32.066003	-16.187283	9.861346	-34.502860	14.985320	16.496060	0.800840	0.445372	0.395080	-1.000000	-1.000000	-1.000000	-1.000000	-1.000000	-1.000000	-1.000000	73.379310	0.000000	-1.000000	-1.000000	1911850.000000	1773868067.538433
-6699.915000	1254.825000	12533.445000	14865.390000	-16580.565000	-19347.615000	8590.320000	15291.900000	-6.815131	-24.552792	-34.862935	-40.692237	-40.891792	-43.322392	-20.205920	24.774024	-54.096700	-3.616620	7.385840	0.803037	0.428038	0.392028	-1.000000	-1.000000	-1.000000	-1.000000	-1.000000	-1.000000	-1.000000	73.379310	0.000000	-1.000000	-1.000000	1911851.000000	1773868067.541000
-6552.090000	1312.830000	12579.075000	14927.130000	-16482.420000	-19248.840000	8628.795000	15403.905000	-18.341892	-34.650532	-41.587762	-45.358075	-43.755123	-45.419907	-17.636329	37.491709	-54.096700	-3.616620	7.385840	0.803037	0.428038	0.392028	-1.000000	-1.000000	-1.000000	-1.000000	-1.000000	-1.000000	-1.000000	73.379310	0.000000	-1.000000	-1.000000	1911852.000000	1773868067.541007
-6547.590000	1193.805000	12439.755000	14788.530000	-16626.420000	-19398.915000	8651.475000	15582.105000	-14.827474	-32.218976	-36.730309	-37.495569	-33.291546	-31.941627	-4.517227	53.404158	-54.096700	-3.616620	7.385840	0.803037	0.428038	0.392028	-1.000000	-1.000000	-1.000000	-1.000000	-1.000000	-1.000000	-1.000000	73.379310	0.000000	-1.000000	-1.000000	1911853.000000	1773868067.544938
-6635.340000	1069.200000	12290.535000	14620.185000	-16809.030000	-19582.470000	8614.080000	15659.955000	10.107165	-16.073525	-21.698585	-20.336221	-14.153553	-9.515009	15.480113	68.823316	-54.096700	-3.616620	7.385840	0.803037	0.428038	0.392028	-1.000000	-1.000000	-1.000000	-1.000000	-1.000000	-1.000000	-1.000000	73.379310	0.000000	-1.000000	-1.000000	1911854.000000	1773868067.544946
-6651.045000	1139.760000	12364.605000	14691.690000	-16732.260000	-19483.515000	8628.660000	15592.005000	37.622811	4.561073	-3.870183	-2.747228	2.471146	8.019909	30.205918	67.984552	-54.096700	-3.616620	7.385840	0.803037	0.428038	0.392028	-1.000000	-1.000000	-1.000000	-1.000000	-1.000000	-1.000000	-1.000000	73.379310	0.000000	-1.000000	-1.000000	1911855.000000	1773868067.548990
-6626.160000	1161.315000	12401.235000	14738.670000	-16680.060000	-19422.090000	8662.950000	15678.180000	44.213249	21.416289	13.871392	13.521240	15.103638	19.324971	31.311392	38.046264	-54.096700	-3.616620	7.385840	0.803037	0.428038	0.392028	-1.000000	-1.000000	-1.000000	-1.000000	-1.000000	-1.000000	-1.000000	73.379310	0.000000	-1.000000	-1.000000	1911856.000000	1773868067.548996
-6548.535000	1237.320000	12446.550000	14753.610000	-16687.170000	-19423.935000	8673.300000	15673.905000	26.535088	32.110017	31.327477	30.293520	27.550791	29.860408	21.151089	-11.373518	-54.096700	-3.616620	7.385840	0.803037	0.428038	0.392028	-1.000000	-1.000000	-1.000000	-1.000000	-1.000000	-1.000000	-1.000000	73.379310	0.000000	-1.000000	-1.000000	1911857.000000	1773868067.553634
-6507.720000	1267.155000	12483.585000	14806.395000	-16615.215000	-19387.935000	8658.135000	15654.735000	2.511139	38.359393	44.780592	43.342860	37.012007	37.159105	7.069777	-52.445306	-54.096700	-3.616620	7.385840	0.803037	0.428038	0.392028	-1.000000	-1.000000	-1.000000	-1.000000	-1.000000	-1.000000	-1.000000	73.379310	0.000000	-1.000000	-1.000000	1911858.000000	1773868067.553645
-6518.070000	1241.010000	12482.100000	14814.990000	-16602.975000	-19374.480000	8651.250000	15629.220000	-9.290086	39.615065	48.279398	46.185568	38.807235	35.924383	-4.548436	-63.799000	-54.096700	-3.616620	7.385840	0.803037	0.428038	0.392028	-1.000000	-1.000000	-1.000000	-1.000000	-1.000000	-1.000000	-1.000000	73.379310	0.000000	-1.000000	-1.000000	1911859.000000	1773868067.556901
-6533.820000	1225.530000	12459.420000	14787.765000	-16642.980000	-19400.670000	8646.030000	15631.515000	-8.643589	29.020826	36.373411	34.788913	29.839427	23.886434	-10.596868	-47.461608	-54.096700	-3.616620	7.385840	0.803037	0.428038	0.392028	-1.000000	-1.000000	-1.000000	-1.000000	-1.000000	-1.000000	-1.000000	73.379310	0.000000	-1.000000	-1.000000	1911860.000000	1773868067.556908
-6578.910000	1164.870000	12414.420000	14761.035000	-16668.855000	-19426.860000	8649.945000	15600.690000	-9.677794	3.409102	9.572450	10.106148	8.582096	1.865234	-12.248442	-24.864580	-41.430900	-3.006220	4.074420	0.818540	0.403136	0.389708	-1.000000	-1.000000	-1.000000	-1.000000	-1.000000	-1.000000	-1.000000	73.379310	0.000000	-1.000000	-1.000000	1911861.000000	1773868067.561519
-6567.615000	1209.060000	12447.630000	14783.085000	-16654.095000	-19418.625000	8650.260000	15572.205000	-19.273426	-24.841536	-18.592775	-15.573963	-15.416037	-19.609069	-12.312655	-17.494598	-41.430900	-3.006220	4.074420	0.818540	0.403136	0.389708	-1.000000	-1.000000	-1.000000	-1.000000	-1.000000	-1.000000	-1.000000	73.379310	0.000000	-1.000000	-1.000000	1911862.000000	1773868067.561529
-6550.875000	1246.275000	12477.825000	14808.060000	-16625.970000	-19395.990000	8644.500000	15580.485000	-27.125249	-35.345687	-29.037956	-24.548214	-24.002187	-24.341426	-11.518014	-27.372801	-41.430900	-3.006220	4.074420	0.818540	0.403136	0.389708	-1.000000	-1.000000	-1.000000	-1.000000	-1.000000	-1.000000	-1.000000	73.379310	0.000000	-1.000000	-1.000000	1911863.000000	1773868067.564932
-6568.020000	1237.410000	12471.885000	14803.335000	-16621.470000	-19382.490000	8656.830000	15571.980000	-22.002668	-23.183464	-18.741612	-14.541624	-13.136137	-11.113073	-9.269177	-36.278318	-41.430900	-3.006220	4.074420	0.818540	0.403136	0.389708	-1.000000	-1.000000	-1.000000	-1.000000	-1.000000	-1.000000	-1.000000	73.379310	0.000000	-1.000000	-1.000000	1911864.000000	1773868067.564938
-6591.105000	1231.290000	12461.445000	14787.495000	-16642.305000	-19385.640000	8667.495000	15574.005000	-7.909005	-4.851889	-4.581052	-2.184404	1.012481	3.243029	-5.899547	-26.892728	-41.430900	-3.006220	4.074420	0.818540	0.403136	0.389708	-1.000000	-1.000000	-1.000000	-1.000000	-1.000000	-1.000000	-1.000000	73.379310	0.000000	-1.000000	-1.000000	1911865.000000	1773868067.568995
-6570.720000	1246.770000	12492.450000	14825.205000	-16598.970000	-19367.640000	8652.645000	15583.455000	3.359914	2.732135	-1.894334	-1.835045	3.068556	4.771377	-2.238584	2.138792	-41.430900	-3.006220	4.074420	0.818540	0.403136	0.389708	-1.000000	-1.000000	-1.000000	-1.000000	-1.000000	-1.000000	-1.000000	73.379310	0.000000	-1.000000	-1.000000	1911866.000000	1773868067.569006
-6520.815000	1344.420000	12572.055000	14887.080000	-16557.075000	-19342.350000	8664.930000	15596.595000	8.003974	-0.724966	-9.101398	-11.283336	-6.405650	-4.947899	1.789838	40.537588	-41.430900	-3.006220	4.074420	0.818540	0.403136	0.389708	-1.000000	-1.000000	-1.000000	-1.000000	-1.000000	-1.000000	-1.000000	73.379310	0.000000	-1.000000	-1.000000	1911867.000000	1773868067.573072
-6531.300000	1294.020000	12539.385000	14887.665000	-16532.415000	-19299.960000	8690.355000	15592.590000	10.905433	-4.658694	-14.804185	-18.793702	-16.344137	-14.942356	7.071944	72.249961	-41.430900	-3.006220	4.074420	0.818540	0.403136	0.389708	-1.000000	-1.000000	-1.000000	-1.000000	-1.000000	-1.000000	-1.000000	73.379310	0.000000	-1.000000	-1.000000	1911868.000000	1773868067.573083
-6601.905000	1164.870000	12434.310000	14795.730000	-16617.915000	-19372.995000	8658.090000	15555.555000	13.539383	-5.087423	-13.992442	-17.995966	-18.605501	-17.091357	12.364354	79.794691	-41.430900	-3.006220	4.074420	0.818540	0.403136	0.389708	-1.000000	-1.000000	-1.000000	-1.000000	-1.000000	-1.000000	-1.000000	73.379310	0.000000	-1.000000	-1.000000	1911869.000000	1773868067.577050
-6603.615000	1181.385000	12418.065000	14750.280000	-16683.480000	-19435.320000	8639.685000	15586.605000	11.776759	-5.984425	-10.155961	-12.015725	-14.293194	-12.193910	12.938777	55.368292	-41.430900	-3.006220	4.074420	0.818540	0.403136	0.389708	-1.000000	-1.000000	-1.000000	-1.000000	-1.000000	-1.000000	-1.000000	73.379310	0.000000	-1.000000	-1.000000	1911870.000000	1773868067.577060
-6573.150000	1256.895000	12468.870000	14798.880000	-16626.600000	-19425.465000	8634.915000	15598.755000	5.863093	-5.652595	-4.384160	-4.209825	-6.820601	-4.545312	6.115540	9.868100	-36.776600	-1.876980	1.342880	0.818540	0.384765	0.390868	-1.000000	-1.000000	-1.000000	-1.000000	-1.000000	-1.000000	-1.000000	73.379310	0.000000	-1.000000	-1.000000	1911871.000000	1773868067.585510
-6590.790000	1218.645000	12471.705000	14815.980000	-16606.935000	-19403.685000	8616.600000	15543.270000	1.012884	0.677938	5.104652	5.901446	3.629257	3.633457	-4.579196	-34.575956	-36.776600	-1.876980	1.342880	0.818540	0.384765	0.390868	-1.000000	-1.000000	-1.000000	-1.000000	-1.000000	-1.000000	-1.000000	73.379310	0.000000	-1.000000	-1.000000	1911872.000000	1773868067.585521
-6615.585000	1214.415000	12490.020000	14844.960000	-16574.445000	-19336.590000	8643.735000	15449.535000	-0.967292	9.316726	15.523955	16.809241	15.288425	11.120749	-13.028624	-61.803725	-36.776600	-1.876980	1.342880	0.818540	0.384765	0.390868	-1.000000	-1.000000	-1.000000	-1.000000	-1.000000	-1.000000	-1.000000	73.379310	0.000000	-1.000000	-1.000000	1911873.000000	1773868067.585533
-6575.760000	1312.920000	12581.235000	14928.615000	-16494.930000	-19259.595000	8698.365000	15454.710000	-1.901716	14.076380	22.136583	24.662777	24.015908	17.708791	-13.993384	-67.139429	-36.776600	-1.876980	1.342880	0.818540	0.384765	0.390868	-1.000000	-1.000000	-1.000000	-1.000000	-1.000000	-1.000000	-1.000000	73.379310	0.000000	-1.000000	-1.000000	1911874.000000	1773868067.585538
-6532.425000	1397.655000	12659.445000	14996.340000	-16447.995000	-19211.490000	8727.885000	15450.255000	-2.080973	15.566046	23.711229	26.977036	26.757528	23.164114	-4.953425	-50.859321	-36.776600	-1.876980	1.342880	0.818540	0.384765	0.390868	-1.000000	-1.000000	-1.000000	-1.000000	-1.000000	-1.000000	-1.000000	73.379310	0.000000	-1.000000	-1.000000	1911875.000000	1773868067.590669
-6606.540000	1292.535000	12553.380000	14886.315000	-16574.715000	-19298.340000	8661.600000	15582.465000	-1.759869	14.236890	18.486725	20.272186	19.253505	22.471618	9.001231	-16.018905	-36.776600	-1.876980	1.342880	0.818540	0.384765	0.390868	-1.000000	-1.000000	-1.000000	-1.000000	-1.000000	-1.000000	-1.000000	73.379310	0.000000	-1.000000	-1.000000	1911876.000000	1773868067.590682
-6692.805000	1116.495000	12372.210000	14711.130000	-16741.665000	-19434.015000	8588.520000	15661.485000	-4.318332	4.291788	1.529078	-0.414139	-3.401035	7.340198	15.424236	28.656436	-36.776600	-1.876980	1.342880	0.818540	0.384765	0.390868	-1.000000	-1.000000	-1.000000	-1.000000	-1.000000	-1.000000	-1.000000	73.379310	0.000000	-1.000000	-1.000000	1911877.000000	1773868067.593203
-6673.860000	1130.085000	12379.005000	14726.565000	-16680.555000	-19444.410000	8608.320000	15649.020000	-10.227713	-14.653700	-24.397735	-30.160748	-33.928521	-20.413097	7.516838	66.312134	-36.776600	-1.876980	1.342880	0.818540	0.384765	0.390868	-1.000000	-1.000000	-1.000000	-1.000000	-1.000000	-1.000000	-1.000000	73.379310	0.000000	-1.000000	-1.000000	1911878.000000	1773868067.593213
-6569.910000	1198.080000	12415.455000	14751.270000	-16652.565000	-19462.860000	8639.910000	15670.170000	-11.571282	-29.343233	-42.424497	-48.945276	-49.078381	-42.568273	-6.439294	76.604160	-36.776600	-1.876980	1.342880	0.818540	0.384765	0.390868	-1.000000	-1.000000	-1.000000	-1.000000	-1.000000	-1.000000	-1.000000	73.379310	0.000000	-1.000000	-1.000000	1911879.000000	1773868067.597093
-6502.455000	1243.080000	12445.605000	14770.260000	-16649.055000	-19438.110000	8663.580000	15719.310000	-0.409469	-26.353265	-37.423478	-40.723477	-33.967792	-41.832809	-12.633796	52.429546	-36.776600	-1.876980	1.342880	0.818540	0.384765	0.390868	-1.000000	-1.000000	-1.000000	-1.000000	-1.000000	-1.000000	-1.000000	73.379310	0.000000	-1.000000	-1.000000	1911880.000000	1773868067.597103
-6480.990000	1215.630000	12447.000000	14783.175000	-16636.680000	-19406.880000	8669.160000	15727.680000	19.966405	-6.566016	-11.931444	-10.644579	0.232566	-18.939645	-6.402680	9.216382	-25.468940	-4.532220	4.593260	0.812132	0.375670	0.402953	-1.000000	-1.000000	-1.000000	-1.000000	-1.000000	-1.000000	-1.000000	73.379310	0.000000	-1.000000	-1.000000	1911881.000000	1773868067.601207
-6525.270000	1232.010000	12459.825000	14792.895000	-16636.005000	-19398.555000	8651.025000	15672.600000	35.344808	16.517043	17.787420	22.124609	30.334108	10.810041	4.774535	-29.491684	-25.468940	-4.532220	4.593260	0.812132	0.375670	0.402953	-1.000000	-1.000000	-1.000000	-1.000000	-1.000000	-1.000000	-1.000000	73.379310	0.000000	-1.000000	-1.000000	1911882.000000	1773868067.601218
-6579.990000	1211.670000	12439.035000	14773.050000	-16646.760000	-19425.735000	8628.660000	15631.785000	30.428258	26.878957	33.792441	38.910372	39.638369	29.653018	9.420711	-50.988653	-25.468940	-4.532220	4.593260	0.812132	0.375670	0.402953	-1.000000	-1.000000	-1.000000	-1.000000	-1.000000	-1.000000	-1.000000	73.379310	0.000000	-1.000000	-1.000000	1911883.000000	1773868067.605179
-6568.920000	1251.000000	12471.840000	14792.535000	-16643.385000	-19425.105000	8647.470000	15636.870000	2.738966	18.005512	28.168598	32.398367	26.187791	28.923617	3.657878	-55.394923	-25.468940	-4.532220	4.593260	0.812132	0.375670	0.402953	-1.000000	-1.000000	-1.000000	-1.000000	-1.000000	-1.000000	-1.000000	73.379310	0.000000	-1.000000	-1.000000	1911884.000000	1773868067.605189
-6553.620000	1242.720000	12474.405000	14800.635000	-16625.160000	-19384.290000	8665.245000	15653.655000	-30.027888	1.031529	11.321341	13.564452	4.885119	16.358647	-4.499297	-47.878821	-25.468940	-4.532220	4.593260	0.812132	0.375670	0.402953	-1.000000	-1.000000	-1.000000	-1.000000	-1.000000	-1.000000	-1.000000	73.379310	0.000000	-1.000000	-1.000000	1911885.000000	1773868067.610364
-6524.820000	1289.160000	12540.555000	14881.635000	-16537.545000	-19308.555000	8681.940000	15627.105000	-43.340713	-4.435839	3.554514	3.337103	-3.413049	9.543318	-4.436874	-33.532763	-25.468940	-4.532220	4.593260	0.812132	0.375670	0.402953	-1.000000	-1.000000	-1.000000	-1.000000	-1.000000	-1.000000	-1.000000	73.379310	0.000000	-1.000000	-1.000000	1911886.000000	1773868067.610374
-6519.060000	1337.805000	12602.700000	14952.960000	-16469.865000	-19237.365000	8706.105000	15503.490000	-29.471888	7.700116	13.129912	11.399523	8.045006	17.871263	4.669453	-17.059589	-25.468940	-4.532220	4.593260	0.812132	0.375670	0.402953	-1.000000	-1.000000	-1.000000	-1.000000	-1.000000	-1.000000	-1.000000	73.379310	0.000000	-1.000000	-1.000000	1911887.000000	1773868067.613042
-6556.590000	1317.555000	12579.795000	14920.605000	-16515.720000	-19278.360000	8662.455000	15440.220000	-4.269247	22.217079	26.726158	25.647819	24.442881	31.681947	13.089620	-4.222280	-25.468940	-4.532220	4.593260	0.812132	0.375670	0.402953	-1.000000	-1.000000	-1.000000	-1.000000	-1.000000	-1.000000	-1.000000	73.379310	0.000000	-1.000000	-1.000000	1911888.000000	1773868067.613048
-6633.990000	1182.195000	12430.485000	14765.535000	-16670.385000	-19429.290000	8598.195000	15535.935000	9.645434	18.337688	22.306084	23.074448	22.469083	28.990422	10.091909	4.160805	-25.468940	-4.532220	4.593260	0.812132	0.375670	0.402953	-1.000000	-1.000000	-1.000000	-1.000000	-1.000000	-1.000000	-1.000000	73.379310	0.000000	-1.000000	-1.000000	1911889.000000	1773868067.616953
-6573.105000	1167.750000	12392.235000	14722.740000	-16704.945000	-19479.105000	8632.350000	15747.075000	5.295487	-8.982711	-9.166692	-7.871035	-7.838613	-3.749264	-5.201006	18.997392	-25.468940	-4.532220	4.593260	0.812132	0.375670	0.402953	-1.000000	-1.000000	-1.000000	-1.000000	-1.000000	-1.000000	-1.000000	73.379310	0.000000	-1.000000	-1.000000	1911890.000000	1773868067.616963
-6595.425000	1180.530000	12406.005000	14737.500000	-16688.880000	-19462.365000	8621.820000	15721.335000	-4.377913	-42.913157	-51.880913	-52.398918	-50.415160	-52.910548	-21.372032	48.881074	-9.308600	-0.320460	-0.366240	0.803892	0.388244	0.405578	-1.000000	-1.000000	-1.000000	-1.000000	-1.000000	-1.000000	-1.000000	73.379310	0.000000	-1.000000	-1.000000	1911891.000000	1773868067.621162
-6625.080000	1160.910000	12397.590000	14736.285000	-16680.015000	-19451.520000	8609.400000	15657.750000	-5.241347	-60.006894	-77.116121	-80.023787	-75.130477	-85.211875	-26.057853	78.544935	-9.308600	-0.320460	-0.366240	0.803892	0.388244	0.405578	-1.000000	-1.000000	-1.000000	-1.000000	-1.000000	-1.000000	-1.000000	73.379310	0.000000	-1.000000	-1.000000	1911892.000000	1773868067.621173
-6588.855000	1178.055000	12411.945000	14744.115000	-16652.790000	-19437.030000	8627.985000	15714.090000	3.838899	-48.958826	-67.031826	-70.497741	-62.864908	-76.698316	-16.729729	79.613207	-9.308600	-0.320460	-0.366240	0.803892	0.388244	0.405578	-1.000000	-1.000000	-1.000000	-1.000000	-1.000000	-1.000000	-1.000000	73.379310	0.000000	-1.000000	-1.000000	1911893.000000	1773868067.629152
-6607.935000	1201.005000	12442.320000	14780.385000	-16624.485000	-19405.395000	8636.445000	15667.560000	16.067276	-13.989764	-24.785086	-26.758795	-18.047364	-30.742324	0.888513	42.264650	-9.308600	-0.320460	-0.366240	0.803892	0.388244	0.405578	-1.000000	-1.000000	-1.000000	-1.000000	-1.000000	-1.000000	-1.000000	73.379310	0.000000	-1.000000	-1.000000	1911894.000000	1773868067.629164
-6630.480000	1207.080000	12450.285000	14788.980000	-16647.750000	-19398.555000	8651.070000	15603.480000	23.186294	29.005324	29.145096	28.937450	34.600806	27.165235	17.957657	-16.287801	-9.308600	-0.320460	-0.366240	0.803892	0.388244	0.405578	-1.000000	-1.000000	-1.000000	-1.000000	-1.000000	-1.000000	-1.000000	73.379310	0.000000	-1.000000	-1.000000	1911895.000000	1773868067.629176
-6620.760000	1217.835000	12461.175000	14799.555000	-16618.410000	-19390.095000	8650.845000	15594.255000	19.305453	58.193898	67.441334	68.037966	66.049409	67.427973	26.398196	-66.304214	-9.308600	-0.320460	-0.366240	0.803892	0.388244	0.405578	-1.000000	-1.000000	-1.000000	-1.000000	-1.000000	-1.000000	-1.000000	73.379310	0.000000	-1.000000	-1.000000	1911896.000000	1773868067.629181
-6574.140000	1281.735000	12499.560000	14816.745000	-16633.395000	-19399.050000	8653.500000	15628.950000	7.393765	61.187944	74.451924	75.020096	64.980195	75.205126	23.779623	-83.876549	-9.308600	-0.320460	-0.366240	0.803892	0.388244	0.405578	-1.000000	-1.000000	-1.000000	-1.000000	-1.000000	-1.000000	-1.000000	73.379310	0.000000	-1.000000	-1.000000	1911897.000000	1773868067.633446
-6518.340000	1371.375000	12564.045000	14864.895000	-16599.555000	-19355.805000	8663.580000	15587.055000	-1.976196	45.818083	56.938081	56.790059	42.836983	56.855706	14.231198	-67.098160	-9.308600	-0.320460	-0.366240	0.803892	0.388244	0.405578	-1.000000	-1.000000	-1.000000	-1.000000	-1.000000	-1.000000	-1.000000	73.379310	0.000000	-1.000000	-1.000000	1911898.000000	1773868067.633457
-6551.730000	1249.785000	12522.465000	14870.385000	-16577.820000	-19341.045000	8667.180000	15554.925000	-3.138820	25.174872	30.609478	29.774995	17.295789	28.574553	2.987918	-35.498683	-9.308600	-0.320460	-0.366240	0.803892	0.388244	0.405578	-1.000000	-1.000000	-1.000000	-1.000000	-1.000000	-1.000000	-1.000000	73.379310	0.000000	-1.000000	-1.000000	1911899.000000	1773868067.638750
-6533.865000	1274.445000	12534.390000	14878.935000	-16570.260000	-19320.075000	8694.360000	15637.635000	-0.631862	0.785687	2.734207	3.234954	-2.995626	1.600211	-6.581592	-6.216938	-9.308600	-0.320460	-0.366240	0.803892	0.388244	0.405578	-1.000000	-1.000000	-1.000000	-1.000000	-1.000000	-1.000000	-1.000000	73.379310	0.000000	-1.000000	-1.000000	1911900.000000	1773868067.638761
-6553.125000	1266.525000	12515.580000	14863.995000	-16559.055000	-19297.845000	8711.730000	15719.940000	-0.556444	-26.769253	-24.543312	-20.612987	-17.864538	-19.782405	-11.669494	20.491129	-12.833660	2.365300	2.227960	0.804197	0.394652	0.399169	-1.000000	-1.000000	-1.000000	-1.000000	-1.000000	-1.000000	-1.000000	73.379310	0.000000	-1.000000	-1.000000	1911901.000000	1773868067.641283
-6630.615000	1229.805000	12487.500000	14843.565000	-16576.740000	-19357.155000	8663.850000	15603.435000	-5.843949	-48.047803	-45.783031	-39.146304	-28.194796	-34.111554	-12.164978	43.971794	-12.833660	2.365300	2.227960	0.804197	0.394652	0.399169	-1.000000	-1.000000	-1.000000	-1.000000	-1.000000	-1.000000	-1.000000	73.379310	0.000000	-1.000000	-1.000000	1911902.000000	1773868067.641293
-6623.280000	1224.270000	12465.360000	14804.370000	-16633.710000	-19416.870000	8653.455000	15574.725000	-15.894718	-54.250098	-55.048210	-49.109535	-34.314103	-42.666837	-11.949209	52.212055	-12.833660	2.365300	2.227960	0.804197	0.394652	0.399169	-1.000000	-1.000000	-1.000000	-1.000000	-1.000000	-1.000000	-1.000000	73.379310	0.000000	-1.000000	-1.000000	1911903.000000	1773868067.645338
-6569.280000	1222.380000	12463.965000	14800.095000	-16626.150000	-19390.095000	8636.175000	15658.110000	-23.355307	-44.097192	-50.218829	-49.025032	-36.328358	-46.098510	-13.657573	40.863099	-12.833660	2.365300	2.227960	0.804197	0.394652	0.399169	-1.000000	-1.000000	-1.000000	-1.000000	-1.000000	-1.000000	-1.000000	73.379310	0.000000	-1.000000	-1.000000	1911904.000000	1773868067.645348
-6609.735000	1115.010000	12392.460000	14744.655000	-16672.320000	-19451.745000	8622.405000	15697.035000	-20.105083	-24.000674	-33.916579	-38.906579	-32.358411	-40.579126	-15.106954	22.070140	-12.833660	2.365300	2.227960	0.804197	0.394652	0.399169	-1.000000	-1.000000	-1.000000	-1.000000	-1.000000	-1.000000	-1.000000	73.379310	0.000000	-1.000000	-1.000000	1911905.000000	1773868067.649291
-6610.500000	1161.180000	12410.730000	14746.590000	-16701.615000	-19500.705000	8621.685000	15664.905000	-8.098105	-4.229323	-12.320384	-20.387723	-20.493384	-24.035257	-12.159073	6.204268	-12.833660	2.365300	2.227960	0.804197	0.394652	0.399169	-1.000000	-1.000000	-1.000000	-1.000000	-1.000000	-1.000000	-1.000000	73.379310	0.000000	-1.000000	-1.000000	1911906.000000	1773868067.649301
-6608.160000	1185.210000	12421.620000	14755.770000	-16675.290000	-19413.405000	8639.145000	15618.330000	3.934944	10.973033	9.149325	2.707566	-2.368882	-0.362944	-3.273466	-8.184109	-12.833660	2.365300	2.227960	0.804197	0.394652	0.399169	-1.000000	-1.000000	-1.000000	-1.000000	-1.000000	-1.000000	-1.000000	73.379310	0.000000	-1.000000	-1.000000	1911907.000000	1773868067.654482
-6609.105000	1225.980000	12464.415000	14800.680000	-16587.585000	-19377.630000	8643.555000	15594.615000	11.186494	25.398732	28.029386	25.091820	17.965385	24.905106	8.735801	-23.959217	-12.833660	2.365300	2.227960	0.804197	0.394652	0.399169	-1.000000	-1.000000	-1.000000	-1.000000	-1.000000	-1.000000	-1.000000	73.379310	0.000000	-1.000000	-1.000000	1911908.000000	1773868067.654491
-6563.430000	1240.155000	12470.220000	14795.460000	-16568.775000	-19403.640000	8647.605000	15644.610000	14.950279	40.116749	41.873271	41.134726	35.982224	44.373068	18.354948	-37.057748	-12.833660	2.365300	2.227960	0.804197	0.394652	0.399169	-1.000000	-1.000000	-1.000000	-1.000000	-1.000000	-1.000000	-1.000000	73.379310	0.000000	-1.000000	-1.000000	1911909.000000	1773868067.657524
-6561.720000	1275.705000	12499.380000	14827.905000	-16534.170000	-19351.980000	8641.350000	15625.035000	18.039204	48.518731	46.750009	46.412167	45.795512	49.584506	21.008727	-40.054893	-12.833660	2.365300	2.227960	0.804197	0.394652	0.399169	-1.000000	-1.000000	-1.000000	-1.000000	-1.000000	-1.000000	-1.000000	73.379310	0.000000	-1.000000	-1.000000	1911910.000000	1773868067.657535
-6608.070000	1261.935000	12514.635000	14863.455000	-16612.695000	-19330.245000	8619.615000	15559.830000	20.122944	43.785968	40.469776	40.393801	41.421916	39.980094	16.239752	-28.989688	-21.730240	1.007160	-2.060100	0.806883	0.387694	0.397826	-1.000000	-1.000000	-1.000000	-1.000000	-1.000000	-1.000000	-1.000000	73.379310	0.000000	-1.000000	-1.000000	1911911.000000	1773868067.664946
-6616.305000	1283.085000	12534.615000	14883.795000	-16590.465000	-19333.530000	8592.615000	15517.620000	16.601159	25.061686	24.668732	26.581765	21.851541	22.695515	6.814182	-7.929032	-21.730240	1.007160	-2.060100	0.806883	0.387694	0.397826	-1.000000	-1.000000	-1.000000	-1.000000	-1.000000	-1.000000	-1.000000	73.379310	0.000000	-1.000000	-1.000000	1911912.000000	1773868067.664960
-6597.180000	1220.445000	12468.510000	14813.820000	-16639.245000	-19387.350000	8630.955000	15632.820000	4.547792	-2.260932	3.045792	8.287067	-5.737957	2.732036	-3.102674	13.424451	-21.730240	1.007160	-2.060100	0.806883	0.387694	0.397826	-1.000000	-1.000000	-1.000000	-1.000000	-1.000000	-1.000000	-1.000000	73.379310	0.000000	-1.000000	-1.000000	1911913.000000	1773868067.665482
-6551.010000	1164.915000	12398.310000	14733.270000	-16730.595000	-19433.340000	8696.070000	15772.230000	-10.308073	-29.243923	-20.348913	-13.244731	-30.392491	-17.538296	-7.563648	30.021568	-21.730240	1.007160	-2.060100	0.806883	0.387694	0.397826	-1.000000	-1.000000	-1.000000	-1.000000	-1.000000	-1.000000	-1.000000	73.379310	0.000000	-1.000000	-1.000000	1911914.000000	1773868067.665492
-6536.790000	1226.385000	12448.350000	14782.365000	-16644.780000	-19387.575000	8670.600000	15666.930000	-18.052413	-47.114731	-39.678797	-34.058561	-42.786940	-32.812895	-3.647301	41.161424	-21.730240	1.007160	-2.060100	0.806883	0.387694	0.397826	-1.000000	-1.000000	-1.000000	-1.000000	-1.000000	-1.000000	-1.000000	73.379310	0.000000	-1.000000	-1.000000	1911915.000000	1773868067.671072
-6494.220000	1286.910000	12504.555000	14838.480000	-16565.940000	-19389.195000	8661.960000	15653.970000	-14.745703	-48.213350	-45.999147	-44.420851	-36.673803	-37.612725	2.731082	40.894687	-21.730240	1.007160	-2.060100	0.806883	0.387694	0.397826	-1.000000	-1.000000	-1.000000	-1.000000	-1.000000	-1.000000	-1.000000	73.379310	0.000000	-1.000000	-1.000000	1911916.000000	1773868067.671084
-6523.920000	1288.980000	12516.705000	14849.820000	-16583.580000	-19350.855000	8682.885000	15668.820000	-4.838102	-30.303455	-33.872925	-36.822690	-14.868938	-31.282573	3.493041	23.964161	-21.730240	1.007160	-2.060100	0.806883	0.387694	0.397826	-1.000000	-1.000000	-1.000000	-1.000000	-1.000000	-1.000000	-1.000000	73.379310	0.000000	-1.000000	-1.000000	1911917.000000	1773868067.675165
-6584.580000	1226.475000	12479.760000	14832.180000	-16604.820000	-19359.270000	8667.630000	15684.120000	2.038651	-3.568842	-9.804580	-15.370528	8.327055	-16.707358	-2.270759	-3.974328	-21.730240	1.007160	-2.060100	0.806883	0.387694	0.397826	-1.000000	-1.000000	-1.000000	-1.000000	-1.000000	-1.000000	-1.000000	73.379310	0.000000	-1.000000	-1.000000	1911918.000000	1773868067.675172
-6585.120000	1210.095000	12465.810000	14813.685000	-16619.940000	-19398.825000	8653.455000	15680.115000	-0.460972	15.552484	11.719133	6.849530	19.473881	0.009525	-9.743834	-28.992038	-21.730240	1.007160	-2.060100	0.806883	0.387694	0.397826	-1.000000	-1.000000	-1.000000	-1.000000	-1.000000	-1.000000	-1.000000	73.379310	0.000000	-1.000000	-1.000000	1911919.000000	1773868067.677073
-6615.630000	1182.510000	12434.715000	14773.950000	-16665.930000	-19440.495000	8656.560000	15658.830000	-7.926738	19.036038	20.090621	17.784194	16.993504	10.622963	-13.447808	-37.689592	-21.730240	1.007160	-2.060100	0.806883	0.387694	0.397826	-1.000000	-1.000000	-1.000000	-1.000000	-1.000000	-1.000000	-1.000000	73.379310	0.000000	-1.000000	-1.000000	1911920.000000	1773868067.677085
-6646.320000	1177.605000	12434.985000	14780.025000	-16650.315000	-19396.440000	8668.710000	15628.500000	-12.378204	11.308291	15.231880	14.818767	7.790756	12.477675	-10.347933	-28.375520	-16.267160	-2.472120	-9.400160	0.805113	0.378051	0.401732	-1.000000	-1.000000	-1.000000	-1.000000	-1.000000	-1.000000	-1.000000	73.379310	0.000000	-1.000000	-1.000000	1911921.000000	1773868067.683156
-6637.365000	1233.225000	12493.575000	14846.535000	-16577.775000	-19355.265000	8677.890000	15650.370000	-11.334565	4.135516	7.308828	7.707676	1.643769	12.583644	-2.418485	-13.737281	-16.267160	-2.472120	-9.400160	0.805113	0.378051	0.401732	-1.000000	-1.000000	-1.000000	-1.000000	-1.000000	-1.000000	-1.000000	73.379310	0.000000	-1.000000	-1.000000	1911922.000000	1773868067.683166
-6542.010000	1258.605000	12497.445000	14839.245000	-16587.630000	-19363.005000	8670.060000	15670.890000	-4.796642	7.188883	7.539438	8.772997	5.867644	17.983174	4.451886	-5.903014	-16.267160	-2.472120	-9.400160	0.805113	0.378051	0.401732	-1.000000	-1.000000	-1.000000	-1.000000	-1.000000	-1.000000	-1.000000	73.379310	0.000000	-1.000000	-1.000000	1911923.000000	1773868067.685582
-6518.880000	1257.390000	12479.490000	14818.275000	-16607.565000	-19379.340000	8651.745000	15664.095000	7.352393	16.835046	14.155163	16.292954	14.545660	23.815750	6.105237	-2.736761	-16.267160	-2.472120	-9.400160	0.805113	0.378051	0.401732	-1.000000	-1.000000	-1.000000	-1.000000	-1.000000	-1.000000	-1.000000	73.379310	0.000000	-1.000000	-1.000000	1911924.000000	1773868067.685592
-6483.690000	1302.300000	12508.380000	14841.135000	-16589.790000	-19361.115000	8656.110000	15662.115000	21.273520	20.365773	15.063920	17.063485	12.816037	19.369318	3.354708	4.077747	-16.267160	-2.472120	-9.400160	0.805113	0.378051	0.401732	-1.000000	-1.000000	-1.000000	-1.000000	-1.000000	-1.000000	-1.000000	73.379310	0.000000	-1.000000	-1.000000	1911925.000000	1773868067.689065
-6585.165000	1169.550000	12445.830000	14796.900000	-16629.255000	-19396.440000	8639.460000	15642.855000	28.440900	10.721397	4.392622	5.021578	-3.185953	2.725783	-0.572649	13.851495	-16.267160	-2.472120	-9.400160	0.805113	0.378051	0.401732	-1.000000	-1.000000	-1.000000	-1.000000	-1.000000	-1.000000	-1.000000	73.379310	0.000000	-1.000000	-1.000000	1911926.000000	1773868067.689075
-6596.640000	1153.125000	12445.785000	14800.680000	-16627.050000	-19393.605000	8643.015000	15633.585000	21.992475	-9.091169	-12.253492	-12.983440	-22.349069	-17.599915	-2.816396	18.770998	-16.267160	-2.472120	-9.400160	0.805113	0.378051	0.401732	-1.000000	-1.000000	-1.000000	-1.000000	-1.000000	-1.000000	-1.000000	73.379310	0.000000	-1.000000	-1.000000	1911927.000000	1773868067.693249
-6589.890000	1192.545000	12454.650000	14807.205000	-16619.760000	-19390.005000	8638.380000	15613.155000	4.609137	-27.494199	-24.075913	-25.181725	-30.559498	-29.653982	-1.472664	15.668281	-16.267160	-2.472120	-9.400160	0.805113	0.378051	0.401732	-1.000000	-1.000000	-1.000000	-1.000000	-1.000000	-1.000000	-1.000000	73.379310	0.000000	-1.000000	-1.000000	1911928.000000	1773868067.693258
-6623.280000	1195.065000	12439.800000	14785.920000	-16644.510000	-19417.230000	8633.745000	15610.050000	-12.876555	-30.970381	-23.334196	-24.028626	-21.617941	-26.478917	2.926956	8.578147	-16.267160	-2.472120	-9.400160	0.805113	0.378051	0.401732	-1.000000	-1.000000	-1.000000	-1.000000	-1.000000	-1.000000	-1.000000	73.379310	0.000000	-1.000000	-1.000000	1911929.000000	1773868067.697175
-6623.640000	1196.955000	12438.180000	14784.570000	-16641.855000	-19405.980000	8647.830000	15627.420000	-21.767819	-16.643221	-11.280896	-11.592373	-2.134009	-12.053588	7.033214	2.216154	-16.267160	-2.472120	-9.400160	0.805113	0.378051	0.401732	-1.000000	-1.000000	-1.000000	-1.000000	-1.000000	-1.000000	-1.000000	73.379310	0.000000	-1.000000	-1.000000	1911930.000000	1773868067.697186
-6602.445000	1179.045000	12442.950000	14804.775000	-16609.815000	-19375.065000	8656.605000	15620.850000	-20.798335	4.817738	3.918311	3.711225	15.390673	4.216222	7.766479	-2.749122	-10.041080	0.213640	-7.355320	0.794309	0.379210	0.408019	-1.000000	-1.000000	-1.000000	-1.000000	-1.000000	-1.000000	-1.000000	73.379310	0.000000	-1.000000	-1.000000	1911931.000000	1773868067.709897
-6551.910000	1239.480000	12518.280000	14889.735000	-16518.735000	-19284.570000	8703.315000	15568.920000	-13.667515	19.737976	15.185568	15.772739	24.617413	17.147205	5.708427	-7.826216	-10.041080	0.213640	-7.355320	0.794309	0.379210	0.408019	-1.000000	-1.000000	-1.000000	-1.000000	-1.000000	-1.000000	-1.000000	73.379310	0.000000	-1.000000	-1.000000	1911932.000000	1773868067.709909
-6469.560000	1403.505000	12665.790000	15022.035000	-16401.330000	-19179.045000	8766.855000	15536.745000	-3.714127	24.285935	22.313487	24.663572	27.647370	26.869970	4.981179	-12.707568	-10.041080	0.213640	-7.355320	0.794309	0.379210	0.408019	-1.000000	-1.000000	-1.000000	-1.000000	-1.000000	-1.000000	-1.000000	73.379310	0.000000	-1.000000	-1.000000	1911933.000000	1773868067.709922
-6497.370000	1379.655000	12620.340000	14963.445000	-16465.095000	-19240.830000	8714.475000	15535.170000	7.817218	24.166517	27.248855	30.302929	26.572462	31.792390	7.009629	-14.845371	-10.041080	0.213640	-7.355320	0.794309	0.379210	0.408019	-1.000000	-1.000000	-1.000000	-1.000000	-1.000000	-1.000000	-1.000000	73.379310	0.000000	-1.000000	-1.000000	1911934.000000	1773868067.709927
-6580.395000	1200.780000	12403.170000	14725.845000	-16706.340000	-19471.905000	8589.870000	15697.395000	17.343736	20.392467	23.323428	23.685255	14.835530	22.447438	5.115349	-9.414913	-10.041080	0.213640	-7.355320	0.794309	0.379210	0.408019	-1.000000	-1.000000	-1.000000	-1.000000	-1.000000	-1.000000	-1.000000	73.379310	0.000000	-1.000000	-1.000000	1911935.000000	1773868067.709933
-6542.775000	1260.180000	12460.095000	14777.145000	-16658.910000	-19432.260000	8622.270000	15779.295000	19.115158	7.061822	1.872264	-3.414067	-13.608749	-7.488721	-6.866704	8.645493	-10.041080	0.213640	-7.355320	0.794309	0.379210	0.408019	-1.000000	-1.000000	-1.000000	-1.000000	-1.000000	-1.000000	-1.000000	73.379310	0.000000	-1.000000	-1.000000	1911936.000000	1773868067.709938
-6558.930000	1325.880000	12536.370000	14856.255000	-16580.835000	-19365.255000	8671.455000	15715.845000	12.148461	-13.152265	-27.310206	-37.255439	-44.344170	-42.082044	-21.600685	33.544800	-10.041080	0.213640	-7.355320	0.794309	0.379210	0.408019	-1.000000	-1.000000	-1.000000	-1.000000	-1.000000	-1.000000	-1.000000	73.379310	0.000000	-1.000000	-1.000000	1911937.000000	1773868067.713228
-6653.565000	1245.420000	12441.645000	14756.445000	-16676.280000	-19451.745000	8635.410000	15686.640000	0.219445	-28.104258	-42.422566	-51.819313	-52.878882	-54.977999	-25.479853	45.555181	-10.041080	0.213640	-7.355320	0.794309	0.379210	0.408019	-1.000000	-1.000000	-1.000000	-1.000000	-1.000000	-1.000000	-1.000000	73.379310	0.000000	-1.000000	-1.000000	1911938.000000	1773868067.713238
-6631.380000	1231.245000	12422.475000	14732.820000	-16706.655000	-19478.790000	8598.780000	15655.500000	-12.989576	-31.736364	-36.207183	-39.651216	-34.990982	-39.804995	-16.382627	29.491327	-10.041080	0.213640	-7.355320	0.794309	0.379210	0.408019	-1.000000	-1.000000	-1.000000	-1.000000	-1.000000	-1.000000	-1.000000	73.379310	0.000000	-1.000000	-1.000000	1911939.000000	1773868067.717752
-6597.810000	1206.765000	12414.330000	14730.435000	-16714.305000	-19473.255000	8606.430000	15652.800000	-22.690591	-26.667325	-18.209055	-14.032923	-7.036927	-11.287581	-3.275670	-8.221519	-10.041080	0.213640	-7.355320	0.794309	0.379210	0.408019	-1.000000	-1.000000	-1.000000	-1.000000	-1.000000	-1.000000	-1.000000	73.379310	0.000000	-1.000000	-1.000000	1911940.000000	1773868067.717765
-6608.835000	1150.110000	12391.650000	14739.615000	-16703.145000	-19441.395000	8629.605000	15645.105000	-24.227807	-18.883295	-1.079073	8.890310	14.027792	13.746380	6.331750	-43.924764	3.021480	2.502640	-12.787880	0.801695	0.384459	0.402526	-1.000000	-1.000000	-1.000000	-1.000000	-1.000000	-1.000000	-1.000000	73.379310	0.000000	-1.000000	-1.000000	1911941.000000	1773868067.722727
-6679.665000	1138.455000	12410.145000	14776.245000	-16642.800000	-19401.480000	8634.330000	15620.850000	-18.911434	-14.809202	6.879278	20.183763	21.818712	26.980447	10.887260	-56.423201	3.021480	2.502640	-12.787880	0.801695	0.384459	0.402526	-1.000000	-1.000000	-1.000000	-1.000000	-1.000000	-1.000000	-1.000000	73.379310	0.000000	-1.000000	-1.000000	1911942.000000	1773868067.722739
-6702.885000	1091.835000	12417.030000	14806.485000	-16596.450000	-19387.755000	8642.025000	15612.750000	-10.510800	-12.268424	8.999094	23.681250	24.098578	31.689606	13.324353	-43.170497	3.021480	2.502640	-12.787880	0.801695	0.384459	0.402526	-1.000000	-1.000000	-1.000000	-1.000000	-1.000000	-1.000000	-1.000000	73.379310	0.000000	-1.000000	-1.000000	1911943.000000	1773868067.725157
-6653.925000	1052.550000	12422.205000	14808.375000	-16605.225000	-19389.285000	8645.625000	15631.650000	2.045340	-0.850738	17.139273	30.520209	32.943808	36.482093	17.720285	-18.405561	3.021480	2.502640	-12.787880	0.801695	0.384459	0.402526	-1.000000	-1.000000	-1.000000	-1.000000	-1.000000	-1.000000	-1.000000	73.379310	0.000000	-1.000000	-1.000000	1911944.000000	1773868067.725168
-6545.295000	1148.085000	12439.980000	14793.435000	-16642.305000	-19415.565000	8641.485000	15653.520000	20.794224	21.351776	32.303537	39.835771	44.233590	40.025001	22.163656	3.208352	3.021480	2.502640	-12.787880	0.801695	0.384459	0.402526	-1.000000	-1.000000	-1.000000	-1.000000	-1.000000	-1.000000	-1.000000	73.379310	0.000000	-1.000000	-1.000000	1911945.000000	1773868067.729148
-6512.985000	1217.520000	12431.610000	14778.675000	-16654.860000	-19430.055000	8643.330000	15647.490000	41.905226	44.368827	40.551168	37.119288	39.919650	30.803986	19.071518	18.178577	3.021480	2.502640	-12.787880	0.801695	0.384459	0.402526	-1.000000	-1.000000	-1.000000	-1.000000	-1.000000	-1.000000	-1.000000	73.379310	0.000000	-1.000000	-1.000000	1911946.000000	1773868067.729159
-6599.475000	1166.670000	12407.310000	14777.415000	-16645.140000	-19431.090000	8644.050000	15634.530000	54.389638	57.216278	31.969455	16.487097	14.427251	6.211352	6.270711	28.462402	3.021480	2.502640	-12.787880	0.801695	0.384459	0.402526	-1.000000	-1.000000	-1.000000	-1.000000	-1.000000	-1.000000	-1.000000	73.379310	0.000000	-1.000000	-1.000000	1911947.000000	1773868067.732985
-6595.290000	1179.990000	12421.260000	14788.845000	-16629.795000	-19425.105000	8631.855000	15628.770000	44.641379	52.145594	10.522802	-11.146945	-17.623752	-21.461619	-9.494803	32.714521	3.021480	2.502640	-12.787880	0.801695	0.384459	0.402526	-1.000000	-1.000000	-1.000000	-1.000000	-1.000000	-1.000000	-1.000000	73.379310	0.000000	-1.000000	-1.000000	1911948.000000	1773868067.732996
-6587.865000	1179.945000	12433.410000	14785.335000	-16639.110000	-19434.105000	8631.090000	15622.920000	10.175563	28.261464	-13.044952	-32.146155	-39.609013	-39.349107	-20.823242	28.537864	3.021480	2.502640	-12.787880	0.801695	0.384459	0.402526	-1.000000	-1.000000	-1.000000	-1.000000	-1.000000	-1.000000	-1.000000	73.379310	0.000000	-1.000000	-1.000000	1911949.000000	1773868067.737341
-6555.195000	1243.620000	12488.715000	14815.305000	-16605.765000	-19412.820000	8629.560000	15627.105000	-32.166091	-4.752650	-29.053129	-40.643374	-45.881720	-43.681578	-25.090689	17.384181	3.021480	2.502640	-12.787880	0.801695	0.384459	0.402526	-1.000000	-1.000000	-1.000000	-1.000000	-1.000000	-1.000000	-1.000000	73.379310	0.000000	-1.000000	-1.000000	1911950.000000	1773868067.737351
-6529.140000	1333.845000	12526.155000	14847.660000	-16546.770000	-19343.025000	8654.940000	15641.010000	-57.283670	-30.500569	-31.807601	-36.450556	-38.141927	-35.319959	-21.989005	4.183964	0.640920	8.637160	-17.243800	0.808531	0.389525	0.390685	-1.000000	-1.000000	-1.000000	-1.000000	-1.000000	-1.000000	-1.000000	73.379310	0.000000	-1.000000	-1.000000	1911951.000000	1773868067.741202
-6581.790000	1285.695000	12472.335000	14815.350000	-16604.955000	-19363.995000	8652.600000	15629.265000	-52.146235	-36.121182	-21.486094	-21.385818	-19.928539	-15.240113	-11.318721	-7.135106	0.640920	8.637160	-17.243800	0.808531	0.389525	0.390685	-1.000000	-1.000000	-1.000000	-1.000000	-1.000000	-1.000000	-1.000000	73.379310	0.000000	-1.000000	-1.000000	1911952.000000	1773868067.741212
-6593.940000	1209.870000	12444.795000	14792.040000	-16657.785000	-19405.305000	8636.850000	15625.710000	-27.011644	-25.658601	-6.535371	-1.594653	1.008434	9.832765	3.573342	-16.321386	0.640920	8.637160	-17.243800	0.808531	0.389525	0.390685	-1.000000	-1.000000	-1.000000	-1.000000	-1.000000	-1.000000	-1.000000	73.379310	0.000000	-1.000000	-1.000000	1911953.000000	1773868067.745317
-6570.495000	1153.755000	12434.355000	14796.360000	-16614.855000	-19382.580000	8654.310000	15632.325000	-3.255965	-18.485272	1.616100	13.375102	15.159746	27.107574	15.116731	-22.714453	0.640920	8.637160	-17.243800	0.808531	0.389525	0.390685	-1.000000	-1.000000	-1.000000	-1.000000	-1.000000	-1.000000	-1.000000	73.379310	0.000000	-1.000000	-1.000000	1911954.000000	1773868067.745327
-6558.345000	1182.285000	12453.570000	14823.900000	-16593.480000	-19351.395000	8690.400000	15650.460000	9.012613	-25.197941	0.601238	19.212189	20.603540	30.164034	18.687055	-22.318535	0.640920	8.637160	-17.243800	0.808531	0.389525	0.390685	-1.000000	-1.000000	-1.000000	-1.000000	-1.000000	-1.000000	-1.000000	73.379310	0.000000	-1.000000	-1.000000	1911955.000000	1773868067.749215
-6550.740000	1167.480000	12469.725000	14853.285000	-16590.690000	-19339.605000	8694.315000	15654.060000	14.540046	-34.100593	-1.737535	19.142376	21.143738	22.988684	16.041211	-12.696060	0.640920	8.637160	-17.243800	0.808531	0.389525	0.390685	-1.000000	-1.000000	-1.000000	-1.000000	-1.000000	-1.000000	-1.000000	73.379310	0.000000	-1.000000	-1.000000	1911956.000000	1773868067.749224
-6583.905000	1037.610000	12410.370000	14817.870000	-16597.305000	-19366.470000	8662.860000	15637.905000	18.176231	-30.385852	0.057027	16.105921	17.854807	11.052850	9.979528	2.159180	0.640920	8.637160	-17.243800	0.808531	0.389525	0.390685	-1.000000	-1.000000	-1.000000	-1.000000	-1.000000	-1.000000	-1.000000	73.379310	0.000000	-1.000000	-1.000000	1911957.000000	1773868067.753270
-6615.045000	1063.170000	12416.310000	14808.870000	-16606.935000	-19390.230000	8656.605000	15636.375000	17.041479	-14.644185	2.519088	8.700462	9.439387	-3.461144	0.979829	14.180515	0.640920	8.637160	-17.243800	0.808531	0.389525	0.390685	-1.000000	-1.000000	-1.000000	-1.000000	-1.000000	-1.000000	-1.000000	73.379310	0.000000	-1.000000	-1.000000	1911958.000000	1773868067.753280
-6608.745000	1199.475000	12449.835000	14798.970000	-16623.495000	-19401.705000	8657.910000	15616.170000	8.375134	6.268156	1.321202	-3.946558	-3.828288	-18.740371	-9.501359	17.366014	0.640920	8.637160	-17.243800	0.808531	0.389525	0.390685	-1.000000	-1.000000	-1.000000	-1.000000	-1.000000	-1.000000	-1.000000	73.379310	0.000000	-1.000000	-1.000000	1911959.000000	1773868067.761496
-6621.840000	1267.245000	12503.430000	14812.515000	-16618.995000	-19403.865000	8636.670000	15552.540000	-2.938537	30.172882	-0.470205	-16.948545	-17.836326	-30.086420	-17.323654	10.277521	0.640920	8.637160	-17.243800	0.808531	0.389525	0.390685	-1.000000	-1.000000	-1.000000	-1.000000	-1.000000	-1.000000	-1.000000	73.379310	0.000000	-1.000000	-1.000000	1911960.000000	1773868067.761507
-6668.190000	1237.185000	12478.815000	14775.210000	-16666.605000	-19434.105000	8620.110000	15537.915000	-9.266535	53.341222	3.524786	-22.008930	-24.531117	-30.857058	-18.899943	-4.193456	-0.076300	4.639040	-8.209880	0.800230	0.379638	0.390929	-1.000000	-1.000000	-1.000000	-1.000000	-1.000000	-1.000000	-1.000000	73.379310	0.000000	-1.000000	-1.000000	1911961.000000	1773868067.761747
-6613.065000	1294.605000	12465.180000	14763.735000	-16676.460000	-19432.350000	8621.595000	15606.135000	-8.200836	65.405288	12.340435	-15.840117	-18.791420	-18.279084	-13.668469	-17.252451	-0.076300	4.639040	-8.209880	0.800230	0.379638	0.390929	-1.000000	-1.000000	-1.000000	-1.000000	-1.000000	-1.000000	-1.000000	73.379310	0.000000	-1.000000	-1.000000	1911962.000000	1773868067.761758
-6609.015000	1280.430000	12454.245000	14764.320000	-16633.305000	-19450.845000	8642.520000	15639.705000	-1.944193	56.977501	17.462808	-3.094436	-4.013297	2.076335	-3.874842	-17.793699	-0.076300	4.639040	-8.209880	0.800230	0.379638	0.390929	-1.000000	-1.000000	-1.000000	-1.000000	-1.000000	-1.000000	-1.000000	73.379310	0.000000	-1.000000	-1.000000	1911963.000000	1773868067.766723
-6631.065000	1254.645000	12458.295000	14780.115000	-16638.750000	-19436.490000	8639.595000	15596.415000	5.722744	27.311001	13.097708	9.025044	11.875857	19.711616	6.446985	-4.254107	-0.076300	4.639040	-8.209880	0.800230	0.379638	0.390929	-1.000000	-1.000000	-1.000000	-1.000000	-1.000000	-1.000000	-1.000000	73.379310	0.000000	-1.000000	-1.000000	1911964.000000	1773868067.766745
-6616.440000	1234.845000	12449.655000	14780.520000	-16651.260000	-19422.090000	8633.835000	15581.430000	10.488585	-13.692808	1.374509	15.619196	21.414542	27.476011	13.356812	12.147234	-0.076300	4.639040	-8.209880	0.800230	0.379638	0.390929	-1.000000	-1.000000	-1.000000	-1.000000	-1.000000	-1.000000	-1.000000	73.379310	0.000000	-1.000000	-1.000000	1911965.000000	1773868067.776253
-6556.320000	1253.835000	12460.860000	14789.880000	-16639.470000	-19411.605000	8629.020000	15619.320000	11.366459	-47.576216	-10.306337	15.888345	20.816736	25.637032	15.204652	20.248867	-0.076300	4.639040	-8.209880	0.800230	0.379638	0.390929	-1.000000	-1.000000	-1.000000	-1.000000	-1.000000	-1.000000	-1.000000	73.379310	0.000000	-1.000000	-1.000000	1911966.000000	1773868067.776262
-6556.905000	1251.135000	12470.895000	14817.780000	-16629.345000	-19402.605000	8632.530000	15621.165000	11.041728	-60.211690	-15.622398	12.316676	12.287797	18.370093	12.658864	18.582928	-0.076300	4.639040	-8.209880	0.800230	0.379638	0.390929	-1.000000	-1.000000	-1.000000	-1.000000	-1.000000	-1.000000	-1.000000	73.379310	0.000000	-1.000000	-1.000000	1911967.000000	1773868067.776271
-6581.565000	1230.210000	12477.375000	14838.975000	-16607.970000	-19389.690000	8655.525000	15608.835000	9.459292	-54.103916	-14.367535	7.772707	1.682163	9.055185	7.665197	11.339509	-0.076300	4.639040	-8.209880	0.800230	0.379638	0.390929	-1.000000	-1.000000	-1.000000	-1.000000	-1.000000	-1.000000	-1.000000	73.379310	0.000000	-1.000000	-1.000000	1911968.000000	1773868067.776277
-6503.085000	1346.085000	12558.915000	14896.980000	-16547.535000	-19324.665000	8665.785000	15596.325000	4.995039	-38.089434	-8.848469	4.572893	-4.582432	0.815478	3.134144	2.636490	-0.076300	4.639040	-8.209880	0.800230	0.379638	0.390929	-1.000000	-1.000000	-1.000000	-1.000000	-1.000000	-1.000000	-1.000000	73.379310	0.000000	-1.000000	-1.000000	1911969.000000	1773868067.777105
-6503.940000	1307.340000	12525.750000	14867.505000	-16540.155000	-19324.350000	8616.285000	15505.020000	0.010549	-14.249450	0.433403	3.920656	-2.162373	-2.742736	0.336046	-6.421790	-0.076300	4.639040	-8.209880	0.800230	0.379638	0.390929	-1.000000	-1.000000	-1.000000	-1.000000	-1.000000	-1.000000	-1.000000	73.379310	0.000000	-1.000000	-1.000000	1911970.000000	1773868067.777126
-6609.735000	1184.040000	12404.250000	14738.850000	-16660.350000	-19448.685000	8586.090000	15411.825000	-5.693925	11.464860	8.929287	1.664497	4.040416	-3.749889	-3.506126	-18.894394	9.644320	-4.379620	-8.759240	0.784483	0.386291	0.395629	-1.000000	-1.000000	-1.000000	-1.000000	-1.000000	-1.000000	-1.000000	73.379310	0.000000	-1.000000	-1.000000	1911971.000000	1773868067.781013
-6688.575000	1138.635000	12370.140000	14705.055000	-16707.690000	-19511.280000	8643.915000	15530.130000	-17.504333	24.781408	7.571360	-9.408659	0.816401	-10.784577	-9.989171	-32.594317	9.644320	-4.379620	-8.759240	0.784483	0.386291	0.395629	-1.000000	-1.000000	-1.000000	-1.000000	-1.000000	-1.000000	-1.000000	73.379310	0.000000	-1.000000	-1.000000	1911972.000000	1773868067.781025
-6643.665000	1140.570000	12400.380000	14755.635000	-16668.540000	-19453.320000	8685.765000	15618.780000	-32.788950	21.202357	-4.065553	-26.615367	-15.194218	-24.996129	-13.807316	-32.381081	9.644320	-4.379620	-8.759240	0.784483	0.386291	0.395629	-1.000000	-1.000000	-1.000000	-1.000000	-1.000000	-1.000000	-1.000000	73.379310	0.000000	-1.000000	-1.000000	1911973.000000	1773868067.785139
-6603.345000	1218.105000	12465.270000	14806.260000	-16610.175000	-19393.965000	8668.935000	15600.825000	-37.765260	12.860691	-13.432867	-34.905001	-29.133834	-33.444670	-9.114159	-8.146494	9.644320	-4.379620	-8.759240	0.784483	0.386291	0.395629	-1.000000	-1.000000	-1.000000	-1.000000	-1.000000	-1.000000	-1.000000	73.379310	0.000000	-1.000000	-1.000000	1911974.000000	1773868067.785150
-6586.695000	1237.725000	12466.305000	14803.155000	-16597.845000	-19393.785000	8631.315000	15556.635000	-23.381174	12.972140	-9.197485	-23.456418	-25.452069	-23.931379	0.955776	25.676820	9.644320	-4.379620	-8.759240	0.784483	0.386291	0.395629	-1.000000	-1.000000	-1.000000	-1.000000	-1.000000	-1.000000	-1.000000	73.379310	0.000000	-1.000000	-1.000000	1911975.000000	1773868067.790202
-6643.530000	1050.435000	12349.800000	14735.970000	-16631.370000	-19406.205000	8625.240000	15537.375000	3.686962	18.158869	4.062661	0.524039	-5.763934	-0.276644	7.339492	43.764009	9.644320	-4.379620	-8.759240	0.784483	0.386291	0.395629	-1.000000	-1.000000	-1.000000	-1.000000	-1.000000	-1.000000	-1.000000	73.379310	0.000000	-1.000000	-1.000000	1911976.000000	1773868067.790212
-6613.380000	1048.950000	12371.715000	14746.140000	-16637.355000	-19364.265000	8660.295000	15542.325000	27.812667	12.635069	11.156246	19.299368	14.543325	22.407655	5.872202	35.955849	9.644320	-4.379620	-8.759240	0.784483	0.386291	0.395629	-1.000000	-1.000000	-1.000000	-1.000000	-1.000000	-1.000000	-1.000000	73.379310	0.000000	-1.000000	-1.000000	1911977.000000	1773868067.794332
-6553.170000	1106.370000	12392.235000	14738.085000	-16614.180000	-19359.270000	8663.985000	15540.705000	38.280108	-6.866109	5.986258	22.888396	22.755614	32.277427	0.957828	12.414161	9.644320	-4.379620	-8.759240	0.784483	0.386291	0.395629	-1.000000	-1.000000	-1.000000	-1.000000	-1.000000	-1.000000	-1.000000	73.379310	0.000000	-1.000000	-1.000000	1911978.000000	1773868067.794341
-6541.920000	1223.505000	12452.805000	14790.510000	-16607.295000	-19390.815000	8649.450000	15550.020000	35.189182	-21.676356	-1.294932	16.691365	19.064123	27.403252	-1.003424	-9.089559	9.644320	-4.379620	-8.759240	0.784483	0.386291	0.395629	-1.000000	-1.000000	-1.000000	-1.000000	-1.000000	-1.000000	-1.000000	73.379310	0.000000	-1.000000	-1.000000	1911979.000000	1773868067.797045
-6541.155000	1283.670000	12495.330000	14836.185000	-16597.080000	-19372.815000	8671.680000	15544.125000	25.272579	-11.495288	3.201571	13.877621	12.541202	14.769143	1.301700	-17.556419	9.644320	-4.379620	-8.759240	0.784483	0.386291	0.395629	-1.000000	-1.000000	-1.000000	-1.000000	-1.000000	-1.000000	-1.000000	73.379310	0.000000	-1.000000	-1.000000	1911980.000000	1773868067.797055
-6544.485000	1326.780000	12495.465000	14844.870000	-16585.335000	-19362.150000	8701.380000	15557.985000	14.502075	21.607043	19.953158	19.663088	9.801220	3.852818	4.158547	-15.781976	10.224200	-10.743040	-12.528460	0.771238	0.391356	0.398620	-1.000000	-1.000000	-1.000000	-1.000000	-1.000000	-1.000000	-1.000000	73.379310	0.000000	-1.000000	-1.000000	1911981.000000	1773868067.803342
-6588.945000	1330.380000	12471.300000	14843.790000	-16581.555000	-19382.895000	8663.535000	15525.360000	2.417588	52.274554	32.635392	24.044050	8.523757	-3.277621	3.361147	-13.637543	10.224200	-10.743040	-12.528460	0.771238	0.391356	0.398620	-1.000000	-1.000000	-1.000000	-1.000000	-1.000000	-1.000000	-1.000000	73.379310	0.000000	-1.000000	-1.000000	1911982.000000	1773868067.803348
-6593.265000	1293.210000	12462.030000	14806.125000	-16637.220000	-19420.470000	8616.015000	15507.765000	-14.642633	53.200609	24.609413	14.090311	1.591055	-11.782438	-2.313726	-15.198577	10.224200	-10.743040	-12.528460	0.771238	0.391356	0.398620	-1.000000	-1.000000	-1.000000	-1.000000	-1.000000	-1.000000	-1.000000	73.379310	0.000000	-1.000000	-1.000000	1911983.000000	1773868067.805050
-6598.935000	1226.520000	12468.510000	14808.150000	-16633.845000	-19421.460000	8639.505000	15518.385000	-33.103481	17.702672	-2.690934	-10.030731	-12.958960	-22.827160	-9.441329	-15.581256	10.224200	-10.743040	-12.528460	0.771238	0.391356	0.398620	-1.000000	-1.000000	-1.000000	-1.000000	-1.000000	-1.000000	-1.000000	73.379310	0.000000	-1.000000	-1.000000	1911984.000000	1773868067.805058
-6537.420000	1303.380000	12579.345000	14921.010000	-16515.450000	-19312.515000	8709.840000	15554.610000	-40.766215	-32.418490	-29.104509	-32.512957	-25.383308	-28.193512	-11.186333	-8.239772	10.224200	-10.743040	-12.528460	0.771238	0.391356	0.398620	-1.000000	-1.000000	-1.000000	-1.000000	-1.000000	-1.000000	-1.000000	73.379310	0.000000	-1.000000	-1.000000	1911985.000000	1773868067.809248
-6446.340000	1407.420000	12679.425000	15028.065000	-16412.355000	-19208.610000	8728.830000	15570.135000	-28.689858	-63.300866	-34.059093	-34.765596	-21.342994	-18.082711	-3.712604	7.038369	10.224200	-10.743040	-12.528460	0.771238	0.391356	0.398620	-1.000000	-1.000000	-1.000000	-1.000000	-1.000000	-1.000000	-1.000000	73.379310	0.000000	-1.000000	-1.000000	1911986.000000	1773868067.809257
-6523.695000	1255.635000	12529.845000	14881.815000	-16542.630000	-19351.080000	8668.440000	15531.660000	-3.079341	-60.971573	-18.148241	-15.753120	-1.027832	4.697650	8.084089	22.407213	10.224200	-10.743040	-12.528460	0.771238	0.391356	0.398620	-1.000000	-1.000000	-1.000000	-1.000000	-1.000000	-1.000000	-1.000000	73.379310	0.000000	-1.000000	-1.000000	1911987.000000	1773868067.813265
-6701.085000	991.575000	12291.975000	14634.315000	-16748.370000	-19548.720000	8581.590000	15454.080000	16.184297	-44.152553	-5.108176	1.365124	14.369530	20.742802	13.278217	26.943209	10.224200	-10.743040	-12.528460	0.771238	0.391356	0.398620	-1.000000	-1.000000	-1.000000	-1.000000	-1.000000	-1.000000	-1.000000	73.379310	0.000000	-1.000000	-1.000000	1911988.000000	1773868067.813275
-6684.255000	1004.310000	12329.910000	14647.995000	-16732.350000	-19493.730000	8613.135000	15497.505000	14.379407	-36.950066	-14.225624	-5.698205	6.110113	14.085095	5.221779	15.653711	10.224200	-10.743040	-12.528460	0.771238	0.391356	0.398620	-1.000000	-1.000000	-1.000000	-1.000000	-1.000000	-1.000000	-1.000000	73.379310	0.000000	-1.000000	-1.000000	1911989.000000	1773868067.818055
-6687.450000	1001.115000	12333.555000	14683.770000	-16708.545000	-19468.890000	8625.330000	15492.735000	-1.493492	-36.607729	-34.250078	-28.520128	-17.566733	-6.776096	-10.081727	-4.434637	10.224200	-10.743040	-12.528460	0.771238	0.391356	0.398620	-1.000000	-1.000000	-1.000000	-1.000000	-1.000000	-1.000000	-1.000000	73.379310	0.000000	-1.000000	-1.000000	1911990.000000	1773868067.818063
-6693.480000	985.680000	12348.855000	14732.235000	-16661.970000	-19463.715000	8613.495000	15482.655000	-12.536513	-23.337444	-38.098819	-37.792497	-31.348034	-19.761135	-18.814619	-19.822274	17.106460	-5.020540	-20.158460	0.787351	0.388854	0.395019	-1.000000	-1.000000	-1.000000	-1.000000	-1.000000	-1.000000	-1.000000	73.379310	0.000000	-1.000000	-1.000000	1911991.000000	1773868067.821015
-6672.330000	1026.720000	12394.935000	14794.920000	-16582.365000	-19390.680000	8614.530000	15469.290000	-8.319740	11.058521	-14.012882	-16.126603	-18.831769	-12.519804	-12.854990	-21.974793	17.106460	-5.020540	-20.158460	0.787351	0.388854	0.395019	-1.000000	-1.000000	-1.000000	-1.000000	-1.000000	-1.000000	-1.000000	73.379310	0.000000	-1.000000	-1.000000	1911992.000000	1773868067.821022
-6666.840000	1088.820000	12416.490000	14799.060000	-16616.610000	-19364.625000	8646.705000	15461.415000	7.833207	57.235680	26.909845	27.039754	14.126831	10.497748	3.478494	-12.459328	17.106460	-5.020540	-20.158460	0.787351	0.388854	0.395019	-1.000000	-1.000000	-1.000000	-1.000000	-1.000000	-1.000000	-1.000000	73.379310	0.000000	-1.000000	-1.000000	1911993.000000	1773868067.825079
-6719.850000	1148.985000	12427.110000	14797.710000	-16657.380000	-19421.370000	8633.790000	15451.470000	23.003768	94.734741	60.362943	62.875087	41.967143	30.772216	17.848235	0.261798	17.106460	-5.020540	-20.158460	0.787351	0.388854	0.395019	-1.000000	-1.000000	-1.000000	-1.000000	-1.000000	-1.000000	-1.000000	73.379310	0.000000	-1.000000	-1.000000	1911994.000000	1773868067.825089
-6639.435000	1208.745000	12441.645000	14779.080000	-16655.535000	-19434.420000	8642.565000	15499.035000	24.640569	102.308632	65.966721	66.361604	41.820469	29.504944	20.721484	9.188003	17.106460	-5.020540	-20.158460	0.787351	0.388854	0.395019	-1.000000	-1.000000	-1.000000	-1.000000	-1.000000	-1.000000	-1.000000	73.379310	0.000000	-1.000000	-1.000000	1911995.000000	1773868067.829618
-6599.340000	1192.590000	12392.280000	14702.895000	-16665.885000	-19422.765000	8643.150000	15525.900000	15.862164	75.964703	45.012387	38.723670	18.422255	9.941719	13.887692	14.764303	17.106460	-5.020540	-20.158460	0.787351	0.388854	0.395019	-1.000000	-1.000000	-1.000000	-1.000000	-1.000000	-1.000000	-1.000000	73.379310	0.000000	-1.000000	-1.000000	1911996.000000	1773868067.829625
-6550.695000	1264.320000	12415.455000	14704.245000	-16685.865000	-19404.990000	8645.580000	15534.225000	12.018991	32.914659	16.713029	3.195069	-3.592353	-5.629841	5.967779	19.845300	17.106460	-5.020540	-20.158460	0.787351	0.388854	0.395019	-1.000000	-1.000000	-1.000000	-1.000000	-1.000000	-1.000000	-1.000000	73.379310	0.000000	-1.000000	-1.000000	1911997.000000	1773868067.833121
-6588.225000	1187.820000	12386.340000	14671.080000	-16694.505000	-19433.430000	8635.320000	15504.615000	17.297245	-8.740078	-4.476734	-20.639405	-10.139088	-5.985459	0.547548	20.847147	17.106460	-5.020540	-20.158460	0.787351	0.388854	0.395019	-1.000000	-1.000000	-1.000000	-1.000000	-1.000000	-1.000000	-1.000000	73.379310	0.000000	-1.000000	-1.000000	1911998.000000	1773868067.833128
-6629.625000	1183.095000	12358.530000	14617.575000	-16657.425000	-19440.630000	8604.855000	15443.505000	18.342034	-44.079350	-18.956709	-31.417768	-7.095614	-1.157615	-5.102912	10.891596	17.106460	-5.020540	-20.158460	0.787351	0.388854	0.395019	-1.000000	-1.000000	-1.000000	-1.000000	-1.000000	-1.000000	-1.000000	73.379310	0.000000	-1.000000	-1.000000	1911999.000000	1773868067.837221
-6612.795000	1206.720000	12364.560000	14664.105000	-16605.945000	-19413.045000	8618.130000	15466.005000	3.827086	-70.746723	-31.092146	-35.687678	-4.291448	-2.597381	-11.562061	-8.594278	17.106460	-5.020540	-20.158460	0.787351	0.388854	0.395019	-1.000000	-1.000000	-1.000000	-1.000000	-1.000000	-1.000000	-1.000000	73.379310	0.000000	-1.000000	-1.000000	1912000.000000	1773868067.837232
-6588.315000	1237.365000	12405.780000	14748.390000	-16624.395000	-19414.170000	8649.360000	15513.885000	-20.790724	-80.359975	-38.897375	-33.088177	-5.197858	-10.520099	-14.723530	-25.198415	19.364940	-7.645260	-16.343460	0.799192	0.407409	0.404723	-1.000000	-1.000000	-1.000000	-1.000000	-1.000000	-1.000000	-1.000000	73.379310	0.000000	-1.000000	-1.000000	1912001.000000	1773868067.841572
-6576.795000	1235.745000	12454.335000	14794.920000	-16648.290000	-19436.490000	8627.040000	15511.320000	-39.875637	-68.329454	-36.504584	-18.891077	-9.313848	-19.395085	-12.215819	-27.007209	19.364940	-7.645260	-16.343460	0.799192	0.407409	0.404723	-1.000000	-1.000000	-1.000000	-1.000000	-1.000000	-1.000000	-1.000000	73.379310	0.000000	-1.000000	-1.000000	1912002.000000	1773868067.841583
-6587.640000	1232.820000	12485.835000	14814.540000	-16659.675000	-19456.065000	8616.825000	15491.520000	-42.862181	-42.063960	-22.227737	4.088507	-14.366972	-23.774263	-6.912427	-14.814831	19.364940	-7.645260	-16.343460	0.799192	0.407409	0.404723	-1.000000	-1.000000	-1.000000	-1.000000	-1.000000	-1.000000	-1.000000	73.379310	0.000000	-1.000000	-1.000000	1912003.000000	1773868067.846692
-6581.340000	1245.960000	12516.255000	14884.515000	-16636.725000	-19410.930000	8672.490000	15532.695000	-31.272549	-13.120167	-0.429808	26.543745	-15.820516	-18.685618	-1.348068	0.656437	19.364940	-7.645260	-16.343460	0.799192	0.407409	0.404723	-1.000000	-1.000000	-1.000000	-1.000000	-1.000000	-1.000000	-1.000000	73.379310	0.000000	-1.000000	-1.000000	1912004.000000	1773868067.846702
-6560.595000	1281.735000	12506.040000	14901.165000	-16586.280000	-19361.520000	8681.220000	15573.060000	-12.630954	13.644176	22.304968	42.286390	-7.901660	-1.283024	5.740224	11.373478	19.364940	-7.645260	-16.343460	0.799192	0.407409	0.404723	-1.000000	-1.000000	-1.000000	-1.000000	-1.000000	-1.000000	-1.000000	73.379310	0.000000	-1.000000	-1.000000	1912005.000000	1773868067.849210
-6573.195000	1301.310000	12486.645000	14870.970000	-16598.070000	-19389.870000	8638.830000	15535.305000	6.443645	36.821298	37.013344	46.179205	9.584829	22.536265	13.020634	15.386142	19.364940	-7.645260	-16.343460	0.799192	0.407409	0.404723	-1.000000	-1.000000	-1.000000	-1.000000	-1.000000	-1.000000	-1.000000	73.379310	0.000000	-1.000000	-1.000000	1912006.000000	1773868067.849219
-6581.160000	1292.805000	12491.010000	14839.830000	-16615.440000	-19408.590000	8640.945000	15523.695000	20.722643	51.469768	35.163844	31.504466	25.665274	37.745592	14.593251	12.500780	19.364940	-7.645260	-16.343460	0.799192	0.407409	0.404723	-1.000000	-1.000000	-1.000000	-1.000000	-1.000000	-1.000000	-1.000000	73.379310	0.000000	-1.000000	-1.000000	1912007.000000	1773868067.853215
-6578.370000	1289.835000	12506.895000	14795.820000	-16615.755000	-19412.190000	8649.000000	15540.840000	27.157773	51.600059	17.747432	-0.853282	26.433585	33.214659	8.693174	5.291546	19.364940	-7.645260	-16.343460	0.799192	0.407409	0.404723	-1.000000	-1.000000	-1.000000	-1.000000	-1.000000	-1.000000	-1.000000	73.379310	0.000000	-1.000000	-1.000000	1912008.000000	1773868067.853225
-6585.075000	1288.575000	12511.215000	14809.455000	-16613.775000	-19420.740000	8640.765000	15536.520000	24.938781	35.297761	-5.307426	-38.790545	8.960086	11.186632	-0.268469	-1.598432	19.364940	-7.645260	-16.343460	0.799192	0.407409	0.404723	-1.000000	-1.000000	-1.000000	-1.000000	-1.000000	-1.000000	-1.000000	73.379310	0.000000	-1.000000	-1.000000	1912009.000000	1773868067.858372
-6605.055000	1208.655000	12476.610000	14826.510000	-16595.595000	-19384.155000	8644.770000	15519.195000	14.449665	6.471058	-24.896454	-65.864716	-15.127544	-15.561377	-8.228962	-6.788006	19.364940	-7.645260	-16.343460	0.799192	0.407409	0.404723	-1.000000	-1.000000	-1.000000	-1.000000	-1.000000	-1.000000	-1.000000	73.379310	0.000000	-1.000000	-1.000000	1912010.000000	1773868067.858383
-6523.290000	1309.995000	12573.270000	14918.130000	-16495.515000	-19288.845000	8698.725000	15562.305000	0.276522	-24.378900	-35.617963	-68.347704	-27.889718	-30.393241	-11.984919	-10.196813	10.651480	-4.700080	-8.652420	0.800962	0.416869	0.411010	-1.000000	-1.000000	-1.000000	-1.000000	-1.000000	-1.000000	-1.000000	73.379310	0.000000	-1.000000	-1.000000	1912011.000000	1773868067.861087
-6494.175000	1369.215000	12622.545000	14970.330000	-16470.720000	-19262.880000	8718.525000	15585.345000	-8.602094	-41.161238	-32.327574	-41.716898	-19.094203	-23.224098	-8.339402	-9.177860	10.651480	-4.700080	-8.652420	0.800962	0.416869	0.411010	-1.000000	-1.000000	-1.000000	-1.000000	-1.000000	-1.000000	-1.000000	73.379310	0.000000	-1.000000	-1.000000	1912012.000000	1773868067.861097
-6546.690000	1338.660000	12582.045000	14919.210000	-16539.255000	-19327.410000	8678.610000	15536.205000	-8.269486	-34.012040	-14.224996	2.832729	3.237613	-1.724963	0.119887	-3.973084	10.651480	-4.700080	-8.652420	0.800962	0.416869	0.411010	-1.000000	-1.000000	-1.000000	-1.000000	-1.000000	-1.000000	-1.000000	73.379310	0.000000	-1.000000	-1.000000	1912013.000000	1773868067.865132
-6611.805000	1178.910000	12440.295000	14780.520000	-16643.160000	-19418.490000	8655.120000	15514.200000	-5.427149	-13.274619	7.462307	40.298779	17.922221	12.965742	5.189937	-0.611454	10.651480	-4.700080	-8.652420	0.800962	0.416869	0.411010	-1.000000	-1.000000	-1.000000	-1.000000	-1.000000	-1.000000	-1.000000	73.379310	0.000000	-1.000000	-1.000000	1912014.000000	1773868067.865144
-6622.110000	1143.225000	12401.640000	14744.610000	-16692.795000	-19469.700000	8641.710000	15501.375000	-7.553646	-0.077355	16.552715	49.412930	10.703314	7.107172	2.909679	-2.120797	10.651480	-4.700080	-8.652420	0.800962	0.416869	0.411010	-1.000000	-1.000000	-1.000000	-1.000000	-1.000000	-1.000000	-1.000000	73.379310	0.000000	-1.000000	-1.000000	1912015.000000	1773868067.869113
-6616.890000	1157.985000	12413.835000	14764.455000	-16650.180000	-19454.130000	8633.250000	15485.490000	-12.377254	-1.196260	9.433812	31.732487	-11.289045	-12.145734	-2.972118	-4.267375	10.651480	-4.700080	-8.652420	0.800962	0.416869	0.411010	-1.000000	-1.000000	-1.000000	-1.000000	-1.000000	-1.000000	-1.000000	73.379310	0.000000	-1.000000	-1.000000	1912016.000000	1773868067.869124
-6582.420000	1197.495000	12444.705000	14790.555000	-16593.525000	-19418.355000	8613.720000	15499.890000	-11.984237	-4.802930	-2.074185	7.636014	-27.027543	-25.553639	-7.180697	-2.620343	10.651480	-4.700080	-8.652420	0.800962	0.416869	0.411010	-1.000000	-1.000000	-1.000000	-1.000000	-1.000000	-1.000000	-1.000000	73.379310	0.000000	-1.000000	-1.000000	1912017.000000	1773868067.881710
-6585.435000	1226.385000	12462.120000	14786.505000	-16625.295000	-19441.980000	8627.670000	15509.970000	-2.995510	1.607729	-4.955948	-5.999556	-22.460151	-20.927913	-7.316215	2.935664	10.651480	-4.700080	-8.652420	0.800962	0.416869	0.411010	-1.000000	-1.000000	-1.000000	-1.000000	-1.000000	-1.000000	-1.000000	73.379310	0.000000	-1.000000	-1.000000	1912018.000000	1773868067.881723
-6645.780000	1188.270000	12431.160000	14735.655000	-16717.455000	-19438.785000	8642.925000	15507.675000	8.985531	17.650841	2.738347	-8.515188	-3.696750	-2.811366	-3.360543	9.614341	10.651480	-4.700080	-8.652420	0.800962	0.416869	0.411010	-1.000000	-1.000000	-1.000000	-1.000000	-1.000000	-1.000000	-1.000000	73.379310	0.000000	-1.000000	-1.000000	1912019.000000	1773868067.881737
-6667.875000	1132.920000	12397.320000	14690.385000	-16699.635000	-19427.490000	8624.475000	15498.405000	13.174215	29.269189	10.928401	-9.548032	11.327860	14.861372	2.345952	13.009603	10.651480	-4.700080	-8.652420	0.800962	0.416869	0.411010	-1.000000	-1.000000	-1.000000	-1.000000	-1.000000	-1.000000	-1.000000	73.379310	0.000000	-1.000000	-1.000000	1912020.000000	1773868067.881742
-6615.630000	1150.335000	12421.080000	14743.080000	-16613.415000	-19397.655000	8615.205000	15486.885000	6.010361	23.139686	9.916882	-13.910040	15.066900	23.153465	5.776452	9.779269	23.134160	4.822160	-6.867000	0.796934	0.412780	0.413756	-1.000000	-1.000000	-1.000000	-1.000000	-1.000000	-1.000000	-1.000000	73.379310	0.000000	-1.000000	-1.000000	1912021.000000	1773868067.881748
-6556.320000	1193.265000	12456.585000	14802.570000	-16593.705000	-19379.430000	8637.570000	15507.090000	-1.718148	4.877379	4.125950	-12.828901	16.814966	23.991664	6.062302	2.108058	23.134160	4.822160	-6.867000	0.796934	0.412780	0.413756	-1.000000	-1.000000	-1.000000	-1.000000	-1.000000	-1.000000	-1.000000	73.379310	0.000000	-1.000000	-1.000000	1912022.000000	1773868067.881752
-6612.390000	1139.265000	12409.785000	14790.240000	-16644.195000	-19406.250000	8655.705000	15503.130000	1.516998	-7.083274	5.311100	4.183277	24.442704	23.165360	6.892728	-3.457630	23.134160	4.822160	-6.867000	0.796934	0.412780	0.413756	-1.000000	-1.000000	-1.000000	-1.000000	-1.000000	-1.000000	-1.000000	73.379310	0.000000	-1.000000	-1.000000	1912023.000000	1773868067.885134
-6588.630000	1198.080000	12449.745000	14826.960000	-16662.105000	-19410.570000	8661.825000	15522.480000	12.522013	-3.946887	14.906954	31.320476	31.239548	21.200665	10.403262	-2.810368	23.134160	4.822160	-6.867000	0.796934	0.412780	0.413756	-1.000000	-1.000000	-1.000000	-1.000000	-1.000000	-1.000000	-1.000000	73.379310	0.000000	-1.000000	-1.000000	1912024.000000	1773868067.885146
-6574.140000	1247.940000	12514.050000	14878.935000	-16593.480000	-19358.325000	8666.910000	15539.805000	19.494814	7.712943	23.406974	49.794727	25.740305	14.319693	13.631107	2.511850	23.134160	4.822160	-6.867000	0.796934	0.412780	0.413756	-1.000000	-1.000000	-1.000000	-1.000000	-1.000000	-1.000000	-1.000000	73.379310	0.000000	-1.000000	-1.000000	1912025.000000	1773868067.893867
-6583.140000	1264.230000	12510.585000	14864.670000	-16592.130000	-19382.130000	8644.140000	15557.085000	15.216945	16.038719	21.902915	45.116013	6.624380	1.260658	11.873511	7.500293	23.134160	4.822160	-6.867000	0.796934	0.412780	0.413756	-1.000000	-1.000000	-1.000000	-1.000000	-1.000000	-1.000000	-1.000000	73.379310	0.000000	-1.000000	-1.000000	1912026.000000	1773868067.893879
-6611.805000	1228.320000	12469.680000	14827.095000	-16627.545000	-19434.645000	8642.295000	15535.845000	0.917309	12.651474	7.510987	16.447794	-16.424494	-15.367153	2.934285	7.315999	23.134160	4.822160	-6.867000	0.796934	0.412780	0.413756	-1.000000	-1.000000	-1.000000	-1.000000	-1.000000	-1.000000	-1.000000	73.379310	0.000000	-1.000000	-1.000000	1912027.000000	1773868067.895306
-6613.065000	1204.245000	12459.555000	14814.450000	-16652.385000	-19436.670000	8654.895000	15517.080000	-15.575214	-2.657515	-15.460435	-23.398461	-32.301214	-31.097641	-10.345794	0.267349	23.134160	4.822160	-6.867000	0.796934	0.412780	0.413756	-1.000000	-1.000000	-1.000000	-1.000000	-1.000000	-1.000000	-1.000000	73.379310	0.000000	-1.000000	-1.000000	1912028.000000	1773868067.895317
-6658.965000	1132.965000	12419.235000	14793.165000	-16661.565000	-19373.220000	8662.050000	15506.550000	-26.090058	-22.778424	-36.790157	-55.224038	-36.589714	-38.980529	-20.680553	-10.787571	23.134160	4.822160	-6.867000	0.796934	0.412780	0.413756	-1.000000	-1.000000	-1.000000	-1.000000	-1.000000	-1.000000	-1.000000	73.379310	0.000000	-1.000000	-1.000000	1912029.000000	1773868067.897251
-6711.750000	1134.000000	12423.330000	14802.075000	-16637.715000	-19394.235000	8662.455000	15508.575000	-28.890001	-38.431713	-46.365628	-65.394689	-31.313666	-32.471028	-21.762148	-19.430680	23.134160	4.822160	-6.867000	0.796934	0.412780	0.413756	-1.000000	-1.000000	-1.000000	-1.000000	-1.000000	-1.000000	-1.000000	73.379310	0.000000	-1.000000	-1.000000	1912030.000000	1773868067.897261
-6634.485000	1205.595000	12464.370000	14833.800000	-16612.155000	-19432.935000	8655.705000	15468.165000	-24.986544	-40.041581	-38.233975	-51.039115	-18.331850	-13.311608	-13.661454	-20.473337	23.027340	-6.012440	-20.280540	0.797178	0.416442	0.418273	-1.000000	-1.000000	-1.000000	-1.000000	-1.000000	-1.000000	-1.000000	73.379310	0.000000	-1.000000	-1.000000	1912031.000000	1773868067.903752
-6618.330000	1198.395000	12471.435000	14852.835000	-16561.980000	-19378.980000	8656.110000	15423.660000	-11.487276	-21.606819	-12.786625	-18.136850	2.437486	9.581180	-2.074411	-14.567322	23.027340	-6.012440	-20.280540	0.797178	0.416442	0.418273	-1.000000	-1.000000	-1.000000	-1.000000	-1.000000	-1.000000	-1.000000	73.379310	0.000000	-1.000000	-1.000000	1912032.000000	1773868067.903764
-6586.020000	1196.280000	12455.775000	14840.145000	-16565.580000	-19343.835000	8665.695000	15454.305000	11.205213	8.818753	18.410047	18.883708	25.825743	28.198761	7.131800	-5.758016	23.027340	-6.012440	-20.280540	0.797178	0.416442	0.418273	-1.000000	-1.000000	-1.000000	-1.000000	-1.000000	-1.000000	-1.000000	73.379310	0.000000	-1.000000	-1.000000	1912033.000000	1773868067.909385
-6572.745000	1197.000000	12434.400000	14802.795000	-16612.200000	-19385.190000	8643.780000	15558.255000	32.515901	31.635278	36.609912	41.443385	37.897948	35.850473	11.318116	4.814641	23.027340	-6.012440	-20.280540	0.797178	0.416442	0.418273	-1.000000	-1.000000	-1.000000	-1.000000	-1.000000	-1.000000	-1.000000	73.379310	0.000000	-1.000000	-1.000000	1912034.000000	1773868067.909395
-6582.825000	1179.585000	12420.405000	14780.070000	-16647.795000	-19430.370000	8637.750000	15607.485000	40.397012	34.136341	32.202050	39.732122	28.021929	27.723743	10.438402	18.513709	23.027340	-6.012440	-20.280540	0.797178	0.416442	0.418273	-1.000000	-1.000000	-1.000000	-1.000000	-1.000000	-1.000000	-1.000000	73.379310	0.000000	-1.000000	-1.000000	1912035.000000	1773868067.909408
-6560.955000	1163.160000	12451.230000	14812.155000	-16628.625000	-19403.550000	8648.730000	15591.285000	31.666899	19.776352	13.338622	21.041012	3.014820	7.906668	6.084034	31.946898	23.027340	-6.012440	-20.280540	0.797178	0.416442	0.418273	-1.000000	-1.000000	-1.000000	-1.000000	-1.000000	-1.000000	-1.000000	73.379310	0.000000	-1.000000	-1.000000	1912036.000000	1773868067.909413
-6591.420000	1095.255000	12443.940000	14819.130000	-16605.495000	-19380.825000	8639.955000	15553.170000	12.224569	0.655642	-3.752294	2.110264	-18.358339	-11.597461	0.795242	35.473524	23.027340	-6.012440	-20.280540	0.797178	0.416442	0.418273	-1.000000	-1.000000	-1.000000	-1.000000	-1.000000	-1.000000	-1.000000	73.379310	0.000000	-1.000000	-1.000000	1912037.000000	1773868067.913244
-6639.480000	1136.835000	12443.490000	14806.350000	-16610.490000	-19402.245000	8627.535000	15496.965000	-9.349091	-12.315391	-9.504954	-6.338986	-23.759028	-21.858735	-3.397813	21.781075	23.027340	-6.012440	-20.280540	0.797178	0.416442	0.418273	-1.000000	-1.000000	-1.000000	-1.000000	-1.000000	-1.000000	-1.000000	73.379310	0.000000	-1.000000	-1.000000	1912038.000000	1773868067.913254
-6674.535000	1234.125000	12465.540000	14815.620000	-16591.905000	-19393.155000	8642.025000	15501.555000	-26.702443	-12.615819	-5.350691	-5.607455	-15.194997	-21.416773	-5.254431	-5.269545	23.027340	-6.012440	-20.280540	0.797178	0.416442	0.418273	-1.000000	-1.000000	-1.000000	-1.000000	-1.000000	-1.000000	-1.000000	73.379310	0.000000	-1.000000	-1.000000	1912039.000000	1773868067.919376
-6692.625000	1190.475000	12433.725000	14795.505000	-16625.340000	-19388.655000	8652.825000	15504.345000	-36.397317	-1.387579	1.379783	-2.577136	-2.357366	-12.173123	-3.769904	-30.604247	23.027340	-6.012440	-20.280540	0.797178	0.416442	0.418273	-1.000000	-1.000000	-1.000000	-1.000000	-1.000000	-1.000000	-1.000000	73.379310	0.000000	-1.000000	-1.000000	1912040.000000	1773868067.919387
-6596.145000	1235.475000	12438.675000	14775.885000	-16668.315000	-19421.010000	8620.560000	15477.660000	-35.214374	11.294349	3.779899	-2.545153	5.145129	0.361335	0.142114	-39.482443	6.989080	11.002460	-15.824620	0.824827	0.421080	0.407714	-1.000000	-1.000000	-1.000000	-1.000000	-1.000000	-1.000000	-1.000000	73.379310	0.000000	-1.000000	-1.000000	1912041.000000	1773868067.921229
-6525.270000	1269.270000	12477.285000	14809.455000	-16636.320000	-19404.540000	8633.430000	15515.415000	-19.597574	15.927714	0.618851	-5.703086	3.592584	7.798972	3.222416	-30.127408	6.989080	11.002460	-15.824620	0.824827	0.421080	0.407714	-1.000000	-1.000000	-1.000000	-1.000000	-1.000000	-1.000000	-1.000000	73.379310	0.000000	-1.000000	-1.000000	1912042.000000	1773868067.921239
-6506.730000	1298.070000	12508.785000	14830.470000	-16625.205000	-19394.415000	8658.360000	15581.790000	7.489575	11.483795	-2.955848	-6.816718	-1.057145	8.018145	4.283325	-11.764034	6.989080	11.002460	-15.824620	0.824827	0.421080	0.407714	-1.000000	-1.000000	-1.000000	-1.000000	-1.000000	-1.000000	-1.000000	73.379310	0.000000	-1.000000	-1.000000	1912043.000000	1773868067.931606
-6581.115000	1235.565000	12470.625000	14791.410000	-16655.040000	-19424.385000	8631.315000	15540.750000	32.238847	1.725259	-2.630762	-2.152693	-0.467153	6.290931	4.650781	5.566880	6.989080	11.002460	-15.824620	0.824827	0.421080	0.407714	-1.000000	-1.000000	-1.000000	-1.000000	-1.000000	-1.000000	-1.000000	73.379310	0.000000	-1.000000	-1.000000	1912044.000000	1773868067.931617
-6560.640000	1272.060000	12516.930000	14835.735000	-16608.555000	-19389.420000	8649.675000	15575.580000	39.133700	-8.906109	-0.136635	4.800099	5.866498	5.583120	3.910989	16.308637	6.989080	11.002460	-15.824620	0.824827	0.421080	0.407714	-1.000000	-1.000000	-1.000000	-1.000000	-1.000000	-1.000000	-1.000000	73.379310	0.000000	-1.000000	-1.000000	1912045.000000	1773868067.931629
-6560.730000	1246.410000	12479.895000	14818.095000	-16609.230000	-19396.845000	8687.205000	15619.320000	25.952587	-15.016617	1.178410	8.668674	12.388208	4.351574	1.873309	21.297198	6.989080	11.002460	-15.824620	0.824827	0.421080	0.407714	-1.000000	-1.000000	-1.000000	-1.000000	-1.000000	-1.000000	-1.000000	73.379310	0.000000	-1.000000	-1.000000	1912046.000000	1773868067.931635
-6570.090000	1204.605000	12425.040000	14781.240000	-16628.580000	-19406.880000	8675.190000	15594.210000	4.848206	-15.474742	-0.838618	7.023218	13.576851	1.470300	0.590993	23.778403	6.989080	11.002460	-15.824620	0.824827	0.421080	0.407714	-1.000000	-1.000000	-1.000000	-1.000000	-1.000000	-1.000000	-1.000000	73.379310	0.000000	-1.000000	-1.000000	1912047.000000	1773868067.934522
-6583.005000	1201.455000	12419.730000	14773.635000	-16657.200000	-19409.985000	8655.210000	15547.095000	-11.448963	-15.796974	-7.163568	-0.082452	6.815388	-2.067434	-0.154527	21.574781	6.989080	11.002460	-15.824620	0.824827	0.421080	0.407714	-1.000000	-1.000000	-1.000000	-1.000000	-1.000000	-1.000000	-1.000000	73.379310	0.000000	-1.000000	-1.000000	1912048.000000	1773868067.934532
-6589.980000	1187.910000	12420.945000	14773.455000	-16632.000000	-19409.805000	8638.380000	15533.775000	-18.964327	-17.762208	-13.836160	-8.748614	-4.550880	-4.506781	-2.963115	10.290377	6.989080	11.002460	-15.824620	0.824827	0.421080	0.407714	-1.000000	-1.000000	-1.000000	-1.000000	-1.000000	-1.000000	-1.000000	73.379310	0.000000	-1.000000	-1.000000	1912049.000000	1773868067.937904
-6583.140000	1175.895000	12447.045000	14795.415000	-16628.895000	-19420.200000	8644.590000	15549.345000	-21.074656	-16.726312	-14.023080	-12.638089	-12.479235	-5.021291	-7.414213	-7.264576	6.989080	11.002460	-15.824620	0.824827	0.421080	0.407714	-1.000000	-1.000000	-1.000000	-1.000000	-1.000000	-1.000000	-1.000000	73.379310	0.000000	-1.000000	-1.000000	1912050.000000	1773868067.937914
-6569.370000	1206.450000	12483.855000	14809.995000	-16661.520000	-19423.845000	8651.745000	15559.740000	-21.620915	-9.810279	-5.576570	-8.785378	-12.809166	-4.222821	-9.835976	-22.918702	2.838360	8.484560	-4.272800	0.828245	0.436522	0.399657	-1.000000	-1.000000	-1.000000	-1.000000	-1.000000	-1.000000	-1.000000	73.379310	0.000000	-1.000000	-1.000000	1912051.000000	1773868067.941303
-6577.245000	1275.525000	12507.255000	14818.860000	-16683.480000	-19372.680000	8652.285000	15543.720000	-19.066972	3.415299	7.829292	0.387109	-8.625358	-1.946764	-7.836544	-30.898517	2.838360	8.484560	-4.272800	0.828245	0.436522	0.399657	-1.000000	-1.000000	-1.000000	-1.000000	-1.000000	-1.000000	-1.000000	73.379310	0.000000	-1.000000	-1.000000	1912052.000000	1773868067.941313
-6591.240000	1258.695000	12482.865000	14808.690000	-16657.425000	-19374.885000	8658.225000	15535.485000	-9.482382	21.662647	19.568529	9.606885	-3.741548	3.035386	-2.171086	-28.792023	2.838360	8.484560	-4.272800	0.828245	0.436522	0.399657	-1.000000	-1.000000	-1.000000	-1.000000	-1.000000	-1.000000	-1.000000	73.379310	0.000000	-1.000000	-1.000000	1912053.000000	1773868067.946764
-6605.460000	1224.360000	12456.045000	14801.310000	-16619.400000	-19411.425000	8655.615000	15534.360000	5.596323	36.989222	22.303467	13.273819	1.158204	7.849449	4.086266	-17.011371	2.838360	8.484560	-4.272800	0.828245	0.436522	0.399657	-1.000000	-1.000000	-1.000000	-1.000000	-1.000000	-1.000000	-1.000000	73.379310	0.000000	-1.000000	-1.000000	1912054.000000	1773868067.946774
-6588.495000	1244.655000	12468.105000	14805.810000	-16597.665000	-19399.590000	8655.210000	15541.020000	19.356108	38.804447	13.977077	9.387260	6.464603	6.943522	7.229024	-0.002942	2.838360	8.484560	-4.272800	0.828245	0.436522	0.399657	-1.000000	-1.000000	-1.000000	-1.000000	-1.000000	-1.000000	-1.000000	73.379310	0.000000	-1.000000	-1.000000	1912055.000000	1773868067.949171
-6608.610000	1189.395000	12436.020000	14770.080000	-16624.170000	-19392.120000	8657.100000	15533.595000	26.273080	24.330185	0.949403	1.507146	11.194347	0.794601	6.134411	16.307466	2.838360	8.484560	-4.272800	0.828245	0.436522	0.399657	-1.000000	-1.000000	-1.000000	-1.000000	-1.000000	-1.000000	-1.000000	73.379310	0.000000	-1.000000	-1.000000	1912056.000000	1773868067.949181
-6603.705000	1195.245000	12449.205000	14778.855000	-16667.145000	-19402.380000	8654.895000	15529.185000	24.429769	-0.087025	-9.029922	-5.537994	11.927760	-5.000596	3.279150	27.483102	2.838360	8.484560	-4.272800	0.828245	0.436522	0.399657	-1.000000	-1.000000	-1.000000	-1.000000	-1.000000	-1.000000	-1.000000	73.379310	0.000000	-1.000000	-1.000000	1912057.000000	1773868067.953144
-6585.705000	1226.340000	12466.800000	14786.775000	-16724.880000	-19467.045000	8651.790000	15521.130000	14.927262	-22.622042	-12.516145	-8.832048	4.982106	-7.872043	1.534899	30.340740	2.838360	8.484560	-4.272800	0.828245	0.436522	0.399657	-1.000000	-1.000000	-1.000000	-1.000000	-1.000000	-1.000000	-1.000000	73.379310	0.000000	-1.000000	-1.000000	1912058.000000	1773868067.953154
-6560.415000	1278.990000	12500.280000	14834.160000	-16591.545000	-19390.950000	8642.205000	15511.635000	1.617843	-31.644657	-10.036217	-7.262337	-6.645678	-8.245082	1.138790	22.763917	2.838360	8.484560	-4.272800	0.828245	0.436522	0.399657	-1.000000	-1.000000	-1.000000	-1.000000	-1.000000	-1.000000	-1.000000	73.379310	0.000000	-1.000000	-1.000000	1912059.000000	1773868067.957331
-6565.005000	1251.135000	12490.515000	14838.885000	-16564.320000	-19351.395000	8659.350000	15548.085000	-10.292111	-24.893778	-5.072874	-1.805710	-11.205566	-4.341647	0.533354	6.554126	2.838360	8.484560	-4.272800	0.828245	0.436522	0.399657	-1.000000	-1.000000	-1.000000	-1.000000	-1.000000	-1.000000	-1.000000	73.379310	0.000000	-1.000000	-1.000000	1912060.000000	1773868067.957342
-6562.170000	1230.660000	12482.235000	14826.420000	-16620.255000	-19354.140000	8665.830000	15564.690000	-16.234371	-11.430131	-1.611406	4.272753	-2.768690	4.270025	-0.579816	-9.969357	-4.776380	4.471180	-2.533160	0.799559	0.445555	0.394347	-1.000000	-1.000000	-1.000000	-1.000000	-1.000000	-1.000000	-1.000000	73.379310	0.000000	-1.000000	-1.000000	1912061.000000	1773868067.961310
-6553.575000	1252.620000	12497.580000	14841.360000	-16606.440000	-19355.715000	8655.615000	15548.805000	-14.268104	-0.710671	-0.485302	7.179515	8.422476	12.029368	-1.392819	-17.887894	-4.776380	4.471180	-2.533160	0.799559	0.445555	0.394347	-1.000000	-1.000000	-1.000000	-1.000000	-1.000000	-1.000000	-1.000000	73.379310	0.000000	-1.000000	-1.000000	1912062.000000	1773868067.961320
-6561.990000	1260.270000	12498.660000	14847.570000	-16579.710000	-19394.055000	8655.210000	15554.970000	-6.594067	6.029658	0.790983	5.839492	9.915502	12.811513	-2.111473	-16.067509	-4.776380	4.471180	-2.533160	0.799559	0.445555	0.394347	-1.000000	-1.000000	-1.000000	-1.000000	-1.000000	-1.000000	-1.000000	73.379310	0.000000	-1.000000	-1.000000	1912063.000000	1773868067.968132
-6594.165000	1238.895000	12468.960000	14810.535000	-16608.645000	-19419.570000	8649.675000	15537.735000	1.122514	10.621594	3.527509	1.905409	1.104753	5.160329	-3.108213	-9.475175	-4.776380	4.471180	-2.533160	0.799559	0.445555	0.394347	-1.000000	-1.000000	-1.000000	-1.000000	-1.000000	-1.000000	-1.000000	73.379310	0.000000	-1.000000	-1.000000	1912064.000000	1773868067.968144
-6605.685000	1241.010000	12464.235000	14793.480000	-16606.440000	-19426.455000	8660.205000	15536.250000	3.806779	12.479012	5.665894	-2.928785	-9.948124	-7.338244	-3.501447	-2.819757	-4.776380	4.471180	-2.533160	0.799559	0.445555	0.394347	-1.000000	-1.000000	-1.000000	-1.000000	-1.000000	-1.000000	-1.000000	73.379310	0.000000	-1.000000	-1.000000	1912065.000000	1773868067.970488
-6587.190000	1235.610000	12472.560000	14797.665000	-16612.110000	-19392.120000	8661.555000	15538.410000	1.194411	10.537637	4.982206	-7.217222	-14.462128	-16.472481	-2.005572	1.879250	-4.776380	4.471180	-2.533160	0.799559	0.445555	0.394347	-1.000000	-1.000000	-1.000000	-1.000000	-1.000000	-1.000000	-1.000000	73.379310	0.000000	-1.000000	-1.000000	1912066.000000	1773868067.970499
-6598.890000	1210.095000	12482.010000	14819.310000	-16622.955000	-19357.110000	8679.510000	15544.170000	-3.363175	4.127557	1.388490	-9.182667	-9.733477	-14.097336	1.547138	4.430831	-4.776380	4.471180	-2.533160	0.799559	0.445555	0.394347	-1.000000	-1.000000	-1.000000	-1.000000	-1.000000	-1.000000	-1.000000	73.379310	0.000000	-1.000000	-1.000000	1912067.000000	1773868067.973498
-6602.580000	1239.210000	12504.960000	14830.695000	-16602.930000	-19380.555000	8689.725000	15554.295000	-6.990438	-5.895729	-3.436852	-7.900621	-1.899829	-1.655350	5.681644	4.781010	-4.776380	4.471180	-2.533160	0.799559	0.445555	0.394347	-1.000000	-1.000000	-1.000000	-1.000000	-1.000000	-1.000000	-1.000000	73.379310	0.000000	-1.000000	-1.000000	1912068.000000	1773868067.973520
-6653.745000	1156.005000	12461.175000	14806.890000	-16637.490000	-19422.990000	8649.630000	15519.465000	-8.349269	-15.153321	-7.062589	-4.157731	1.860847	8.788645	7.271888	2.206581	-4.776380	4.471180	-2.533160	0.799559	0.445555	0.394347	-1.000000	-1.000000	-1.000000	-1.000000	-1.000000	-1.000000	-1.000000	73.379310	0.000000	-1.000000	-1.000000	1912069.000000	1773868067.977147
-6661.620000	1148.985000	12432.960000	14782.230000	-16651.170000	-19401.570000	8638.020000	15500.925000	-7.095094	-19.048694	-8.460096	-0.052845	1.139267	8.236158	3.334062	-3.409936	-4.776380	4.471180	-2.533160	0.799559	0.445555	0.394347	-1.000000	-1.000000	-1.000000	-1.000000	-1.000000	-1.000000	-1.000000	73.379310	0.000000	-1.000000	-1.000000	1912070.000000	1773868067.977156
-6600.375000	1194.930000	12435.390000	14782.635000	-16614.090000	-19410.705000	8674.965000	15545.790000	-2.418613	-15.061587	-8.008626	2.281959	-0.357639	0.507398	-4.282482	-8.646352	-15.778840	6.165040	7.828380	0.778929	0.447631	0.397765	-1.000000	-1.000000	-1.000000	-1.000000	-1.000000	-1.000000	-1.000000	73.379310	0.000000	-1.000000	-1.000000	1912071.000000	1773868067.981134
-6579.405000	1223.460000	12426.795000	14760.315000	-16649.190000	-19466.775000	8655.930000	15519.600000	7.287524	-2.286427	-5.110760	2.635416	-0.074858	-5.411452	-9.257770	-8.187178	-15.778840	6.165040	7.828380	0.778929	0.447631	0.397765	-1.000000	-1.000000	-1.000000	-1.000000	-1.000000	-1.000000	-1.000000	73.379310	0.000000	-1.000000	-1.000000	1912072.000000	1773868067.981145
-6568.200000	1204.380000	12447.135000	14810.535000	-16578.135000	-19369.800000	8654.670000	15518.565000	20.130679	15.370564	1.412759	3.703616	2.964067	-4.597588	-8.174302	-1.338836	-15.778840	6.165040	7.828380	0.778929	0.447631	0.397765	-1.000000	-1.000000	-1.000000	-1.000000	-1.000000	-1.000000	-1.000000	73.379310	0.000000	-1.000000	-1.000000	1912073.000000	1773868067.985825
-6509.745000	1251.855000	12524.805000	14886.675000	-16537.455000	-19294.740000	8680.500000	15566.940000	29.470680	29.097852	11.399667	9.333355	9.944514	4.566429	-2.769920	7.876700	-15.778840	6.165040	7.828380	0.778929	0.447631	0.397765	-1.000000	-1.000000	-1.000000	-1.000000	-1.000000	-1.000000	-1.000000	73.379310	0.000000	-1.000000	-1.000000	1912074.000000	1773868067.985835
-6492.645000	1276.785000	12559.320000	14891.895000	-16593.300000	-19340.820000	8638.560000	15568.245000	29.103785	32.151898	22.040008	18.765982	18.550710	17.979243	3.263814	15.384994	-15.778840	6.165040	7.828380	0.778929	0.447631	0.397765	-1.000000	-1.000000	-1.000000	-1.000000	-1.000000	-1.000000	-1.000000	73.379310	0.000000	-1.000000	-1.000000	1912075.000000	1773868067.989280
-6537.150000	1222.380000	12479.940000	14782.275000	-16623.630000	-19378.890000	8639.775000	15562.845000	16.585301	22.830460	25.872507	22.102657	19.638804	23.077009	5.773837	17.341560	-15.778840	6.165040	7.828380	0.778929	0.447631	0.397765	-1.000000	-1.000000	-1.000000	-1.000000	-1.000000	-1.000000	-1.000000	73.379310	0.000000	-1.000000	-1.000000	1912076.000000	1773868067.989290
-6587.910000	1136.025000	12402.360000	14705.685000	-16645.455000	-19402.515000	8650.080000	15536.520000	-5.854503	2.181786	14.181988	8.142328	6.622580	11.095476	3.468243	10.811815	-15.778840	6.165040	7.828380	0.778929	0.447631	0.397765	-1.000000	-1.000000	-1.000000	-1.000000	-1.000000	-1.000000	-1.000000	73.379310	0.000000	-1.000000	-1.000000	1912077.000000	1773868067.993168
-6631.695000	1050.030000	12386.880000	14717.790000	-16639.965000	-19397.970000	8658.945000	15535.800000	-30.010511	-24.020726	-11.143890	-19.425354	-13.799488	-11.221789	0.300771	-2.066501	-15.778840	6.165040	7.828380	0.778929	0.447631	0.397765	-1.000000	-1.000000	-1.000000	-1.000000	-1.000000	-1.000000	-1.000000	73.379310	0.000000	-1.000000	-1.000000	1912078.000000	1773868067.993178
-6641.865000	1107.495000	12386.880000	14665.140000	-16672.860000	-19397.745000	8666.820000	15531.660000	-45.024209	-43.532932	-34.360363	-41.799356	-27.957797	-28.662493	0.405870	-14.197347	-15.778840	6.165040	7.828380	0.778929	0.447631	0.397765	-1.000000	-1.000000	-1.000000	-1.000000	-1.000000	-1.000000	-1.000000	73.379310	0.000000	-1.000000	-1.000000	1912079.000000	1773868067.999142
-6632.370000	1227.330000	12434.625000	14728.725000	-16630.965000	-19377.900000	8679.915000	15524.505000	-44.345777	-43.024960	-39.168794	-42.865262	-28.447737	-30.356067	3.131259	-19.699017	-15.778840	6.165040	7.828380	0.778929	0.447631	0.397765	-1.000000	-1.000000	-1.000000	-1.000000	-1.000000	-1.000000	-1.000000	73.379310	0.000000	-1.000000	-1.000000	1912080.000000	1773868067.999154
-6610.230000	1258.560000	12472.380000	14796.900000	-16619.895000	-19372.770000	8694.270000	15563.655000	-28.067449	-18.061452	-21.278078	-19.607872	-16.013252	-15.499449	5.554200	-16.561777	-2.853620	4.974760	2.990960	0.793272	0.441588	0.393554	-1.000000	-1.000000	-1.000000	-1.000000	-1.000000	-1.000000	-1.000000	73.379310	0.000000	-1.000000	-1.000000	1912081.000000	1773868068.001379
-6608.520000	1224.135000	12450.465000	14797.575000	-16630.875000	-19374.615000	8696.475000	15594.210000	-2.125503	18.796123	8.497572	16.756459	2.413099	5.314229	5.923012	-5.423020	-2.853620	4.974760	2.990960	0.793272	0.441588	0.393554	-1.000000	-1.000000	-1.000000	-1.000000	-1.000000	-1.000000	-1.000000	73.379310	0.000000	-1.000000	-1.000000	1912082.000000	1773868068.001388
-6580.710000	1257.570000	12505.725000	14874.705000	-16601.445000	-19365.930000	8684.730000	15567.480000	22.641174	44.372143	30.954446	45.470564	16.791437	17.582212	3.323319	8.193529	-2.853620	4.974760	2.990960	0.793272	0.441588	0.393554	-1.000000	-1.000000	-1.000000	-1.000000	-1.000000	-1.000000	-1.000000	73.379310	0.000000	-1.000000	-1.000000	1912083.000000	1773868068.005274
-6532.020000	1314.495000	12562.605000	14922.045000	-16568.100000	-19340.865000	8686.080000	15555.645000	36.901593	45.122382	34.976783	52.770098	22.990830	16.991581	-1.690646	15.234963	-2.853620	4.974760	2.990960	0.793272	0.441588	0.393554	-1.000000	-1.000000	-1.000000	-1.000000	-1.000000	-1.000000	-1.000000	73.379310	0.000000	-1.000000	-1.000000	1912084.000000	1773868068.005284
-6515.505000	1305.180000	12539.655000	14877.405000	-16596.045000	-19368.315000	8674.245000	15560.640000	39.496691	26.975377	25.225804	40.713298	22.972451	10.446391	-6.743948	11.812681	-2.853620	4.974760	2.990960	0.793272	0.441588	0.393554	-1.000000	-1.000000	-1.000000	-1.000000	-1.000000	-1.000000	-1.000000	73.379310	0.000000	-1.000000	-1.000000	1912085.000000	1773868068.011746
-6566.805000	1274.625000	12493.800000	14831.955000	-16633.395000	-19408.680000	8627.580000	15551.685000	33.620974	4.795207	11.204985	17.416510	16.975277	4.122410	-10.406431	2.656949	-2.853620	4.974760	2.990960	0.793272	0.441588	0.393554	-1.000000	-1.000000	-1.000000	-1.000000	-1.000000	-1.000000	-1.000000	73.379310	0.000000	-1.000000	-1.000000	1912086.000000	1773868068.011756
-6595.785000	1181.250000	12420.945000	14784.435000	-16657.335000	-19432.710000	8620.470000	15557.130000	20.344374	-12.353318	-3.503561	-10.661188	4.349327	-1.765043	-12.764160	-4.892074	-2.853620	4.974760	2.990960	0.793272	0.441588	0.393554	-1.000000	-1.000000	-1.000000	-1.000000	-1.000000	-1.000000	-1.000000	73.379310	0.000000	-1.000000	-1.000000	1912087.000000	1773868068.013090
-6617.520000	1034.820000	12354.840000	14743.035000	-16667.055000	-19440.765000	8634.240000	15549.480000	0.289646	-27.827083	-19.794232	-36.672295	-11.485287	-7.904337	-12.774082	-7.204207	-2.853620	4.974760	2.990960	0.793272	0.441588	0.393554	-1.000000	-1.000000	-1.000000	-1.000000	-1.000000	-1.000000	-1.000000	73.379310	0.000000	-1.000000	-1.000000	1912088.000000	1773868068.013100
-6634.080000	949.995000	12310.245000	14711.985000	-16659.000000	-19441.665000	8649.450000	15541.020000	-21.957452	-48.703059	-36.261826	-53.251325	-23.788375	-11.876131	-8.184246	-5.336091	-2.853620	4.974760	2.990960	0.793272	0.441588	0.393554	-1.000000	-1.000000	-1.000000	-1.000000	-1.000000	-1.000000	-1.000000	73.379310	0.000000	-1.000000	-1.000000	1912089.000000	1773868068.017434
-6636.375000	946.170000	12316.230000	14712.255000	-16659.855000	-19444.230000	8644.815000	15526.530000	-38.163862	-67.725960	-45.655056	-55.550259	-26.833120	-10.934659	1.004593	-2.853669	-2.853620	4.974760	2.990960	0.793272	0.441588	0.393554	-1.000000	-1.000000	-1.000000	-1.000000	-1.000000	-1.000000	-1.000000	73.379310	0.000000	-1.000000	-1.000000	1912090.000000	1773868068.017451
-6633.180000	1063.980000	12412.620000	14762.520000	-16657.695000	-19405.305000	8642.025000	15531.120000	-41.182094	-63.022571	-38.082724	-41.681533	-19.469760	-5.262657	10.868221	-2.591075	-2.777320	7.858900	-6.546540	0.811094	0.441893	0.382506	-1.000000	-1.000000	-1.000000	-1.000000	-1.000000	-1.000000	-1.000000	73.379310	0.000000	-1.000000	-1.000000	1912091.000000	1773868068.021180
-6620.490000	1254.780000	12502.575000	14824.440000	-16617.105000	-19347.885000	8658.630000	15546.465000	-29.960417	-20.335712	-10.103366	-13.760241	-5.144046	3.778331	16.974131	-3.256458	-2.777320	7.858900	-6.546540	0.811094	0.441893	0.382506	-1.000000	-1.000000	-1.000000	-1.000000	-1.000000	-1.000000	-1.000000	73.379310	0.000000	-1.000000	-1.000000	1912092.000000	1773868068.021191
-6559.065000	1410.660000	12565.665000	14867.010000	-16591.815000	-19351.800000	8656.110000	15548.220000	-9.268480	49.539506	28.893305	20.727661	10.923996	14.164315	17.703430	-1.073776	-2.777320	7.858900	-6.546540	0.811094	0.441893	0.382506	-1.000000	-1.000000	-1.000000	-1.000000	-1.000000	-1.000000	-1.000000	73.379310	0.000000	-1.000000	-1.000000	1912093.000000	1773868068.025103
-6555.420000	1399.050000	12576.420000	14861.925000	-16618.905000	-19404.720000	8648.055000	15529.455000	14.448978	113.663264	61.483930	51.064106	23.360619	20.803855	13.569491	4.257989	-2.777320	7.858900	-6.546540	0.811094	0.441893	0.382506	-1.000000	-1.000000	-1.000000	-1.000000	-1.000000	-1.000000	-1.000000	73.379310	0.000000	-1.000000	-1.000000	1912094.000000	1773868068.025112
-6517.260000	1385.010000	12550.500000	14829.210000	-16649.370000	-19424.925000	8655.750000	15542.190000	34.866815	135.900491	72.289652	65.886178	27.143455	18.138552	6.614009	9.044237	-2.777320	7.858900	-6.546540	0.811094	0.441893	0.382506	-1.000000	-1.000000	-1.000000	-1.000000	-1.000000	-1.000000	-1.000000	73.379310	0.000000	-1.000000	-1.000000	1912095.000000	1773868068.029274
-6532.470000	1349.460000	12518.685000	14817.915000	-16646.490000	-19405.530000	8635.005000	15555.510000	45.411787	101.116055	55.329841	57.788543	20.186392	6.585388	-0.693680	10.447656	-2.777320	7.858900	-6.546540	0.811094	0.441893	0.382506	-1.000000	-1.000000	-1.000000	-1.000000	-1.000000	-1.000000	-1.000000	73.379310	0.000000	-1.000000	-1.000000	1912096.000000	1773868068.029286
-6539.895000	1318.635000	12515.265000	14824.170000	-16623.225000	-19405.395000	8636.850000	15555.735000	40.397759	25.490865	17.519358	29.770110	6.089989	-6.863868	-7.620758	8.460224	-2.777320	7.858900	-6.546540	0.811094	0.441893	0.382506	-1.000000	-1.000000	-1.000000	-1.000000	-1.000000	-1.000000	-1.000000	73.379310	0.000000	-1.000000	-1.000000	1912097.000000	1773868068.033724
-6575.985000	1270.260000	12498.795000	14823.405000	-16623.135000	-19422.045000	8648.010000	15544.800000	19.188071	-56.066842	-24.685287	-5.740433	-8.009228	-15.462721	-13.432640	4.156075	-2.777320	7.858900	-6.546540	0.811094	0.441893	0.382506	-1.000000	-1.000000	-1.000000	-1.000000	-1.000000	-1.000000	-1.000000	73.379310	0.000000	-1.000000	-1.000000	1912098.000000	1773868068.033734
-6593.355000	1243.890000	12470.265000	14805.270000	-16633.395000	-19432.440000	8650.710000	15542.280000	-10.980283	-111.812950	-55.632105	-35.419930	-16.770582	-17.873336	-15.477222	-1.577380	-2.777320	7.858900	-6.546540	0.811094	0.441893	0.382506	-1.000000	-1.000000	-1.000000	-1.000000	-1.000000	-1.000000	-1.000000	73.379310	0.000000	-1.000000	-1.000000	1912099.000000	1773868068.037121
-6599.565000	1176.210000	12462.750000	14809.950000	-16625.790000	-19390.185000	8660.295000	15546.465000	-37.749756	-128.757152	-68.836672	-51.899060	-18.940524	-16.038530	-11.831327	-7.312999	-2.777320	7.858900	-6.546540	0.811094	0.441893	0.382506	-1.000000	-1.000000	-1.000000	-1.000000	-1.000000	-1.000000	-1.000000	73.379310	0.000000	-1.000000	-1.000000	1912100.000000	1773868068.037131
-6569.010000	1158.345000	12471.435000	14807.160000	-16643.790000	-19362.780000	8672.355000	15556.410000	-49.769819	-113.306601	-65.184885	-53.757770	-16.415964	-10.963639	-3.807339	-10.673327	-6.592320	8.286180	4.181240	0.802244	0.429503	0.382384	-1.000000	-1.000000	-1.000000	-1.000000	-1.000000	-1.000000	-1.000000	73.379310	0.000000	-1.000000	-1.000000	1912101.000000	1773868068.041210
-6567.435000	1249.695000	12502.485000	14829.705000	-16598.655000	-19373.085000	8667.270000	15553.665000	-42.561640	-75.925156	-46.171574	-41.510170	-11.206212	-2.478440	4.879277	-9.821180	-6.592320	8.286180	4.181240	0.802244	0.429503	0.382384	-1.000000	-1.000000	-1.000000	-1.000000	-1.000000	-1.000000	-1.000000	73.379310	0.000000	-1.000000	-1.000000	1912102.000000	1773868068.041221
-6604.020000	1264.230000	12478.140000	14801.850000	-16632.855000	-19430.730000	8668.080000	15544.170000	-20.944939	-20.444155	-13.890211	-17.149170	-2.945201	7.665336	10.549923	-5.149668	-6.592320	8.286180	4.181240	0.802244	0.429503	0.382384	-1.000000	-1.000000	-1.000000	-1.000000	-1.000000	-1.000000	-1.000000	73.379310	0.000000	-1.000000	-1.000000	1912103.000000	1773868068.045647
-6634.035000	1201.230000	12436.110000	14760.270000	-16689.690000	-19413.315000	8674.380000	15547.140000	3.737146	44.458674	23.355707	12.000310	6.843938	14.790952	11.495523	0.542160	-6.592320	8.286180	4.181240	0.802244	0.429503	0.382384	-1.000000	-1.000000	-1.000000	-1.000000	-1.000000	-1.000000	-1.000000	73.379310	0.000000	-1.000000	-1.000000	1912104.000000	1773868068.045653
-6584.985000	1254.195000	12476.385000	14798.430000	-16631.955000	-19395.945000	8653.005000	15564.510000	21.713595	97.512703	52.615136	34.875510	12.998291	15.509121	8.015911	4.307497	-6.592320	8.286180	4.181240	0.802244	0.429503	0.382384	-1.000000	-1.000000	-1.000000	-1.000000	-1.000000	-1.000000	-1.000000	73.379310	0.000000	-1.000000	-1.000000	1912105.000000	1773868068.049278
-6567.030000	1287.315000	12504.105000	14819.850000	-16586.955000	-19403.145000	8647.560000	15548.580000	31.036029	119.872148	64.947634	44.313884	13.867879	10.759846	1.323989	5.379456	-6.592320	8.286180	4.181240	0.802244	0.429503	0.382384	-1.000000	-1.000000	-1.000000	-1.000000	-1.000000	-1.000000	-1.000000	73.379310	0.000000	-1.000000	-1.000000	1912106.000000	1773868068.049300
-6564.150000	1278.180000	12494.250000	14795.685000	-16626.330000	-19407.690000	8650.260000	15540.795000	33.686941	106.683226	58.469311	39.325903	11.797588	3.602084	-6.292148	4.298500	-6.592320	8.286180	4.181240	0.802244	0.429503	0.382384	-1.000000	-1.000000	-1.000000	-1.000000	-1.000000	-1.000000	-1.000000	73.379310	0.000000	-1.000000	-1.000000	1912107.000000	1773868068.053200
-6605.865000	1190.205000	12451.455000	14782.185000	-16623.540000	-19388.565000	8643.555000	15537.780000	29.106109	63.037463	35.273113	22.309804	7.219158	-3.262678	-11.377676	1.705389	-6.592320	8.286180	4.181240	0.802244	0.429503	0.382384	-1.000000	-1.000000	-1.000000	-1.000000	-1.000000	-1.000000	-1.000000	73.379310	0.000000	-1.000000	-1.000000	1912108.000000	1773868068.053210
-6642.810000	1136.880000	12424.320000	14768.010000	-16657.290000	-19407.375000	8650.755000	15540.165000	14.930178	0.674501	0.738051	-1.353402	-0.497947	-8.810421	-11.509787	-1.294602	-6.592320	8.286180	4.181240	0.802244	0.429503	0.382384	-1.000000	-1.000000	-1.000000	-1.000000	-1.000000	-1.000000	-1.000000	73.379310	0.000000	-1.000000	-1.000000	1912109.000000	1773868068.057100
-6630.885000	1135.170000	12429.360000	14778.495000	-16609.905000	-19373.355000	8663.085000	15547.185000	-7.016221	-60.906041	-34.293672	-22.925034	-9.127045	-12.680862	-6.765923	-3.231659	-6.592320	8.286180	4.181240	0.802244	0.429503	0.382384	-1.000000	-1.000000	-1.000000	-1.000000	-1.000000	-1.000000	-1.000000	73.379310	0.000000	-1.000000	-1.000000	1912110.000000	1773868068.057109
-6615.315000	1136.970000	12426.705000	14771.700000	-16658.280000	-19394.010000	8667.270000	15543.405000	-26.929963	-99.021787	-55.471654	-33.286779	-14.245647	-12.107580	1.018083	-2.917617	11.994360	6.165040	3.799740	0.780882	0.417785	0.388244	-1.000000	-1.000000	-1.000000	-1.000000	-1.000000	-1.000000	-1.000000	73.379310	0.000000	-1.000000	-1.000000	1912111.000000	1773868068.061148
-6606.315000	1161.540000	12438.360000	14784.255000	-16645.860000	-19400.490000	8659.305000	15541.785000	-32.601882	-97.941318	-52.531372	-27.715334	-12.757921	-4.772434	8.588345	-0.431247	11.994360	6.165040	3.799740	0.780882	0.417785	0.388244	-1.000000	-1.000000	-1.000000	-1.000000	-1.000000	-1.000000	-1.000000	73.379310	0.000000	-1.000000	-1.000000	1912112.000000	1773868068.061159
-6579.090000	1227.645000	12457.035000	14783.580000	-16655.985000	-19420.110000	8663.490000	15550.380000	-20.352570	-56.906178	-26.306446	-9.090036	-4.815296	5.349757	12.281880	2.425885	11.994360	6.165040	3.799740	0.780882	0.417785	0.388244	-1.000000	-1.000000	-1.000000	-1.000000	-1.000000	-1.000000	-1.000000	73.379310	0.000000	-1.000000	-1.000000	1912113.000000	1773868068.065169
-6550.965000	1305.810000	12499.965000	14816.655000	-16633.935000	-19437.390000	8663.310000	15558.705000	1.451427	6.759261	9.962334	12.236088	4.878283	10.520509	10.838852	3.793173	11.994360	6.165040	3.799740	0.780882	0.417785	0.388244	-1.000000	-1.000000	-1.000000	-1.000000	-1.000000	-1.000000	-1.000000	73.379310	0.000000	-1.000000	-1.000000	1912114.000000	1773868068.065179
-6519.555000	1366.470000	12583.935000	14911.020000	-16542.945000	-19339.380000	8696.070000	15597.630000	19.882026	64.302458	38.936263	25.932666	10.983412	8.849504	6.271949	4.077876	11.994360	6.165040	3.799740	0.780882	0.417785	0.388244	-1.000000	-1.000000	-1.000000	-1.000000	-1.000000	-1.000000	-1.000000	73.379310	0.000000	-1.000000	-1.000000	1912115.000000	1773868068.074096
-6535.530000	1297.215000	12551.490000	14900.490000	-16526.025000	-19315.530000	8676.585000	15585.435000	26.573772	90.339358	49.792597	29.071918	14.086063	6.552185	1.382789	4.839051	11.994360	6.165040	3.799740	0.780882	0.417785	0.388244	-1.000000	-1.000000	-1.000000	-1.000000	-1.000000	-1.000000	-1.000000	73.379310	0.000000	-1.000000	-1.000000	1912116.000000	1773868068.074108
-6552.270000	1293.975000	12518.370000	14816.835000	-16570.080000	-19354.950000	8644.770000	15536.340000	20.413627	75.382550	39.658131	21.358680	15.410778	6.830142	-3.234117	4.571398	11.994360	6.165040	3.799740	0.780882	0.417785	0.388244	-1.000000	-1.000000	-1.000000	-1.000000	-1.000000	-1.000000	-1.000000	73.379310	0.000000	-1.000000	-1.000000	1912117.000000	1773868068.074120
-6605.595000	1226.925000	12500.370000	14788.620000	-16589.025000	-19372.365000	8656.020000	15515.280000	5.046976	29.500812	12.602242	1.952698	10.904946	4.531581	-8.310827	-0.481674	11.994360	6.165040	3.799740	0.780882	0.417785	0.388244	-1.000000	-1.000000	-1.000000	-1.000000	-1.000000	-1.000000	-1.000000	73.379310	0.000000	-1.000000	-1.000000	1912118.000000	1773868068.074125
-6687.315000	1045.080000	12354.255000	14694.120000	-16718.895000	-19449.360000	8649.495000	15524.640000	-14.789738	-27.732670	-21.560306	-24.233816	-3.382159	-4.866666	-12.395290	-9.556681	11.994360	6.165040	3.799740	0.780882	0.417785	0.388244	-1.000000	-1.000000	-1.000000	-1.000000	-1.000000	-1.000000	-1.000000	73.379310	0.000000	-1.000000	-1.000000	1912119.000000	1773868068.077223
-6670.260000	912.870000	12307.590000	14708.925000	-16713.765000	-19447.515000	8655.255000	15533.550000	-32.668193	-78.558223	-51.488259	-45.151168	-23.915622	-17.863045	-12.437004	-15.820296	11.994360	6.165040	3.799740	0.780882	0.417785	0.388244	-1.000000	-1.000000	-1.000000	-1.000000	-1.000000	-1.000000	-1.000000	73.379310	0.000000	-1.000000	-1.000000	1912120.000000	1773868068.077234
-6631.110000	912.645000	12318.390000	14764.815000	-16647.615000	-19391.535000	8654.715000	15533.460000	-38.375580	-105.531518	-64.709020	-47.077719	-36.982486	-24.201210	-7.261760	-13.542697	9.110220	5.539380	-1.754900	0.781614	0.418944	0.386291	-1.000000	-1.000000	-1.000000	-1.000000	-1.000000	-1.000000	-1.000000	73.379310	0.000000	-1.000000	-1.000000	1912121.000000	1773868068.081084
-6584.895000	1045.935000	12363.165000	14801.625000	-16615.080000	-19368.225000	8651.430000	15534.810000	-24.946236	-92.235708	-51.339737	-24.295804	-29.101711	-15.450419	1.094604	-3.978388	9.110220	5.539380	-1.754900	0.781614	0.418944	0.386291	-1.000000	-1.000000	-1.000000	-1.000000	-1.000000	-1.000000	-1.000000	73.379310	0.000000	-1.000000	-1.000000	1912122.000000	1773868068.081091
-6588.270000	1162.080000	12436.290000	14821.740000	-16608.555000	-19378.935000	8666.010000	15544.710000	1.985620	-36.226043	-14.158936	12.206217	-3.307883	4.817945	8.645314	6.730112	9.110220	5.539380	-1.754900	0.781614	0.418944	0.386291	-1.000000	-1.000000	-1.000000	-1.000000	-1.000000	-1.000000	-1.000000	73.379310	0.000000	-1.000000	-1.000000	1912123.000000	1773868068.085213
-6592.365000	1239.030000	12510.945000	14846.760000	-16593.480000	-19364.940000	8677.755000	15546.285000	27.104610	42.189280	30.949294	41.184317	22.519872	21.947912	12.124421	12.961350	9.110220	5.539380	-1.754900	0.781614	0.418944	0.386291	-1.000000	-1.000000	-1.000000	-1.000000	-1.000000	-1.000000	-1.000000	73.379310	0.000000	-1.000000	-1.000000	1912124.000000	1773868068.085224
-6568.470000	1349.820000	12554.685000	14828.670000	-16637.220000	-19410.570000	8642.880000	15531.255000	38.200753	109.914090	65.802248	48.635426	32.860417	23.617269	10.747220	12.903919	9.110220	5.539380	-1.754900	0.781614	0.418944	0.386291	-1.000000	-1.000000	-1.000000	-1.000000	-1.000000	-1.000000	-1.000000	73.379310	0.000000	-1.000000	-1.000000	1912125.000000	1773868068.089172
-6549.390000	1432.125000	12574.530000	14825.745000	-16663.545000	-19424.430000	8618.805000	15526.485000	34.387490	139.934606	78.155504	36.106099	25.164362	10.324621	5.400661	8.751056	9.110220	5.539380	-1.754900	0.781614	0.418944	0.386291	-1.000000	-1.000000	-1.000000	-1.000000	-1.000000	-1.000000	-1.000000	73.379310	0.000000	-1.000000	-1.000000	1912126.000000	1773868068.089179
-6494.760000	1455.705000	12603.060000	14878.530000	-16571.295000	-19358.190000	8651.385000	15573.060000	23.206196	122.427673	64.730814	15.434044	9.433448	-5.828609	-1.731942	4.493632	9.110220	5.539380	-1.754900	0.781614	0.418944	0.386291	-1.000000	-1.000000	-1.000000	-1.000000	-1.000000	-1.000000	-1.000000	73.379310	0.000000	-1.000000	-1.000000	1912127.000000	1773868068.098814
-6577.290000	1316.700000	12512.160000	14808.060000	-16600.455000	-19379.295000	8657.235000	15556.320000	11.431454	65.245997	31.955798	-1.744190	0.303141	-11.140950	-6.609868	2.455896	9.110220	5.539380	-1.754900	0.781614	0.418944	0.386291	-1.000000	-1.000000	-1.000000	-1.000000	-1.000000	-1.000000	-1.000000	73.379310	0.000000	-1.000000	-1.000000	1912128.000000	1773868068.098824
-6638.580000	1214.685000	12431.970000	14710.545000	-16673.760000	-19430.505000	8650.080000	15530.355000	-2.338818	-12.889189	-9.637495	-14.117461	1.029418	-4.177466	-6.480134	0.771435	9.110220	5.539380	-1.754900	0.781614	0.418944	0.386291	-1.000000	-1.000000	-1.000000	-1.000000	-1.000000	-1.000000	-1.000000	73.379310	0.000000	-1.000000	-1.000000	1912129.000000	1773868068.098836
-6608.430000	1237.275000	12464.190000	14765.445000	-16644.015000	-19408.320000	8666.460000	15534.405000	-21.473956	-88.325195	-49.273967	-26.806941	0.438400	3.449914	-2.628196	-3.607758	9.110220	5.539380	-1.754900	0.781614	0.418944	0.386291	-1.000000	-1.000000	-1.000000	-1.000000	-1.000000	-1.000000	-1.000000	73.379310	0.000000	-1.000000	-1.000000	1912130.000000	1773868068.098841
-6585.120000	1266.210000	12502.845000	14830.695000	-16601.040000	-19365.570000	8682.345000	15540.795000	-39.454341	-136.646161	-73.865898	-36.416789	-8.064227	3.749528	2.106652	-9.597438	-3.067260	-2.395820	-5.600420	0.789915	0.432128	0.389220	-1.000000	-1.000000	-1.000000	-1.000000	-1.000000	-1.000000	-1.000000	73.379310	0.000000	-1.000000	-1.000000	1912131.000000	1773868068.101163
-6559.020000	1287.855000	12514.770000	14845.995000	-16603.020000	-19369.080000	8675.595000	15559.605000	-43.597714	-141.520497	-73.799193	-33.227401	-18.149211	-0.383338	5.063216	-12.905574	-3.067260	-2.395820	-5.600420	0.789915	0.432128	0.389220	-1.000000	-1.000000	-1.000000	-1.000000	-1.000000	-1.000000	-1.000000	73.379310	0.000000	-1.000000	-1.000000	1912132.000000	1773868068.101174
-6587.010000	1259.505000	12489.075000	14825.745000	-16641.360000	-19410.030000	8631.540000	15542.730000	-28.864789	-103.139193	-51.514537	-16.178222	-22.108603	-4.584043	3.731530	-10.795100	-3.067260	-2.395820	-5.600420	0.789915	0.432128	0.389220	-1.000000	-1.000000	-1.000000	-1.000000	-1.000000	-1.000000	-1.000000	73.379310	0.000000	-1.000000	-1.000000	1912133.000000	1773868068.105259
-6617.475000	1214.010000	12446.505000	14771.745000	-16718.130000	-19446.030000	8631.945000	15541.245000	-3.729905	-39.619910	-19.103433	5.217634	-18.557552	-7.738850	-1.538076	-4.059931	-3.067260	-2.395820	-5.600420	0.789915	0.432128	0.389220	-1.000000	-1.000000	-1.000000	-1.000000	-1.000000	-1.000000	-1.000000	73.379310	0.000000	-1.000000	-1.000000	1912134.000000	1773868068.105270
-6556.905000	1240.200000	12479.580000	14808.285000	-16641.045000	-19412.055000	8661.285000	15560.190000	18.113917	22.967310	11.019942	20.339060	-9.663352	-8.697122	-6.150956	4.114356	-3.067260	-2.395820	-5.600420	0.789915	0.432128	0.389220	-1.000000	-1.000000	-1.000000	-1.000000	-1.000000	-1.000000	-1.000000	73.379310	0.000000	-1.000000	-1.000000	1912135.000000	1773868068.109276
-6546.555000	1254.195000	12503.655000	14840.145000	-16598.745000	-19411.605000	8649.765000	15549.525000	29.916881	68.046313	33.675714	25.645550	3.257411	-5.801978	-6.209582	9.667884	-3.067260	-2.395820	-5.600420	0.789915	0.432128	0.389220	-1.000000	-1.000000	-1.000000	-1.000000	-1.000000	-1.000000	-1.000000	73.379310	0.000000	-1.000000	-1.000000	1912136.000000	1773868068.109282
-6570.945000	1237.185000	12498.075000	14838.075000	-16594.785000	-19402.335000	8661.915000	15548.400000	32.683975	93.650937	49.855539	25.187204	18.840405	1.212824	-2.594568	9.938483	-3.067260	-2.395820	-5.600420	0.789915	0.432128	0.389220	-1.000000	-1.000000	-1.000000	-1.000000	-1.000000	-1.000000	-1.000000	73.379310	0.000000	-1.000000	-1.000000	1912137.000000	1773868068.113270
-6580.710000	1220.130000	12479.760000	14815.170000	-16629.885000	-19460.790000	8681.085000	15560.055000	27.958837	100.223904	57.968231	22.516751	31.142615	9.339006	1.961875	6.191989	-3.067260	-2.395820	-5.600420	0.789915	0.432128	0.389220	-1.000000	-1.000000	-1.000000	-1.000000	-1.000000	-1.000000	-1.000000	73.379310	0.000000	-1.000000	-1.000000	1912138.000000	1773868068.113280
-6619.140000	1175.850000	12449.340000	14784.345000	-16630.065000	-19412.505000	8672.085000	15545.835000	14.801264	82.041044	50.378020	14.178646	30.677175	12.762653	5.423008	1.665083	-3.067260	-2.395820	-5.600420	0.789915	0.432128	0.389220	-1.000000	-1.000000	-1.000000	-1.000000	-1.000000	-1.000000	-1.000000	73.379310	0.000000	-1.000000	-1.000000	1912139.000000	1773868068.120151
-6621.480000	1133.145000	12416.265000	14738.445000	-16643.745000	-19419.165000	8654.580000	15535.755000	-5.878999	36.071519	22.150141	-4.713235	13.531315	8.742867	5.484612	-2.473991	-3.067260	-2.395820	-5.600420	0.789915	0.432128	0.389220	-1.000000	-1.000000	-1.000000	-1.000000	-1.000000	-1.000000	-1.000000	73.379310	0.000000	-1.000000	-1.000000	1912140.000000	1773868068.120160
-6589.890000	1172.160000	12448.620000	14778.630000	-16610.400000	-19397.655000	8650.395000	15548.760000	-25.810291	-23.758861	-17.836219	-28.810966	-11.674351	0.873411	1.420634	-6.180509	-12.986260	1.464960	-3.494540	0.793211	0.429747	0.392516	-1.000000	-1.000000	-1.000000	-1.000000	-1.000000	-1.000000	-1.000000	73.379310	0.000000	-1.000000	-1.000000	1912141.000000	1773868068.123388
-6559.380000	1228.365000	12484.350000	14828.085000	-16617.690000	-19361.790000	8659.395000	15557.580000	-32.454091	-68.352548	-48.042799	-41.191378	-28.373666	-3.730018	-3.080817	-7.416893	-12.986260	1.464960	-3.494540	0.793211	0.429747	0.392516	-1.000000	-1.000000	-1.000000	-1.000000	-1.000000	-1.000000	-1.000000	73.379310	0.000000	-1.000000	-1.000000	1912142.000000	1773868068.123398
-6576.705000	1251.135000	12490.425000	14833.755000	-16548.750000	-19320.840000	8662.410000	15549.570000	-21.017390	-74.954463	-50.978374	-29.006880	-25.185964	-0.002524	-3.569786	-4.332549	-12.986260	1.464960	-3.494540	0.793211	0.429747	0.392516	-1.000000	-1.000000	-1.000000	-1.000000	-1.000000	-1.000000	-1.000000	73.379310	0.000000	-1.000000	-1.000000	1912143.000000	1773868068.125291
-6641.955000	1250.145000	12505.545000	14842.710000	-16492.095000	-19313.685000	8668.170000	15529.950000	-1.859361	-45.845040	-28.474600	0.782804	-5.639839	8.770488	-0.522176	0.541519	-12.986260	1.464960	-3.494540	0.793211	0.429747	0.392516	-1.000000	-1.000000	-1.000000	-1.000000	-1.000000	-1.000000	-1.000000	73.379310	0.000000	-1.000000	-1.000000	1912144.000000	1773868068.125298
-6627.060000	1284.885000	12539.295000	14863.095000	-16613.370000	-19341.450000	8691.345000	15536.295000	10.137763	-2.470832	3.146726	28.041384	13.766468	12.911487	2.621979	3.005026	-12.986260	1.464960	-3.494540	0.793211	0.429747	0.392516	-1.000000	-1.000000	-1.000000	-1.000000	-1.000000	-1.000000	-1.000000	73.379310	0.000000	-1.000000	-1.000000	1912145.000000	1773868068.129612
-6534.450000	1360.035000	12589.380000	14900.805000	-16624.350000	-19346.085000	8713.485000	15577.830000	12.905412	34.365295	28.744371	39.130650	16.961364	6.694832	4.278109	3.084044	-12.986260	1.464960	-3.494540	0.793211	0.429747	0.392516	-1.000000	-1.000000	-1.000000	-1.000000	-1.000000	-1.000000	-1.000000	73.379310	0.000000	-1.000000	-1.000000	1912146.000000	1773868068.129622
-6487.560000	1343.745000	12540.285000	14835.285000	-16626.465000	-19377.810000	8683.965000	15589.485000	15.290873	52.639325	39.646349	32.510759	3.199812	-6.762416	3.907332	3.928305	-12.986260	1.464960	-3.494540	0.793211	0.429747	0.392516	-1.000000	-1.000000	-1.000000	-1.000000	-1.000000	-1.000000	-1.000000	73.379310	0.000000	-1.000000	-1.000000	1912147.000000	1773868068.133295
-6592.140000	1201.095000	12431.745000	14743.440000	-16702.290000	-19496.115000	8631.720000	15548.670000	19.423352	44.889314	30.332937	11.247001	-15.210569	-22.022545	-0.034307	5.762637	-12.986260	1.464960	-3.494540	0.793211	0.429747	0.392516	-1.000000	-1.000000	-1.000000	-1.000000	-1.000000	-1.000000	-1.000000	73.379310	0.000000	-1.000000	-1.000000	1912148.000000	1773868068.133305
-6610.725000	1195.605000	12448.080000	14773.005000	-16697.295000	-19532.115000	8603.910000	15515.055000	16.092832	11.065346	2.346309	-17.363556	-26.966725	-35.747604	-7.671297	4.592504	-12.986260	1.464960	-3.494540	0.793211	0.429747	0.392516	-1.000000	-1.000000	-1.000000	-1.000000	-1.000000	-1.000000	-1.000000	73.379310	0.000000	-1.000000	-1.000000	1912149.000000	1773868068.137199
-6594.570000	1212.660000	12468.330000	14805.585000	-16663.860000	-19412.775000	8614.485000	15519.870000	0.158490	-32.950738	-29.558876	-38.931215	-25.725207	-40.090099	-14.597425	-1.927326	-12.986260	1.464960	-3.494540	0.793211	0.429747	0.392516	-1.000000	-1.000000	-1.000000	-1.000000	-1.000000	-1.000000	-1.000000	73.379310	0.000000	-1.000000	-1.000000	1912150.000000	1773868068.137209
-6610.545000	1203.255000	12464.055000	14816.475000	-16604.100000	-19353.195000	8631.900000	15525.045000	-19.874211	-62.482880	-46.154494	-40.775485	-9.137518	-23.964070	-14.386369	-9.852043	1.052940	1.678600	-6.287120	0.788938	0.411681	0.394591	-1.000000	-1.000000	-1.000000	-1.000000	-1.000000	-1.000000	-1.000000	73.379310	0.000000	-1.000000	-1.000000	1912151.000000	1773868068.141154
-6607.800000	1183.275000	12449.025000	14805.315000	-16594.470000	-19393.155000	8642.970000	15541.515000	-30.815941	-62.715765	-39.436534	-23.031986	15.969430	9.924611	-5.126262	-12.484941	1.052940	1.678600	-6.287120	0.788938	0.411681	0.394591	-1.000000	-1.000000	-1.000000	-1.000000	-1.000000	-1.000000	-1.000000	73.379310	0.000000	-1.000000	-1.000000	1912152.000000	1773868068.141163
-6541.785000	1250.505000	12503.655000	14848.470000	-16566.525000	-19352.025000	8677.260000	15570.135000	-24.803995	-35.339581	-15.519575	2.902361	35.052050	41.921468	8.545913	-6.575161	1.052940	1.678600	-6.287120	0.788938	0.411681	0.394591	-1.000000	-1.000000	-1.000000	-1.000000	-1.000000	-1.000000	-1.000000	73.379310	0.000000	-1.000000	-1.000000	1912153.000000	1773868068.145218
-6524.865000	1290.960000	12539.970000	14881.680000	-16541.370000	-19313.370000	8704.125000	15589.305000	-3.705634	6.945061	13.505838	24.573509	39.854579	55.448909	19.605302	5.139079	1.052940	1.678600	-6.287120	0.788938	0.411681	0.394591	-1.000000	-1.000000	-1.000000	-1.000000	-1.000000	-1.000000	-1.000000	73.379310	0.000000	-1.000000	-1.000000	1912154.000000	1773868068.145231
-6551.595000	1256.040000	12517.470000	14856.705000	-16588.170000	-19352.970000	8683.020000	15569.910000	18.596694	44.757361	35.297617	34.325513	31.958995	47.880132	22.486648	14.774235	1.052940	1.678600	-6.287120	0.788938	0.411681	0.394591	-1.000000	-1.000000	-1.000000	-1.000000	-1.000000	-1.000000	-1.000000	73.379310	0.000000	-1.000000	-1.000000	1912155.000000	1773868068.150914
-6599.205000	1236.600000	12473.415000	14801.355000	-16636.770000	-19405.395000	8643.645000	15521.760000	25.733503	60.403788	41.081616	29.853036	13.801776	24.266349	15.271434	14.515641	1.052940	1.678600	-6.287120	0.788938	0.411681	0.394591	-1.000000	-1.000000	-1.000000	-1.000000	-1.000000	-1.000000	-1.000000	73.379310	0.000000	-1.000000	-1.000000	1912156.000000	1773868068.150953
-6600.555000	1249.650000	12455.505000	14781.870000	-16650.045000	-19417.905000	8622.180000	15516.945000	15.327783	51.146916	30.578869	14.743489	-10.362588	-5.599353	1.505945	4.128185	1.052940	1.678600	-6.287120	0.788938	0.411681	0.394591	-1.000000	-1.000000	-1.000000	-1.000000	-1.000000	-1.000000	-1.000000	73.379310	0.000000	-1.000000	-1.000000	1912157.000000	1773868068.153262
-6595.695000	1241.460000	12474.810000	14812.020000	-16619.760000	-19395.180000	8640.945000	15549.255000	-0.955669	27.433006	10.786045	-3.604206	-30.641734	-29.144053	-11.210752	-7.826430	1.052940	1.678600	-6.287120	0.788938	0.411681	0.394591	-1.000000	-1.000000	-1.000000	-1.000000	-1.000000	-1.000000	-1.000000	73.379310	0.000000	-1.000000	-1.000000	1912158.000000	1773868068.153268
-6588.540000	1185.570000	12471.570000	14806.305000	-16624.485000	-19387.710000	8662.185000	15560.370000	-11.593364	-0.776461	-9.606628	-18.125277	-38.083283	-39.604758	-16.285372	-12.091283	1.052940	1.678600	-6.287120	0.788938	0.411681	0.394591	-1.000000	-1.000000	-1.000000	-1.000000	-1.000000	-1.000000	-1.000000	73.379310	0.000000	-1.000000	-1.000000	1912159.000000	1773868068.157322
-6555.420000	1220.310000	12500.955000	14824.215000	-16620.705000	-19402.245000	8654.985000	15548.085000	-12.139399	-26.147559	-22.782106	-24.045700	-32.007177	-38.466814	-12.855277	-7.333173	1.052940	1.678600	-6.287120	0.788938	0.411681	0.394591	-1.000000	-1.000000	-1.000000	-1.000000	-1.000000	-1.000000	-1.000000	73.379310	0.000000	-1.000000	-1.000000	1912160.000000	1773868068.157336
-6613.425000	1185.660000	12428.910000	14771.565000	-16671.330000	-19444.500000	8634.105000	15521.760000	-4.990899	-40.260015	-25.149886	-20.673669	-19.191284	-29.382534	-6.063704	-0.091541	4.516960	-1.571780	-7.279020	0.788389	0.413756	0.403563	-1.000000	-1.000000	-1.000000	-1.000000	-1.000000	-1.000000	-1.000000	73.379310	0.000000	-1.000000	-1.000000	1912161.000000	1773868068.161383
-6642.765000	1209.375000	12425.940000	14770.980000	-16652.070000	-19420.380000	8640.270000	15515.415000	1.246670	-39.084248	-20.859523	-12.773306	-6.488087	-15.489223	-2.133331	2.438788	4.516960	-1.571780	-7.279020	0.788389	0.413756	0.403563	-1.000000	-1.000000	-1.000000	-1.000000	-1.000000	-1.000000	-1.000000	73.379310	0.000000	-1.000000	-1.000000	1912162.000000	1773868068.161390
-6615.855000	1213.335000	12471.210000	14810.130000	-16624.710000	-19394.190000	8670.870000	15553.170000	-0.143625	-26.178613	-15.202776	-5.232258	5.087431	0.689058	-2.313184	-0.637540	4.516960	-1.571780	-7.279020	0.788389	0.413756	0.403563	-1.000000	-1.000000	-1.000000	-1.000000	-1.000000	-1.000000	-1.000000	73.379310	0.000000	-1.000000	-1.000000	1912163.000000	1773868068.165245
-6659.640000	1089.990000	12426.750000	14798.655000	-16611.660000	-19400.175000	8650.395000	15537.960000	-5.871008	-8.858987	-7.274746	2.777258	17.758069	17.566445	-2.286497	-3.718571	4.516960	-1.571780	-7.279020	0.788389	0.413756	0.403563	-1.000000	-1.000000	-1.000000	-1.000000	-1.000000	-1.000000	-1.000000	73.379310	0.000000	-1.000000	-1.000000	1912164.000000	1773868068.165252
-6665.220000	1020.825000	12377.205000	14764.905000	-16626.735000	-19418.130000	8636.625000	15513.480000	-7.813585	4.431435	4.221950	13.123337	30.322966	32.158574	1.794685	-1.832694	4.516960	-1.571780	-7.279020	0.788389	0.413756	0.403563	-1.000000	-1.000000	-1.000000	-1.000000	-1.000000	-1.000000	-1.000000	73.379310	0.000000	-1.000000	-1.000000	1912165.000000	1773868068.169263
-6574.590000	1122.075000	12447.540000	14812.965000	-16619.355000	-19387.530000	8684.730000	15538.860000	-1.088884	10.513539	15.894056	22.475148	36.314227	39.055289	9.275842	4.095299	4.516960	-1.571780	-7.279020	0.788389	0.413756	0.403563	-1.000000	-1.000000	-1.000000	-1.000000	-1.000000	-1.000000	-1.000000	73.379310	0.000000	-1.000000	-1.000000	1912166.000000	1773868068.169271
-6499.845000	1251.630000	12587.130000	14942.880000	-16502.760000	-19261.395000	8750.970000	15584.850000	13.768626	16.792068	25.265630	26.595456	30.753642	34.965359	17.003665	9.942434	4.516960	-1.571780	-7.279020	0.788389	0.413756	0.403563	-1.000000	-1.000000	-1.000000	-1.000000	-1.000000	-1.000000	-1.000000	73.379310	0.000000	-1.000000	-1.000000	1912167.000000	1773868068.173196
-6490.350000	1349.865000	12632.040000	14960.925000	-16471.845000	-19238.940000	8734.320000	15562.845000	29.546412	31.576420	32.632291	25.454840	16.931388	22.496365	20.774777	12.331916	4.516960	-1.571780	-7.279020	0.788389	0.413756	0.403563	-1.000000	-1.000000	-1.000000	-1.000000	-1.000000	-1.000000	-1.000000	73.379310	0.000000	-1.000000	-1.000000	1912168.000000	1773868068.173207
-6530.130000	1423.980000	12596.760000	14881.995000	-16620.750000	-19324.890000	8661.105000	15508.935000	34.263670	50.244725	34.184820	18.087424	-0.557416	5.564226	15.248470	8.739044	4.516960	-1.571780	-7.279020	0.788389	0.413756	0.403563	-1.000000	-1.000000	-1.000000	-1.000000	-1.000000	-1.000000	-1.000000	73.379310	0.000000	-1.000000	-1.000000	1912169.000000	1773868068.177250
-6564.870000	1353.960000	12472.920000	14732.010000	-16799.760000	-19490.760000	8580.960000	15502.365000	20.598078	55.961831	21.429400	-0.467846	-23.761741	-16.451048	-2.376569	-1.113740	4.516960	-1.571780	-7.279020	0.788389	0.413756	0.403563	-1.000000	-1.000000	-1.000000	-1.000000	-1.000000	-1.000000	-1.000000	73.379310	0.000000	-1.000000	-1.000000	1912170.000000	1773868068.177260
-6565.770000	1294.695000	12460.635000	14749.920000	-16710.345000	-19512.495000	8594.460000	15528.870000	-6.457554	33.279711	-8.538248	-29.620402	-50.208717	-43.449869	-26.515724	-12.426296	-4.913720	-5.279960	-3.082520	0.789122	0.431029	0.410827	-1.000000	-1.000000	-1.000000	-1.000000	-1.000000	-1.000000	-1.000000	73.379310	0.000000	-1.000000	-1.000000	1912171.000000	1773868068.183148
-6600.150000	1239.615000	12450.060000	14765.985000	-16632.720000	-19485.450000	8617.455000	15546.960000	-33.253554	-15.199469	-44.065948	-54.827506	-62.070359	-63.958170	-42.890432	-17.877346	-4.913720	-5.279960	-3.082520	0.789122	0.431029	0.410827	-1.000000	-1.000000	-1.000000	-1.000000	-1.000000	-1.000000	-1.000000	73.379310	0.000000	-1.000000	-1.000000	1912172.000000	1773868068.183160
-6608.745000	1233.450000	12459.555000	14784.660000	-16635.420000	-19434.690000	8638.245000	15553.215000	-46.360565	-63.770255	-63.303435	-56.526974	-42.671551	-59.344933	-37.960040	-13.235630	-4.913720	-5.279960	-3.082520	0.789122	0.431029	0.410827	-1.000000	-1.000000	-1.000000	-1.000000	-1.000000	-1.000000	-1.000000	73.379310	0.000000	-1.000000	-1.000000	1912173.000000	1773868068.186465
-6635.385000	1226.160000	12462.705000	14795.820000	-16636.410000	-19386.990000	8666.505000	15532.470000	-40.241500	-83.236015	-51.865618	-28.786977	1.313675	-23.009826	-11.070350	-0.782032	-4.913720	-5.279960	-3.082520	0.789122	0.431029	0.410827	-1.000000	-1.000000	-1.000000	-1.000000	-1.000000	-1.000000	-1.000000	73.379310	0.000000	-1.000000	-1.000000	1912174.000000	1773868068.186476
-6600.015000	1231.830000	12472.335000	14813.370000	-16594.155000	-19393.515000	8680.410000	15548.760000	-21.001034	-66.949024	-17.418485	12.814596	44.250899	27.852116	22.735684	11.024432	-4.913720	-5.279960	-3.082520	0.789122	0.431029	0.410827	-1.000000	-1.000000	-1.000000	-1.000000	-1.000000	-1.000000	-1.000000	73.379310	0.000000	-1.000000	-1.000000	1912175.000000	1773868068.189291
-6557.220000	1259.010000	12504.960000	14856.570000	-16536.195000	-19339.155000	8693.190000	15558.795000	0.403688	-31.535966	16.910383	43.212195	62.910901	62.993296	43.359896	14.319669	-4.913720	-5.279960	-3.082520	0.789122	0.431029	0.410827	-1.000000	-1.000000	-1.000000	-1.000000	-1.000000	-1.000000	-1.000000	73.379310	0.000000	-1.000000	-1.000000	1912176.000000	1773868068.189308
-6576.480000	1245.195000	12483.585000	14814.360000	-16618.455000	-19373.040000	8679.330000	15543.180000	17.325450	2.286752	33.656693	48.278378	50.953702	64.484278	41.273346	9.069848	-4.913720	-5.279960	-3.082520	0.789122	0.431029	0.410827	-1.000000	-1.000000	-1.000000	-1.000000	-1.000000	-1.000000	-1.000000	73.379310	0.000000	-1.000000	-1.000000	1912177.000000	1773868068.193249
-6614.280000	1201.455000	12452.895000	14794.560000	-16637.490000	-19385.910000	8656.245000	15540.570000	27.119285	22.630992	32.221722	32.979198	20.463169	39.482571	22.801561	1.502249	-4.913720	-5.279960	-3.082520	0.789122	0.431029	0.410827	-1.000000	-1.000000	-1.000000	-1.000000	-1.000000	-1.000000	-1.000000	73.379310	0.000000	-1.000000	-1.000000	1912178.000000	1773868068.193258
-6646.005000	1166.220000	12431.880000	14771.970000	-16645.995000	-19419.525000	8630.055000	15552.045000	28.116404	28.860602	22.735179	12.495373	-7.975964	8.668734	0.923374	-3.028908	-4.913720	-5.279960	-3.082520	0.789122	0.431029	0.410827	-1.000000	-1.000000	-1.000000	-1.000000	-1.000000	-1.000000	-1.000000	73.379310	0.000000	-1.000000	-1.000000	1912179.000000	1773868068.197349
-6621.885000	1163.565000	12454.560000	14788.890000	-16622.415000	-19395.000000	8648.325000	15563.430000	20.826389	28.159650	14.043830	-2.432144	-22.779230	-12.773472	-15.535491	-4.039538	-4.913720	-5.279960	-3.082520	0.789122	0.431029	0.410827	-1.000000	-1.000000	-1.000000	-1.000000	-1.000000	-1.000000	-1.000000	73.379310	0.000000	-1.000000	-1.000000	1912180.000000	1773868068.197356
-6593.580000	1176.210000	12461.355000	14794.785000	-16641.540000	-19408.770000	8652.465000	15558.120000	10.475848	28.402815	8.743324	-10.417727	-26.915617	-22.419084	-23.439098	-3.836282	-14.222320	-2.014320	-2.487380	0.800718	0.447936	0.404967	-1.000000	-1.000000	-1.000000	-1.000000	-1.000000	-1.000000	-1.000000	73.379310	0.000000	-1.000000	-1.000000	1912181.000000	1773868068.201248
-6564.735000	1282.410000	12502.845000	14812.110000	-16637.805000	-19427.715000	8657.820000	15560.550000	4.137525	33.010209	6.243279	-13.213950	-25.847240	-25.264385	-22.602056	-3.537140	-14.222320	-2.014320	-2.487380	0.800718	0.447936	0.404967	-1.000000	-1.000000	-1.000000	-1.000000	-1.000000	-1.000000	-1.000000	73.379310	0.000000	-1.000000	-1.000000	1912182.000000	1773868068.201256
-6511.860000	1359.360000	12573.135000	14879.655000	-16563.600000	-19353.465000	8690.805000	15592.770000	3.750518	39.262799	5.401578	-11.599919	-19.591438	-25.106440	-15.223014	-2.229796	-14.222320	-2.014320	-2.487380	0.800718	0.447936	0.404967	-1.000000	-1.000000	-1.000000	-1.000000	-1.000000	-1.000000	-1.000000	73.379310	0.000000	-1.000000	-1.000000	1912183.000000	1773868068.205347
-6511.860000	1360.080000	12602.295000	14923.035000	-16513.830000	-19283.445000	8701.425000	15609.825000	4.219798	38.339570	3.986549	-6.758650	-7.499033	-20.265969	-5.256203	0.599519	-14.222320	-2.014320	-2.487380	0.800718	0.447936	0.404967	-1.000000	-1.000000	-1.000000	-1.000000	-1.000000	-1.000000	-1.000000	73.379310	0.000000	-1.000000	-1.000000	1912184.000000	1773868068.205357
-6602.130000	1206.045000	12483.990000	14829.390000	-16585.380000	-19338.705000	8653.545000	15529.185000	-2.191069	18.941858	-2.795522	-2.981927	5.350836	-9.727557	2.756313	2.466435	-14.222320	-2.014320	-2.487380	0.800718	0.447936	0.404967	-1.000000	-1.000000	-1.000000	-1.000000	-1.000000	-1.000000	-1.000000	73.379310	0.000000	-1.000000	-1.000000	1912185.000000	1773868068.209371
-6679.395000	1129.635000	12390.435000	14739.210000	-16667.505000	-19444.680000	8617.680000	15481.395000	-18.173796	-21.756396	-18.740804	-5.768273	11.417802	0.555374	5.536733	-0.517775	-14.222320	-2.014320	-2.487380	0.800718	0.447936	0.404967	-1.000000	-1.000000	-1.000000	-1.000000	-1.000000	-1.000000	-1.000000	73.379310	0.000000	-1.000000	-1.000000	1912186.000000	1773868068.209382
-6667.695000	1179.090000	12430.710000	14778.585000	-16667.460000	-19443.465000	8619.840000	15481.755000	-35.136205	-65.765596	-36.840623	-13.185225	9.486319	4.682452	4.230429	-7.897299	-14.222320	-2.014320	-2.487380	0.800718	0.447936	0.404967	-1.000000	-1.000000	-1.000000	-1.000000	-1.000000	-1.000000	-1.000000	73.379310	0.000000	-1.000000	-1.000000	1912187.000000	1773868068.213365
-6600.645000	1260.585000	12492.720000	14830.245000	-16602.435000	-19370.970000	8640.450000	15500.610000	-37.801939	-81.751909	-40.264760	-14.578400	5.285796	5.699033	3.469273	-13.507201	-14.222320	-2.014320	-2.487380	0.800718	0.447936	0.404967	-1.000000	-1.000000	-1.000000	-1.000000	-1.000000	-1.000000	-1.000000	73.379310	0.000000	-1.000000	-1.000000	1912188.000000	1773868068.213375
-6508.215000	1313.190000	12544.425000	14874.570000	-16569.765000	-19344.825000	8684.100000	15551.640000	-17.979839	-53.305831	-19.907292	-3.133436	4.391926	10.312478	6.075733	-10.883526	-14.222320	-2.014320	-2.487380	0.800718	0.447936	0.404967	-1.000000	-1.000000	-1.000000	-1.000000	-1.000000	-1.000000	-1.000000	73.379310	0.000000	-1.000000	-1.000000	1912189.000000	1773868068.221322
-6489.855000	1350.045000	12603.375000	14934.510000	-16510.995000	-19300.230000	8722.665000	15607.170000	16.458463	4.128668	15.156792	16.219475	8.167923	18.751771	11.097108	1.926130	-14.222320	-2.014320	-2.487380	0.800718	0.447936	0.404967	-1.000000	-1.000000	-1.000000	-1.000000	-1.000000	-1.000000	-1.000000	73.379310	0.000000	-1.000000	-1.000000	1912190.000000	1773868068.221332
-6498.045000	1358.055000	12618.090000	14952.645000	-16483.950000	-19275.705000	8710.515000	15590.520000	45.019221	54.639992	44.838918	31.715169	13.870203	24.763143	14.668519	19.483447	-20.143200	3.815000	-0.244160	0.813780	0.438109	0.392638	-1.000000	-1.000000	-1.000000	-1.000000	-1.000000	-1.000000	-1.000000	73.379310	0.000000	-1.000000	-1.000000	1912191.000000	1773868068.221342
-6539.805000	1282.140000	12532.185000	14864.985000	-16561.080000	-19336.455000	8675.595000	15533.595000	48.226205	67.493092	49.812383	30.741737	13.493770	19.886693	10.971386	28.990360	-20.143200	3.815000	-0.244160	0.813780	0.438109	0.392638	-1.000000	-1.000000	-1.000000	-1.000000	-1.000000	-1.000000	-1.000000	73.379310	0.000000	-1.000000	-1.000000	1912192.000000	1773868068.221348
-6580.530000	1209.015000	12437.460000	14762.160000	-16665.525000	-19424.160000	8640.810000	15496.560000	22.736134	37.695087	23.272260	6.974192	-1.885070	-1.423971	-2.428796	20.297297	-20.143200	3.815000	-0.244160	0.813780	0.438109	0.392638	-1.000000	-1.000000	-1.000000	-1.000000	-1.000000	-1.000000	-1.000000	73.379310	0.000000	-1.000000	-1.000000	1912193.000000	1773868068.225361
-6613.965000	1216.395000	12413.430000	14725.215000	-16722.495000	-19483.065000	8617.320000	15547.545000	-14.553618	-10.503057	-19.374629	-28.639228	-28.116652	-31.836265	-18.907348	-0.665218	-20.143200	3.815000	-0.244160	0.813780	0.438109	0.392638	-1.000000	-1.000000	-1.000000	-1.000000	-1.000000	-1.000000	-1.000000	73.379310	0.000000	-1.000000	-1.000000	1912194.000000	1773868068.225372
-6641.820000	1172.880000	12403.665000	14735.250000	-16690.725000	-19459.845000	8623.485000	15554.070000	-39.632825	-43.202599	-48.720358	-50.895484	-44.897740	-50.289786	-26.806857	-16.064076	-20.143200	3.815000	-0.244160	0.813780	0.438109	0.392638	-1.000000	-1.000000	-1.000000	-1.000000	-1.000000	-1.000000	-1.000000	73.379310	0.000000	-1.000000	-1.000000	1912195.000000	1773868068.229320
-6629.310000	1152.495000	12408.210000	14747.580000	-16680.330000	-19447.695000	8626.545000	15545.295000	-40.411282	-45.267507	-47.035446	-43.215397	-35.617561	-40.605659	-20.057257	-16.248651	-20.143200	3.815000	-0.244160	0.813780	0.438109	0.392638	-1.000000	-1.000000	-1.000000	-1.000000	-1.000000	-1.000000	-1.000000	73.379310	0.000000	-1.000000	-1.000000	1912196.000000	1773868068.229330
-6621.840000	1166.310000	12423.960000	14767.920000	-16660.125000	-19430.325000	8639.955000	15547.095000	-22.848383	-25.913528	-21.103026	-12.346047	-5.467564	-8.441572	-3.476099	-7.543885	-20.143200	3.815000	-0.244160	0.813780	0.438109	0.392638	-1.000000	-1.000000	-1.000000	-1.000000	-1.000000	-1.000000	-1.000000	73.379310	0.000000	-1.000000	-1.000000	1912197.000000	1773868068.233203
-6636.870000	1150.875000	12413.205000	14769.090000	-16658.055000	-19433.340000	8635.410000	15533.280000	-2.013890	-1.855716	9.310938	21.031468	25.361941	25.124900	11.851126	-1.357130	-20.143200	3.815000	-0.244160	0.813780	0.438109	0.392638	-1.000000	-1.000000	-1.000000	-1.000000	-1.000000	-1.000000	-1.000000	73.379310	0.000000	-1.000000	-1.000000	1912198.000000	1773868068.233213
-6623.820000	1132.110000	12425.175000	14780.880000	-16647.165000	-19421.145000	8640.270000	15532.155000	10.898488	14.700953	27.614534	39.098403	40.017963	42.014212	17.505954	-2.950155	-20.143200	3.815000	-0.244160	0.813780	0.438109	0.392638	-1.000000	-1.000000	-1.000000	-1.000000	-1.000000	-1.000000	-1.000000	73.379310	0.000000	-1.000000	-1.000000	1912199.000000	1773868068.237212
-6622.920000	1078.470000	12416.085000	14784.480000	-16636.995000	-19401.615000	8650.080000	15531.975000	14.844059	18.569087	28.719431	36.574838	34.559139	37.581517	13.366114	-8.441241	-20.143200	3.815000	-0.244160	0.813780	0.438109	0.392638	-1.000000	-1.000000	-1.000000	-1.000000	-1.000000	-1.000000	-1.000000	73.379310	0.000000	-1.000000	-1.000000	1912200.000000	1773868068.237221
-6637.500000	1134.405000	12435.480000	14800.275000	-16622.325000	-19413.540000	8646.750000	15533.280000	14.691082	14.125135	19.673390	21.711800	17.767295	19.951952	5.886094	-9.476935	-15.244740	4.806900	1.907500	0.812376	0.425475	0.391601	-1.000000	-1.000000	-1.000000	-1.000000	-1.000000	-1.000000	-1.000000	73.379310	0.000000	-1.000000	-1.000000	1912201.000000	1773868068.241292
-6614.820000	1245.870000	12494.655000	14821.695000	-16598.970000	-19403.820000	8659.935000	15547.275000	15.045541	14.096881	13.268673	8.827832	4.185780	2.697938	1.773682	-1.644167	-15.244740	4.806900	1.907500	0.812376	0.425475	0.391601	-1.000000	-1.000000	-1.000000	-1.000000	-1.000000	-1.000000	-1.000000	73.379310	0.000000	-1.000000	-1.000000	1912202.000000	1773868068.241300
-6631.965000	1196.910000	12475.350000	14794.470000	-16594.920000	-19385.640000	8664.435000	15538.140000	17.694413	25.336108	16.140713	5.618823	2.322964	-4.233975	3.278644	10.889338	-15.244740	4.806900	1.907500	0.812376	0.425475	0.391601	-1.000000	-1.000000	-1.000000	-1.000000	-1.000000	-1.000000	-1.000000	73.379310	0.000000	-1.000000	-1.000000	1912203.000000	1773868068.245307
-6589.170000	1269.180000	12507.660000	14804.325000	-16650.810000	-19402.560000	8674.965000	15542.595000	20.300927	38.071864	21.659752	6.789614	6.392521	-1.538231	7.243664	19.126479	-15.244740	4.806900	1.907500	0.812376	0.425475	0.391601	-1.000000	-1.000000	-1.000000	-1.000000	-1.000000	-1.000000	-1.000000	73.379310	0.000000	-1.000000	-1.000000	1912204.000000	1773868068.245317
-6519.870000	1396.665000	12546.810000	14806.845000	-16702.515000	-19426.320000	8683.695000	15560.595000	18.741538	39.154122	18.542829	2.399689	2.269984	0.556720	8.116477	17.847314	-15.244740	4.806900	1.907500	0.812376	0.425475	0.391601	-1.000000	-1.000000	-1.000000	-1.000000	-1.000000	-1.000000	-1.000000	73.379310	0.000000	-1.000000	-1.000000	1912205.000000	1773868068.249416
-6553.485000	1329.570000	12502.755000	14790.105000	-16681.140000	-19465.245000	8660.430000	15543.810000	10.498628	24.819148	2.679920	-10.656909	-15.386949	-6.688617	2.438161	8.668744	-15.244740	4.806900	1.907500	0.812376	0.425475	0.391601	-1.000000	-1.000000	-1.000000	-1.000000	-1.000000	-1.000000	-1.000000	73.379310	0.000000	-1.000000	-1.000000	1912206.000000	1773868068.249426
-6594.885000	1252.845000	12476.610000	14813.955000	-16621.875000	-19417.725000	8647.560000	15535.530000	-5.182162	-4.111249	-21.718457	-26.591045	-34.905647	-20.749281	-8.859126	-3.742612	-15.244740	4.806900	1.907500	0.812376	0.425475	0.391601	-1.000000	-1.000000	-1.000000	-1.000000	-1.000000	-1.000000	-1.000000	73.379310	0.000000	-1.000000	-1.000000	1912207.000000	1773868068.254986
-6538.770000	1286.820000	12523.995000	14873.715000	-16550.595000	-19338.525000	8662.230000	15578.685000	-24.303265	-40.637418	-44.024650	-34.974618	-38.894042	-29.326047	-20.187284	-13.663394	-15.244740	4.806900	1.907500	0.812376	0.425475	0.391601	-1.000000	-1.000000	-1.000000	-1.000000	-1.000000	-1.000000	-1.000000	73.379310	0.000000	-1.000000	-1.000000	1912208.000000	1773868068.254996
-6540.390000	1272.960000	12514.230000	14855.985000	-16548.840000	-19329.255000	8645.670000	15562.620000	-36.356939	-66.915627	-50.973422	-28.412221	-21.344182	-22.262503	-24.372912	-15.704997	-15.244740	4.806900	1.907500	0.812376	0.425475	0.391601	-1.000000	-1.000000	-1.000000	-1.000000	-1.000000	-1.000000	-1.000000	73.379310	0.000000	-1.000000	-1.000000	1912209.000000	1773868068.258346
-6597.990000	1243.125000	12486.870000	14817.060000	-16601.760000	-19389.465000	8634.735000	15525.225000	-33.815769	-68.529663	-37.480202	-10.116292	6.705395	-2.665400	-18.396476	-9.974910	-15.244740	4.806900	1.907500	0.812376	0.425475	0.391601	-1.000000	-1.000000	-1.000000	-1.000000	-1.000000	-1.000000	-1.000000	73.379310	0.000000	-1.000000	-1.000000	1912210.000000	1773868068.258356
-6583.230000	1261.800000	12494.835000	14829.975000	-16576.785000	-19400.130000	8656.965000	15541.560000	-19.657898	-47.509690	-11.610867	9.076461	27.476437	15.849432	-5.028771	-2.366311	-21.440300	19.319160	2.716280	0.810240	0.422912	0.379760	-1.000000	-1.000000	-1.000000	-1.000000	-1.000000	-1.000000	-1.000000	73.379310	0.000000	-1.000000	-1.000000	1912211.000000	1773868068.261217
-6585.165000	1217.925000	12463.560000	14798.835000	-16628.040000	-19425.150000	8662.185000	15568.110000	-1.591983	-15.272272	13.579137	20.623692	31.114396	22.093615	10.099080	2.920126	-21.440300	19.319160	2.716280	0.810240	0.422912	0.379760	-1.000000	-1.000000	-1.000000	-1.000000	-1.000000	-1.000000	-1.000000	73.379310	0.000000	-1.000000	-1.000000	1912212.000000	1773868068.261227
-6573.240000	1233.990000	12474.135000	14801.130000	-16642.620000	-19401.030000	8666.325000	15572.700000	13.106025	14.987695	27.992477	21.435754	19.546429	15.450764	20.761460	6.038163	-21.440300	19.319160	2.716280	0.810240	0.422912	0.379760	-1.000000	-1.000000	-1.000000	-1.000000	-1.000000	-1.000000	-1.000000	73.379310	0.000000	-1.000000	-1.000000	1912213.000000	1773868068.265258
-6534.585000	1254.960000	12492.180000	14819.625000	-16638.525000	-19424.295000	8665.245000	15553.035000	19.090726	32.233898	28.323262	13.375071	1.848555	3.690219	22.459084	6.987412	-21.440300	19.319160	2.716280	0.810240	0.422912	0.379760	-1.000000	-1.000000	-1.000000	-1.000000	-1.000000	-1.000000	-1.000000	73.379310	0.000000	-1.000000	-1.000000	1912214.000000	1773868068.265268
-6556.230000	1286.190000	12515.670000	14816.970000	-16633.890000	-19411.110000	8668.845000	15525.360000	16.988206	36.079867	20.085096	2.614220	-12.520099	-5.034401	15.495262	4.411340	-21.440300	19.319160	2.716280	0.810240	0.422912	0.379760	-1.000000	-1.000000	-1.000000	-1.000000	-1.000000	-1.000000	-1.000000	73.379310	0.000000	-1.000000	-1.000000	1912215.000000	1773868068.275774
-6560.550000	1304.055000	12517.020000	14799.060000	-16697.115000	-19358.640000	8659.800000	15513.840000	11.432590	35.067084	11.662513	-5.874009	-20.545095	-7.781602	4.382644	-1.528315	-21.440300	19.319160	2.716280	0.810240	0.422912	0.379760	-1.000000	-1.000000	-1.000000	-1.000000	-1.000000	-1.000000	-1.000000	73.379310	0.000000	-1.000000	-1.000000	1912216.000000	1773868068.275788
-6590.430000	1217.880000	12473.145000	14796.225000	-16694.910000	-19387.620000	8647.605000	15531.570000	4.455476	32.184855	5.195018	-11.407354	-24.520861	-6.753835	-6.167075	-7.875195	-21.440300	19.319160	2.716280	0.810240	0.422912	0.379760	-1.000000	-1.000000	-1.000000	-1.000000	-1.000000	-1.000000	-1.000000	73.379310	0.000000	-1.000000	-1.000000	1912217.000000	1773868068.275803
-6622.560000	1193.760000	12461.085000	14798.070000	-16682.130000	-19421.820000	8669.025000	15562.350000	-3.630165	21.751998	-1.896757	-12.967326	-23.167085	-5.678266	-12.544582	-9.383538	-21.440300	19.319160	2.716280	0.810240	0.422912	0.379760	-1.000000	-1.000000	-1.000000	-1.000000	-1.000000	-1.000000	-1.000000	73.379310	0.000000	-1.000000	-1.000000	1912218.000000	1773868068.275808
-6620.580000	1187.415000	12479.715000	14854.005000	-16523.640000	-19349.415000	8685.360000	15563.970000	-9.625970	2.067221	-8.818171	-7.121472	-9.349350	-3.885434	-11.990386	-2.500264	-21.440300	19.319160	2.716280	0.810240	0.422912	0.379760	-1.000000	-1.000000	-1.000000	-1.000000	-1.000000	-1.000000	-1.000000	73.379310	0.000000	-1.000000	-1.000000	1912219.000000	1773868068.277312
-6561.675000	1264.365000	12534.435000	14885.820000	-16515.270000	-19324.395000	8696.790000	15557.940000	-8.671993	-17.371191	-10.459435	6.831076	18.951413	3.272450	-5.260017	8.743590	-21.440300	19.319160	2.716280	0.810240	0.422912	0.379760	-1.000000	-1.000000	-1.000000	-1.000000	-1.000000	-1.000000	-1.000000	73.379310	0.000000	-1.000000	-1.000000	1912220.000000	1773868068.277323
-6571.890000	1246.365000	12496.500000	14837.715000	-16581.375000	-19365.480000	8659.845000	15536.880000	-0.051286	-24.280131	-4.474529	21.845196	47.809998	14.364186	2.173599	14.849721	-12.131700	6.653360	-0.595140	0.794981	0.414000	0.386107	-1.000000	-1.000000	-1.000000	-1.000000	-1.000000	-1.000000	-1.000000	73.379310	0.000000	-1.000000	-1.000000	1912221.000000	1773868068.281415
-6593.940000	1239.930000	12457.080000	14794.650000	-16617.690000	-19407.330000	8631.495000	15526.395000	9.140503	-17.733318	2.891843	25.692601	55.455121	19.197920	4.012217	10.297111	-12.131700	6.653360	-0.595140	0.794981	0.414000	0.386107	-1.000000	-1.000000	-1.000000	-1.000000	-1.000000	-1.000000	-1.000000	73.379310	0.000000	-1.000000	-1.000000	1912222.000000	1773868068.281424
-6574.050000	1276.380000	12472.740000	14798.475000	-16612.110000	-19419.840000	8622.855000	15543.945000	10.329880	-7.204524	3.136728	12.263277	33.014065	10.730048	-1.152645	-0.936745	-12.131700	6.653360	-0.595140	0.794981	0.414000	0.386107	-1.000000	-1.000000	-1.000000	-1.000000	-1.000000	-1.000000	-1.000000	73.379310	0.000000	-1.000000	-1.000000	1912223.000000	1773868068.285442
-6569.865000	1217.070000	12450.555000	14791.635000	-16621.605000	-19423.980000	8672.715000	15594.075000	3.869480	-0.201239	-3.836052	-10.661675	-7.190517	-6.911161	-7.559739	-8.769010	-12.131700	6.653360	-0.595140	0.794981	0.414000	0.386107	-1.000000	-1.000000	-1.000000	-1.000000	-1.000000	-1.000000	-1.000000	73.379310	0.000000	-1.000000	-1.000000	1912224.000000	1773868068.285453
-6527.520000	1270.395000	12481.875000	14817.645000	-16641.675000	-19426.410000	8708.220000	15593.085000	-2.606826	1.844172	-10.802883	-28.022238	-42.595524	-23.783619	-6.981609	-6.806547	-12.131700	6.653360	-0.595140	0.794981	0.414000	0.386107	-1.000000	-1.000000	-1.000000	-1.000000	-1.000000	-1.000000	-1.000000	73.379310	0.000000	-1.000000	-1.000000	1912225.000000	1773868068.289415
-6563.925000	1256.265000	12483.090000	14818.095000	-16614.270000	-19379.340000	8678.520000	15563.115000	-3.664283	2.852055	-10.342260	-29.451692	-56.083748	-29.853780	2.296075	0.772593	-12.131700	6.653360	-0.595140	0.794981	0.414000	0.386107	-1.000000	-1.000000	-1.000000	-1.000000	-1.000000	-1.000000	-1.000000	73.379310	0.000000	-1.000000	-1.000000	1912226.000000	1773868068.289425
-6599.340000	1249.110000	12525.030000	14868.000000	-16547.940000	-19320.570000	8679.645000	15526.080000	-0.577726	6.657115	-0.317313	-14.983674	-43.796602	-18.340364	12.511585	4.173598	-12.131700	6.653360	-0.595140	0.794981	0.414000	0.386107	-1.000000	-1.000000	-1.000000	-1.000000	-1.000000	-1.000000	-1.000000	73.379310	0.000000	-1.000000	-1.000000	1912227.000000	1773868068.293454
-6587.865000	1240.560000	12503.880000	14839.335000	-16587.945000	-19342.530000	8657.550000	15525.900000	1.300967	10.020706	13.058625	5.714815	-16.231349	6.069672	14.420388	-1.002909	-12.131700	6.653360	-0.595140	0.794981	0.414000	0.386107	-1.000000	-1.000000	-1.000000	-1.000000	-1.000000	-1.000000	-1.000000	73.379310	0.000000	-1.000000	-1.000000	1912228.000000	1773868068.293465
-6603.480000	1239.660000	12478.410000	14797.800000	-16624.440000	-19388.025000	8642.835000	15548.805000	-1.565618	7.113495	19.072809	19.210670	8.990506	26.518597	6.034108	-9.480109	-12.131700	6.653360	-0.595140	0.794981	0.414000	0.386107	-1.000000	-1.000000	-1.000000	-1.000000	-1.000000	-1.000000	-1.000000	73.379310	0.000000	-1.000000	-1.000000	1912229.000000	1773868068.301411
-6642.315000	1222.650000	12461.310000	14788.305000	-16631.370000	-19391.715000	8653.095000	15517.890000	-8.160653	-2.274208	12.540307	18.706647	21.982948	29.592272	-6.151844	-12.770409	-12.131700	6.653360	-0.595140	0.794981	0.414000	0.386107	-1.000000	-1.000000	-1.000000	-1.000000	-1.000000	-1.000000	-1.000000	73.379310	0.000000	-1.000000	-1.000000	1912230.000000	1773868068.301421
-6653.205000	1197.225000	12441.690000	14784.210000	-16643.475000	-19400.940000	8652.015000	15504.030000	-14.441872	-13.012218	-1.566474	8.786521	24.329612	17.084832	-12.800211	-8.304842	2.365300	-4.394880	-1.159760	0.786192	0.415954	0.393371	-1.000000	-1.000000	-1.000000	-1.000000	-1.000000	-1.000000	-1.000000	73.379310	0.000000	-1.000000	-1.000000	1912231.000000	1773868068.301432
-6575.355000	1304.280000	12539.835000	14880.105000	-16555.365000	-19324.125000	8692.335000	15542.910000	-14.781061	-17.901795	-12.907940	-0.412147	21.313090	0.929195	-9.656541	0.197954	2.365300	-4.394880	-1.159760	0.786192	0.415954	0.393371	-1.000000	-1.000000	-1.000000	-1.000000	-1.000000	-1.000000	-1.000000	73.379310	0.000000	-1.000000	-1.000000	1912232.000000	1773868068.301437
-6434.865000	1462.770000	12714.030000	15044.940000	-16400.790000	-19167.795000	8792.820000	15574.590000	-3.502365	-8.609652	-10.860032	0.570415	19.848856	-6.325294	0.832684	8.538510	2.365300	-4.394880	-1.159760	0.786192	0.415954	0.393371	-1.000000	-1.000000	-1.000000	-1.000000	-1.000000	-1.000000	-1.000000	73.379310	0.000000	-1.000000	-1.000000	1912233.000000	1773868068.305322
-6431.265000	1483.020000	12772.620000	15113.385000	-16316.055000	-19119.330000	8772.480000	15518.610000	18.410089	15.891380	7.975229	14.321107	25.452846	0.763740	12.876848	13.511330	2.365300	-4.394880	-1.159760	0.786192	0.415954	0.393371	-1.000000	-1.000000	-1.000000	-1.000000	-1.000000	-1.000000	-1.000000	73.379310	0.000000	-1.000000	-1.000000	1912234.000000	1773868068.305332
-6609.420000	1291.815000	12576.960000	14911.560000	-16499.475000	-19315.035000	8612.595000	15501.510000	36.497044	38.185478	28.593766	27.481754	29.835257	11.343110	17.125521	12.340308	2.365300	-4.394880	-1.159760	0.786192	0.415954	0.393371	-1.000000	-1.000000	-1.000000	-1.000000	-1.000000	-1.000000	-1.000000	73.379310	0.000000	-1.000000	-1.000000	1912235.000000	1773868068.309397
-6617.655000	1173.870000	12435.345000	14765.625000	-16651.395000	-19432.620000	8582.895000	15616.800000	32.394545	32.841211	24.262897	16.408318	11.897727	3.453207	5.001633	7.217537	2.365300	-4.394880	-1.159760	0.786192	0.415954	0.393371	-1.000000	-1.000000	-1.000000	-1.000000	-1.000000	-1.000000	-1.000000	73.379310	0.000000	-1.000000	-1.000000	1912236.000000	1773868068.309410
-6526.890000	1263.735000	12479.535000	14804.370000	-16650.135000	-19397.790000	8645.535000	15609.690000	6.008294	-3.670967	-12.006828	-23.254531	-32.846245	-27.251779	-17.484360	4.878275	2.365300	-4.394880	-1.159760	0.786192	0.415954	0.393371	-1.000000	-1.000000	-1.000000	-1.000000	-1.000000	-1.000000	-1.000000	73.379310	0.000000	-1.000000	-1.000000	1912237.000000	1773868068.313321
-6537.870000	1255.095000	12456.585000	14781.510000	-16664.445000	-19419.390000	8671.410000	15557.130000	-21.928867	-43.860610	-53.064678	-62.845264	-75.586989	-55.531885	-30.474154	5.664452	2.365300	-4.394880	-1.159760	0.786192	0.415954	0.393371	-1.000000	-1.000000	-1.000000	-1.000000	-1.000000	-1.000000	-1.000000	73.379310	0.000000	-1.000000	-1.000000	1912238.000000	1773868068.313331
-6590.880000	1278.045000	12459.780000	14756.940000	-16691.760000	-19463.625000	8634.825000	15527.970000	-33.247945	-57.313712	-65.745718	-70.428922	-82.723427	-55.291580	-22.188412	2.687422	2.365300	-4.394880	-1.159760	0.786192	0.415954	0.393371	-1.000000	-1.000000	-1.000000	-1.000000	-1.000000	-1.000000	-1.000000	73.379310	0.000000	-1.000000	-1.000000	1912239.000000	1773868068.319156
-6638.670000	1170.225000	12375.135000	14689.125000	-16741.800000	-19508.940000	8636.085000	15565.050000	-28.138850	-38.895025	-42.693684	-42.316727	-49.400624	-26.290594	-0.525532	-6.145467	2.365300	-4.394880	-1.159760	0.786192	0.415954	0.393371	-1.000000	-1.000000	-1.000000	-1.000000	-1.000000	-1.000000	-1.000000	73.379310	0.000000	-1.000000	-1.000000	1912240.000000	1773868068.319168
-6647.490000	1090.440000	12336.885000	14675.310000	-16745.760000	-19499.445000	8617.905000	15574.860000	-18.439227	-9.511807	-4.644827	-0.976749	0.763169	10.851663	17.414857	-15.344178	-8.805020	1.617560	0.640920	0.790464	0.432921	0.393554	-1.000000	-1.000000	-1.000000	-1.000000	-1.000000	-1.000000	-1.000000	73.379310	0.000000	-1.000000	-1.000000	1912241.000000	1773868068.321393
-6616.035000	1153.755000	12400.560000	14741.955000	-16681.365000	-19442.340000	8623.080000	15535.980000	-13.087950	7.453325	22.284286	28.550671	39.319949	35.142168	19.896076	-19.538838	-8.805020	1.617560	0.640920	0.790464	0.432921	0.393554	-1.000000	-1.000000	-1.000000	-1.000000	-1.000000	-1.000000	-1.000000	73.379310	0.000000	-1.000000	-1.000000	1912242.000000	1773868068.321403
-6601.005000	1210.095000	12450.915000	14784.120000	-16652.070000	-19425.465000	8646.930000	15534.855000	-8.667909	11.753073	31.810861	39.792512	54.776697	41.409150	10.050584	-16.751180	-8.805020	1.617560	0.640920	0.790464	0.432921	0.393554	-1.000000	-1.000000	-1.000000	-1.000000	-1.000000	-1.000000	-1.000000	73.379310	0.000000	-1.000000	-1.000000	1912243.000000	1773868068.326400
-6575.760000	1247.895000	12492.720000	14824.800000	-16616.205000	-19380.645000	8687.250000	15560.505000	5.690347	21.754395	37.799406	44.702936	55.342055	40.326380	3.344955	-7.421499	-8.805020	1.617560	0.640920	0.790464	0.432921	0.393554	-1.000000	-1.000000	-1.000000	-1.000000	-1.000000	-1.000000	-1.000000	73.379310	0.000000	-1.000000	-1.000000	1912244.000000	1773868068.326409
-6562.980000	1264.005000	12519.270000	14857.425000	-16578.585000	-19340.100000	8702.820000	15586.425000	30.150259	44.901538	50.530583	53.422092	53.395826	42.400916	9.214139	4.309162	-8.805020	1.617560	0.640920	0.790464	0.432921	0.393554	-1.000000	-1.000000	-1.000000	-1.000000	-1.000000	-1.000000	-1.000000	73.379310	0.000000	-1.000000	-1.000000	1912245.000000	1773868068.329330
-6584.490000	1226.520000	12458.970000	14754.645000	-16712.460000	-19421.280000	8676.945000	15578.460000	47.687922	63.569190	59.914740	57.760665	48.097214	43.076333	18.907272	12.796127	-8.805020	1.617560	0.640920	0.790464	0.432921	0.393554	-1.000000	-1.000000	-1.000000	-1.000000	-1.000000	-1.000000	-1.000000	73.241379	0.000000	-1.000000	-1.000000	1912246.000000	1773868068.329340
-6647.445000	1182.600000	12404.880000	14690.070000	-16743.195000	-19467.945000	8620.605000	15486.930000	41.990515	54.448540	46.951692	40.206255	27.602058	28.529991	16.825061	15.101633	-8.805020	1.617560	0.640920	0.790464	0.432921	0.393554	-1.000000	-1.000000	-1.000000	-1.000000	-1.000000	-1.000000	-1.000000	73.241379	0.000000	-1.000000	-1.000000	1912247.000000	1773868068.333316
-6648.885000	1197.810000	12449.025000	14784.435000	-16637.490000	-19461.780000	8598.915000	15457.725000	15.035255	15.721464	8.973281	0.127619	-7.903969	-3.479376	-1.170727	10.136807	-8.805020	1.617560	0.640920	0.790464	0.432921	0.393554	-1.000000	-1.000000	-1.000000	-1.000000	-1.000000	-1.000000	-1.000000	73.241379	0.000000	-1.000000	-1.000000	1912248.000000	1773868068.333324
-6577.065000	1237.500000	12476.700000	14821.605000	-16572.330000	-19407.420000	8603.370000	15535.530000	-15.248643	-29.328488	-33.675461	-39.444972	-38.363312	-37.052113	-24.285994	0.083569	-8.805020	1.617560	0.640920	0.790464	0.432921	0.393554	-1.000000	-1.000000	-1.000000	-1.000000	-1.000000	-1.000000	-1.000000	73.241379	0.000000	-1.000000	-1.000000	1912249.000000	1773868068.340964
-6575.400000	1266.660000	12501.495000	14822.235000	-16596.675000	-19399.815000	8618.895000	15537.015000	-31.475025	-54.114118	-57.952080	-57.083608	-47.766420	-54.653650	-37.704215	-7.437299	-8.805020	1.617560	0.640920	0.790464	0.432921	0.393554	-1.000000	-1.000000	-1.000000	-1.000000	-1.000000	-1.000000	-1.000000	73.241379	0.000000	-1.000000	-1.000000	1912250.000000	1773868068.340976
-6604.425000	1256.670000	12512.340000	14837.220000	-16621.290000	-19369.620000	8656.020000	15523.830000	-30.632806	-51.510039	-57.844707	-52.426261	-41.370644	-51.853289	-33.236379	-6.099113	-22.905260	5.524120	1.007160	0.799192	0.438048	0.383910	-1.000000	-1.000000	-1.000000	-1.000000	-1.000000	-1.000000	-1.000000	73.241379	0.000000	-1.000000	-1.000000	1912251.000000	1773868068.342894
-6596.190000	1256.355000	12513.735000	14850.540000	-16594.965000	-19355.940000	8664.345000	15524.910000	-20.182859	-32.753679	-41.189726	-35.926393	-31.410834	-33.815928	-12.601348	2.112057	-22.905260	5.524120	1.007160	0.799192	0.438048	0.383910	-1.000000	-1.000000	-1.000000	-1.000000	-1.000000	-1.000000	-1.000000	73.241379	0.000000	-1.000000	-1.000000	1912252.000000	1773868068.342904
-6579.270000	1288.395000	12528.720000	14874.705000	-16558.515000	-19330.290000	8641.845000	15465.150000	-6.994581	-10.791188	-17.622521	-14.918535	-20.269307	-8.150656	13.098813	8.208213	-22.905260	5.524120	1.007160	0.799192	0.438048	0.383910	-1.000000	-1.000000	-1.000000	-1.000000	-1.000000	-1.000000	-1.000000	73.241379	0.000000	-1.000000	-1.000000	1912253.000000	1773868068.345342
-6511.815000	1357.290000	12561.660000	14885.640000	-16545.330000	-19358.550000	8625.960000	15463.485000	5.057932	7.977833	5.584663	6.134919	-4.520362	15.556475	28.979490	4.351503	-22.905260	5.524120	1.007160	0.799192	0.438048	0.383910	-1.000000	-1.000000	-1.000000	-1.000000	-1.000000	-1.000000	-1.000000	73.241379	0.000000	-1.000000	-1.000000	1912254.000000	1773868068.345352
-6526.845000	1295.595000	12555.810000	14895.630000	-16521.570000	-19385.640000	8652.780000	15446.655000	14.191861	20.752816	23.681134	23.661204	15.990277	28.831576	28.219178	-6.425679	-22.905260	5.524120	1.007160	0.799192	0.438048	0.383910	-1.000000	-1.000000	-1.000000	-1.000000	-1.000000	-1.000000	-1.000000	73.241379	0.000000	-1.000000	-1.000000	1912255.000000	1773868068.349416
-6630.795000	1172.835000	12437.055000	14784.570000	-16648.965000	-19424.520000	8653.005000	15526.485000	18.162210	22.738245	31.823920	32.906439	33.157975	29.024070	17.140496	-11.157110	-22.905260	5.524120	1.007160	0.799192	0.438048	0.383910	-1.000000	-1.000000	-1.000000	-1.000000	-1.000000	-1.000000	-1.000000	73.241379	0.000000	-1.000000	-1.000000	1912256.000000	1773868068.349426
-6647.850000	1110.060000	12366.900000	14713.110000	-16710.435000	-19435.005000	8682.480000	15687.855000	12.345943	9.228941	23.368247	25.289052	31.351206	18.179212	6.098336	0.320841	-22.905260	5.524120	1.007160	0.799192	0.438048	0.383910	-1.000000	-1.000000	-1.000000	-1.000000	-1.000000	-1.000000	-1.000000	73.241379	0.000000	-1.000000	-1.000000	1912257.000000	1773868068.353924
-6597.225000	1151.280000	12393.585000	14729.940000	-16683.390000	-19434.915000	8691.705000	15637.455000	-3.128871	-13.915506	-0.568984	-0.752848	5.222082	0.775463	-0.423181	22.405520	-22.905260	5.524120	1.007160	0.799192	0.438048	0.383910	-1.000000	-1.000000	-1.000000	-1.000000	-1.000000	-1.000000	-1.000000	73.241379	0.000000	-1.000000	-1.000000	1912258.000000	1773868068.353935
-6581.790000	1182.960000	12413.160000	14734.755000	-16707.240000	-19458.810000	8666.865000	15607.485000	-18.134810	-29.904898	-24.912044	-29.673048	-27.554127	-16.641365	-4.663672	35.182185	-22.905260	5.524120	1.007160	0.799192	0.438048	0.383910	-1.000000	-1.000000	-1.000000	-1.000000	-1.000000	-1.000000	-1.000000	73.241379	0.000000	-1.000000	-1.000000	1912259.000000	1773868068.357478
-6587.010000	1226.970000	12469.635000	14805.855000	-16613.640000	-19380.555000	8619.840000	15562.845000	-21.113023	-25.202233	-32.150596	-40.536333	-41.729712	-25.939944	-10.979211	24.082312	-22.905260	5.524120	1.007160	0.799192	0.438048	0.383910	-1.000000	-1.000000	-1.000000	-1.000000	-1.000000	-1.000000	-1.000000	73.241379	0.000000	-1.000000	-1.000000	1912260.000000	1773868068.357489
-6586.965000	1275.390000	12519.180000	14851.170000	-16558.650000	-19333.845000	8622.540000	15485.040000	-10.387950	-0.420530	-15.943788	-24.194198	-25.679798	-20.031853	-19.598616	-6.891678	-15.656760	13.016780	5.768280	0.808042	0.426391	0.382934	-1.000000	-1.000000	-1.000000	-1.000000	-1.000000	-1.000000	-1.000000	73.241379	0.000000	-1.000000	-1.000000	1912261.000000	1773868068.361411
-6532.920000	1335.195000	12570.885000	14884.065000	-16565.940000	-19300.590000	8678.655000	15493.860000	5.627240	30.352392	14.908840	10.421712	10.412133	0.185054	-23.659263	-40.369567	-15.656760	13.016780	5.768280	0.808042	0.426391	0.382934	-1.000000	-1.000000	-1.000000	-1.000000	-1.000000	-1.000000	-1.000000	73.241379	0.000000	-1.000000	-1.000000	1912262.000000	1773868068.361421
-6532.245000	1329.795000	12558.240000	14870.295000	-16564.500000	-19285.335000	8713.215000	15551.370000	16.966099	48.859747	41.823896	42.553079	42.624163	24.078237	-15.395145	-55.738625	-15.656760	13.016780	5.768280	0.808042	0.426391	0.382934	-1.000000	-1.000000	-1.000000	-1.000000	-1.000000	-1.000000	-1.000000	73.241379	0.000000	-1.000000	-1.000000	1912263.000000	1773868068.365488
-6574.815000	1225.440000	12456.405000	14782.545000	-16664.490000	-19434.555000	8653.635000	15590.475000	19.086642	44.446657	48.083017	53.552953	51.589984	37.316520	2.936944	-41.288718	-15.656760	13.016780	5.768280	0.808042	0.426391	0.382934	-1.000000	-1.000000	-1.000000	-1.000000	-1.000000	-1.000000	-1.000000	73.241379	0.000000	-1.000000	-1.000000	1912264.000000	1773868068.365498
-6619.905000	1170.405000	12406.950000	14739.435000	-16683.480000	-19490.490000	8633.295000	15569.010000	13.505064	19.621411	29.463095	37.814679	33.989860	28.648537	18.392397	-6.212618	-15.656760	13.016780	5.768280	0.808042	0.426391	0.382934	-1.000000	-1.000000	-1.000000	-1.000000	-1.000000	-1.000000	-1.000000	73.241379	0.000000	-1.000000	-1.000000	1912265.000000	1773868068.370922
-6610.860000	1242.630000	12496.815000	14840.325000	-16561.395000	-19362.690000	8666.190000	15441.210000	3.631882	-11.792575	-1.850027	6.640135	3.596357	1.652860	20.628240	22.407854	-15.656760	13.016780	5.768280	0.808042	0.426391	0.382934	-1.000000	-1.000000	-1.000000	-1.000000	-1.000000	-1.000000	-1.000000	73.241379	0.000000	-1.000000	-1.000000	1912266.000000	1773868068.370932
-6587.820000	1291.005000	12546.720000	14880.285000	-16567.965000	-19330.965000	8686.485000	15468.255000	-7.499456	-32.926418	-25.909721	-19.545897	-19.301176	-22.951258	11.737736	25.178322	-15.656760	13.016780	5.768280	0.808042	0.426391	0.382934	-1.000000	-1.000000	-1.000000	-1.000000	-1.000000	-1.000000	-1.000000	73.241379	0.000000	-1.000000	-1.000000	1912267.000000	1773868068.374306
-6606.585000	1261.305000	12510.585000	14838.930000	-16602.345000	-19352.610000	8677.305000	15559.335000	-15.781677	-36.260976	-32.442895	-29.379720	-26.141179	-28.770962	1.231758	11.661541	-15.656760	13.016780	5.768280	0.808042	0.426391	0.382934	-1.000000	-1.000000	-1.000000	-1.000000	-1.000000	-1.000000	-1.000000	73.241379	0.000000	-1.000000	-1.000000	1912268.000000	1773868068.374320
-6598.845000	1240.335000	12479.805000	14814.225000	-16616.205000	-19408.860000	8663.760000	15670.575000	-17.149883	-27.633869	-27.301339	-28.144464	-24.282386	-20.256124	-4.095427	6.892029	-15.656760	13.016780	5.768280	0.808042	0.426391	0.382934	-1.000000	-1.000000	-1.000000	-1.000000	-1.000000	-1.000000	-1.000000	73.241379	0.000000	-1.000000	-1.000000	1912269.000000	1773868068.377320
-6604.695000	1239.480000	12492.135000	14831.730000	-16607.925000	-19381.770000	8672.175000	15569.595000	-11.371503	-17.420089	-20.970100	-25.299215	-22.844146	-11.526937	-4.175948	20.333049	-15.656760	13.016780	5.768280	0.808042	0.426391	0.382934	-1.000000	-1.000000	-1.000000	-1.000000	-1.000000	-1.000000	-1.000000	73.241379	0.000000	-1.000000	-1.000000	1912270.000000	1773868068.377331
-6591.330000	1232.955000	12486.060000	14825.295000	-16612.830000	-19358.775000	8667.810000	15485.715000	-2.952762	-11.063976	-16.755010	-22.226183	-21.537138	-7.632387	-3.213997	34.345086	-11.124540	13.718740	-0.732480	0.802122	0.403380	0.393004	-1.000000	-1.000000	-1.000000	-1.000000	-1.000000	-1.000000	-1.000000	73.241379	0.000000	-1.000000	-1.000000	1912271.000000	1773868068.381309
-6563.025000	1221.930000	12452.490000	14776.380000	-16648.380000	-19412.145000	8626.410000	15506.595000	4.177551	-6.135952	-10.902403	-14.776435	-14.725844	-3.342113	-4.823083	26.284698	-11.124540	13.718740	-0.732480	0.802122	0.403380	0.393004	-1.000000	-1.000000	-1.000000	-1.000000	-1.000000	-1.000000	-1.000000	73.241379	0.000000	-1.000000	-1.000000	1912272.000000	1773868068.381319
-6580.755000	1262.970000	12477.150000	14780.835000	-16661.880000	-19450.755000	8604.540000	15533.730000	10.929650	4.911361	1.820354	-0.410894	-0.017712	6.060005	-8.225489	-3.457658	-11.124540	13.718740	-0.732480	0.802122	0.403380	0.393004	-1.000000	-1.000000	-1.000000	-1.000000	-1.000000	-1.000000	-1.000000	73.241379	0.000000	-1.000000	-1.000000	1912273.000000	1773868068.385283
-6610.230000	1254.285000	12485.655000	14807.520000	-16624.800000	-19394.235000	8620.155000	15530.715000	17.375537	24.397649	21.351290	18.385569	18.342656	18.583627	-9.288400	-33.764084	-11.124540	13.718740	-0.732480	0.802122	0.403380	0.393004	-1.000000	-1.000000	-1.000000	-1.000000	-1.000000	-1.000000	-1.000000	73.241379	0.000000	-1.000000	-1.000000	1912274.000000	1773868068.385294
-6664.590000	1137.555000	12415.995000	14772.195000	-16636.410000	-19382.580000	8614.485000	15539.265000	17.394852	39.038158	36.062489	31.985750	30.254805	26.234669	-5.868461	-44.196392	-11.124540	13.718740	-0.732480	0.802122	0.403380	0.393004	-1.000000	-1.000000	-1.000000	-1.000000	-1.000000	-1.000000	-1.000000	73.241379	0.000000	-1.000000	-1.000000	1912275.000000	1773868068.393847
-6585.705000	1232.955000	12484.575000	14813.235000	-16620.345000	-19385.100000	8686.665000	15664.905000	6.957636	32.154301	32.128202	30.234602	27.983699	21.861861	1.038637	-28.643427	-11.124540	13.718740	-0.732480	0.802122	0.403380	0.393004	-1.000000	-1.000000	-1.000000	-1.000000	-1.000000	-1.000000	-1.000000	73.241379	0.000000	-1.000000	-1.000000	1912276.000000	1773868068.393858
-6541.830000	1297.035000	12541.545000	14877.945000	-16562.655000	-19347.975000	8681.895000	15610.365000	-6.065698	8.526127	13.017239	15.986721	15.337236	7.730520	10.334254	1.161004	-11.124540	13.718740	-0.732480	0.802122	0.403380	0.393004	-1.000000	-1.000000	-1.000000	-1.000000	-1.000000	-1.000000	-1.000000	73.241379	0.000000	-1.000000	-1.000000	1912277.000000	1773868068.393869
-6548.490000	1279.845000	12528.000000	14861.115000	-16612.965000	-19372.140000	8638.380000	15503.040000	-10.640972	-11.493726	-4.788869	1.753845	1.844360	-6.541734	18.399252	22.152854	-11.124540	13.718740	-0.732480	0.802122	0.403380	0.393004	-1.000000	-1.000000	-1.000000	-1.000000	-1.000000	-1.000000	-1.000000	73.241379	0.000000	-1.000000	-1.000000	1912278.000000	1773868068.393875
-6539.985000	1233.135000	12450.330000	14745.060000	-16720.650000	-19475.865000	8638.425000	15592.185000	-6.486041	-18.700807	-13.850530	-7.860416	-9.796194	-16.238580	18.164112	21.793538	-11.124540	13.718740	-0.732480	0.802122	0.403380	0.393004	-1.000000	-1.000000	-1.000000	-1.000000	-1.000000	-1.000000	-1.000000	73.241379	0.000000	-1.000000	-1.000000	1912279.000000	1773868068.397386
-6538.050000	1228.050000	12447.180000	14750.235000	-16690.860000	-19472.130000	8602.695000	15657.795000	-1.231861	-18.126617	-18.168977	-16.771411	-20.871179	-23.391404	7.114994	11.339252	-11.124540	13.718740	-0.732480	0.802122	0.403380	0.393004	-1.000000	-1.000000	-1.000000	-1.000000	-1.000000	-1.000000	-1.000000	73.241379	0.000000	-1.000000	-1.000000	1912280.000000	1773868068.397398
-6538.410000	1236.825000	12460.365000	14782.050000	-16630.335000	-19428.480000	8603.055000	15675.795000	0.046920	-14.271069	-18.867447	-22.410023	-24.902741	-24.314996	-8.068649	6.341412	5.188400	24.156580	6.851740	0.797727	0.395629	0.396605	-1.000000	-1.000000	-1.000000	-1.000000	-1.000000	-1.000000	-1.000000	73.241379	0.000000	-1.000000	-1.000000	1912281.000000	1773868068.401493
-6619.545000	1145.430000	12373.965000	14689.395000	-16715.745000	-19459.575000	8641.665000	15707.475000	-2.560339	-8.497725	-13.716694	-18.156495	-14.675046	-11.736910	-16.807221	7.234131	5.188400	24.156580	6.851740	0.797727	0.395629	0.396605	-1.000000	-1.000000	-1.000000	-1.000000	-1.000000	-1.000000	-1.000000	73.241379	0.000000	-1.000000	-1.000000	1912282.000000	1773868068.401508
-6628.230000	1142.505000	12389.895000	14727.780000	-16693.155000	-19451.835000	8656.470000	15555.375000	-6.974771	-3.781966	-5.731821	-7.011159	2.434236	8.565949	-13.667877	5.048348	5.188400	24.156580	6.851740	0.797727	0.395629	0.396605	-1.000000	-1.000000	-1.000000	-1.000000	-1.000000	-1.000000	-1.000000	73.241379	0.000000	-1.000000	-1.000000	1912283.000000	1773868068.405252
-6570.360000	1202.265000	12432.555000	14777.235000	-16644.465000	-19407.600000	8691.930000	15553.665000	-9.476048	-0.296417	1.352699	3.945834	13.782260	22.051005	-2.543192	-7.445345	5.188400	24.156580	6.851740	0.797727	0.395629	0.396605	-1.000000	-1.000000	-1.000000	-1.000000	-1.000000	-1.000000	-1.000000	73.241379	0.000000	-1.000000	-1.000000	1912284.000000	1773868068.405264
-6512.130000	1319.805000	12531.375000	14863.050000	-16559.505000	-19328.805000	8696.610000	15535.125000	-5.912771	6.060359	8.568723	13.287590	17.517207	23.812584	7.763456	-28.136984	5.188400	24.156580	6.851740	0.797727	0.395629	0.396605	-1.000000	-1.000000	-1.000000	-1.000000	-1.000000	-1.000000	-1.000000	73.241379	0.000000	-1.000000	-1.000000	1912285.000000	1773868068.409300
-6504.930000	1353.465000	12592.305000	14934.780000	-16487.775000	-19263.330000	8702.505000	15426.405000	3.147816	16.071472	17.118922	21.378282	18.543137	19.784811	11.222787	-44.484339	5.188400	24.156580	6.851740	0.797727	0.395629	0.396605	-1.000000	-1.000000	-1.000000	-1.000000	-1.000000	-1.000000	-1.000000	73.241379	0.000000	-1.000000	-1.000000	1912286.000000	1773868068.409309
-6590.610000	1376.055000	12627.765000	14980.320000	-16441.335000	-19221.795000	8709.660000	15335.460000	10.831001	24.765511	25.132158	27.118249	20.271143	16.368741	8.241059	-44.296551	5.188400	24.156580	6.851740	0.797727	0.395629	0.396605	-1.000000	-1.000000	-1.000000	-1.000000	-1.000000	-1.000000	-1.000000	73.241379	0.000000	-1.000000	-1.000000	1912287.000000	1773868068.413380
-6758.370000	1277.910000	12543.120000	14890.950000	-16534.440000	-19311.345000	8655.345000	15343.605000	7.291790	24.807759	27.490679	27.617281	21.015709	13.609449	1.949234	-26.483151	5.188400	24.156580	6.851740	0.797727	0.395629	0.396605	-1.000000	-1.000000	-1.000000	-1.000000	-1.000000	-1.000000	-1.000000	73.241379	0.000000	-1.000000	-1.000000	1912288.000000	1773868068.413388
-6764.895000	1223.235000	12503.970000	14846.535000	-16586.730000	-19358.730000	8634.285000	15435.405000	-10.657308	10.645879	17.499414	16.944125	12.218172	4.761334	-5.686785	1.644691	5.188400	24.156580	6.851740	0.797727	0.395629	0.396605	-1.000000	-1.000000	-1.000000	-1.000000	-1.000000	-1.000000	-1.000000	73.241379	0.000000	-1.000000	-1.000000	1912289.000000	1773868068.417282
-6607.215000	1226.970000	12483.990000	14821.200000	-16611.930000	-19371.555000	8676.225000	15685.155000	-27.729503	-14.024264	-5.026073	-6.697427	-11.026201	-13.883111	-11.734190	34.743844	5.188400	24.156580	6.851740	0.797727	0.395629	0.396605	-1.000000	-1.000000	-1.000000	-1.000000	-1.000000	-1.000000	-1.000000	73.241379	0.000000	-1.000000	-1.000000	1912290.000000	1773868068.417295
-6505.605000	1210.770000	12452.355000	14786.460000	-16633.665000	-19393.155000	8694.360000	15826.770000	-19.239583	-34.189117	-29.028215	-33.270075	-38.334110	-34.694432	-12.262362	70.657560	-0.915600	21.806540	11.292400	0.796141	0.405456	0.401793	-1.000000	-1.000000	-1.000000	-1.000000	-1.000000	-1.000000	-1.000000	73.241379	0.000000	-1.000000	-1.000000	1912291.000000	1773868068.421684
-6513.120000	1193.670000	12418.830000	14734.485000	-16708.590000	-19479.510000	8642.475000	15678.945000	18.139585	-36.855763	-41.898817	-49.504845	-53.807033	-46.797540	-7.749524	97.522162	-0.915600	21.806540	11.292400	0.796141	0.405456	0.401793	-1.000000	-1.000000	-1.000000	-1.000000	-1.000000	-1.000000	-1.000000	73.241379	0.000000	-1.000000	-1.000000	1912292.000000	1773868068.421700
-6522.930000	1185.120000	12395.835000	14714.505000	-16727.310000	-19488.960000	8641.350000	15664.860000	55.594112	-24.364774	-40.688619	-50.659275	-51.655923	-46.286332	-3.752264	90.398763	-0.915600	21.806540	11.292400	0.796141	0.405456	0.401793	-1.000000	-1.000000	-1.000000	-1.000000	-1.000000	-1.000000	-1.000000	73.241379	0.000000	-1.000000	-1.000000	1912293.000000	1773868068.426919
-6526.980000	1210.050000	12438.450000	14776.470000	-16646.040000	-19421.595000	8652.105000	15620.670000	60.509601	-9.311434	-30.157119	-38.640286	-34.820793	-33.653838	-3.136669	38.006175	-0.915600	21.806540	11.292400	0.796141	0.405456	0.401793	-1.000000	-1.000000	-1.000000	-1.000000	-1.000000	-1.000000	-1.000000	73.241379	0.000000	-1.000000	-1.000000	1912294.000000	1773868068.426930
-6545.700000	1233.225000	12456.360000	14786.010000	-16631.595000	-19412.820000	8669.295000	15594.705000	27.832508	0.831942	-14.235193	-16.255474	-7.539988	-10.032942	-2.216895	-35.635045	-0.915600	21.806540	11.292400	0.796141	0.405456	0.401793	-1.000000	-1.000000	-1.000000	-1.000000	-1.000000	-1.000000	-1.000000	73.241379	0.000000	-1.000000	-1.000000	1912295.000000	1773868068.429334
-6559.695000	1185.660000	12416.985000	14756.445000	-16650.315000	-19437.210000	8668.530000	15669.945000	-18.559501	8.060483	5.473732	11.957356	23.926212	19.437898	3.072986	-89.470524	-0.915600	21.806540	11.292400	0.796141	0.405456	0.401793	-1.000000	-1.000000	-1.000000	-1.000000	-1.000000	-1.000000	-1.000000	73.241379	0.000000	-1.000000	-1.000000	1912296.000000	1773868068.429343
-6529.140000	1252.845000	12481.605000	14806.620000	-16637.895000	-19407.060000	8657.145000	15644.070000	-47.666557	17.076238	26.768521	39.319084	50.438059	45.919458	11.949076	-99.391640	-0.915600	21.806540	11.292400	0.796141	0.405456	0.401793	-1.000000	-1.000000	-1.000000	-1.000000	-1.000000	-1.000000	-1.000000	73.241379	0.000000	-1.000000	-1.000000	1912297.000000	1773868068.433400
-6561.900000	1291.905000	12530.475000	14851.890000	-16587.000000	-19357.740000	8621.415000	15513.930000	-46.355932	29.896637	46.386732	59.582750	64.237419	62.064647	19.027266	-75.445132	-0.915600	21.806540	11.292400	0.796141	0.405456	0.401793	-1.000000	-1.000000	-1.000000	-1.000000	-1.000000	-1.000000	-1.000000	73.241379	0.000000	-1.000000	-1.000000	1912298.000000	1773868068.433410
-6647.715000	1229.985000	12493.620000	14838.345000	-16592.175000	-19339.380000	8627.265000	15373.800000	-28.564622	40.766869	57.724701	66.411698	61.494474	63.094264	17.395829	-49.534278	-0.915600	21.806540	11.292400	0.796141	0.405456	0.401793	-1.000000	-1.000000	-1.000000	-1.000000	-1.000000	-1.000000	-1.000000	73.241379	0.000000	-1.000000	-1.000000	1912299.000000	1773868068.437339
-6680.295000	1221.480000	12495.735000	14850.135000	-16569.405000	-19333.980000	8645.220000	15386.985000	-16.674245	38.058767	51.806911	54.367241	42.520180	47.020985	5.981279	-38.981677	-0.915600	21.806540	11.292400	0.796141	0.405456	0.401793	-1.000000	-1.000000	-1.000000	-1.000000	-1.000000	-1.000000	-1.000000	73.241379	0.000000	-1.000000	-1.000000	1912300.000000	1773868068.437349
-6668.415000	1192.770000	12453.255000	14802.075000	-16607.655000	-19384.515000	8653.320000	15566.130000	-16.064087	16.939780	25.978817	24.205117	12.511081	17.114682	-7.197078	-25.353286	-0.732480	20.463660	11.322920	0.798094	0.406127	0.406066	-1.000000	-1.000000	-1.000000	-1.000000	-1.000000	-1.000000	-1.000000	73.241379	0.000000	-1.000000	-1.000000	1912301.000000	1773868068.441515
-6542.190000	1256.310000	12487.995000	14820.705000	-16593.255000	-19367.730000	8669.655000	15599.700000	-13.514567	-14.204792	-11.477952	-15.492214	-20.440961	-18.738849	-13.329796	16.686244	-0.732480	20.463660	11.322920	0.798094	0.406127	0.406066	-1.000000	-1.000000	-1.000000	-1.000000	-1.000000	-1.000000	-1.000000	73.241379	0.000000	-1.000000	-1.000000	1912302.000000	1773868068.441527
-6526.530000	1260.270000	12475.035000	14793.930000	-16611.120000	-19398.285000	8669.790000	15633.630000	3.874847	-39.824549	-45.766981	-51.859814	-48.667928	-50.817910	-10.834129	79.603514	-0.732480	20.463660	11.322920	0.798094	0.406127	0.406066	-1.000000	-1.000000	-1.000000	-1.000000	-1.000000	-1.000000	-1.000000	73.241379	0.000000	-1.000000	-1.000000	1912303.000000	1773868068.445477
-6536.655000	1242.315000	12453.300000	14768.235000	-16636.140000	-19442.385000	8662.455000	15638.220000	32.447217	-48.055093	-63.387703	-72.160642	-64.678028	-69.328157	-4.349925	127.273143	-0.732480	20.463660	11.322920	0.798094	0.406127	0.406066	-1.000000	-1.000000	-1.000000	-1.000000	-1.000000	-1.000000	-1.000000	73.241379	0.000000	-1.000000	-1.000000	1912304.000000	1773868068.445491
-6587.145000	1235.790000	12467.745000	14782.005000	-16686.720000	-19423.755000	8682.705000	15581.610000	54.330792	-37.146563	-57.649716	-67.727073	-62.006028	-66.357937	1.234312	126.157834	-0.732480	20.463660	11.322920	0.798094	0.406127	0.406066	-1.000000	-1.000000	-1.000000	-1.000000	-1.000000	-1.000000	-1.000000	73.241379	0.000000	-1.000000	-1.000000	1912305.000000	1773868068.449472
-6577.515000	1236.690000	12478.365000	14815.215000	-16634.565000	-19395.270000	8656.470000	15545.745000	53.591067	-14.651940	-31.753461	-39.063357	-39.963643	-40.379069	4.574517	69.764966	-0.732480	20.463660	11.322920	0.798094	0.406127	0.406066	-1.000000	-1.000000	-1.000000	-1.000000	-1.000000	-1.000000	-1.000000	73.241379	0.000000	-1.000000	-1.000000	1912306.000000	1773868068.449486
-6546.150000	1280.655000	12527.010000	14859.630000	-16594.380000	-19375.605000	8663.040000	15509.340000	29.794327	8.400001	2.380553	2.190579	-5.305673	-0.945508	5.659578	-14.848246	-0.732480	20.463660	11.322920	0.798094	0.406127	0.406066	-1.000000	-1.000000	-1.000000	-1.000000	-1.000000	-1.000000	-1.000000	73.241379	0.000000	-1.000000	-1.000000	1912307.000000	1773868068.453413
-6573.195000	1335.420000	12581.370000	14907.690000	-16541.505000	-19296.540000	8672.985000	15427.890000	-2.617423	25.921605	32.546353	39.951363	30.685714	35.841438	3.908805	-86.016212	-0.732480	20.463660	11.322920	0.798094	0.406127	0.406066	-1.000000	-1.000000	-1.000000	-1.000000	-1.000000	-1.000000	-1.000000	73.241379	0.000000	-1.000000	-1.000000	1912308.000000	1773868068.453425
-6599.745000	1257.390000	12508.785000	14850.090000	-16574.085000	-19315.755000	8694.090000	15570.000000	-28.097090	35.527158	49.904599	60.554027	55.303204	57.604263	0.141144	-113.927537	-0.732480	20.463660	11.322920	0.798094	0.406127	0.406066	-1.000000	-1.000000	-1.000000	-1.000000	-1.000000	-1.000000	-1.000000	73.241379	0.000000	-1.000000	-1.000000	1912309.000000	1773868068.458889
-6568.110000	1212.660000	12463.515000	14805.630000	-16615.305000	-19380.015000	8688.105000	15665.535000	-40.242915	31.276585	46.593684	55.491154	58.018608	57.800432	-3.371088	-91.950063	-0.732480	20.463660	11.322920	0.798094	0.406127	0.406066	-1.000000	-1.000000	-1.000000	-1.000000	-1.000000	-1.000000	-1.000000	73.241379	0.000000	-1.000000	-1.000000	1912310.000000	1773868068.458900
-6563.340000	1183.950000	12424.320000	14767.560000	-16663.770000	-19424.295000	8667.765000	15699.600000	-40.280981	9.432843	21.026023	25.981378	35.850365	34.698723	-5.688076	-35.825995	-5.981920	17.060680	4.333840	0.800962	0.409301	0.405944	-1.000000	-1.000000	-1.000000	-1.000000	-1.000000	-1.000000	-1.000000	73.241379	0.000000	-1.000000	-1.000000	1912311.000000	1773868068.463919
-6548.310000	1197.180000	12420.855000	14754.285000	-16681.320000	-19450.890000	8655.930000	15661.845000	-31.071671	-20.645739	-15.055036	-13.889315	-1.851671	-3.162440	-7.376991	24.432576	-5.981920	17.060680	4.333840	0.800962	0.409301	0.405944	-1.000000	-1.000000	-1.000000	-1.000000	-1.000000	-1.000000	-1.000000	73.241379	0.000000	-1.000000	-1.000000	1912312.000000	1773868068.463931
-6528.015000	1235.565000	12460.320000	14785.470000	-16650.000000	-19414.080000	8660.880000	15633.135000	-13.692497	-39.409817	-40.762915	-42.654964	-34.669160	-35.943905	-7.977413	59.560825	-5.981920	17.060680	4.333840	0.800962	0.409301	0.405944	-1.000000	-1.000000	-1.000000	-1.000000	-1.000000	-1.000000	-1.000000	73.241379	0.000000	-1.000000	-1.000000	1912313.000000	1773868068.467414
-6558.390000	1227.690000	12465.315000	14796.675000	-16626.375000	-19371.465000	8658.315000	15606.405000	8.857220	-33.581480	-41.188232	-45.557405	-43.645475	-45.453682	-5.759321	57.533115	-5.981920	17.060680	4.333840	0.800962	0.409301	0.405944	-1.000000	-1.000000	-1.000000	-1.000000	-1.000000	-1.000000	-1.000000	73.241379	0.000000	-1.000000	-1.000000	1912314.000000	1773868068.467427
-6583.545000	1232.280000	12477.870000	14817.465000	-16616.745000	-19390.320000	8656.920000	15594.255000	26.898865	-8.664254	-19.508201	-25.389490	-27.126464	-30.015757	-0.068806	29.020701	-5.981920	17.060680	4.333840	0.800962	0.409301	0.405944	-1.000000	-1.000000	-1.000000	-1.000000	-1.000000	-1.000000	-1.000000	73.241379	0.000000	-1.000000	-1.000000	1912315.000000	1773868068.480109
-6564.510000	1257.975000	12491.910000	14824.305000	-16613.055000	-19383.840000	8663.535000	15588.675000	30.718967	17.656688	7.825458	2.095922	-1.011739	-4.552633	6.932940	-3.458922	-5.981920	17.060680	4.333840	0.800962	0.409301	0.405944	-1.000000	-1.000000	-1.000000	-1.000000	-1.000000	-1.000000	-1.000000	73.241379	0.000000	-1.000000	-1.000000	1912316.000000	1773868068.480124
-6553.620000	1248.930000	12486.510000	14819.130000	-16621.245000	-19394.010000	8667.855000	15550.470000	21.421389	31.315872	25.518345	21.475798	16.914875	13.537045	11.267473	-22.525013	-5.981920	17.060680	4.333840	0.800962	0.409301	0.405944	-1.000000	-1.000000	-1.000000	-1.000000	-1.000000	-1.000000	-1.000000	73.241379	0.000000	-1.000000	-1.000000	1912317.000000	1773868068.480140
-6556.320000	1255.275000	12503.025000	14849.415000	-16572.915000	-19332.450000	8662.725000	15496.470000	8.020059	29.732955	28.978437	27.393441	20.833720	18.664066	10.242838	-28.075767	-5.981920	17.060680	4.333840	0.800962	0.409301	0.405944	-1.000000	-1.000000	-1.000000	-1.000000	-1.000000	-1.000000	-1.000000	73.241379	0.000000	-1.000000	-1.000000	1912318.000000	1773868068.480146
-6568.290000	1269.585000	12512.205000	14847.210000	-16590.690000	-19339.380000	8662.725000	15499.980000	-3.832878	18.969469	23.090466	24.114831	16.595158	17.528442	4.649637	-30.420458	-5.981920	17.060680	4.333840	0.800962	0.409301	0.405944	-1.000000	-1.000000	-1.000000	-1.000000	-1.000000	-1.000000	-1.000000	73.241379	0.000000	-1.000000	-1.000000	1912319.000000	1773868068.480153
-6568.515000	1293.705000	12523.680000	14849.775000	-16593.435000	-19364.355000	8661.555000	15562.485000	-13.318165	6.274021	13.907816	16.873102	10.713258	16.161212	-1.686035	-30.074143	-5.981920	17.060680	4.333840	0.800962	0.409301	0.405944	-1.000000	-1.000000	-1.000000	-1.000000	-1.000000	-1.000000	-1.000000	73.241379	0.000000	-1.000000	-1.000000	1912320.000000	1773868068.480158
-6553.530000	1329.705000	12534.255000	14855.175000	-16576.740000	-19343.205000	8677.845000	15580.755000	-18.479348	-3.911502	4.158752	7.635990	5.005080	13.454355	-4.774945	-16.991150	-16.801260	8.759240	-4.089680	0.795286	0.407897	0.408202	-1.000000	-1.000000	-1.000000	-1.000000	-1.000000	-1.000000	-1.000000	73.241379	0.000000	-1.000000	-1.000000	1912321.000000	1773868068.481508
-6546.780000	1277.190000	12512.430000	14840.370000	-16596.135000	-19366.290000	8648.730000	15513.120000	-15.949597	-10.763174	-5.941680	-3.094301	-0.880647	6.265136	-3.873079	9.962983	-16.801260	8.759240	-4.089680	0.795286	0.407897	0.408202	-1.000000	-1.000000	-1.000000	-1.000000	-1.000000	-1.000000	-1.000000	73.241379	0.000000	-1.000000	-1.000000	1912322.000000	1773868068.481520
-6540.660000	1277.505000	12549.870000	14899.230000	-16532.415000	-19318.320000	8647.785000	15504.615000	-5.470440	-16.223871	-15.881314	-13.778037	-7.054901	-5.565417	-1.653462	36.497810	-16.801260	8.759240	-4.089680	0.795286	0.407897	0.408202	-1.000000	-1.000000	-1.000000	-1.000000	-1.000000	-1.000000	-1.000000	73.241379	0.000000	-1.000000	-1.000000	1912323.000000	1773868068.485344
-6535.125000	1274.040000	12533.490000	14878.890000	-16550.100000	-19310.580000	8690.085000	15624.360000	8.118295	-20.702957	-22.586173	-20.709791	-11.859395	-16.768369	-0.034578	49.062850	-16.801260	8.759240	-4.089680	0.795286	0.407897	0.408202	-1.000000	-1.000000	-1.000000	-1.000000	-1.000000	-1.000000	-1.000000	73.241379	0.000000	-1.000000	-1.000000	1912324.000000	1773868068.485355
-6537.960000	1240.380000	12481.920000	14818.545000	-16611.975000	-19384.155000	8703.900000	15749.730000	17.323221	-22.111586	-23.873691	-22.211548	-14.455713	-21.843860	1.720927	48.591981	-16.801260	8.759240	-4.089680	0.795286	0.407897	0.408202	-1.000000	-1.000000	-1.000000	-1.000000	-1.000000	-1.000000	-1.000000	73.241379	0.000000	-1.000000	-1.000000	1912325.000000	1773868068.489484
-6551.280000	1236.780000	12480.345000	14815.260000	-16607.835000	-19374.030000	8695.530000	15625.530000	16.964391	-18.602982	-20.502196	-20.153816	-16.178697	-21.305045	3.571044	39.955260	-16.801260	8.759240	-4.089680	0.795286	0.407897	0.408202	-1.000000	-1.000000	-1.000000	-1.000000	-1.000000	-1.000000	-1.000000	73.241379	0.000000	-1.000000	-1.000000	1912326.000000	1773868068.489495
-6567.120000	1247.940000	12483.630000	14811.120000	-16616.925000	-19380.690000	8651.700000	15530.445000	7.303261	-9.229124	-12.654180	-14.967653	-16.118233	-17.079096	2.929839	17.742746	-16.801260	8.759240	-4.089680	0.795286	0.407897	0.408202	-1.000000	-1.000000	-1.000000	-1.000000	-1.000000	-1.000000	-1.000000	73.241379	0.000000	-1.000000	-1.000000	1912327.000000	1773868068.493543
-6539.940000	1340.730000	12570.300000	14886.045000	-16593.480000	-19306.485000	8687.070000	15507.405000	-6.029049	5.511366	0.515109	-4.528809	-10.676965	-7.623323	-1.422512	-21.455811	-16.801260	8.759240	-4.089680	0.795286	0.407897	0.408202	-1.000000	-1.000000	-1.000000	-1.000000	-1.000000	-1.000000	-1.000000	73.241379	0.000000	-1.000000	-1.000000	1912328.000000	1773868068.493551
-6590.025000	1246.770000	12498.435000	14831.820000	-16642.755000	-19341.135000	8674.695000	15505.605000	-15.643726	20.632205	16.432693	10.773820	0.782173	8.021237	-6.237571	-62.878253	-16.801260	8.759240	-4.089680	0.795286	0.407897	0.408202	-1.000000	-1.000000	-1.000000	-1.000000	-1.000000	-1.000000	-1.000000	73.241379	0.000000	-1.000000	-1.000000	1912329.000000	1773868068.497550
-6542.640000	1262.385000	12494.430000	14830.875000	-16580.790000	-19367.280000	8652.285000	15499.395000	-17.511768	26.588083	26.543719	23.834850	13.563476	23.213260	-7.955874	-82.377547	-16.801260	8.759240	-4.089680	0.795286	0.407897	0.408202	-1.000000	-1.000000	-1.000000	-1.000000	-1.000000	-1.000000	-1.000000	73.241379	0.000000	-1.000000	-1.000000	1912330.000000	1773868068.497560
-6619.500000	1183.320000	12423.060000	14767.470000	-16616.745000	-19417.860000	8629.245000	15597.720000	-12.247227	18.580304	22.897086	25.344863	21.743520	26.565949	-6.555346	-64.405626	-8.194620	14.756420	-8.637160	0.799070	0.405517	0.406005	-1.000000	-1.000000	-1.000000	-1.000000	-1.000000	-1.000000	-1.000000	73.241379	0.000000	-1.000000	-1.000000	1912331.000000	1773868068.501366
-6694.830000	1163.070000	12414.195000	14757.345000	-16664.265000	-19447.290000	8592.615000	15567.795000	-5.136525	1.603754	6.265195	12.387283	20.238193	13.418766	-4.173768	-14.566098	-8.194620	14.756420	-8.637160	0.799070	0.405517	0.406005	-1.000000	-1.000000	-1.000000	-1.000000	-1.000000	-1.000000	-1.000000	73.241379	0.000000	-1.000000	-1.000000	1912332.000000	1773868068.501376
-6718.770000	1208.745000	12469.680000	14818.140000	-16602.930000	-19379.475000	8617.365000	15502.320000	-2.469629	-14.085784	-12.445248	-6.456138	8.928171	-7.379228	-2.955458	37.288750	-8.194620	14.756420	-8.637160	0.799070	0.405517	0.406005	-1.000000	-1.000000	-1.000000	-1.000000	-1.000000	-1.000000	-1.000000	73.241379	0.000000	-1.000000	-1.000000	1912333.000000	1773868068.505544
-6635.430000	1229.580000	12470.670000	14802.255000	-16625.790000	-19398.600000	8648.010000	15619.230000	-2.577510	-17.833583	-18.670373	-15.830728	-2.871446	-19.120239	-2.000410	60.272375	-8.194620	14.756420	-8.637160	0.799070	0.405517	0.406005	-1.000000	-1.000000	-1.000000	-1.000000	-1.000000	-1.000000	-1.000000	73.241379	0.000000	-1.000000	-1.000000	1912334.000000	1773868068.505551
-6474.015000	1263.330000	12473.235000	14796.855000	-16624.440000	-19408.680000	8661.960000	15672.555000	4.871319	-6.250950	-7.926870	-9.377521	-6.705651	-13.947883	2.405199	53.447096	-8.194620	14.756420	-8.637160	0.799070	0.405517	0.406005	-1.000000	-1.000000	-1.000000	-1.000000	-1.000000	-1.000000	-1.000000	73.241379	0.000000	-1.000000	-1.000000	1912335.000000	1773868068.512000
-6510.645000	1233.720000	12461.850000	14801.130000	-16610.805000	-19380.330000	8656.785000	15602.850000	24.258275	11.324680	9.085573	4.284019	-3.733559	0.559417	10.812656	36.258169	-8.194620	14.756420	-8.637160	0.799070	0.405517	0.406005	-1.000000	-1.000000	-1.000000	-1.000000	-1.000000	-1.000000	-1.000000	73.241379	0.000000	-1.000000	-1.000000	1912336.000000	1773868068.512010
-6566.265000	1200.195000	12438.855000	14774.355000	-16670.475000	-19401.930000	8663.310000	15639.750000	41.738990	19.531812	17.491784	12.491891	0.315594	12.351829	17.851829	18.730012	-8.194620	14.756420	-8.637160	0.799070	0.405517	0.406005	-1.000000	-1.000000	-1.000000	-1.000000	-1.000000	-1.000000	-1.000000	73.241379	0.000000	-1.000000	-1.000000	1912337.000000	1773868068.518345
-6548.490000	1236.735000	12462.930000	14788.890000	-16647.120000	-19379.070000	8689.185000	15636.195000	38.647173	12.402027	12.441052	10.194459	0.880518	15.264381	17.995953	0.610164	-8.194620	14.756420	-8.637160	0.799070	0.405517	0.406005	-1.000000	-1.000000	-1.000000	-1.000000	-1.000000	-1.000000	-1.000000	73.241379	0.000000	-1.000000	-1.000000	1912338.000000	1773868068.518355
-6532.875000	1289.835000	12518.595000	14842.080000	-16597.890000	-19358.865000	8701.695000	15622.560000	13.724784	-0.250936	2.436605	2.945993	-1.771077	11.466828	11.808183	-16.862834	-8.194620	14.756420	-8.637160	0.799070	0.405517	0.406005	-1.000000	-1.000000	-1.000000	-1.000000	-1.000000	-1.000000	-1.000000	73.241379	0.000000	-1.000000	-1.000000	1912339.000000	1773868068.518367
-6566.670000	1238.355000	12482.370000	14826.105000	-16604.325000	-19384.155000	8678.970000	15597.495000	-16.901257	-5.777292	-2.062900	-0.748770	-3.091643	6.342158	3.528738	-31.072449	-8.194620	14.756420	-8.637160	0.799070	0.405517	0.406005	-1.000000	-1.000000	-1.000000	-1.000000	-1.000000	-1.000000	-1.000000	73.241379	0.000000	-1.000000	-1.000000	1912340.000000	1773868068.518373
-6591.690000	1194.075000	12429.990000	14771.070000	-16662.060000	-19440.855000	8638.020000	15576.615000	-36.073857	-3.885012	-1.456935	-0.494026	-1.491596	0.620305	-5.061702	-39.184846	2.334780	25.209520	-5.341000	0.803037	0.416015	0.396361	-1.000000	-1.000000	-1.000000	-1.000000	-1.000000	-1.000000	-1.000000	73.241379	0.000000	-1.000000	-1.000000	1912341.000000	1773868068.521503
-6595.605000	1204.560000	12437.460000	14770.170000	-16674.885000	-19404.990000	8641.125000	15561.585000	-37.885214	-3.436221	-3.689050	-2.887932	-1.121417	-7.912219	-14.654806	-38.030680	2.334780	25.209520	-5.341000	0.803037	0.416015	0.396361	-1.000000	-1.000000	-1.000000	-1.000000	-1.000000	-1.000000	-1.000000	73.241379	0.000000	-1.000000	-1.000000	1912342.000000	1773868068.521513
-6577.470000	1244.520000	12479.895000	14811.570000	-16639.965000	-19395.090000	8659.980000	15549.390000	-28.441835	-7.802785	-10.074772	-8.999140	-3.896189	-15.945792	-23.142689	-28.010618	2.334780	25.209520	-5.341000	0.803037	0.416015	0.396361	-1.000000	-1.000000	-1.000000	-1.000000	-1.000000	-1.000000	-1.000000	73.241379	0.000000	-1.000000	-1.000000	1912343.000000	1773868068.525532
-6549.210000	1317.285000	12557.970000	14891.310000	-16558.290000	-19330.065000	8650.935000	15451.245000	-17.340466	-10.840476	-12.479950	-10.962530	-4.472034	-16.041037	-24.909239	-13.735505	2.334780	25.209520	-5.341000	0.803037	0.416015	0.396361	-1.000000	-1.000000	-1.000000	-1.000000	-1.000000	-1.000000	-1.000000	73.241379	0.000000	-1.000000	-1.000000	1912344.000000	1773868068.525542
-6560.190000	1342.800000	12590.820000	14935.185000	-16494.705000	-19265.220000	8633.880000	15347.610000	-7.654733	-5.758528	-4.517240	-2.682082	3.136932	-5.417893	-17.267844	-0.689902	2.334780	25.209520	-5.341000	0.803037	0.416015	0.396361	-1.000000	-1.000000	-1.000000	-1.000000	-1.000000	-1.000000	-1.000000	73.241379	0.000000	-1.000000	-1.000000	1912345.000000	1773868068.529553
-6615.765000	1264.635000	12508.155000	14850.540000	-16562.430000	-19341.855000	8632.395000	15396.795000	2.877009	5.362245	8.921971	10.749188	16.281551	9.784007	-4.060179	8.209622	2.334780	25.209520	-5.341000	0.803037	0.416015	0.396361	-1.000000	-1.000000	-1.000000	-1.000000	-1.000000	-1.000000	-1.000000	73.241379	0.000000	-1.000000	-1.000000	1912346.000000	1773868068.529561
-6590.565000	1181.610000	12412.035000	14754.195000	-16599.555000	-19425.015000	8650.125000	15684.255000	13.073812	10.561612	13.608378	15.015081	22.047493	16.452018	8.485346	19.431746	2.334780	25.209520	-5.341000	0.803037	0.416015	0.396361	-1.000000	-1.000000	-1.000000	-1.000000	-1.000000	-1.000000	-1.000000	73.241379	0.000000	-1.000000	-1.000000	1912347.000000	1773868068.533446
-6563.295000	1212.120000	12438.765000	14777.595000	-16593.795000	-19410.390000	8648.685000	15680.880000	19.786131	1.674595	1.239186	1.516337	10.046639	6.563309	16.677303	42.337555	2.334780	25.209520	-5.341000	0.803037	0.416015	0.396361	-1.000000	-1.000000	-1.000000	-1.000000	-1.000000	-1.000000	-1.000000	73.241379	0.000000	-1.000000	-1.000000	1912348.000000	1773868068.533456
-6548.355000	1242.945000	12470.130000	14794.515000	-16692.480000	-19421.640000	8656.065000	15638.805000	23.690176	-12.074512	-17.331617	-19.408607	-14.438286	-11.411160	20.057603	66.914204	2.334780	25.209520	-5.341000	0.803037	0.416015	0.396361	-1.000000	-1.000000	-1.000000	-1.000000	-1.000000	-1.000000	-1.000000	73.241379	0.000000	-1.000000	-1.000000	1912349.000000	1773868068.537427
-6529.815000	1261.395000	12488.355000	14813.595000	-16649.910000	-19393.245000	8652.510000	15633.135000	25.943691	-14.486356	-22.962462	-28.142338	-35.186976	-21.180898	19.343237	68.337033	2.334780	25.209520	-5.341000	0.803037	0.416015	0.396361	-1.000000	-1.000000	-1.000000	-1.000000	-1.000000	-1.000000	-1.000000	73.241379	0.000000	-1.000000	-1.000000	1912350.000000	1773868068.537435
-6551.370000	1262.880000	12503.970000	14843.520000	-16607.205000	-19342.890000	8661.600000	15601.545000	23.228222	-2.570482	-9.880891	-16.426239	-37.416831	-14.862173	14.373398	35.859339	-15.641500	22.737400	2.365300	0.784483	0.414855	0.394103	-1.000000	-1.000000	-1.000000	-1.000000	-1.000000	-1.000000	-1.000000	73.241379	0.000000	-1.000000	-1.000000	1912351.000000	1773868068.541476
-6552.855000	1287.900000	12514.905000	14844.555000	-16615.575000	-19344.915000	8665.155000	15610.410000	10.355639	12.205998	10.532303	6.519499	-18.759518	2.529602	5.186658	-16.423045	-15.641500	22.737400	2.365300	0.784483	0.414855	0.394103	-1.000000	-1.000000	-1.000000	-1.000000	-1.000000	-1.000000	-1.000000	73.241379	0.000000	-1.000000	-1.000000	1912352.000000	1773868068.541487
-6547.365000	1317.150000	12536.055000	14856.480000	-16605.225000	-19347.300000	8653.005000	15588.630000	-11.237659	17.839462	22.640036	23.543371	7.111952	17.620244	-5.538809	-60.046713	-15.641500	22.737400	2.365300	0.784483	0.414855	0.394103	-1.000000	-1.000000	-1.000000	-1.000000	-1.000000	-1.000000	-1.000000	73.241379	0.000000	-1.000000	-1.000000	1912353.000000	1773868068.545466
-6595.335000	1211.985000	12451.095000	14781.825000	-16672.770000	-19419.975000	8620.965000	15501.195000	-30.622359	11.071277	18.999449	23.539205	22.987421	18.489798	-13.955799	-73.672836	-15.641500	22.737400	2.365300	0.784483	0.414855	0.394103	-1.000000	-1.000000	-1.000000	-1.000000	-1.000000	-1.000000	-1.000000	73.241379	0.000000	-1.000000	-1.000000	1912354.000000	1773868068.545476
-6583.905000	1254.600000	12482.595000	14808.330000	-16645.545000	-19408.410000	8651.565000	15434.325000	-36.545612	-2.224813	4.824662	10.066859	23.393270	5.885175	-17.633284	-61.383195	-15.641500	22.737400	2.365300	0.784483	0.414855	0.394103	-1.000000	-1.000000	-1.000000	-1.000000	-1.000000	-1.000000	-1.000000	73.241379	0.000000	-1.000000	-1.000000	1912355.000000	1773868068.549404
-6592.005000	1238.085000	12492.270000	14840.280000	-16582.230000	-19324.530000	8672.805000	15495.975000	-26.926326	-11.196106	-6.729967	-2.644289	16.102286	-6.140150	-15.165900	-42.852293	-15.641500	22.737400	2.365300	0.784483	0.414855	0.394103	-1.000000	-1.000000	-1.000000	-1.000000	-1.000000	-1.000000	-1.000000	73.241379	0.000000	-1.000000	-1.000000	1912356.000000	1773868068.549414
-6599.025000	1193.400000	12449.205000	14804.235000	-16609.995000	-19358.280000	8668.980000	15642.180000	-8.696907	-10.570822	-8.192158	-5.231418	11.221458	-5.450190	-6.805005	-24.192490	-15.641500	22.737400	2.365300	0.784483	0.414855	0.394103	-1.000000	-1.000000	-1.000000	-1.000000	-1.000000	-1.000000	-1.000000	73.241379	0.000000	-1.000000	-1.000000	1912357.000000	1773868068.559765
-6591.555000	1189.755000	12428.910000	14771.880000	-16639.020000	-19417.545000	8665.920000	15632.190000	8.812180	-5.534462	-4.625729	-2.048084	10.803172	3.862430	3.723125	4.557969	-15.641500	22.737400	2.365300	0.784483	0.414855	0.394103	-1.000000	-1.000000	-1.000000	-1.000000	-1.000000	-1.000000	-1.000000	73.241379	0.000000	-1.000000	-1.000000	1912358.000000	1773868068.559785
-6549.390000	1241.190000	12469.095000	14798.250000	-16625.250000	-19393.965000	8693.955000	15612.975000	20.002869	-1.596390	-3.082962	-1.463021	9.263818	8.222604	11.324513	41.685585	-15.641500	22.737400	2.365300	0.784483	0.414855	0.394103	-1.000000	-1.000000	-1.000000	-1.000000	-1.000000	-1.000000	-1.000000	73.241379	0.000000	-1.000000	-1.000000	1912359.000000	1773868068.559797
-6579.360000	1211.085000	12452.310000	14791.590000	-16658.280000	-19393.965000	8678.475000	15594.615000	23.461535	1.197271	-3.840496	-5.021361	1.115680	1.717918	12.978020	67.232216	-15.641500	22.737400	2.365300	0.784483	0.414855	0.394103	-1.000000	-1.000000	-1.000000	-1.000000	-1.000000	-1.000000	-1.000000	73.241379	0.000000	-1.000000	-1.000000	1912360.000000	1773868068.559803
-6602.130000	1191.105000	12435.570000	14781.555000	-16652.880000	-19389.870000	8656.695000	15573.465000	18.521387	2.108300	-5.094774	-9.480370	-12.917592	-9.937075	8.220068	65.317188	-3.555580	13.596660	0.305200	0.770323	0.400878	0.398681	-1.000000	-1.000000	-1.000000	-1.000000	-1.000000	-1.000000	-1.000000	73.241379	0.000000	-1.000000	-1.000000	1912361.000000	1773868068.561650
-6563.790000	1256.895000	12497.400000	14834.925000	-16606.170000	-19350.540000	8684.460000	15556.275000	7.205387	0.548756	-5.298463	-10.762040	-24.708000	-16.866542	-0.007369	38.666331	-3.555580	13.596660	0.305200	0.770323	0.400878	0.398681	-1.000000	-1.000000	-1.000000	-1.000000	-1.000000	-1.000000	-1.000000	73.241379	0.000000	-1.000000	-1.000000	1912362.000000	1773868068.561660
-6504.255000	1382.130000	12611.025000	14947.155000	-16490.880000	-19261.080000	8721.585000	15487.335000	-2.004653	3.565289	1.256441	-2.909495	-22.471522	-10.675752	-5.372182	2.839731	-3.555580	13.596660	0.305200	0.770323	0.400878	0.398681	-1.000000	-1.000000	-1.000000	-1.000000	-1.000000	-1.000000	-1.000000	73.241379	0.000000	-1.000000	-1.000000	1912363.000000	1773868068.565534
-6533.730000	1364.130000	12594.690000	14928.210000	-16508.655000	-19284.750000	8693.280000	15475.635000	-2.454504	16.801636	17.402361	15.296117	-3.015514	8.261048	-4.716423	-28.162853	-3.555580	13.596660	0.305200	0.770323	0.400878	0.398681	-1.000000	-1.000000	-1.000000	-1.000000	-1.000000	-1.000000	-1.000000	73.241379	0.000000	-1.000000	-1.000000	1912364.000000	1773868068.565546
-6605.325000	1182.600000	12442.185000	14777.730000	-16656.840000	-19420.425000	8608.050000	15555.285000	0.741684	28.421415	30.366113	29.665178	17.612442	23.920628	-3.176717	-47.222028	-3.555580	13.596660	0.305200	0.770323	0.400878	0.398681	-1.000000	-1.000000	-1.000000	-1.000000	-1.000000	-1.000000	-1.000000	73.241379	0.000000	-1.000000	-1.000000	1912365.000000	1773868068.570741
-6588.945000	1193.310000	12434.580000	14768.370000	-16669.035000	-19430.730000	8583.120000	15544.080000	-1.652398	20.050766	22.645911	22.412185	19.128666	18.925572	-7.154035	-50.304085	-3.555580	13.596660	0.305200	0.770323	0.400878	0.398681	-1.000000	-1.000000	-1.000000	-1.000000	-1.000000	-1.000000	-1.000000	73.241379	0.000000	-1.000000	-1.000000	1912366.000000	1773868068.570751
-6564.330000	1239.120000	12475.935000	14816.880000	-16616.475000	-19385.370000	8619.975000	15527.205000	-9.802191	-7.179175	-4.073646	-3.658829	2.327396	-2.690960	-14.189956	-37.033081	-3.555580	13.596660	0.305200	0.770323	0.400878	0.398681	-1.000000	-1.000000	-1.000000	-1.000000	-1.000000	-1.000000	-1.000000	73.241379	0.000000	-1.000000	-1.000000	1912367.000000	1773868068.573577
-6546.825000	1238.895000	12466.845000	14798.520000	-16635.780000	-19406.160000	8671.680000	15694.875000	-16.076970	-33.286997	-30.314202	-28.120342	-14.833583	-21.707744	-14.798941	-10.478521	-3.555580	13.596660	0.305200	0.770323	0.400878	0.398681	-1.000000	-1.000000	-1.000000	-1.000000	-1.000000	-1.000000	-1.000000	73.241379	0.000000	-1.000000	-1.000000	1912368.000000	1773868068.573588
-6582.105000	1189.035000	12425.895000	14763.510000	-16665.795000	-19437.705000	8657.595000	15650.235000	-14.807266	-42.053161	-40.336196	-36.246583	-19.824294	-26.663696	-3.684665	23.476466	-3.555580	13.596660	0.305200	0.770323	0.400878	0.398681	-1.000000	-1.000000	-1.000000	-1.000000	-1.000000	-1.000000	-1.000000	73.241379	0.000000	-1.000000	-1.000000	1912369.000000	1773868068.579604
-6597.945000	1190.025000	12432.735000	14777.100000	-16654.815000	-19397.250000	8658.405000	15606.090000	-7.219720	-32.315947	-32.329826	-27.773020	-13.321040	-18.814160	13.728026	50.405490	-3.555580	13.596660	0.305200	0.770323	0.400878	0.398681	-1.000000	-1.000000	-1.000000	-1.000000	-1.000000	-1.000000	-1.000000	73.241379	0.000000	-1.000000	-1.000000	1912370.000000	1773868068.579614
-6597.630000	1228.005000	12465.945000	14797.035000	-16645.680000	-19382.715000	8670.105000	15590.250000	0.994118	-12.553906	-13.545285	-10.210020	-2.467220	-4.027812	26.075064	54.069295	2.212700	6.424460	-6.485500	0.775328	0.394652	0.403075	-1.000000	-1.000000	-1.000000	-1.000000	-1.000000	-1.000000	-1.000000	73.241379	0.000000	-1.000000	-1.000000	1912371.000000	1773868068.581573
-6568.245000	1319.715000	12544.380000	14865.120000	-16577.370000	-19329.435000	8693.280000	15572.520000	5.699399	8.298983	7.338921	8.111260	6.508788	11.316100	25.856670	32.913214	2.212700	6.424460	-6.485500	0.775328	0.394652	0.403075	-1.000000	-1.000000	-1.000000	-1.000000	-1.000000	-1.000000	-1.000000	73.241379	0.000000	-1.000000	-1.000000	1912372.000000	1773868068.581580
-6528.915000	1352.205000	12586.635000	14923.620000	-16516.890000	-19279.845000	8718.930000	15563.655000	8.498370	26.697272	25.832201	23.502545	13.463956	23.226955	15.311685	-1.123827	2.212700	6.424460	-6.485500	0.775328	0.394652	0.403075	-1.000000	-1.000000	-1.000000	-1.000000	-1.000000	-1.000000	-1.000000	73.241379	0.000000	-1.000000	-1.000000	1912373.000000	1773868068.585429
-6560.055000	1277.145000	12530.385000	14884.425000	-16545.330000	-19316.340000	8694.495000	15558.840000	13.109113	41.419559	40.171710	36.142829	22.300518	31.119697	3.258003	-34.201140	2.212700	6.424460	-6.485500	0.775328	0.394652	0.403075	-1.000000	-1.000000	-1.000000	-1.000000	-1.000000	-1.000000	-1.000000	73.241379	0.000000	-1.000000	-1.000000	1912374.000000	1773868068.585434
-6593.130000	1215.585000	12462.570000	14811.075000	-16622.505000	-19371.150000	8626.680000	15479.955000	16.656004	44.261809	43.205104	40.381440	29.253438	31.340482	-5.563282	-54.834898	2.212700	6.424460	-6.485500	0.775328	0.394652	0.403075	-1.000000	-1.000000	-1.000000	-1.000000	-1.000000	-1.000000	-1.000000	73.241379	0.000000	-1.000000	-1.000000	1912375.000000	1773868068.589529
-6582.915000	1212.300000	12462.885000	14808.960000	-16624.395000	-19356.525000	8612.145000	15428.970000	11.771071	25.282441	25.954949	26.157430	22.381782	17.426230	-14.415581	-57.027277	2.212700	6.424460	-6.485500	0.775328	0.394652	0.403075	-1.000000	-1.000000	-1.000000	-1.000000	-1.000000	-1.000000	-1.000000	73.241379	0.000000	-1.000000	-1.000000	1912376.000000	1773868068.589541
-6562.305000	1221.120000	12467.835000	14822.235000	-16597.035000	-19387.350000	8635.680000	15547.860000	-1.234360	-9.475706	-6.590166	-4.002858	0.056182	-8.009352	-24.620087	-41.628880	2.212700	6.424460	-6.485500	0.775328	0.394652	0.403075	-1.000000	-1.000000	-1.000000	-1.000000	-1.000000	-1.000000	-1.000000	73.241379	0.000000	-1.000000	-1.000000	1912377.000000	1773868068.593412
-6577.020000	1210.005000	12438.000000	14774.670000	-16677.810000	-19468.395000	8653.950000	15708.780000	-12.904865	-38.768368	-35.534392	-32.815100	-24.179981	-32.824062	-28.911937	-8.943470	2.212700	6.424460	-6.485500	0.775328	0.394652	0.403075	-1.000000	-1.000000	-1.000000	-1.000000	-1.000000	-1.000000	-1.000000	73.241379	0.000000	-1.000000	-1.000000	1912378.000000	1773868068.593422
-6473.340000	1340.100000	12551.265000	14870.610000	-16591.770000	-19359.540000	8716.140000	15668.910000	-14.342100	-44.807505	-44.628041	-44.518740	-36.941296	-45.505728	-19.501467	37.422457	2.212700	6.424460	-6.485500	0.775328	0.394652	0.403075	-1.000000	-1.000000	-1.000000	-1.000000	-1.000000	-1.000000	-1.000000	73.241379	0.000000	-1.000000	-1.000000	1912379.000000	1773868068.597363
-6446.340000	1376.145000	12582.855000	14901.885000	-16553.115000	-19314.315000	8741.295000	15614.055000	-4.007381	-25.863192	-30.738948	-34.670459	-32.742826	-38.737644	1.806572	76.553625	2.212700	6.424460	-6.485500	0.775328	0.394652	0.403075	-1.000000	-1.000000	-1.000000	-1.000000	-1.000000	-1.000000	-1.000000	73.241379	0.000000	-1.000000	-1.000000	1912380.000000	1773868068.597382
-6578.775000	1272.150000	12491.955000	14827.320000	-16604.820000	-19360.395000	8661.150000	15540.705000	8.522029	1.723913	-6.181682	-12.319120	-15.878891	-15.062592	22.355614	81.020108	0.122080	4.196500	-5.463080	0.787535	0.404784	0.408751	-1.000000	-1.000000	-1.000000	-1.000000	-1.000000	-1.000000	-1.000000	73.241379	0.000000	-1.000000	-1.000000	1912381.000000	1773868068.601585
-6655.140000	1190.385000	12412.260000	14748.885000	-16680.465000	-19439.550000	8598.510000	15514.110000	7.892214	16.115833	9.877265	5.459760	0.707008	10.200380	27.342839	43.169540	0.122080	4.196500	-5.463080	0.787535	0.404784	0.408751	-1.000000	-1.000000	-1.000000	-1.000000	-1.000000	-1.000000	-1.000000	73.241379	0.000000	-1.000000	-1.000000	1912382.000000	1773868068.601598
-6667.695000	1155.420000	12415.680000	14777.685000	-16646.535000	-19390.230000	8623.080000	15492.555000	-8.864669	11.014498	10.348104	10.488980	8.864434	23.889001	14.487169	-16.523435	0.122080	4.196500	-5.463080	0.787535	0.404784	0.408751	-1.000000	-1.000000	-1.000000	-1.000000	-1.000000	-1.000000	-1.000000	73.241379	0.000000	-1.000000	-1.000000	1912383.000000	1773868068.605464
-6619.365000	1199.745000	12444.930000	14785.470000	-16674.165000	-19369.935000	8634.735000	15568.740000	-26.231531	-1.395121	4.911515	9.846706	12.142882	26.697647	-2.712405	-62.331829	0.122080	4.196500	-5.463080	0.787535	0.404784	0.408751	-1.000000	-1.000000	-1.000000	-1.000000	-1.000000	-1.000000	-1.000000	73.241379	0.000000	-1.000000	-1.000000	1912384.000000	1773868068.605475
-6551.325000	1283.490000	12489.120000	14811.120000	-16636.905000	-19378.620000	8647.605000	15631.335000	-26.351119	-5.386446	5.255192	12.262781	15.471767	24.440002	-10.431115	-68.266391	0.122080	4.196500	-5.463080	0.787535	0.404784	0.408751	-1.000000	-1.000000	-1.000000	-1.000000	-1.000000	-1.000000	-1.000000	73.241379	0.000000	-1.000000	-1.000000	1912385.000000	1773868068.609318
-6540.615000	1222.785000	12449.160000	14797.485000	-16620.435000	-19408.410000	8648.595000	15617.745000	-5.611077	4.101569	12.846988	17.738025	18.937983	18.973577	-7.070958	-38.811640	0.122080	4.196500	-5.463080	0.787535	0.404784	0.408751	-1.000000	-1.000000	-1.000000	-1.000000	-1.000000	-1.000000	-1.000000	73.241379	0.000000	-1.000000	-1.000000	1912386.000000	1773868068.609324
-6576.525000	1166.985000	12426.795000	14786.955000	-16621.605000	-19395.900000	8644.455000	15569.280000	22.302067	16.163338	19.040384	20.254666	20.466170	10.228244	-0.000787	-2.430021	0.122080	4.196500	-5.463080	0.787535	0.404784	0.408751	-1.000000	-1.000000	-1.000000	-1.000000	-1.000000	-1.000000	-1.000000	73.241379	0.000000	-1.000000	-1.000000	1912387.000000	1773868068.613355
-6559.785000	1215.405000	12470.895000	14824.980000	-16597.170000	-19367.685000	8615.430000	15481.755000	36.852751	15.164347	14.219682	14.021654	16.275752	-1.601464	2.443887	16.668710	0.122080	4.196500	-5.463080	0.787535	0.404784	0.408751	-1.000000	-1.000000	-1.000000	-1.000000	-1.000000	-1.000000	-1.000000	73.241379	0.000000	-1.000000	-1.000000	1912388.000000	1773868068.613369
-6525.810000	1275.795000	12520.395000	14859.720000	-16572.105000	-19328.805000	8638.020000	15481.305000	29.399068	0.494972	-0.427881	0.112214	4.245926	-14.166489	-2.167976	16.003820	0.122080	4.196500	-5.463080	0.787535	0.404784	0.408751	-1.000000	-1.000000	-1.000000	-1.000000	-1.000000	-1.000000	-1.000000	73.241379	0.000000	-1.000000	-1.000000	1912389.000000	1773868068.617401
-6600.690000	1237.995000	12484.755000	14830.920000	-16580.340000	-19340.190000	8673.885000	15569.370000	10.208148	-12.000067	-12.446028	-12.177829	-10.114674	-20.849172	-6.445857	9.674486	0.122080	4.196500	-5.463080	0.787535	0.404784	0.408751	-1.000000	-1.000000	-1.000000	-1.000000	-1.000000	-1.000000	-1.000000	73.241379	0.000000	-1.000000	-1.000000	1912390.000000	1773868068.617417
-6587.595000	1227.735000	12454.785000	14796.765000	-16627.185000	-19407.240000	8667.270000	15672.285000	-5.747145	-9.467633	-12.308877	-14.892440	-18.129692	-17.125436	-1.396138	12.839792	-1.754900	7.462140	-3.586100	0.798521	0.415404	0.411132	-1.000000	-1.000000	-1.000000	-1.000000	-1.000000	-1.000000	-1.000000	73.241379	0.000000	-1.000000	-1.000000	1912391.000000	1773868068.621448
-6554.295000	1263.915000	12482.955000	14815.440000	-16633.530000	-19412.235000	8645.580000	15628.635000	-11.746368	5.338429	-2.820002	-9.368343	-17.602099	-7.935576	10.435947	26.706716	-1.754900	7.462140	-3.586100	0.798521	0.415404	0.411132	-1.000000	-1.000000	-1.000000	-1.000000	-1.000000	-1.000000	-1.000000	73.241379	0.000000	-1.000000	-1.000000	1912392.000000	1773868068.621458
-6593.580000	1238.940000	12474.270000	14808.105000	-16636.140000	-19374.705000	8647.245000	15599.295000	-10.673600	18.627532	6.183330	-2.409034	-12.424323	-1.131012	17.355039	35.179454	-1.754900	7.462140	-3.586100	0.798521	0.415404	0.411132	-1.000000	-1.000000	-1.000000	-1.000000	-1.000000	-1.000000	-1.000000	73.241379	0.000000	-1.000000	-1.000000	1912393.000000	1773868068.628459
-6614.280000	1191.645000	12435.750000	14782.005000	-16646.175000	-19378.080000	8647.695000	15635.610000	-10.799444	16.893769	6.668309	0.464694	-6.866015	2.494458	12.297675	22.139398	-1.754900	7.462140	-3.586100	0.798521	0.415404	0.411132	-1.000000	-1.000000	-1.000000	-1.000000	-1.000000	-1.000000	-1.000000	73.241379	0.000000	-1.000000	-1.000000	1912394.000000	1773868068.628476
-6587.640000	1223.820000	12468.420000	14818.230000	-16606.980000	-19378.170000	8687.655000	15588.630000	-15.087111	-0.047469	-1.126594	-1.178714	-2.588327	6.255147	-0.844666	-9.139018	-1.754900	7.462140	-3.586100	0.798521	0.415404	0.411132	-1.000000	-1.000000	-1.000000	-1.000000	-1.000000	-1.000000	-1.000000	73.241379	0.000000	-1.000000	-1.000000	1912395.000000	1773868068.629364
-6557.580000	1254.285000	12492.810000	14839.425000	-16578.855000	-19355.805000	8692.065000	15572.745000	-16.767787	-17.869223	-9.217565	-3.095723	1.746099	9.802609	-12.367130	-39.126786	-1.754900	7.462140	-3.586100	0.798521	0.415404	0.411132	-1.000000	-1.000000	-1.000000	-1.000000	-1.000000	-1.000000	-1.000000	73.241379	0.000000	-1.000000	-1.000000	1912396.000000	1773868068.629372
-6610.545000	1241.865000	12485.385000	14828.760000	-16587.405000	-19371.690000	8645.580000	15475.815000	-10.805709	-24.820865	-12.024537	-2.982304	6.160331	8.955358	-16.411140	-49.894732	-1.754900	7.462140	-3.586100	0.798521	0.415404	0.411132	-1.000000	-1.000000	-1.000000	-1.000000	-1.000000	-1.000000	-1.000000	73.241379	0.000000	-1.000000	-1.000000	1912397.000000	1773868068.633480
-6622.740000	1261.530000	12504.105000	14841.270000	-16577.595000	-19350.315000	8630.055000	15398.100000	-0.813526	-20.824031	-10.222019	-2.316746	7.845082	2.019414	-14.759807	-39.588099	-1.754900	7.462140	-3.586100	0.798521	0.415404	0.411132	-1.000000	-1.000000	-1.000000	-1.000000	-1.000000	-1.000000	-1.000000	73.241379	0.000000	-1.000000	-1.000000	1912398.000000	1773868068.633488
-6558.255000	1271.655000	12499.605000	14823.270000	-16620.300000	-19358.145000	8649.855000	15550.695000	9.813948	-8.899326	-4.174703	-0.685273	6.141443	-5.662087	-10.810450	-18.956791	-1.754900	7.462140	-3.586100	0.798521	0.415404	0.411132	-1.000000	-1.000000	-1.000000	-1.000000	-1.000000	-1.000000	-1.000000	73.241379	0.000000	-1.000000	-1.000000	1912399.000000	1773868068.637459
-6541.920000	1237.995000	12463.785000	14791.095000	-16670.880000	-19441.440000	8646.840000	15695.820000	21.020566	7.291428	5.429538	3.048572	2.746031	-7.796680	-4.635907	5.945025	-1.754900	7.462140	-3.586100	0.798521	0.415404	0.411132	-1.000000	-1.000000	-1.000000	-1.000000	-1.000000	-1.000000	-1.000000	73.241379	0.000000	-1.000000	-1.000000	1912400.000000	1773868068.637466
-6569.505000	1246.320000	12477.600000	14808.420000	-16640.100000	-19382.670000	8650.980000	15605.955000	27.958999	19.240446	12.847763	6.292139	-0.943027	-5.095235	3.909828	33.082582	-9.796920	5.051060	-5.966660	0.796690	0.413085	0.415343	-1.000000	-1.000000	-1.000000	-1.000000	-1.000000	-1.000000	-1.000000	73.241379	0.000000	-1.000000	-1.000000	1912401.000000	1773868068.643488
-6566.625000	1221.840000	12459.465000	14801.580000	-16621.605000	-19371.240000	8664.345000	15620.670000	23.218178	19.658394	12.649109	6.311393	-2.629639	-0.991937	12.065774	50.661082	-9.796920	5.051060	-5.966660	0.796690	0.413085	0.415343	-1.000000	-1.000000	-1.000000	-1.000000	-1.000000	-1.000000	-1.000000	73.241379	0.000000	-1.000000	-1.000000	1912402.000000	1773868068.643501
-6566.850000	1194.210000	12421.575000	14767.605000	-16625.025000	-19408.590000	8650.440000	15616.440000	7.271934	9.859891	5.574422	3.340927	-0.754288	2.981201	15.647164	45.471172	-9.796920	5.051060	-5.966660	0.796690	0.413085	0.415343	-1.000000	-1.000000	-1.000000	-1.000000	-1.000000	-1.000000	-1.000000	73.241379	0.000000	-1.000000	-1.000000	1912403.000000	1773868068.645443
-6562.080000	1248.390000	12451.095000	14786.955000	-16614.225000	-19430.100000	8663.715000	15599.430000	-11.657559	-2.736901	-3.940487	-1.588488	2.198252	4.373728	11.989227	20.076787	-9.796920	5.051060	-5.966660	0.796690	0.413085	0.415343	-1.000000	-1.000000	-1.000000	-1.000000	-1.000000	-1.000000	-1.000000	73.241379	0.000000	-1.000000	-1.000000	1912404.000000	1773868068.645452
-6598.620000	1196.550000	12437.640000	14782.185000	-16651.440000	-19401.930000	8669.025000	15598.035000	-25.465565	-11.561376	-11.368938	-6.909849	1.808923	1.246875	3.170331	-9.185934	-9.796920	5.051060	-5.966660	0.796690	0.413085	0.415343	-1.000000	-1.000000	-1.000000	-1.000000	-1.000000	-1.000000	-1.000000	73.241379	0.000000	-1.000000	-1.000000	1912405.000000	1773868068.649471
-6617.070000	1188.225000	12443.670000	14789.520000	-16700.355000	-19397.790000	8654.985000	15580.530000	-29.610823	-15.135566	-13.728106	-9.805492	-4.006686	-3.636817	-4.556613	-25.622226	-9.796920	5.051060	-5.966660	0.796690	0.413085	0.415343	-1.000000	-1.000000	-1.000000	-1.000000	-1.000000	-1.000000	-1.000000	73.241379	0.000000	-1.000000	-1.000000	1912406.000000	1773868068.649481
-6581.160000	1243.035000	12474.720000	14810.805000	-16643.835000	-19375.380000	8641.305000	15564.915000	-22.335417	-13.380709	-9.525670	-7.392916	-11.341913	-5.180906	-7.135917	-24.751676	-9.796920	5.051060	-5.966660	0.796690	0.413085	0.415343	-1.000000	-1.000000	-1.000000	-1.000000	-1.000000	-1.000000	-1.000000	73.241379	0.000000	-1.000000	-1.000000	1912407.000000	1773868068.659982
-6546.465000	1287.450000	12516.480000	14851.935000	-16595.280000	-19353.780000	8648.415000	15558.975000	-5.937345	-3.910606	1.703166	1.735859	-10.327224	-0.181496	-5.797307	-18.031266	-9.796920	5.051060	-5.966660	0.796690	0.413085	0.415343	-1.000000	-1.000000	-1.000000	-1.000000	-1.000000	-1.000000	-1.000000	73.241379	0.000000	-1.000000	-1.000000	1912408.000000	1773868068.659994
-6549.705000	1267.785000	12504.195000	14846.310000	-16590.015000	-19350.405000	8661.735000	15569.055000	12.073584	11.781757	16.450550	14.697566	4.267341	10.301850	-3.016233	-18.029546	-9.796920	5.051060	-5.966660	0.796690	0.413085	0.415343	-1.000000	-1.000000	-1.000000	-1.000000	-1.000000	-1.000000	-1.000000	73.241379	0.000000	-1.000000	-1.000000	1912409.000000	1773868068.660007
-6565.275000	1216.530000	12465.135000	14816.385000	-16618.815000	-19370.880000	8662.410000	15580.395000	23.047540	23.565666	25.263963	22.804467	22.670213	18.418096	0.058200	-21.361798	-9.796920	5.051060	-5.966660	0.796690	0.413085	0.415343	-1.000000	-1.000000	-1.000000	-1.000000	-1.000000	-1.000000	-1.000000	73.241379	0.000000	-1.000000	-1.000000	1912410.000000	1773868068.660012
-6566.040000	1213.605000	12446.280000	14779.440000	-16685.955000	-19438.785000	8667.045000	15584.130000	22.632657	21.749846	20.189471	17.971973	27.622357	14.379230	2.273617	-16.381845	-4.410140	4.013380	-4.654300	0.792662	0.411559	0.420836	-1.000000	-1.000000	-1.000000	-1.000000	-1.000000	-1.000000	-1.000000	73.241379	0.000000	-1.000000	-1.000000	1912411.000000	1773868068.666023
-6575.760000	1221.885000	12453.705000	14791.635000	-16633.530000	-19378.620000	8662.545000	15570.045000	12.410664	7.735661	3.732455	1.550494	12.623216	-1.322325	2.446811	-0.678560	-4.410140	4.013380	-4.654300	0.792662	0.411559	0.420836	-1.000000	-1.000000	-1.000000	-1.000000	-1.000000	-1.000000	-1.000000	73.241379	0.000000	-1.000000	-1.000000	1912412.000000	1773868068.666034
-6564.420000	1249.380000	12487.185000	14827.950000	-16599.240000	-19358.055000	8654.310000	15565.500000	-1.587406	-8.911069	-13.740496	-16.142520	-10.725016	-16.259409	0.305818	18.159614	-4.410140	4.013380	-4.654300	0.792662	0.411559	0.420836	-1.000000	-1.000000	-1.000000	-1.000000	-1.000000	-1.000000	-1.000000	73.241379	0.000000	-1.000000	-1.000000	1912413.000000	1773868068.666044
-6592.230000	1228.095000	12467.970000	14810.175000	-16622.145000	-19377.135000	8654.895000	15561.405000	-11.825195	-18.922974	-22.961190	-24.685395	-24.829578	-20.228749	-2.846799	31.401542	-4.410140	4.013380	-4.654300	0.792662	0.411559	0.420836	-1.000000	-1.000000	-1.000000	-1.000000	-1.000000	-1.000000	-1.000000	73.241379	0.000000	-1.000000	-1.000000	1912414.000000	1773868068.666049
-6587.820000	1242.810000	12475.395000	14813.370000	-16616.070000	-19364.940000	8664.615000	15558.345000	-13.777107	-18.511342	-21.324375	-21.241457	-22.438427	-14.369839	-4.063258	34.267390	-4.410140	4.013380	-4.654300	0.792662	0.411559	0.420836	-1.000000	-1.000000	-1.000000	-1.000000	-1.000000	-1.000000	-1.000000	73.241379	0.000000	-1.000000	-1.000000	1912415.000000	1773868068.669595
-6569.595000	1260.720000	12497.715000	14834.745000	-16597.125000	-19357.830000	8660.385000	15562.530000	-8.997431	-10.778119	-12.269476	-10.102452	-9.341139	-4.963423	-1.536815	25.683678	-4.410140	4.013380	-4.654300	0.792662	0.411559	0.420836	-1.000000	-1.000000	-1.000000	-1.000000	-1.000000	-1.000000	-1.000000	73.241379	0.000000	-1.000000	-1.000000	1912416.000000	1773868068.669605
-6581.205000	1224.720000	12468.420000	14809.500000	-16626.420000	-19391.490000	8642.160000	15558.705000	-2.882460	-2.189774	-1.432367	2.158983	3.693839	3.113921	2.546114	7.470085	-4.410140	4.013380	-4.654300	0.792662	0.411559	0.420836	-1.000000	-1.000000	-1.000000	-1.000000	-1.000000	-1.000000	-1.000000	73.241379	0.000000	-1.000000	-1.000000	1912417.000000	1773868068.673411
-6575.490000	1232.100000	12473.820000	14816.385000	-16623.720000	-19391.805000	8632.395000	15509.610000	0.783912	2.974679	6.460610	10.116103	9.157150	6.738164	3.977418	-14.335428	-4.410140	4.013380	-4.654300	0.792662	0.411559	0.420836	-1.000000	-1.000000	-1.000000	-1.000000	-1.000000	-1.000000	-1.000000	73.241379	0.000000	-1.000000	-1.000000	1912418.000000	1773868068.673433
-6549.840000	1270.665000	12508.785000	14841.000000	-16598.880000	-19353.240000	8639.820000	15473.565000	2.740938	6.110242	10.825885	12.885217	7.636802	6.504617	1.306061	-31.507778	-4.410140	4.013380	-4.654300	0.792662	0.411559	0.420836	-1.000000	-1.000000	-1.000000	-1.000000	-1.000000	-1.000000	-1.000000	73.241379	0.000000	-1.000000	-1.000000	1912419.000000	1773868068.677620
-6526.080000	1322.280000	12557.295000	14890.545000	-16541.550000	-19300.050000	8682.885000	15500.250000	5.560929	11.231545	14.758284	14.148138	5.968135	7.686250	-2.183601	-37.243656	-4.410140	4.013380	-4.654300	0.792662	0.411559	0.420836	-1.000000	-1.000000	-1.000000	-1.000000	-1.000000	-1.000000	-1.000000	73.241379	0.000000	-1.000000	-1.000000	1912420.000000	1773868068.677634
-6552.090000	1322.010000	12552.885000	14885.370000	-16551.945000	-19305.495000	8698.545000	15567.165000	8.827938	17.281806	18.309054	15.446899	7.539576	12.259025	-1.816797	-26.707975	-7.904680	5.524120	-0.534100	0.787840	0.414306	0.423949	-1.000000	-1.000000	-1.000000	-1.000000	-1.000000	-1.000000	-1.000000	73.241379	0.000000	-1.000000	-1.000000	1912421.000000	1773868068.681626
-6572.250000	1288.845000	12535.155000	14875.605000	-16557.390000	-19308.465000	8698.950000	15594.435000	8.822518	17.326983	16.063202	12.648831	7.875996	14.064634	3.028118	-0.842833	-7.904680	5.524120	-0.534100	0.787840	0.414306	0.423949	-1.000000	-1.000000	-1.000000	-1.000000	-1.000000	-1.000000	-1.000000	73.241379	0.000000	-1.000000	-1.000000	1912422.000000	1773868068.681637
-6559.605000	1279.890000	12527.460000	14870.745000	-16560.855000	-19323.495000	8673.705000	15579.990000	4.062628	7.112809	4.724241	2.699309	3.091541	7.462536	7.773442	28.694158	-7.904680	5.524120	-0.534100	0.787840	0.414306	0.423949	-1.000000	-1.000000	-1.000000	-1.000000	-1.000000	-1.000000	-1.000000	73.241379	0.000000	-1.000000	-1.000000	1912423.000000	1773868068.685536
-6544.080000	1304.955000	12545.820000	14881.410000	-16557.570000	-19318.050000	8686.125000	15544.080000	-2.248916	-9.138330	-11.134865	-10.650214	-4.728109	-5.496674	7.411322	44.380139	-7.904680	5.524120	-0.534100	0.787840	0.414306	0.423949	-1.000000	-1.000000	-1.000000	-1.000000	-1.000000	-1.000000	-1.000000	73.241379	0.000000	-1.000000	-1.000000	1912424.000000	1773868068.685547
-6580.530000	1257.345000	12507.435000	14848.515000	-16594.830000	-19346.310000	8701.470000	15547.095000	-7.208431	-22.816445	-23.399900	-20.795548	-11.940408	-17.840364	2.004464	35.667054	-7.904680	5.524120	-0.534100	0.787840	0.414306	0.423949	-1.000000	-1.000000	-1.000000	-1.000000	-1.000000	-1.000000	-1.000000	73.241379	0.000000	-1.000000	-1.000000	1912425.000000	1773868068.689651
-6579.990000	1236.420000	12485.520000	14830.470000	-16597.890000	-19350.990000	8648.685000	15557.085000	-10.525088	-27.752011	-26.962844	-23.790328	-16.001314	-23.022211	-4.516792	8.422485	-7.904680	5.524120	-0.534100	0.787840	0.414306	0.423949	-1.000000	-1.000000	-1.000000	-1.000000	-1.000000	-1.000000	-1.000000	73.241379	0.000000	-1.000000	-1.000000	1912426.000000	1773868068.689660
-6506.460000	1323.900000	12546.045000	14874.795000	-16563.330000	-19329.570000	8636.310000	15535.530000	-10.496934	-21.327798	-20.446260	-18.511023	-14.350031	-18.462228	-9.800968	-19.407587	-7.904680	5.524120	-0.534100	0.787840	0.414306	0.423949	-1.000000	-1.000000	-1.000000	-1.000000	-1.000000	-1.000000	-1.000000	73.241379	0.000000	-1.000000	-1.000000	1912427.000000	1773868068.693459
-6533.595000	1240.560000	12479.535000	14819.400000	-16617.555000	-19357.065000	8611.065000	15512.985000	-4.914458	-5.752253	-6.455392	-6.863496	-6.875721	-7.103642	-13.539045	-33.178414	-7.904680	5.524120	-0.534100	0.787840	0.414306	0.423949	-1.000000	-1.000000	-1.000000	-1.000000	-1.000000	-1.000000	-1.000000	73.241379	0.000000	-1.000000	-1.000000	1912428.000000	1773868068.693468
-6636.420000	1122.525000	12358.890000	14694.255000	-16739.370000	-19468.755000	8594.685000	15646.635000	1.863858	7.435088	5.205042	2.934486	-0.581470	2.374837	-15.319523	-29.172404	-7.904680	5.524120	-0.534100	0.787840	0.414306	0.423949	-1.000000	-1.000000	-1.000000	-1.000000	-1.000000	-1.000000	-1.000000	73.241379	0.000000	-1.000000	-1.000000	1912429.000000	1773868068.697448
-6652.710000	1231.110000	12442.185000	14747.940000	-16713.540000	-19507.005000	8611.155000	15610.590000	2.122149	8.315403	6.114895	3.113857	-2.681460	1.663228	-13.704037	-12.004048	-7.904680	5.524120	-0.534100	0.787840	0.414306	0.423949	-1.000000	-1.000000	-1.000000	-1.000000	-1.000000	-1.000000	-1.000000	73.241379	0.000000	-1.000000	-1.000000	1912430.000000	1773868068.697454
-6679.890000	1165.860000	12405.555000	14734.125000	-16727.625000	-19463.130000	8671.320000	15647.445000	-3.817561	3.295435	1.862195	-1.507726	-8.224773	-5.920193	-5.592039	7.493692	0.259420	10.468360	2.197440	0.795835	0.411437	0.423644	-1.000000	-1.000000	-1.000000	-1.000000	-1.000000	-1.000000	-1.000000	73.241379	0.000000	-1.000000	-1.000000	1912431.000000	1773868068.701596
-6646.005000	1117.755000	12374.145000	14735.205000	-16669.035000	-19386.990000	8677.620000	15650.595000	-8.146631	2.148018	2.066467	-0.491691	-5.618972	-6.547239	10.028692	19.172268	0.259420	10.468360	2.197440	0.795835	0.411437	0.423644	-1.000000	-1.000000	-1.000000	-1.000000	-1.000000	-1.000000	-1.000000	73.241379	0.000000	-1.000000	-1.000000	1912432.000000	1773868068.701604
-6558.930000	1194.345000	12429.540000	14780.295000	-16630.470000	-19417.545000	8660.385000	15623.370000	-3.859197	5.108314	7.621702	8.732251	9.283011	7.331315	26.173465	19.784050	0.259420	10.468360	2.197440	0.795835	0.411437	0.423644	-1.000000	-1.000000	-1.000000	-1.000000	-1.000000	-1.000000	-1.000000	73.241379	0.000000	-1.000000	-1.000000	1912433.000000	1773868068.705568
-6511.140000	1208.385000	12436.110000	14779.755000	-16643.565000	-19431.135000	8656.245000	15649.425000	10.982770	11.534457	15.995542	21.699494	29.596061	27.126451	31.816621	10.911865	0.259420	10.468360	2.197440	0.795835	0.411437	0.423644	-1.000000	-1.000000	-1.000000	-1.000000	-1.000000	-1.000000	-1.000000	73.241379	0.000000	-1.000000	-1.000000	1912434.000000	1773868068.705578
-6527.565000	1224.450000	12452.355000	14790.105000	-16638.840000	-19391.085000	8654.670000	15631.065000	28.943137	20.508106	23.981504	31.008827	41.959951	38.021791	23.300699	-2.167728	0.259420	10.468360	2.197440	0.795835	0.411437	0.423644	-1.000000	-1.000000	-1.000000	-1.000000	-1.000000	-1.000000	-1.000000	73.241379	0.000000	-1.000000	-1.000000	1912435.000000	1773868068.710626
-6536.205000	1241.010000	12473.280000	14814.585000	-16605.810000	-19362.915000	8644.230000	15603.795000	34.874370	24.997395	25.655399	29.590698	36.664083	33.214376	6.563568	-12.484612	0.259420	10.468360	2.197440	0.795835	0.411437	0.423644	-1.000000	-1.000000	-1.000000	-1.000000	-1.000000	-1.000000	-1.000000	73.241379	0.000000	-1.000000	-1.000000	1912436.000000	1773868068.710636
-6558.255000	1236.870000	12471.120000	14805.450000	-16629.750000	-19375.515000	8662.905000	15590.160000	20.895156	19.826478	18.409661	17.261283	16.480063	16.637677	-9.726784	-16.944268	0.259420	10.468360	2.197440	0.795835	0.411437	0.423644	-1.000000	-1.000000	-1.000000	-1.000000	-1.000000	-1.000000	-1.000000	73.241379	0.000000	-1.000000	-1.000000	1912437.000000	1773868068.713559
-6577.335000	1232.775000	12473.910000	14808.465000	-16628.940000	-19391.850000	8676.405000	15578.010000	-4.110982	7.840726	6.244142	1.096038	-6.891022	-2.629870	-19.011459	-17.825938	0.259420	10.468360	2.197440	0.795835	0.411437	0.423644	-1.000000	-1.000000	-1.000000	-1.000000	-1.000000	-1.000000	-1.000000	73.241379	0.000000	-1.000000	-1.000000	1912438.000000	1773868068.713570
-6568.110000	1237.185000	12469.590000	14798.025000	-16643.160000	-19391.445000	8678.205000	15586.470000	-24.209684	-6.436538	-6.735877	-12.816267	-23.709231	-17.110178	-19.554746	-16.874069	0.259420	10.468360	2.197440	0.795835	0.411437	0.423644	-1.000000	-1.000000	-1.000000	-1.000000	-1.000000	-1.000000	-1.000000	73.241379	0.000000	-1.000000	-1.000000	1912439.000000	1773868068.717624
-6539.490000	1257.210000	12489.255000	14820.480000	-16615.305000	-19365.165000	8682.030000	15612.030000	-29.759020	-18.654607	-18.111488	-22.463519	-30.887437	-24.833617	-14.897835	-11.307021	0.259420	10.468360	2.197440	0.795835	0.411437	0.423644	-1.000000	-1.000000	-1.000000	-1.000000	-1.000000	-1.000000	-1.000000	73.241379	0.000000	-1.000000	-1.000000	1912440.000000	1773868068.717632
-6485.490000	1328.445000	12574.980000	14919.615000	-16513.830000	-19269.495000	8729.010000	15566.400000	-21.474070	-22.615167	-23.108727	-25.157681	-28.426266	-26.076326	-8.703267	0.479583	5.447820	12.208000	-4.974760	0.803709	0.411559	0.414061	-1.000000	-1.000000	-1.000000	-1.000000	-1.000000	-1.000000	-1.000000	73.241379	0.000000	-1.000000	-1.000000	1912441.000000	1773868068.721565
-6478.785000	1371.240000	12619.845000	14959.440000	-16482.105000	-19231.920000	8735.760000	15518.925000	-7.667566	-15.917744	-17.763401	-17.833644	-16.738663	-18.586098	-1.147463	13.198641	5.447820	12.208000	-4.974760	0.803709	0.411559	0.414061	-1.000000	-1.000000	-1.000000	-1.000000	-1.000000	-1.000000	-1.000000	73.241379	0.000000	-1.000000	-1.000000	1912442.000000	1773868068.721576
-6587.370000	1262.295000	12512.340000	14851.890000	-16586.190000	-19347.750000	8654.850000	15516.180000	0.918148	-5.387979	-6.692599	-4.807480	-1.143215	-4.471727	6.234946	19.017310	5.447820	12.208000	-4.974760	0.803709	0.411559	0.414061	-1.000000	-1.000000	-1.000000	-1.000000	-1.000000	-1.000000	-1.000000	73.241379	0.000000	-1.000000	-1.000000	1912443.000000	1773868068.725596
-6628.095000	1168.920000	12413.700000	14753.880000	-16678.575000	-19443.195000	8612.415000	15596.190000	-2.396257	-3.589332	-2.784825	0.840625	5.923921	2.980053	7.774146	17.538630	5.447820	12.208000	-4.974760	0.803709	0.411559	0.414061	-1.000000	-1.000000	-1.000000	-1.000000	-1.000000	-1.000000	-1.000000	73.241379	0.000000	-1.000000	-1.000000	1912444.000000	1773868068.725606
-6558.390000	1225.575000	12464.505000	14807.250000	-16626.510000	-19397.880000	8619.660000	15622.065000	-12.243884	-14.356572	-12.085336	-7.610489	-1.888160	-5.221541	1.275895	16.248025	5.447820	12.208000	-4.974760	0.803709	0.411559	0.414061	-1.000000	-1.000000	-1.000000	-1.000000	-1.000000	-1.000000	-1.000000	73.241379	0.000000	-1.000000	-1.000000	1912445.000000	1773868068.729713
-6537.285000	1261.170000	12466.530000	14795.370000	-16640.055000	-19394.505000	8633.385000	15614.505000	-13.248812	-23.692475	-22.664497	-18.849601	-13.525249	-17.957009	-7.131260	17.970868	5.447820	12.208000	-4.974760	0.803709	0.411559	0.414061	-1.000000	-1.000000	-1.000000	-1.000000	-1.000000	-1.000000	-1.000000	73.241379	0.000000	-1.000000	-1.000000	1912446.000000	1773868068.729723
-6553.530000	1259.820000	12462.120000	14786.280000	-16653.915000	-19407.285000	8649.720000	15603.435000	2.236770	-16.448070	-19.480180	-17.899648	-14.102758	-17.787246	-9.533963	16.313345	5.447820	12.208000	-4.974760	0.803709	0.411559	0.414061	-1.000000	-1.000000	-1.000000	-1.000000	-1.000000	-1.000000	-1.000000	73.241379	0.000000	-1.000000	-1.000000	1912447.000000	1773868068.733502
-6602.895000	1168.605000	12427.785000	14776.830000	-16649.640000	-19410.120000	8647.695000	15594.750000	23.386248	3.939209	-2.462797	-3.508608	-1.838214	-2.105222	-3.845212	5.697548	5.447820	12.208000	-4.974760	0.803709	0.411559	0.414061	-1.000000	-1.000000	-1.000000	-1.000000	-1.000000	-1.000000	-1.000000	73.241379	0.000000	-1.000000	-1.000000	1912448.000000	1773868068.733511
-6541.515000	1269.360000	12512.565000	14850.990000	-16588.890000	-19355.490000	8648.910000	15575.220000	32.989601	22.305270	17.624119	15.101093	14.388512	17.450093	5.417858	-11.503005	5.447820	12.208000	-4.974760	0.803709	0.411559	0.414061	-1.000000	-1.000000	-1.000000	-1.000000	-1.000000	-1.000000	-1.000000	73.241379	0.000000	-1.000000	-1.000000	1912449.000000	1773868068.737422
-6517.755000	1330.560000	12574.350000	14910.885000	-16534.305000	-19306.125000	8678.745000	15563.115000	24.875922	29.898623	31.266723	28.408330	24.877096	28.890656	11.953348	-26.384865	5.447820	12.208000	-4.974760	0.803709	0.411559	0.414061	-1.000000	-1.000000	-1.000000	-1.000000	-1.000000	-1.000000	-1.000000	73.241379	0.000000	-1.000000	-1.000000	1912450.000000	1773868068.737428
-6574.860000	1259.820000	12506.490000	14846.580000	-16588.800000	-19345.275000	8670.285000	15551.280000	5.941776	26.925406	33.637752	30.889106	24.998182	28.354700	13.364077	-30.015705	-5.096840	7.691040	0.473060	0.797239	0.406615	0.416076	-1.000000	-1.000000	-1.000000	-1.000000	-1.000000	-1.000000	-1.000000	73.241379	0.000000	-1.000000	-1.000000	1912451.000000	1773868068.741421
-6594.750000	1192.860000	12433.590000	14774.445000	-16646.895000	-19398.825000	8642.880000	15526.620000	-12.234796	15.904938	23.900573	21.929812	16.200105	18.973255	11.639675	-21.515960	-5.096840	7.691040	0.473060	0.797239	0.406615	0.416076	-1.000000	-1.000000	-1.000000	-1.000000	-1.000000	-1.000000	-1.000000	73.241379	0.000000	-1.000000	-1.000000	1912452.000000	1773868068.741431
-6583.815000	1255.275000	12506.535000	14850.045000	-16584.075000	-19327.365000	8684.010000	15512.085000	-20.715146	1.853944	7.255860	6.918817	4.286127	7.128044	9.309567	-8.720213	-5.096840	7.691040	0.473060	0.797239	0.406615	0.416076	-1.000000	-1.000000	-1.000000	-1.000000	-1.000000	-1.000000	-1.000000	73.241379	0.000000	-1.000000	-1.000000	1912453.000000	1773868068.745759
-6603.075000	1246.185000	12507.795000	14861.430000	-16574.535000	-19335.645000	8674.560000	15545.835000	-18.362010	-8.400624	-6.859357	-5.210447	-4.070731	-1.481027	6.714498	0.888752	-5.096840	7.691040	0.473060	0.797239	0.406615	0.416076	-1.000000	-1.000000	-1.000000	-1.000000	-1.000000	-1.000000	-1.000000	73.241379	0.000000	-1.000000	-1.000000	1912454.000000	1773868068.745771
-6598.350000	1211.175000	12454.875000	14797.080000	-16639.605000	-19393.155000	8634.510000	15510.960000	-10.472274	-13.090315	-13.896403	-10.508437	-7.238431	-6.663331	1.306048	6.497719	-5.096840	7.691040	0.473060	0.797239	0.406615	0.416076	-1.000000	-1.000000	-1.000000	-1.000000	-1.000000	-1.000000	-1.000000	73.241379	0.000000	-1.000000	-1.000000	1912455.000000	1773868068.749463
-6571.890000	1192.545000	12426.165000	14764.680000	-16674.345000	-19436.265000	8630.910000	15601.410000	-1.149207	-14.859523	-16.693418	-12.818518	-9.509245	-12.451284	-8.941419	11.199026	-5.096840	7.691040	0.473060	0.797239	0.406615	0.416076	-1.000000	-1.000000	-1.000000	-1.000000	-1.000000	-1.000000	-1.000000	73.241379	0.000000	-1.000000	-1.000000	1912456.000000	1773868068.749473
-6556.140000	1218.960000	12453.435000	14791.095000	-16646.355000	-19410.480000	8669.205000	15647.670000	8.452804	-13.503334	-17.604007	-15.689510	-13.860565	-19.869001	-19.709219	18.032990	-5.096840	7.691040	0.473060	0.797239	0.406615	0.416076	-1.000000	-1.000000	-1.000000	-1.000000	-1.000000	-1.000000	-1.000000	73.241379	0.000000	-1.000000	-1.000000	1912457.000000	1773868068.753717
-6588.405000	1192.905000	12428.190000	14767.155000	-16625.880000	-19405.035000	8654.400000	15609.060000	14.184029	-9.063782	-16.758985	-18.663911	-18.255910	-25.113426	-23.129688	25.673868	-5.096840	7.691040	0.473060	0.797239	0.406615	0.416076	-1.000000	-1.000000	-1.000000	-1.000000	-1.000000	-1.000000	-1.000000	73.241379	0.000000	-1.000000	-1.000000	1912458.000000	1773868068.753728
-6595.875000	1213.020000	12447.675000	14780.745000	-16612.200000	-19389.330000	8628.795000	15527.610000	10.343788	-5.622943	-14.905186	-19.939964	-18.630908	-23.685805	-17.254802	25.952738	-5.096840	7.691040	0.473060	0.797239	0.406615	0.416076	-1.000000	-1.000000	-1.000000	-1.000000	-1.000000	-1.000000	-1.000000	73.241379	0.000000	-1.000000	-1.000000	1912459.000000	1773868068.757663
-6610.005000	1234.170000	12471.885000	14797.575000	-16648.155000	-19371.870000	8652.240000	15476.400000	-0.334183	-2.217927	-8.696765	-14.322678	-11.114808	-12.098773	-5.921057	11.516176	-5.096840	7.691040	0.473060	0.797239	0.406615	0.416076	-1.000000	-1.000000	-1.000000	-1.000000	-1.000000	-1.000000	-1.000000	73.241379	0.000000	-1.000000	-1.000000	1912460.000000	1773868068.757673
-6611.715000	1206.405000	12447.180000	14787.900000	-16637.400000	-19400.220000	8677.755000	15581.070000	-8.137087	6.651083	6.436209	2.773239	4.390789	8.652765	7.724302	-12.198321	1.556520	6.088740	-5.218920	0.789793	0.406371	0.419066	-1.000000	-1.000000	-1.000000	-1.000000	-1.000000	-1.000000	-1.000000	73.241379	0.000000	-1.000000	-1.000000	1912461.000000	1773868068.761584
-6567.030000	1203.750000	12433.545000	14770.845000	-16683.570000	-19473.615000	8686.395000	15691.005000	-7.558539	17.494553	23.658829	23.574224	19.717829	26.926823	19.975224	-27.329616	1.556520	6.088740	-5.218920	0.789793	0.406371	0.419066	-1.000000	-1.000000	-1.000000	-1.000000	-1.000000	-1.000000	-1.000000	73.241379	0.000000	-1.000000	-1.000000	1912462.000000	1773868068.761595
-6559.965000	1221.030000	12456.360000	14797.530000	-16679.430000	-19420.920000	8668.035000	15645.060000	-0.117630	20.716422	30.037763	33.590287	24.339063	29.717999	24.896867	-22.125358	1.556520	6.088740	-5.218920	0.789793	0.406371	0.419066	-1.000000	-1.000000	-1.000000	-1.000000	-1.000000	-1.000000	-1.000000	73.241379	0.000000	-1.000000	-1.000000	1912463.000000	1773868068.766970
-6558.480000	1238.805000	12475.755000	14822.820000	-16608.330000	-19354.770000	8664.120000	15595.560000	8.636094	14.613345	23.350588	29.232289	18.543782	20.236496	19.466640	-5.352423	1.556520	6.088740	-5.218920	0.789793	0.406371	0.419066	-1.000000	-1.000000	-1.000000	-1.000000	-1.000000	-1.000000	-1.000000	73.241379	0.000000	-1.000000	-1.000000	1912464.000000	1773868068.766980
-6549.480000	1257.795000	12488.400000	14822.685000	-16628.850000	-19385.190000	8665.650000	15589.800000	12.243918	5.567673	11.417504	17.584986	11.558093	11.257379	6.450425	4.323045	1.556520	6.088740	-5.218920	0.789793	0.406371	0.419066	-1.000000	-1.000000	-1.000000	-1.000000	-1.000000	-1.000000	-1.000000	73.241379	0.000000	-1.000000	-1.000000	1912465.000000	1773868068.769612
-6585.390000	1247.940000	12491.820000	14834.745000	-16601.040000	-19347.975000	8643.555000	15553.170000	7.267604	-1.839811	0.007592	4.002226	6.539057	5.978817	-8.597983	-1.278248	1.556520	6.088740	-5.218920	0.789793	0.406371	0.419066	-1.000000	-1.000000	-1.000000	-1.000000	-1.000000	-1.000000	-1.000000	73.241379	0.000000	-1.000000	-1.000000	1912466.000000	1773868068.769622
-6578.640000	1258.020000	12499.830000	14841.270000	-16589.115000	-19338.840000	8640.495000	15541.470000	-4.278494	-8.227931	-10.112620	-9.859014	-0.461511	-0.438786	-20.059794	-13.530264	1.556520	6.088740	-5.218920	0.789793	0.406371	0.419066	-1.000000	-1.000000	-1.000000	-1.000000	-1.000000	-1.000000	-1.000000	73.241379	0.000000	-1.000000	-1.000000	1912467.000000	1773868068.773706
-6545.655000	1289.565000	12522.645000	14858.460000	-16576.290000	-19334.205000	8644.860000	15546.240000	-14.470645	-13.473115	-17.648983	-20.678061	-9.502615	-9.274643	-22.941416	-17.114097	1.556520	6.088740	-5.218920	0.789793	0.406371	0.419066	-1.000000	-1.000000	-1.000000	-1.000000	-1.000000	-1.000000	-1.000000	73.241379	0.000000	-1.000000	-1.000000	1912468.000000	1773868068.773716
-6546.195000	1282.185000	12513.735000	14837.985000	-16610.670000	-19346.760000	8656.830000	15551.955000	-14.767257	-14.094146	-19.186290	-23.905277	-15.323239	-16.812371	-15.567315	-5.375138	1.556520	6.088740	-5.218920	0.789793	0.406371	0.419066	-1.000000	-1.000000	-1.000000	-1.000000	-1.000000	-1.000000	-1.000000	73.241379	0.000000	-1.000000	-1.000000	1912469.000000	1773868068.777650
-6581.880000	1237.500000	12480.570000	14815.260000	-16626.330000	-19366.605000	8668.620000	15538.005000	-5.753102	-9.441231	-14.250955	-19.234353	-15.331760	-19.083060	-2.193298	12.144614	1.556520	6.088740	-5.218920	0.789793	0.406371	0.419066	-1.000000	-1.000000	-1.000000	-1.000000	-1.000000	-1.000000	-1.000000	73.241379	0.000000	-1.000000	-1.000000	1912470.000000	1773868068.777660
-6556.050000	1292.445000	12520.845000	14852.160000	-16591.905000	-19375.560000	8685.180000	15583.230000	3.364396	-3.504635	-6.671526	-10.699160	-11.116205	-15.196977	10.165957	20.269479	-1.373400	2.762060	-5.096840	0.786131	0.411864	0.421569	-1.000000	-1.000000	-1.000000	-1.000000	-1.000000	-1.000000	-1.000000	73.241379	0.000000	-1.000000	-1.000000	1912471.000000	1773868068.782674
-6580.305000	1232.955000	12493.305000	14840.235000	-16596.765000	-19362.915000	8701.020000	15699.195000	5.961933	0.374474	-0.013226	-1.741940	-4.272770	-7.869678	17.313705	17.718255	-1.373400	2.762060	-5.096840	0.786131	0.411864	0.421569	-1.000000	-1.000000	-1.000000	-1.000000	-1.000000	-1.000000	-1.000000	73.241379	0.000000	-1.000000	-1.000000	1912472.000000	1773868068.782684
-6574.635000	1226.745000	12495.735000	14853.960000	-16568.460000	-19316.205000	8681.895000	15634.215000	2.669045	0.640091	3.776835	5.530127	2.816247	-0.579637	18.148451	14.785607	-1.373400	2.762060	-5.096840	0.786131	0.411864	0.421569	-1.000000	-1.000000	-1.000000	-1.000000	-1.000000	-1.000000	-1.000000	73.241379	0.000000	-1.000000	-1.000000	1912473.000000	1773868068.785496
-6594.930000	1217.565000	12484.530000	14833.755000	-16598.970000	-19343.790000	8661.780000	15525.045000	-2.455500	-2.463262	3.765153	9.029867	6.553126	5.171818	12.059799	11.996216	-1.373400	2.762060	-5.096840	0.786131	0.411864	0.421569	-1.000000	-1.000000	-1.000000	-1.000000	-1.000000	-1.000000	-1.000000	73.241379	0.000000	-1.000000	-1.000000	1912474.000000	1773868068.785506
-6601.680000	1191.960000	12439.260000	14779.845000	-16647.030000	-19388.925000	8652.015000	15535.350000	-5.398533	-5.956097	0.377375	6.886078	3.921804	7.093918	0.528983	1.697910	-1.373400	2.762060	-5.096840	0.786131	0.411864	0.421569	-1.000000	-1.000000	-1.000000	-1.000000	-1.000000	-1.000000	-1.000000	73.241379	0.000000	-1.000000	-1.000000	1912475.000000	1773868068.789573
-6551.055000	1249.965000	12475.125000	14806.170000	-16629.075000	-19375.830000	8677.485000	15612.345000	-3.620106	-6.085981	-4.285575	-0.339782	-4.758926	2.793179	-10.655086	-12.215402	-1.373400	2.762060	-5.096840	0.786131	0.411864	0.421569	-1.000000	-1.000000	-1.000000	-1.000000	-1.000000	-1.000000	-1.000000	73.241379	0.000000	-1.000000	-1.000000	1912476.000000	1773868068.789584
-6506.640000	1323.900000	12547.935000	14875.110000	-16571.115000	-19324.620000	8707.680000	15648.255000	3.458606	0.499919	-4.968700	-6.056010	-11.637755	-3.321880	-14.704472	-16.535556	-1.373400	2.762060	-5.096840	0.786131	0.411864	0.421569	-1.000000	-1.000000	-1.000000	-1.000000	-1.000000	-1.000000	-1.000000	73.241379	0.000000	-1.000000	-1.000000	1912477.000000	1773868068.793537
-6540.345000	1261.395000	12506.580000	14857.245000	-16572.915000	-19345.185000	8680.905000	15607.395000	12.807031	13.205383	2.628394	-2.445332	-7.028887	-3.055667	-10.271352	-8.091678	-1.373400	2.762060	-5.096840	0.786131	0.411864	0.421569	-1.000000	-1.000000	-1.000000	-1.000000	-1.000000	-1.000000	-1.000000	73.241379	0.000000	-1.000000	-1.000000	1912478.000000	1773868068.793545
-6615.090000	1177.290000	12413.160000	14756.760000	-16671.690000	-19431.765000	8634.330000	15533.415000	16.600404	22.458268	12.828036	7.488927	6.707938	3.818455	-3.598808	0.964894	-1.373400	2.762060	-5.096840	0.786131	0.411864	0.421569	-1.000000	-1.000000	-1.000000	-1.000000	-1.000000	-1.000000	-1.000000	73.241379	0.000000	-1.000000	-1.000000	1912479.000000	1773868068.798810
-6558.615000	1214.685000	12435.975000	14769.405000	-16664.940000	-19431.945000	8649.540000	15544.845000	9.079562	17.757142	14.209616	11.582558	15.852805	8.819753	-1.451547	-1.933453	-1.373400	2.762060	-5.096840	0.786131	0.411864	0.421569	-1.000000	-1.000000	-1.000000	-1.000000	-1.000000	-1.000000	-1.000000	73.241379	0.000000	-1.000000	-1.000000	1912480.000000	1773868068.798821
-6551.235000	1222.110000	12458.340000	14799.330000	-16635.195000	-19396.125000	8645.355000	15538.230000	-4.483945	2.318095	5.327732	5.360600	12.648780	6.508566	-3.290074	-14.989465	-3.174080	2.594200	1.632820	0.782225	0.417968	0.425475	-1.000000	-1.000000	-1.000000	-1.000000	-1.000000	-1.000000	-1.000000	73.241379	0.000000	-1.000000	-1.000000	1912481.000000	1773868068.801622
-6565.635000	1224.270000	12466.080000	14808.870000	-16621.830000	-19372.095000	8644.590000	15550.740000	-13.589619	-10.784166	-4.244917	-3.306681	2.750615	0.442222	-3.748267	-23.681127	-3.174080	2.594200	1.632820	0.782225	0.417968	0.425475	-1.000000	-1.000000	-1.000000	-1.000000	-1.000000	-1.000000	-1.000000	73.241379	0.000000	-1.000000	-1.000000	1912482.000000	1773868068.801632
-6539.670000	1262.385000	12500.235000	14836.680000	-16603.200000	-19360.395000	8665.695000	15588.855000	-13.519160	-13.355130	-6.426389	-5.661162	-4.007390	-2.475320	0.677559	-14.307335	-3.174080	2.594200	1.632820	0.782225	0.417968	0.425475	-1.000000	-1.000000	-1.000000	-1.000000	-1.000000	-1.000000	-1.000000	73.241379	0.000000	-1.000000	-1.000000	1912483.000000	1773868068.806055
-6531.075000	1272.645000	12507.885000	14846.895000	-16587.990000	-19347.660000	8678.610000	15632.145000	-6.049769	-6.157377	-0.452475	0.321174	-2.741437	0.801339	9.042725	12.206279	-3.174080	2.594200	1.632820	0.782225	0.417968	0.425475	-1.000000	-1.000000	-1.000000	-1.000000	-1.000000	-1.000000	-1.000000	73.241379	0.000000	-1.000000	-1.000000	1912484.000000	1773868068.806077
-6550.830000	1263.195000	12494.925000	14834.160000	-16599.555000	-19363.500000	8656.515000	15591.510000	2.375597	2.954086	7.203799	8.782188	3.394433	6.593455	15.832838	37.907807	-3.174080	2.594200	1.632820	0.782225	0.417968	0.425475	-1.000000	-1.000000	-1.000000	-1.000000	-1.000000	-1.000000	-1.000000	73.241379	0.000000	-1.000000	-1.000000	1912485.000000	1773868068.809427
-6588.495000	1238.220000	12469.320000	14800.905000	-16653.195000	-19366.785000	8625.780000	15554.880000	4.152981	4.600739	7.364864	10.001249	5.800421	7.820984	14.251381	42.411599	-3.174080	2.594200	1.632820	0.782225	0.417968	0.425475	-1.000000	-1.000000	-1.000000	-1.000000	-1.000000	-1.000000	-1.000000	73.241379	0.000000	-1.000000	-1.000000	1912486.000000	1773868068.809439
-6586.740000	1265.805000	12504.195000	14831.730000	-16631.820000	-19339.920000	8638.515000	15525.360000	-1.130228	-1.162241	-0.662811	1.631435	0.174907	2.961962	3.804380	21.672472	-3.174080	2.594200	1.632820	0.782225	0.417968	0.425475	-1.000000	-1.000000	-1.000000	-1.000000	-1.000000	-1.000000	-1.000000	73.241379	0.000000	-1.000000	-1.000000	1912487.000000	1773868068.813538
-6545.430000	1327.725000	12580.785000	14922.765000	-16518.960000	-19307.070000	8682.480000	15493.815000	-5.350026	-4.230450	-6.252813	-6.102902	-5.642035	-1.051416	-7.045300	-9.831790	-3.174080	2.594200	1.632820	0.782225	0.417968	0.425475	-1.000000	-1.000000	-1.000000	-1.000000	-1.000000	-1.000000	-1.000000	73.241379	0.000000	-1.000000	-1.000000	1912488.000000	1773868068.813544
-6532.920000	1327.005000	12580.560000	14926.905000	-16481.295000	-19289.025000	8688.465000	15475.950000	-2.205076	1.439509	-1.588112	-3.290275	-1.025869	0.842075	-9.651250	-34.090549	-3.174080	2.594200	1.632820	0.782225	0.417968	0.425475	-1.000000	-1.000000	-1.000000	-1.000000	-1.000000	-1.000000	-1.000000	73.241379	0.000000	-1.000000	-1.000000	1912489.000000	1773868068.819663
-6562.530000	1225.350000	12456.270000	14780.790000	-16639.875000	-19410.795000	8641.845000	15607.035000	5.314701	8.718612	5.889209	3.916133	9.016482	2.499211	-4.721226	-39.297378	-3.174080	2.594200	1.632820	0.782225	0.417968	0.425475	-1.000000	-1.000000	-1.000000	-1.000000	-1.000000	-1.000000	-1.000000	73.241379	0.000000	-1.000000	-1.000000	1912490.000000	1773868068.819674
-6592.320000	1166.580000	12398.085000	14728.815000	-16705.620000	-19467.495000	8639.460000	15625.845000	9.504586	5.289618	1.709702	-0.041842	6.849052	-6.507700	0.149732	-21.110586	-3.174080	6.668620	-0.366240	0.786863	0.416259	0.422728	-1.000000	-1.000000	-1.000000	-1.000000	-1.000000	-1.000000	-1.000000	73.241379	0.000000	-1.000000	-1.000000	1912491.000000	1773868068.822903
-6627.645000	1138.815000	12385.665000	14733.135000	-16706.880000	-19446.660000	8670.195000	15692.670000	5.699390	-11.331920	-16.319492	-17.702271	-12.932905	-24.564976	0.390678	11.490993	-3.174080	6.668620	-0.366240	0.786863	0.416259	0.422728	-1.000000	-1.000000	-1.000000	-1.000000	-1.000000	-1.000000	-1.000000	73.241379	0.000000	-1.000000	-1.000000	1912492.000000	1773868068.822910
-6604.155000	1179.180000	12421.260000	14761.215000	-16671.960000	-19426.905000	8666.370000	15641.145000	-4.089896	-29.165970	-33.445626	-33.367338	-34.125615	-35.924649	-2.023850	37.494256	-3.174080	6.668620	-0.366240	0.786863	0.416259	0.422728	-1.000000	-1.000000	-1.000000	-1.000000	-1.000000	-1.000000	-1.000000	73.241379	0.000000	-1.000000	-1.000000	1912493.000000	1773868068.825666
-6605.280000	1200.780000	12448.395000	14797.125000	-16621.065000	-19370.880000	8659.035000	15596.820000	-12.061156	-32.172157	-32.695456	-30.378612	-36.103778	-26.961637	-3.420568	39.425659	-3.174080	6.668620	-0.366240	0.786863	0.416259	0.422728	-1.000000	-1.000000	-1.000000	-1.000000	-1.000000	-1.000000	-1.000000	73.241379	0.000000	-1.000000	-1.000000	1912494.000000	1773868068.825678
-6584.130000	1241.235000	12473.865000	14811.975000	-16618.770000	-19377.225000	8656.290000	15578.595000	-10.635495	-13.844208	-10.058517	-6.334887	-12.792940	0.686195	-2.267218	16.975563	-3.174080	6.668620	-0.366240	0.786863	0.416259	0.422728	-1.000000	-1.000000	-1.000000	-1.000000	-1.000000	-1.000000	-1.000000	73.241379	0.000000	-1.000000	-1.000000	1912495.000000	1773868068.835691
-6516.315000	1251.225000	12476.205000	14810.760000	-16632.540000	-19400.805000	8672.085000	15599.520000	1.363096	17.175122	22.341748	25.277435	21.835089	31.044922	0.683659	-13.329903	-3.174080	6.668620	-0.366240	0.786863	0.416259	0.422728	-1.000000	-1.000000	-1.000000	-1.000000	-1.000000	-1.000000	-1.000000	73.241379	0.000000	-1.000000	-1.000000	1912496.000000	1773868068.835703
-6538.815000	1206.720000	12442.005000	14785.020000	-16645.545000	-19401.795000	8660.880000	15615.585000	16.676709	41.448900	44.093446	44.082152	43.650735	45.487518	2.866700	-31.686493	-3.174080	6.668620	-0.366240	0.786863	0.416259	0.422728	-1.000000	-1.000000	-1.000000	-1.000000	-1.000000	-1.000000	-1.000000	73.241379	0.000000	-1.000000	-1.000000	1912497.000000	1773868068.835716
-6590.340000	1218.870000	12450.330000	14792.715000	-16637.130000	-19394.460000	8652.645000	15581.070000	23.017275	43.651067	42.397343	39.140997	39.162256	37.186308	2.141955	-30.798609	-3.174080	6.668620	-0.366240	0.786863	0.416259	0.422728	-1.000000	-1.000000	-1.000000	-1.000000	-1.000000	-1.000000	-1.000000	73.241379	0.000000	-1.000000	-1.000000	1912498.000000	1773868068.835721
-6563.790000	1284.345000	12495.645000	14823.270000	-16617.555000	-19379.430000	8648.370000	15570.360000	14.394478	27.416642	23.958350	19.289103	17.957394	15.989101	-0.186161	-19.297835	-3.174080	6.668620	-0.366240	0.786863	0.416259	0.422728	-1.000000	-1.000000	-1.000000	-1.000000	-1.000000	-1.000000	-1.000000	73.241379	0.000000	-1.000000	-1.000000	1912499.000000	1773868068.837491
-6551.910000	1261.170000	12508.650000	14838.255000	-16609.635000	-19373.400000	8642.160000	15580.665000	-1.604667	8.677153	5.874895	1.963246	-0.214367	-2.471336	-1.454578	-9.083087	-3.174080	6.668620	-0.366240	0.786863	0.416259	0.422728	-1.000000	-1.000000	-1.000000	-1.000000	-1.000000	-1.000000	-1.000000	73.241379	0.000000	-1.000000	-1.000000	1912500.000000	1773868068.837501
-6551.955000	1244.385000	12495.600000	14831.055000	-16602.255000	-19356.840000	8653.185000	15564.195000	-13.001291	-4.284686	-3.801478	-5.861639	-6.918041	-11.305041	-1.514433	-3.826858	1.922760	7.752080	-0.427280	0.790647	0.408934	0.418517	-1.000000	-1.000000	-1.000000	-1.000000	-1.000000	-1.000000	-1.000000	73.241379	0.000000	-1.000000	-1.000000	1912501.000000	1773868068.841500
-6552.990000	1231.605000	12477.330000	14811.390000	-16611.615000	-19353.465000	8666.235000	15560.235000	-15.379238	-14.553130	-9.855065	-9.767798	-7.876847	-13.769202	-0.980725	0.079243	1.922760	7.752080	-0.427280	0.790647	0.408934	0.418517	-1.000000	-1.000000	-1.000000	-1.000000	-1.000000	-1.000000	-1.000000	73.241379	0.000000	-1.000000	-1.000000	1912502.000000	1773868068.841512
-6532.740000	1253.070000	12503.205000	14839.650000	-16576.920000	-19365.390000	8676.585000	15574.680000	-11.335180	-24.679769	-17.759937	-15.633754	-10.362314	-15.328253	1.010991	7.721393	1.922760	7.752080	-0.427280	0.790647	0.408934	0.418517	-1.000000	-1.000000	-1.000000	-1.000000	-1.000000	-1.000000	-1.000000	73.241379	0.000000	-1.000000	-1.000000	1912503.000000	1773868068.845523
-6553.665000	1253.880000	12500.595000	14837.760000	-16559.190000	-19411.695000	8674.875000	15579.405000	-5.295095	-30.899191	-25.291263	-21.683512	-14.029895	-18.079575	4.348564	19.496946	1.922760	7.752080	-0.427280	0.790647	0.408934	0.418517	-1.000000	-1.000000	-1.000000	-1.000000	-1.000000	-1.000000	-1.000000	73.241379	0.000000	-1.000000	-1.000000	1912504.000000	1773868068.845534
-6604.695000	1203.030000	12446.550000	14790.330000	-16618.815000	-19397.250000	8663.760000	15581.610000	-2.685193	-29.132947	-27.525745	-23.338912	-15.258141	-19.761798	6.093866	28.906551	1.922760	7.752080	-0.427280	0.790647	0.408934	0.418517	-1.000000	-1.000000	-1.000000	-1.000000	-1.000000	-1.000000	-1.000000	73.241379	0.000000	-1.000000	-1.000000	1912505.000000	1773868068.849508
-6614.865000	1173.150000	12412.845000	14747.265000	-16701.345000	-19411.380000	8639.055000	15567.480000	-6.010380	-20.148572	-23.484173	-20.066658	-15.428165	-16.624885	3.354138	28.235220	1.922760	7.752080	-0.427280	0.790647	0.408934	0.418517	-1.000000	-1.000000	-1.000000	-1.000000	-1.000000	-1.000000	-1.000000	73.241379	0.000000	-1.000000	-1.000000	1912506.000000	1773868068.849519
-6571.575000	1229.085000	12469.950000	14798.025000	-16687.665000	-19370.520000	8652.105000	15539.760000	-9.260739	-6.644531	-13.723746	-12.604631	-16.689170	-7.000712	-2.588863	15.389905	1.922760	7.752080	-0.427280	0.790647	0.408934	0.418517	-1.000000	-1.000000	-1.000000	-1.000000	-1.000000	-1.000000	-1.000000	73.241379	0.000000	-1.000000	-1.000000	1912507.000000	1773868068.853662
-6547.095000	1263.960000	12513.510000	14853.780000	-16625.115000	-19344.105000	8680.545000	15577.380000	-4.134574	9.575564	2.074297	0.566654	-13.923681	7.733906	-6.548989	-4.140846	1.922760	7.752080	-0.427280	0.790647	0.408934	0.418517	-1.000000	-1.000000	-1.000000	-1.000000	-1.000000	-1.000000	-1.000000	73.241379	0.000000	-1.000000	-1.000000	1912508.000000	1773868068.853674
-6535.620000	1263.285000	12508.380000	14844.555000	-16614.225000	-19355.670000	8683.425000	15658.965000	9.038350	25.312329	20.558194	17.805045	-1.039533	22.065421	-4.902505	-19.399099	1.922760	7.752080	-0.427280	0.790647	0.408934	0.418517	-1.000000	-1.000000	-1.000000	-1.000000	-1.000000	-1.000000	-1.000000	73.241379	0.000000	-1.000000	-1.000000	1912509.000000	1773868068.857604
-6554.745000	1256.085000	12509.055000	14856.660000	-16569.180000	-19335.420000	8657.100000	15613.425000	21.331924	34.363410	33.156992	30.866732	18.500722	27.835751	-0.030410	-21.622458	1.922760	7.752080	-0.427280	0.790647	0.408934	0.418517	-1.000000	-1.000000	-1.000000	-1.000000	-1.000000	-1.000000	-1.000000	73.241379	0.000000	-1.000000	-1.000000	1912510.000000	1773868068.857613
-6583.455000	1225.980000	12475.485000	14824.215000	-16596.180000	-19356.435000	8650.395000	15576.030000	23.272289	30.656767	32.197374	31.346268	33.414103	20.997457	2.480725	-13.084286	-0.473060	5.371520	0.946120	0.783323	0.405150	0.419738	-1.000000	-1.000000	-1.000000	-1.000000	-1.000000	-1.000000	-1.000000	73.241379	0.000000	-1.000000	-1.000000	1912511.000000	1773868068.863021
-6566.895000	1265.535000	12512.115000	14853.870000	-16572.555000	-19337.040000	8667.405000	15528.780000	12.498050	14.130885	17.266219	17.836899	33.721255	5.705400	0.613484	-4.382494	-0.473060	5.371520	0.946120	0.783323	0.405150	0.419738	-1.000000	-1.000000	-1.000000	-1.000000	-1.000000	-1.000000	-1.000000	73.241379	0.000000	-1.000000	-1.000000	1912512.000000	1773868068.863032
-6537.915000	1376.550000	12608.955000	14925.915000	-16486.020000	-19292.265000	8675.775000	15496.830000	-3.523341	-5.155968	-1.859402	-1.265172	19.938095	-7.958918	-2.404902	-3.161390	-0.473060	5.371520	0.946120	0.783323	0.405150	0.419738	-1.000000	-1.000000	-1.000000	-1.000000	-1.000000	-1.000000	-1.000000	73.241379	0.000000	-1.000000	-1.000000	1912513.000000	1773868068.865597
-6562.350000	1356.075000	12601.485000	14926.635000	-16467.300000	-19287.360000	8679.015000	15539.355000	-13.782546	-13.472402	-11.314470	-12.780186	3.987178	-11.993447	-2.610516	-7.447741	-0.473060	5.371520	0.946120	0.783323	0.405150	0.419738	-1.000000	-1.000000	-1.000000	-1.000000	-1.000000	-1.000000	-1.000000	73.241379	0.000000	-1.000000	-1.000000	1912514.000000	1773868068.865607
-6634.980000	1195.650000	12466.980000	14816.520000	-16615.620000	-19364.445000	8678.925000	15599.025000	-14.767911	-10.519694	-9.311387	-12.838078	-5.587801	-8.665907	0.848778	-7.740416	-0.473060	5.371520	0.946120	0.783323	0.405150	0.419738	-1.000000	-1.000000	-1.000000	-1.000000	-1.000000	-1.000000	-1.000000	73.241379	0.000000	-1.000000	-1.000000	1912515.000000	1773868068.870670
-6603.615000	1153.980000	12395.475000	14738.580000	-16730.145000	-19440.270000	8647.605000	15624.315000	-11.949795	-11.471619	-9.763534	-12.149726	-14.989195	-8.148557	4.823732	2.690636	-0.473060	5.371520	0.946120	0.783323	0.405150	0.419738	-1.000000	-1.000000	-1.000000	-1.000000	-1.000000	-1.000000	-1.000000	73.241379	0.000000	-1.000000	-1.000000	1912516.000000	1773868068.870680
-6553.530000	1209.870000	12437.685000	14765.130000	-16709.985000	-19406.385000	8653.050000	15579.180000	-9.047618	-23.162697	-21.316648	-19.905554	-31.590049	-15.405570	4.596043	17.403719	-0.473060	5.371520	0.946120	0.783323	0.405150	0.419738	-1.000000	-1.000000	-1.000000	-1.000000	-1.000000	-1.000000	-1.000000	73.241379	0.000000	-1.000000	-1.000000	1912517.000000	1773868068.873722
-6551.100000	1240.740000	12466.305000	14788.035000	-16691.355000	-19407.915000	8654.535000	15607.350000	-3.738646	-31.915768	-32.694655	-28.813761	-46.717208	-22.629378	-0.409563	22.364520	-0.473060	5.371520	0.946120	0.783323	0.405150	0.419738	-1.000000	-1.000000	-1.000000	-1.000000	-1.000000	-1.000000	-1.000000	73.241379	0.000000	-1.000000	-1.000000	1912518.000000	1773868068.873731
-6543.855000	1266.660000	12479.175000	14804.460000	-16650.405000	-19423.755000	8663.895000	15623.595000	5.075257	-22.402034	-27.429683	-24.631238	-43.922758	-19.532675	-5.266771	13.996030	-0.473060	5.371520	0.946120	0.783323	0.405150	0.419738	-1.000000	-1.000000	-1.000000	-1.000000	-1.000000	-1.000000	-1.000000	73.241379	0.000000	-1.000000	-1.000000	1912519.000000	1773868068.879928
-6590.070000	1200.735000	12447.180000	14800.050000	-16608.870000	-19405.845000	8665.830000	15589.755000	13.136811	2.925339	-4.295194	-4.262452	-17.642902	-5.028542	-5.425696	1.677748	-0.473060	5.371520	0.946120	0.783323	0.405150	0.419738	-1.000000	-1.000000	-1.000000	-1.000000	-1.000000	-1.000000	-1.000000	73.241379	0.000000	-1.000000	-1.000000	1912520.000000	1773868068.879940
-6608.970000	1184.445000	12440.070000	14792.490000	-16626.015000	-19381.365000	8664.705000	15567.795000	13.852074	25.682119	21.445491	20.658534	20.265862	14.346675	-1.465447	-6.465260	-1.953280	5.676720	-0.274680	0.774778	0.411681	0.422362	-1.000000	-1.000000	-1.000000	-1.000000	-1.000000	-1.000000	-1.000000	73.241379	0.000000	-1.000000	-1.000000	1912521.000000	1773868068.889568
-6602.265000	1184.355000	12428.505000	14776.020000	-16649.190000	-19394.100000	8660.295000	15584.805000	5.267139	29.711852	32.867438	34.340298	47.697216	29.281243	2.655376	-9.261203	-1.953280	5.676720	-0.274680	0.774778	0.411681	0.422362	-1.000000	-1.000000	-1.000000	-1.000000	-1.000000	-1.000000	-1.000000	73.241379	0.000000	-1.000000	-1.000000	1912522.000000	1773868068.889581
-6581.070000	1209.015000	12451.725000	14794.695000	-16628.760000	-19387.215000	8658.225000	15593.805000	-5.301394	17.707977	27.172070	31.133635	50.927244	32.526293	4.146883	-8.865218	-1.953280	5.676720	-0.274680	0.774778	0.411681	0.422362	-1.000000	-1.000000	-1.000000	-1.000000	-1.000000	-1.000000	-1.000000	73.241379	0.000000	-1.000000	-1.000000	1912523.000000	1773868068.889593
-6575.895000	1212.795000	12455.955000	14792.715000	-16636.050000	-19389.330000	8650.800000	15574.500000	-8.038406	6.622860	16.295639	19.455990	36.683621	24.902409	3.138116	-8.453917	-1.953280	5.676720	-0.274680	0.774778	0.411681	0.422362	-1.000000	-1.000000	-1.000000	-1.000000	-1.000000	-1.000000	-1.000000	73.241379	0.000000	-1.000000	-1.000000	1912524.000000	1773868068.889598
-6585.480000	1218.330000	12463.335000	14802.570000	-16625.430000	-19370.250000	8653.905000	15546.960000	-2.440401	6.512816	10.928891	9.870818	19.906934	13.244976	1.290120	-10.031525	-1.953280	5.676720	-0.274680	0.774778	0.411681	0.422362	-1.000000	-1.000000	-1.000000	-1.000000	-1.000000	-1.000000	-1.000000	73.241379	0.000000	-1.000000	-1.000000	1912525.000000	1773868068.892536
-6579.270000	1236.420000	12479.670000	14819.805000	-16605.180000	-19364.040000	8654.895000	15537.690000	3.026699	11.108006	9.379521	4.107789	6.526582	2.208819	-0.068475	-12.208787	-1.953280	5.676720	-0.274680	0.774778	0.411681	0.422362	-1.000000	-1.000000	-1.000000	-1.000000	-1.000000	-1.000000	-1.000000	73.241379	0.000000	-1.000000	-1.000000	1912526.000000	1773868068.892549
-6565.815000	1264.050000	12497.670000	14829.255000	-16601.220000	-19379.250000	8655.615000	15520.680000	2.733554	9.876767	4.558200	-1.789491	-6.102600	-7.778100	-0.657081	-11.589022	-1.953280	5.676720	-0.274680	0.774778	0.411681	0.422362	-1.000000	-1.000000	-1.000000	-1.000000	-1.000000	-1.000000	-1.000000	73.241379	0.000000	-1.000000	-1.000000	1912527.000000	1773868068.901791
-6536.205000	1294.605000	12522.060000	14848.155000	-16601.670000	-19361.295000	8640.180000	15524.055000	-0.402244	1.262735	-4.816254	-9.375889	-20.022935	-16.231930	-1.012117	-5.910788	-1.953280	5.676720	-0.274680	0.774778	0.411681	0.422362	-1.000000	-1.000000	-1.000000	-1.000000	-1.000000	-1.000000	-1.000000	73.241379	0.000000	-1.000000	-1.000000	1912528.000000	1773868068.901803
-6561.090000	1253.250000	12499.245000	14837.850000	-16593.165000	-19349.550000	8652.915000	15594.570000	-0.950391	-8.672667	-14.026687	-16.151382	-32.401044	-20.711900	-1.726368	5.830066	-1.953280	5.676720	-0.274680	0.774778	0.411681	0.422362	-1.000000	-1.000000	-1.000000	-1.000000	-1.000000	-1.000000	-1.000000	73.241379	0.000000	-1.000000	-1.000000	1912529.000000	1773868068.901817
-6619.140000	1215.270000	12483.360000	14829.885000	-16587.045000	-19352.565000	8661.600000	15589.035000	0.781171	-16.146652	-19.611882	-19.431694	-37.154774	-19.734677	-2.200816	22.010346	-1.953280	5.676720	-0.274680	0.774778	0.411681	0.422362	-1.000000	-1.000000	-1.000000	-1.000000	-1.000000	-1.000000	-1.000000	73.241379	0.000000	-1.000000	-1.000000	1912530.000000	1773868068.901823
-6611.445000	1241.145000	12507.210000	14851.080000	-16564.050000	-19312.110000	8673.930000	15512.400000	-0.060374	-21.077544	-20.861966	-17.995212	-29.659080	-13.861051	-1.029200	33.132215	-4.333840	3.982860	-0.183120	0.771604	0.422240	0.419249	-1.000000	-1.000000	-1.000000	-1.000000	-1.000000	-1.000000	-1.000000	73.241379	0.000000	-1.000000	-1.000000	1912531.000000	1773868068.901829
-6530.265000	1329.435000	12582.045000	14914.035000	-16542.945000	-19281.150000	8687.205000	15458.985000	-3.221093	-19.727493	-15.473442	-10.333202	-10.541196	-3.585527	2.101319	26.471529	-4.333840	3.982860	-0.183120	0.771604	0.422240	0.419249	-1.000000	-1.000000	-1.000000	-1.000000	-1.000000	-1.000000	-1.000000	73.241379	0.000000	-1.000000	-1.000000	1912532.000000	1773868068.901834
-6359.715000	1448.910000	12647.430000	14960.520000	-16498.170000	-19254.150000	8716.185000	15569.055000	-0.600001	-5.947439	-1.042587	3.974777	13.982568	9.421416	6.076389	3.322755	-4.333840	3.982860	-0.183120	0.771604	0.422240	0.419249	-1.000000	-1.000000	-1.000000	-1.000000	-1.000000	-1.000000	-1.000000	73.241379	0.000000	-1.000000	-1.000000	1912533.000000	1773868068.907211
-6449.445000	1358.730000	12583.530000	14899.275000	-16538.670000	-19293.390000	8734.995000	15575.445000	11.278415	16.164817	16.724772	18.650980	33.067148	19.009296	9.135512	-17.771766	-4.333840	3.982860	-0.183120	0.771604	0.422240	0.419249	-1.000000	-1.000000	-1.000000	-1.000000	-1.000000	-1.000000	-1.000000	73.241379	0.000000	-1.000000	-1.000000	1912534.000000	1773868068.907220
-6620.805000	1139.805000	12383.145000	14706.270000	-16725.960000	-19502.415000	8661.780000	15664.635000	18.748245	26.183581	21.499689	19.551110	32.906755	15.107618	8.217876	-20.740432	-4.333840	3.982860	-0.183120	0.771604	0.422240	0.419249	-1.000000	-1.000000	-1.000000	-1.000000	-1.000000	-1.000000	-1.000000	73.241379	0.000000	-1.000000	-1.000000	1912535.000000	1773868068.918861
-6669.810000	1069.830000	12315.375000	14656.320000	-16783.560000	-19536.795000	8606.655000	15696.360000	4.344461	5.877834	0.888423	-2.422319	6.660797	-7.072781	-0.257650	-5.768746	-4.333840	3.982860	-0.183120	0.771604	0.422240	0.419249	-1.000000	-1.000000	-1.000000	-1.000000	-1.000000	-1.000000	-1.000000	73.241379	0.000000	-1.000000	-1.000000	1912536.000000	1773868068.918872
-6595.065000	1171.305000	12419.370000	14760.495000	-16689.690000	-19439.145000	8648.100000	15629.220000	-26.167830	-32.955182	-32.827674	-33.866394	-30.814939	-34.142212	-14.061767	13.052763	-4.333840	3.982860	-0.183120	0.771604	0.422240	0.419249	-1.000000	-1.000000	-1.000000	-1.000000	-1.000000	-1.000000	-1.000000	73.241379	0.000000	-1.000000	-1.000000	1912537.000000	1773868068.918884
-6571.035000	1209.870000	12460.050000	14796.045000	-16649.145000	-19413.090000	8657.325000	15599.520000	-45.208398	-53.812491	-48.152308	-45.757384	-49.419333	-41.548808	-23.149885	17.584405	-4.333840	3.982860	-0.183120	0.771604	0.422240	0.419249	-1.000000	-1.000000	-1.000000	-1.000000	-1.000000	-1.000000	-1.000000	73.241379	0.000000	-1.000000	-1.000000	1912538.000000	1773868068.918889
-6604.965000	1209.465000	12459.645000	14798.475000	-16636.140000	-19397.340000	8630.775000	15582.735000	-33.894052	-34.350003	-27.481367	-23.877604	-32.840437	-19.422696	-20.073093	2.009040	-4.333840	3.982860	-0.183120	0.771604	0.422240	0.419249	-1.000000	-1.000000	-1.000000	-1.000000	-1.000000	-1.000000	-1.000000	73.241379	0.000000	-1.000000	-1.000000	1912539.000000	1773868068.918894
-6566.670000	1236.915000	12468.825000	14804.775000	-16617.330000	-19366.470000	8635.725000	15628.905000	-0.417558	11.977759	15.102275	16.926633	7.073356	18.066642	-7.613773	-19.782982	-4.333840	3.982860	-0.183120	0.771604	0.422240	0.419249	-1.000000	-1.000000	-1.000000	-1.000000	-1.000000	-1.000000	-1.000000	73.241379	0.000000	-1.000000	-1.000000	1912540.000000	1773868068.918899
-6535.800000	1226.160000	12455.055000	14788.440000	-16635.915000	-19380.555000	8650.170000	15611.130000	31.141595	52.033831	49.612921	48.605987	43.881391	47.439281	6.466575	-29.190524	-9.110220	-1.953280	-0.518840	0.781187	0.419921	0.419066	-1.000000	-1.000000	-1.000000	-1.000000	-1.000000	-1.000000	-1.000000	73.241379	0.000000	-1.000000	-1.000000	1912541.000000	1773868068.921541
-6574.770000	1222.920000	12469.320000	14808.285000	-16619.670000	-19366.740000	8652.870000	15508.305000	40.872580	60.691845	55.570491	53.050190	56.730357	53.021287	16.012437	-23.587434	-9.110220	-1.953280	-0.518840	0.781187	0.419921	0.419066	-1.000000	-1.000000	-1.000000	-1.000000	-1.000000	-1.000000	-1.000000	73.241379	0.000000	-1.000000	-1.000000	1912542.000000	1773868068.921547
-6547.185000	1251.855000	12496.140000	14831.235000	-16599.555000	-19347.390000	8667.900000	15536.790000	27.658102	39.308554	36.287154	34.317500	43.402810	36.480306	18.612048	-14.361021	-9.110220	-1.953280	-0.518840	0.781187	0.419921	0.419066	-1.000000	-1.000000	-1.000000	-1.000000	-1.000000	-1.000000	-1.000000	73.241379	0.000000	-1.000000	-1.000000	1912543.000000	1773868068.925628
-6522.165000	1277.010000	12517.920000	14852.970000	-16575.210000	-19323.810000	8685.900000	15614.145000	9.567165	11.812901	12.702729	11.986191	19.483079	14.289671	16.832486	-7.254226	-9.110220	-1.953280	-0.518840	0.781187	0.419921	0.419066	-1.000000	-1.000000	-1.000000	-1.000000	-1.000000	-1.000000	-1.000000	73.241379	0.000000	-1.000000	-1.000000	1912544.000000	1773868068.925639
-6518.880000	1291.095000	12529.755000	14860.665000	-16576.020000	-19342.215000	8689.635000	15631.695000	2.472492	-2.289945	0.340402	-0.234212	0.561078	-0.449566	14.750486	2.399365	-9.110220	-1.953280	-0.518840	0.781187	0.419921	0.419066	-1.000000	-1.000000	-1.000000	-1.000000	-1.000000	-1.000000	-1.000000	73.241379	0.000000	-1.000000	-1.000000	1912545.000000	1773868068.929669
-6565.005000	1251.720000	12502.575000	14833.035000	-16618.365000	-19399.995000	8679.690000	15531.075000	2.742455	-6.175085	-4.824715	-6.671424	-12.958471	-11.528499	11.353480	16.187106	-9.110220	-1.953280	-0.518840	0.781187	0.419921	0.419066	-1.000000	-1.000000	-1.000000	-1.000000	-1.000000	-1.000000	-1.000000	73.241379	0.000000	-1.000000	-1.000000	1912546.000000	1773868068.929678
-6560.640000	1266.480000	12525.840000	14864.310000	-16558.560000	-19322.865000	8684.775000	15525.675000	-1.515721	-12.918520	-13.960792	-16.984576	-27.029535	-26.402132	2.943073	26.333473	-9.110220	-1.953280	-0.518840	0.781187	0.419921	0.419066	-1.000000	-1.000000	-1.000000	-1.000000	-1.000000	-1.000000	-1.000000	73.241379	0.000000	-1.000000	-1.000000	1912547.000000	1773868068.933567
-6577.290000	1219.905000	12466.395000	14803.245000	-16585.875000	-19366.290000	8643.375000	15583.770000	-12.327403	-25.714987	-28.098679	-30.500627	-38.772150	-40.088286	-9.495958	26.584395	-9.110220	-1.953280	-0.518840	0.781187	0.419921	0.419066	-1.000000	-1.000000	-1.000000	-1.000000	-1.000000	-1.000000	-1.000000	73.241379	0.000000	-1.000000	-1.000000	1912548.000000	1773868068.933578
-6580.890000	1208.745000	12436.245000	14751.720000	-16659.270000	-19440.720000	8608.365000	15606.720000	-23.353244	-37.834288	-39.987688	-40.131100	-41.450457	-44.143759	-21.359943	19.840725	-9.110220	-1.953280	-0.518840	0.781187	0.419921	0.419066	-1.000000	-1.000000	-1.000000	-1.000000	-1.000000	-1.000000	-1.000000	73.241379	0.000000	-1.000000	-1.000000	1912549.000000	1773868068.937604
-6548.445000	1272.420000	12501.495000	14814.360000	-16647.705000	-19358.415000	8615.880000	15567.345000	-28.897018	-40.624863	-41.731019	-39.829385	-34.024066	-36.249501	-28.362336	11.088790	-9.110220	-1.953280	-0.518840	0.781187	0.419921	0.419066	-1.000000	-1.000000	-1.000000	-1.000000	-1.000000	-1.000000	-1.000000	73.241379	0.000000	-1.000000	-1.000000	1912550.000000	1773868068.937613
-6581.835000	1213.560000	12452.625000	14783.490000	-16675.110000	-19391.760000	8617.185000	15627.060000	-24.957647	-28.525518	-28.499944	-25.805298	-18.830107	-16.680091	-26.759248	2.958593	-10.865120	8.652420	-5.890360	0.793211	0.409423	0.410338	-1.000000	-1.000000	-1.000000	-1.000000	-1.000000	-1.000000	-1.000000	73.241379	0.000000	-1.000000	-1.000000	1912551.000000	1773868068.942116
-6586.245000	1232.370000	12453.075000	14775.705000	-16659.045000	-19437.255000	8643.735000	15632.910000	-10.873958	-4.568247	-3.897844	-1.053177	1.138633	9.305820	-14.907245	-3.264250	-10.865120	8.652420	-5.890360	0.793211	0.409423	0.410338	-1.000000	-1.000000	-1.000000	-1.000000	-1.000000	-1.000000	-1.000000	73.241379	0.000000	-1.000000	-1.000000	1912552.000000	1773868068.942128
-6564.825000	1231.245000	12460.725000	14786.055000	-16662.645000	-19420.605000	8664.165000	15616.080000	8.046476	20.870445	21.399357	24.130383	21.292300	30.630585	4.300190	-9.771579	-10.865120	8.652420	-5.890360	0.793211	0.409423	0.410338	-1.000000	-1.000000	-1.000000	-1.000000	-1.000000	-1.000000	-1.000000	73.241379	0.000000	-1.000000	-1.000000	1912553.000000	1773868068.945544
-6648.795000	1145.070000	12426.435000	14783.850000	-16642.710000	-19398.105000	8671.185000	15596.145000	22.675171	35.832903	36.622145	39.052401	35.459706	39.615084	23.310594	-18.196465	-10.865120	8.652420	-5.890360	0.793211	0.409423	0.410338	-1.000000	-1.000000	-1.000000	-1.000000	-1.000000	-1.000000	-1.000000	73.241379	0.000000	-1.000000	-1.000000	1912554.000000	1773868068.945552
-6704.865000	1150.740000	12427.245000	14782.905000	-16630.380000	-19360.845000	8680.185000	15572.610000	24.683718	32.775343	35.744820	38.337522	38.648906	36.493843	33.288047	-23.309853	-10.865120	8.652420	-5.890360	0.793211	0.409423	0.410338	-1.000000	-1.000000	-1.000000	-1.000000	-1.000000	-1.000000	-1.000000	73.241379	0.000000	-1.000000	-1.000000	1912555.000000	1773868068.949578
-6650.595000	1176.075000	12426.705000	14757.795000	-16681.725000	-19420.560000	8676.270000	15579.675000	14.214234	16.250138	21.543585	24.017777	29.133501	24.126114	30.007264	-19.447244	-10.865120	8.652420	-5.890360	0.793211	0.409423	0.410338	-1.000000	-1.000000	-1.000000	-1.000000	-1.000000	-1.000000	-1.000000	73.241379	0.000000	-1.000000	-1.000000	1912556.000000	1773868068.949589
-6576.930000	1217.520000	12455.280000	14781.690000	-16647.480000	-19409.490000	8661.060000	15577.965000	2.501324	0.428915	4.658258	4.790219	10.309127	5.599269	16.406549	-8.945805	-10.865120	8.652420	-5.890360	0.793211	0.409423	0.410338	-1.000000	-1.000000	-1.000000	-1.000000	-1.000000	-1.000000	-1.000000	73.241379	0.000000	-1.000000	-1.000000	1912557.000000	1773868068.953670
-6518.655000	1255.230000	12481.245000	14810.760000	-16592.085000	-19361.430000	8653.275000	15562.755000	0.496293	-4.462423	-4.840139	-8.560872	-6.847465	-11.417994	-0.645748	1.338010	-10.865120	8.652420	-5.890360	0.793211	0.409423	0.410338	-1.000000	-1.000000	-1.000000	-1.000000	-1.000000	-1.000000	-1.000000	73.241379	0.000000	-1.000000	-1.000000	1912558.000000	1773868068.953676
-6564.240000	1227.330000	12466.845000	14797.980000	-16598.520000	-19365.840000	8659.620000	15550.830000	6.940409	-0.362933	-5.699054	-11.763306	-12.153367	-18.947124	-14.807581	7.607288	-10.865120	8.652420	-5.890360	0.793211	0.409423	0.410338	-1.000000	-1.000000	-1.000000	-1.000000	-1.000000	-1.000000	-1.000000	73.241379	0.000000	-1.000000	-1.000000	1912559.000000	1773868068.957723
-6549.930000	1255.320000	12498.705000	14831.370000	-16617.555000	-19361.295000	8671.095000	15538.140000	11.967383	4.511318	-2.963224	-8.482523	-7.483608	-16.388178	-22.059565	9.262389	-10.865120	8.652420	-5.890360	0.793211	0.409423	0.410338	-1.000000	-1.000000	-1.000000	-1.000000	-1.000000	-1.000000	-1.000000	73.241379	0.000000	-1.000000	-1.000000	1912560.000000	1773868068.957734
-6538.680000	1258.335000	12515.535000	14867.145000	-16576.605000	-19338.840000	8673.435000	15555.465000	9.099602	5.312735	-0.015736	-2.707532	-1.856662	-7.525150	-21.267377	6.513387	-7.889420	6.500760	-4.394880	0.794126	0.393004	0.416259	-1.000000	-1.000000	-1.000000	-1.000000	-1.000000	-1.000000	-1.000000	73.241379	0.000000	-1.000000	-1.000000	1912561.000000	1773868068.961697
-6571.890000	1222.245000	12475.350000	14820.345000	-16611.480000	-19368.630000	8653.905000	15605.640000	-0.764966	1.393657	1.089193	2.189712	-1.091046	2.027416	-14.836550	3.090937	-7.889420	6.500760	-4.394880	0.794126	0.393004	0.416259	-1.000000	-1.000000	-1.000000	-1.000000	-1.000000	-1.000000	-1.000000	73.241379	0.000000	-1.000000	-1.000000	1912562.000000	1773868068.961707
-6575.715000	1216.440000	12454.605000	14791.095000	-16633.125000	-19397.070000	8646.795000	15594.705000	-11.947264	-5.485870	-2.333840	1.060661	-6.501602	4.783405	-7.144261	5.060174	-7.889420	6.500760	-4.394880	0.794126	0.393004	0.416259	-1.000000	-1.000000	-1.000000	-1.000000	-1.000000	-1.000000	-1.000000	73.241379	0.000000	-1.000000	-1.000000	1912563.000000	1773868068.965741
-6562.935000	1244.880000	12479.490000	14814.495000	-16603.965000	-19386.630000	8651.070000	15564.465000	-17.465007	-11.375540	-9.436963	-6.997326	-15.062933	-2.173115	-0.951328	12.062393	-7.889420	6.500760	-4.394880	0.794126	0.393004	0.416259	-1.000000	-1.000000	-1.000000	-1.000000	-1.000000	-1.000000	-1.000000	73.241379	0.000000	-1.000000	-1.000000	1912564.000000	1773868068.965751
-6530.805000	1257.165000	12484.800000	14814.045000	-16632.315000	-19381.365000	8654.085000	15603.480000	-15.152294	-13.074728	-14.648953	-14.809609	-19.537584	-11.940007	4.099113	16.252590	-7.889420	6.500760	-4.394880	0.794126	0.393004	0.416259	-1.000000	-1.000000	-1.000000	-1.000000	-1.000000	-1.000000	-1.000000	73.241379	0.000000	-1.000000	-1.000000	1912565.000000	1773868068.973528
-6538.320000	1249.245000	12478.410000	14805.045000	-16661.160000	-19376.280000	8657.370000	15592.500000	-9.925172	-11.083834	-13.734515	-15.213658	-15.894727	-14.556019	9.285850	12.097701	-7.889420	6.500760	-4.394880	0.794126	0.393004	0.416259	-1.000000	-1.000000	-1.000000	-1.000000	-1.000000	-1.000000	-1.000000	73.241379	0.000000	-1.000000	-1.000000	1912566.000000	1773868068.973537
-6593.445000	1209.870000	12461.715000	14807.745000	-16621.650000	-19371.690000	8668.035000	15584.985000	-8.170353	-8.888015	-8.304249	-8.688541	-7.156376	-8.043942	13.963043	1.485217	-7.889420	6.500760	-4.394880	0.794126	0.393004	0.416259	-1.000000	-1.000000	-1.000000	-1.000000	-1.000000	-1.000000	-1.000000	73.241379	0.000000	-1.000000	-1.000000	1912567.000000	1773868068.973716
-6597.135000	1203.930000	12454.560000	14800.185000	-16623.000000	-19377.225000	8660.295000	15585.930000	-10.396032	-8.303523	-2.408546	-0.169137	3.146394	1.929601	15.359185	-9.896940	-7.889420	6.500760	-4.394880	0.794126	0.393004	0.416259	-1.000000	-1.000000	-1.000000	-1.000000	-1.000000	-1.000000	-1.000000	73.241379	0.000000	-1.000000	-1.000000	1912568.000000	1773868068.973726
-6577.695000	1236.330000	12478.095000	14816.970000	-16618.455000	-19376.640000	8654.490000	15567.570000	-10.473383	-6.593165	2.291882	6.475932	13.225215	9.932070	10.999296	-17.483156	-7.889420	6.500760	-4.394880	0.794126	0.393004	0.416259	-1.000000	-1.000000	-1.000000	-1.000000	-1.000000	-1.000000	-1.000000	73.241379	0.000000	-1.000000	-1.000000	1912569.000000	1773868068.977750
-6557.895000	1263.735000	12502.305000	14831.865000	-16608.915000	-19368.405000	8679.420000	15562.305000	-3.061654	0.072640	6.612442	9.802553	19.741627	13.496181	2.047430	-20.071015	-7.889420	6.500760	-4.394880	0.794126	0.393004	0.416259	-1.000000	-1.000000	-1.000000	-1.000000	-1.000000	-1.000000	-1.000000	73.241379	0.000000	-1.000000	-1.000000	1912570.000000	1773868068.977760
-6568.020000	1253.745000	12495.330000	14829.480000	-16615.800000	-19363.095000	8687.250000	15576.525000	10.894880	11.821014	11.625337	10.868074	19.797195	12.641809	-6.168356	-17.982115	3.753960	6.775440	-2.090620	0.790953	0.399596	0.424559	-1.000000	-1.000000	-1.000000	-1.000000	-1.000000	-1.000000	-1.000000	73.241379	0.000000	-1.000000	-1.000000	1912571.000000	1773868068.983313
-6571.260000	1229.625000	12471.120000	14811.525000	-16630.605000	-19376.820000	8658.585000	15580.935000	24.795382	22.655963	15.617495	10.894594	13.553098	8.915415	-9.448995	-10.471617	3.753960	6.775440	-2.090620	0.790953	0.399596	0.424559	-1.000000	-1.000000	-1.000000	-1.000000	-1.000000	-1.000000	-1.000000	73.241379	0.000000	-1.000000	-1.000000	1912572.000000	1773868068.983323
-6556.815000	1242.405000	12478.095000	14809.140000	-16633.980000	-19391.265000	8653.095000	15588.855000	30.037330	23.808882	14.129070	8.593087	3.175254	3.199498	-8.794796	1.962637	3.753960	6.775440	-2.090620	0.790953	0.399596	0.424559	-1.000000	-1.000000	-1.000000	-1.000000	-1.000000	-1.000000	-1.000000	73.241379	0.000000	-1.000000	-1.000000	1912573.000000	1773868068.985876
-6588.540000	1222.740000	12469.320000	14804.190000	-16632.855000	-19382.265000	8672.580000	15573.285000	21.421350	12.411788	5.631923	2.883822	-7.031840	-3.539989	-6.637830	13.910136	3.753960	6.775440	-2.090620	0.790953	0.399596	0.424559	-1.000000	-1.000000	-1.000000	-1.000000	-1.000000	-1.000000	-1.000000	73.241379	0.000000	-1.000000	-1.000000	1912574.000000	1773868068.985886
-6543.315000	1257.615000	12506.310000	14843.205000	-16592.850000	-19342.980000	8685.045000	15582.285000	2.365612	-4.855770	-5.253860	-3.712194	-11.842552	-8.401522	-3.187432	18.826161	3.753960	6.775440	-2.090620	0.790953	0.399596	0.424559	-1.000000	-1.000000	-1.000000	-1.000000	-1.000000	-1.000000	-1.000000	73.241379	0.000000	-1.000000	-1.000000	1912575.000000	1773868068.990278
-6513.975000	1290.195000	12536.910000	14875.920000	-16555.050000	-19311.210000	8704.395000	15587.460000	-14.530605	-16.295767	-11.068289	-6.576972	-9.126243	-8.095525	1.555419	15.708522	3.753960	6.775440	-2.090620	0.790953	0.399596	0.424559	-1.000000	-1.000000	-1.000000	-1.000000	-1.000000	-1.000000	-1.000000	73.241379	0.000000	-1.000000	-1.000000	1912576.000000	1773868068.990289
-6532.155000	1271.880000	12510.315000	14845.005000	-16589.340000	-19342.665000	8678.160000	15592.185000	-18.416593	-15.056389	-8.550118	-4.162008	-1.832099	-2.606752	5.685218	8.348659	3.753960	6.775440	-2.090620	0.790953	0.399596	0.424559	-1.000000	-1.000000	-1.000000	-1.000000	-1.000000	-1.000000	-1.000000	73.241379	0.000000	-1.000000	-1.000000	1912577.000000	1773868068.993963
-6594.615000	1202.085000	12434.670000	14772.015000	-16660.125000	-19410.525000	8634.060000	15566.670000	-12.372092	-6.998862	-3.684684	-1.833995	2.638240	2.323721	5.710684	0.467219	3.753960	6.775440	-2.090620	0.790953	0.399596	0.424559	-1.000000	-1.000000	-1.000000	-1.000000	-1.000000	-1.000000	-1.000000	73.241379	0.000000	-1.000000	-1.000000	1912578.000000	1773868068.993974
-6588.720000	1212.570000	12441.870000	14775.165000	-16658.190000	-19412.640000	8621.595000	15545.250000	-7.095097	-3.024381	-4.662768	-5.723438	-1.485605	0.204716	-0.474585	-6.549583	3.753960	6.775440	-2.090620	0.790953	0.399596	0.424559	-1.000000	-1.000000	-1.000000	-1.000000	-1.000000	-1.000000	-1.000000	73.241379	0.000000	-1.000000	-1.000000	1912579.000000	1773868069.000061
-6584.760000	1230.930000	12466.485000	14799.510000	-16640.865000	-19403.280000	8618.580000	15503.220000	-5.995500	-4.438699	-9.649439	-12.468051	-10.166897	-7.217572	-9.412121	-12.647096	3.753960	6.775440	-2.090620	0.790953	0.399596	0.424559	-1.000000	-1.000000	-1.000000	-1.000000	-1.000000	-1.000000	-1.000000	73.241379	0.000000	-1.000000	-1.000000	1912580.000000	1773868069.000071
-6602.850000	1220.805000	12469.860000	14802.480000	-16645.680000	-19394.775000	8657.010000	15508.260000	-5.206077	-4.553619	-9.682820	-12.734653	-13.524451	-11.399495	-13.051439	-16.524938	-2.838360	2.624720	0.579880	0.788755	0.412963	0.430114	-1.000000	-1.000000	-1.000000	-1.000000	-1.000000	-1.000000	-1.000000	73.241379	0.000000	-1.000000	-1.000000	1912581.000000	1773868069.001536
-6630.840000	1192.545000	12453.525000	14794.920000	-16630.065000	-19378.845000	8686.305000	15594.930000	-2.994045	-0.773875	-1.734698	-3.494036	-7.019331	-6.708599	-5.918082	-14.184266	-2.838360	2.624720	0.579880	0.788755	0.412963	0.430114	-1.000000	-1.000000	-1.000000	-1.000000	-1.000000	-1.000000	-1.000000	73.241379	0.000000	-1.000000	-1.000000	1912582.000000	1773868069.001547
-6607.440000	1204.335000	12461.805000	14796.405000	-16635.015000	-19369.800000	8682.030000	15579.495000	-0.501957	3.684006	8.551971	9.164694	5.424001	4.456072	8.502442	-2.630787	-2.838360	2.624720	0.579880	0.788755	0.412963	0.430114	-1.000000	-1.000000	-1.000000	-1.000000	-1.000000	-1.000000	-1.000000	73.241379	0.000000	-1.000000	-1.000000	1912583.000000	1773868069.005579
-6539.715000	1270.890000	12526.335000	14864.040000	-16579.575000	-19351.440000	8676.945000	15550.650000	3.069489	6.782650	14.913589	17.434300	15.808426	14.161528	19.650099	12.912639	-2.838360	2.624720	0.579880	0.788755	0.412963	0.430114	-1.000000	-1.000000	-1.000000	-1.000000	-1.000000	-1.000000	-1.000000	73.241379	0.000000	-1.000000	-1.000000	1912584.000000	1773868069.005597
-6483.330000	1339.785000	12588.615000	14922.900000	-16528.005000	-19305.945000	8688.015000	15569.190000	10.042020	10.422353	16.706273	19.237857	19.339152	16.712571	19.555688	21.566776	-2.838360	2.624720	0.579880	0.788755	0.412963	0.430114	-1.000000	-1.000000	-1.000000	-1.000000	-1.000000	-1.000000	-1.000000	73.241379	0.000000	-1.000000	-1.000000	1912585.000000	1773868069.009641
-6436.215000	1390.320000	12625.920000	14953.770000	-16502.490000	-19279.395000	8723.070000	15605.595000	20.128509	16.672410	17.202454	17.979933	17.977769	14.024817	10.248587	18.935839	-2.838360	2.624720	0.579880	0.788755	0.412963	0.430114	-1.000000	-1.000000	-1.000000	-1.000000	-1.000000	-1.000000	-1.000000	73.241379	0.000000	-1.000000	-1.000000	1912586.000000	1773868069.009652
-6518.970000	1316.520000	12546.810000	14863.680000	-16579.305000	-19316.385000	8673.660000	15549.705000	27.424562	22.220076	16.535317	14.909857	14.184895	10.523498	-0.353249	9.350219	-2.838360	2.624720	0.579880	0.788755	0.412963	0.430114	-1.000000	-1.000000	-1.000000	-1.000000	-1.000000	-1.000000	-1.000000	73.241379	0.000000	-1.000000	-1.000000	1912587.000000	1773868069.013745
-6618.645000	1213.470000	12431.610000	14744.295000	-16668.090000	-19371.735000	8611.785000	15489.585000	21.465207	17.174743	7.846591	4.301564	4.455798	5.071425	-8.697941	-2.668259	-2.838360	2.624720	0.579880	0.788755	0.412963	0.430114	-1.000000	-1.000000	-1.000000	-1.000000	-1.000000	-1.000000	-1.000000	73.241379	0.000000	-1.000000	-1.000000	1912588.000000	1773868069.013758
-6648.030000	1186.560000	12413.250000	14752.035000	-16625.700000	-19420.470000	8628.120000	15541.830000	-2.409994	-4.655108	-13.779834	-17.464526	-13.388520	-6.562900	-15.819538	-13.515830	-2.838360	2.624720	0.579880	0.788755	0.412963	0.430114	-1.000000	-1.000000	-1.000000	-1.000000	-1.000000	-1.000000	-1.000000	73.241379	0.000000	-1.000000	-1.000000	1912589.000000	1773868069.018284
-6651.630000	1156.635000	12432.555000	14780.430000	-16631.820000	-19413.855000	8646.480000	15589.305000	-32.709343	-33.805939	-38.643126	-39.559572	-30.407982	-22.358539	-20.040701	-17.353215	-2.838360	2.624720	0.579880	0.788755	0.412963	0.430114	-1.000000	-1.000000	-1.000000	-1.000000	-1.000000	-1.000000	-1.000000	73.241379	0.000000	-1.000000	-1.000000	1912590.000000	1773868069.018295
-6577.965000	1230.795000	12483.900000	14814.585000	-16631.145000	-19379.700000	8660.880000	15633.090000	-48.377572	-49.996061	-47.456711	-43.873678	-34.303188	-32.298217	-17.544498	-11.389172	-6.622840	3.418240	-1.709120	0.793272	0.416930	0.429320	-1.000000	-1.000000	-1.000000	-1.000000	-1.000000	-1.000000	-1.000000	73.241379	0.000000	-1.000000	-1.000000	1912591.000000	1773868069.021794
-6508.080000	1234.890000	12473.010000	14802.255000	-16649.460000	-19377.810000	8675.055000	15668.505000	-36.652148	-39.962312	-31.047096	-24.813844	-23.021141	-27.754083	-7.621824	0.948953	-6.622840	3.418240	-1.709120	0.793272	0.416930	0.429320	-1.000000	-1.000000	-1.000000	-1.000000	-1.000000	-1.000000	-1.000000	73.241379	0.000000	-1.000000	-1.000000	1912592.000000	1773868069.021803
-6502.500000	1239.345000	12479.760000	14812.245000	-16641.675000	-19372.680000	8681.355000	15643.800000	-4.631271	-10.224313	-0.387226	4.469659	-5.280387	-10.563164	6.000139	13.147889	-6.622840	3.418240	-1.709120	0.793272	0.416930	0.429320	-1.000000	-1.000000	-1.000000	-1.000000	-1.000000	-1.000000	-1.000000	73.241379	0.000000	-1.000000	-1.000000	1912593.000000	1773868069.025665
-6511.635000	1258.785000	12509.685000	14858.505000	-16565.580000	-19322.055000	8675.235000	15541.830000	25.981855	19.397470	25.066619	26.119211	9.818143	9.718806	16.812753	16.056186	-6.622840	3.418240	-1.709120	0.793272	0.416930	0.429320	-1.000000	-1.000000	-1.000000	-1.000000	-1.000000	-1.000000	-1.000000	73.241379	0.000000	-1.000000	-1.000000	1912594.000000	1773868069.025672
-6541.065000	1262.520000	12506.895000	14850.180000	-16583.130000	-19345.815000	8682.930000	15545.340000	37.141744	34.425648	35.000771	33.106434	20.250999	24.623225	19.634485	3.773251	-6.622840	3.418240	-1.709120	0.793272	0.416930	0.429320	-1.000000	-1.000000	-1.000000	-1.000000	-1.000000	-1.000000	-1.000000	73.241379	0.000000	-1.000000	-1.000000	1912595.000000	1773868069.029560
-6578.820000	1252.395000	12486.285000	14811.435000	-16634.070000	-19402.065000	8684.595000	15635.790000	27.656735	34.553827	32.065893	29.438466	26.734071	29.423395	15.258207	-14.130599	-6.622840	3.418240	-1.709120	0.793272	0.416930	0.429320	-1.000000	-1.000000	-1.000000	-1.000000	-1.000000	-1.000000	-1.000000	73.241379	0.000000	-1.000000	-1.000000	1912596.000000	1773868069.029567
-6527.970000	1315.485000	12527.235000	14835.105000	-16622.595000	-19398.150000	8669.520000	15662.070000	10.409481	28.154362	24.431161	21.714443	27.437946	23.288554	8.660559	-18.644965	-6.622840	3.418240	-1.709120	0.793272	0.416930	0.429320	-1.000000	-1.000000	-1.000000	-1.000000	-1.000000	-1.000000	-1.000000	73.241379	0.000000	-1.000000	-1.000000	1912597.000000	1773868069.033715
-6547.095000	1220.220000	12481.335000	14828.580000	-16594.560000	-19361.565000	8652.600000	15621.480000	-1.090898	20.935344	16.646899	13.024292	20.562607	11.339296	1.972103	-5.624469	-6.622840	3.418240	-1.709120	0.793272	0.416930	0.429320	-1.000000	-1.000000	-1.000000	-1.000000	-1.000000	-1.000000	-1.000000	73.241379	0.000000	-1.000000	-1.000000	1912598.000000	1773868069.033725
-6590.070000	1184.940000	12454.470000	14805.000000	-16608.465000	-19348.245000	8654.490000	15575.040000	-4.816149	9.580606	5.704132	1.828585	7.618917	0.852062	-6.161423	8.281626	-6.622840	3.418240	-1.709120	0.793272	0.416930	0.429320	-1.000000	-1.000000	-1.000000	-1.000000	-1.000000	-1.000000	-1.000000	73.241379	0.000000	-1.000000	-1.000000	1912599.000000	1773868069.037598
-6599.115000	1203.660000	12461.895000	14802.120000	-16644.240000	-19374.435000	8628.930000	15540.210000	-8.775197	-9.700899	-11.398169	-12.966625	-7.574881	-6.159907	-15.082126	6.892216	-6.622840	3.418240	-1.709120	0.793272	0.416930	0.429320	-1.000000	-1.000000	-1.000000	-1.000000	-1.000000	-1.000000	-1.000000	73.241379	0.000000	-1.000000	-1.000000	1912600.000000	1773868069.037609
-6607.755000	1220.355000	12462.975000	14788.170000	-16677.765000	-19396.980000	8621.010000	15571.035000	-18.229219	-30.335421	-29.043357	-27.098498	-21.295092	-12.366691	-21.105648	-7.663069	-1.464960	6.317640	-5.081580	0.799192	0.414794	0.422362	-1.000000	-1.000000	-1.000000	-1.000000	-1.000000	-1.000000	-1.000000	73.241379	0.000000	-1.000000	-1.000000	1912601.000000	1773868069.041704
-6588.720000	1274.805000	12498.705000	14804.145000	-16653.735000	-19386.450000	8657.280000	15646.230000	-27.955800	-39.677149	-37.081304	-33.833381	-30.161178	-18.686544	-20.094904	-17.980260	-1.464960	6.317640	-5.081580	0.799192	0.414794	0.422362	-1.000000	-1.000000	-1.000000	-1.000000	-1.000000	-1.000000	-1.000000	73.241379	0.000000	-1.000000	-1.000000	1912602.000000	1773868069.041713
-6621.255000	1234.530000	12492.180000	14834.745000	-16578.090000	-19357.830000	8682.705000	15583.365000	-27.982621	-31.649146	-30.399885	-29.121090	-29.788234	-21.698777	-9.793155	-9.959958	-1.464960	6.317640	-5.081580	0.799192	0.414794	0.422362	-1.000000	-1.000000	-1.000000	-1.000000	-1.000000	-1.000000	-1.000000	73.241379	0.000000	-1.000000	-1.000000	1912603.000000	1773868069.045737
-6668.235000	1149.660000	12427.605000	14793.570000	-16599.465000	-19369.755000	8674.155000	15505.470000	-14.530679	-12.863086	-12.871131	-13.354135	-16.404292	-16.490478	6.804194	9.801843	-1.464960	6.317640	-5.081580	0.799192	0.414794	0.422362	-1.000000	-1.000000	-1.000000	-1.000000	-1.000000	-1.000000	-1.000000	73.241379	0.000000	-1.000000	-1.000000	1912604.000000	1773868069.045748
-6669.225000	1174.995000	12440.610000	14791.185000	-16621.335000	-19380.015000	8663.040000	15477.165000	6.767425	4.656085	6.389916	7.966760	6.627520	-2.216841	21.437814	20.861284	-1.464960	6.317640	-5.081580	0.799192	0.414794	0.422362	-1.000000	-1.000000	-1.000000	-1.000000	-1.000000	-1.000000	-1.000000	73.241379	0.000000	-1.000000	-1.000000	1912605.000000	1773868069.050661
-6521.580000	1278.855000	12516.795000	14846.535000	-16586.685000	-19339.515000	8705.025000	15563.205000	27.719710	16.508933	20.992086	26.276654	27.237995	15.089164	27.012196	14.452801	-1.464960	6.317640	-5.081580	0.799192	0.414794	0.422362	-1.000000	-1.000000	-1.000000	-1.000000	-1.000000	-1.000000	-1.000000	73.241379	0.000000	-1.000000	-1.000000	1912606.000000	1773868069.050673
-6470.550000	1288.935000	12526.020000	14859.135000	-16563.060000	-19326.240000	8721.855000	15670.080000	44.083779	27.121432	30.070319	35.038560	34.320447	26.377877	22.729154	3.262723	-1.464960	6.317640	-5.081580	0.799192	0.414794	0.422362	-1.000000	-1.000000	-1.000000	-1.000000	-1.000000	-1.000000	-1.000000	73.241379	0.000000	-1.000000	-1.000000	1912607.000000	1773868069.053615
-6515.910000	1214.370000	12449.745000	14778.090000	-16655.445000	-19396.170000	8682.660000	15660.990000	50.998959	35.743806	31.672565	30.864286	25.234460	24.699755	11.504509	3.073480	-1.464960	6.317640	-5.081580	0.799192	0.414794	0.422362	-1.000000	-1.000000	-1.000000	-1.000000	-1.000000	-1.000000	-1.000000	73.241379	0.000000	-1.000000	-1.000000	1912608.000000	1773868069.053626
-6559.290000	1217.970000	12460.320000	14786.055000	-16679.880000	-19405.800000	8652.015000	15551.280000	39.148201	31.676512	20.924238	13.522721	4.469892	9.344681	-3.757663	11.323717	-1.464960	6.317640	-5.081580	0.799192	0.414794	0.422362	-1.000000	-1.000000	-1.000000	-1.000000	-1.000000	-1.000000	-1.000000	73.241379	0.000000	-1.000000	-1.000000	1912609.000000	1773868069.057531
-6573.690000	1191.915000	12429.045000	14762.385000	-16690.095000	-19420.965000	8604.630000	15512.310000	6.068129	9.634145	-0.943986	-10.287946	-18.208864	-11.472989	-19.574449	10.981313	-1.464960	6.317640	-5.081580	0.799192	0.414794	0.422362	-1.000000	-1.000000	-1.000000	-1.000000	-1.000000	-1.000000	-1.000000	73.241379	0.000000	-1.000000	-1.000000	1912610.000000	1773868069.057541
-6561.585000	1203.255000	12440.340000	14780.115000	-16657.740000	-19425.780000	8618.310000	15552.675000	-34.271582	-20.807947	-24.031247	-29.168170	-31.960969	-26.266086	-31.089608	-5.109846	-6.729660	8.652420	-3.540320	0.793028	0.409667	0.415892	-1.000000	-1.000000	-1.000000	-1.000000	-1.000000	-1.000000	-1.000000	73.241379	0.000000	-1.000000	-1.000000	1912611.000000	1773868069.061660
-6565.725000	1228.410000	12468.780000	14808.105000	-16626.015000	-19388.835000	8670.870000	15643.620000	-59.594044	-41.467851	-35.773891	-34.076818	-30.965010	-28.025090	-32.171766	-22.035502	-6.729660	8.652420	-3.540320	0.793028	0.409667	0.415892	-1.000000	-1.000000	-1.000000	-1.000000	-1.000000	-1.000000	-1.000000	73.241379	0.000000	-1.000000	-1.000000	1912612.000000	1773868069.061668
-6548.805000	1281.375000	12518.415000	14850.180000	-16584.930000	-19363.455000	8681.985000	15633.000000	-55.586802	-37.445506	-27.209526	-21.287800	-14.881480	-15.159571	-18.481175	-20.587445	-6.729660	8.652420	-3.540320	0.793028	0.409667	0.415892	-1.000000	-1.000000	-1.000000	-1.000000	-1.000000	-1.000000	-1.000000	73.241379	0.000000	-1.000000	-1.000000	1912613.000000	1773868069.068773
-6558.120000	1275.795000	12508.380000	14825.520000	-16613.325000	-19383.705000	8662.185000	15610.050000	-27.117128	-11.109430	-2.033455	3.488733	10.009333	6.813820	5.347616	-1.882758	-6.729660	8.652420	-3.540320	0.793028	0.409667	0.415892	-1.000000	-1.000000	-1.000000	-1.000000	-1.000000	-1.000000	-1.000000	73.241379	0.000000	-1.000000	-1.000000	1912614.000000	1773868069.068784
-6572.700000	1205.460000	12442.410000	14770.755000	-16660.710000	-19393.065000	8646.075000	15598.755000	4.476797	16.287174	21.179666	23.561994	28.720788	24.461646	25.309725	14.109718	-6.729660	8.652420	-3.540320	0.793028	0.409667	0.415892	-1.000000	-1.000000	-1.000000	-1.000000	-1.000000	-1.000000	-1.000000	73.241379	0.000000	-1.000000	-1.000000	1912615.000000	1773868069.076317
-6539.805000	1202.805000	12448.665000	14787.000000	-16656.930000	-19400.490000	8648.685000	15588.900000	20.671633	24.894869	25.576698	25.135083	28.573301	26.619505	29.823363	11.541876	-6.729660	8.652420	-3.540320	0.793028	0.409667	0.415892	-1.000000	-1.000000	-1.000000	-1.000000	-1.000000	-1.000000	-1.000000	73.241379	0.000000	-1.000000	-1.000000	1912616.000000	1773868069.076328
-6551.820000	1206.000000	12450.915000	14792.805000	-16653.015000	-19415.250000	8654.085000	15586.560000	21.091886	14.736802	12.825233	11.904583	13.548901	14.879903	20.110748	-5.464680	-6.729660	8.652420	-3.540320	0.793028	0.409667	0.415892	-1.000000	-1.000000	-1.000000	-1.000000	-1.000000	-1.000000	-1.000000	73.241379	0.000000	-1.000000	-1.000000	1912617.000000	1773868069.076339
-6586.875000	1199.655000	12440.970000	14769.315000	-16680.870000	-19429.695000	8661.645000	15575.445000	15.466039	-0.576587	-3.228032	-2.616578	-2.071814	-0.573691	6.670056	-18.975577	-6.729660	8.652420	-3.540320	0.793028	0.409667	0.415892	-1.000000	-1.000000	-1.000000	-1.000000	-1.000000	-1.000000	-1.000000	73.241379	0.000000	-1.000000	-1.000000	1912618.000000	1773868069.076345
-6604.065000	1211.445000	12461.085000	14795.145000	-16623.225000	-19373.085000	8661.330000	15574.815000	9.455831	-9.983750	-12.162886	-10.267010	-9.707451	-10.653659	-1.855859	-16.844816	-6.729660	8.652420	-3.540320	0.793028	0.409667	0.415892	-1.000000	-1.000000	-1.000000	-1.000000	-1.000000	-1.000000	-1.000000	73.241379	0.000000	-1.000000	-1.000000	1912619.000000	1773868069.077638
-6590.610000	1223.955000	12472.020000	14793.705000	-16645.995000	-19404.675000	8665.650000	15588.585000	4.149428	-10.203947	-11.494101	-10.478772	-10.055211	-11.881476	-4.815449	-2.900009	-6.729660	8.652420	-3.540320	0.793028	0.409667	0.415892	-1.000000	-1.000000	-1.000000	-1.000000	-1.000000	-1.000000	-1.000000	73.241379	0.000000	-1.000000	-1.000000	1912620.000000	1773868069.077644
-6574.320000	1224.360000	12472.155000	14803.875000	-16640.595000	-19400.130000	8654.895000	15573.105000	1.323777	-3.555484	-4.495453	-6.386176	-8.174486	-7.677883	-6.736810	10.681451	-1.037680	5.478340	-2.182180	0.785154	0.403869	0.417968	-1.000000	-1.000000	-1.000000	-1.000000	-1.000000	-1.000000	-1.000000	73.241379	0.000000	-1.000000	-1.000000	1912621.000000	1773868069.081720
-6579.495000	1243.980000	12484.530000	14822.055000	-16612.020000	-19357.560000	8634.780000	15534.045000	2.243252	4.341059	2.812314	-1.456307	-7.014912	-3.176802	-10.409453	15.135943	-1.037680	5.478340	-2.182180	0.785154	0.403869	0.417968	-1.000000	-1.000000	-1.000000	-1.000000	-1.000000	-1.000000	-1.000000	73.241379	0.000000	-1.000000	-1.000000	1912622.000000	1773868069.081730
-6566.310000	1288.440000	12508.425000	14826.060000	-16627.500000	-19357.920000	8655.390000	15496.740000	4.193725	9.086781	6.539369	2.856481	-4.921085	0.693108	-13.577965	9.346070	-1.037680	5.478340	-2.182180	0.785154	0.403869	0.417968	-1.000000	-1.000000	-1.000000	-1.000000	-1.000000	-1.000000	-1.000000	73.241379	0.000000	-1.000000	-1.000000	1912623.000000	1773868069.093892
-6564.240000	1264.095000	12533.535000	14877.630000	-16522.920000	-19318.050000	8670.195000	15493.185000	3.267256	10.901702	7.915204	7.085326	1.001497	4.597494	-11.801074	-2.151266	-1.037680	5.478340	-2.182180	0.785154	0.403869	0.417968	-1.000000	-1.000000	-1.000000	-1.000000	-1.000000	-1.000000	-1.000000	73.241379	0.000000	-1.000000	-1.000000	1912624.000000	1773868069.093904
-6517.530000	1335.330000	12585.105000	14913.360000	-16518.015000	-19303.965000	8679.960000	15538.410000	-0.558161	11.517205	9.955351	11.857991	11.439938	8.205813	-3.682703	-11.079499	-1.037680	5.478340	-2.182180	0.785154	0.403869	0.417968	-1.000000	-1.000000	-1.000000	-1.000000	-1.000000	-1.000000	-1.000000	73.241379	0.000000	-1.000000	-1.000000	1912625.000000	1773868069.093918
-6502.005000	1335.285000	12552.660000	14856.255000	-16607.520000	-19372.590000	8663.805000	15613.380000	-3.082973	10.956401	11.859080	14.448707	20.353653	9.608896	6.867831	-8.300968	-1.037680	5.478340	-2.182180	0.785154	0.403869	0.417968	-1.000000	-1.000000	-1.000000	-1.000000	-1.000000	-1.000000	-1.000000	73.241379	0.000000	-1.000000	-1.000000	1912626.000000	1773868069.093923
-6573.780000	1186.965000	12452.220000	14792.535000	-16622.685000	-19387.530000	8664.525000	15602.670000	-1.925308	5.456513	7.617105	8.721293	17.022309	4.803250	13.602414	7.717675	-1.037680	5.478340	-2.182180	0.785154	0.403869	0.417968	-1.000000	-1.000000	-1.000000	-1.000000	-1.000000	-1.000000	-1.000000	73.241379	0.000000	-1.000000	-1.000000	1912627.000000	1773868069.093930
-6588.405000	1167.300000	12457.170000	14814.270000	-16583.040000	-19333.440000	8674.560000	15564.060000	-0.970408	-10.143754	-7.178403	-7.064712	-0.698541	-6.270322	13.083115	24.902017	-1.037680	5.478340	-2.182180	0.785154	0.403869	0.417968	-1.000000	-1.000000	-1.000000	-1.000000	-1.000000	-1.000000	-1.000000	73.241379	0.000000	-1.000000	-1.000000	1912628.000000	1773868069.093935
-6613.245000	1133.370000	12424.770000	14789.070000	-16634.925000	-19370.295000	8674.830000	15624.630000	-4.553332	-31.470803	-26.479092	-24.700040	-21.894793	-16.175975	6.573905	28.013748	-1.037680	5.478340	-2.182180	0.785154	0.403869	0.417968	-1.000000	-1.000000	-1.000000	-1.000000	-1.000000	-1.000000	-1.000000	73.241379	0.000000	-1.000000	-1.000000	1912629.000000	1773868069.097661
-6627.780000	1133.145000	12401.595000	14750.415000	-16671.240000	-19414.440000	8655.840000	15616.035000	-11.205809	-44.166577	-37.746814	-33.448474	-34.440883	-19.048796	-1.983010	15.029830	-1.037680	5.478340	-2.182180	0.785154	0.403869	0.417968	-1.000000	-1.000000	-1.000000	-1.000000	-1.000000	-1.000000	-1.000000	73.241379	0.000000	-1.000000	-1.000000	1912630.000000	1773868069.097672
-6583.905000	1223.055000	12461.130000	14791.050000	-16641.585000	-19399.140000	8658.675000	15596.190000	-15.149085	-36.773218	-32.747597	-28.695374	-33.211349	-16.068916	-8.454828	-3.929425	3.235120	2.914660	0.228900	0.780332	0.403258	0.421325	-1.000000	-1.000000	-1.000000	-1.000000	-1.000000	-1.000000	-1.000000	73.241379	0.000000	-1.000000	-1.000000	1912631.000000	1773868069.101710
-6544.395000	1233.540000	12471.255000	14803.110000	-16619.040000	-19377.540000	8667.495000	15607.350000	-10.770072	-8.891398	-11.515261	-11.632703	-18.330014	-9.213689	-10.371054	-18.641788	3.235120	2.914660	0.228900	0.780332	0.403258	0.421325	-1.000000	-1.000000	-1.000000	-1.000000	-1.000000	-1.000000	-1.000000	73.241379	0.000000	-1.000000	-1.000000	1912632.000000	1773868069.101728
-6545.745000	1242.135000	12489.570000	14828.670000	-16610.040000	-19359.810000	8673.165000	15616.080000	1.713191	27.161782	16.889716	11.139784	4.162399	1.078023	-7.813732	-24.287064	3.235120	2.914660	0.228900	0.780332	0.403258	0.421325	-1.000000	-1.000000	-1.000000	-1.000000	-1.000000	-1.000000	-1.000000	73.241379	0.000000	-1.000000	-1.000000	1912633.000000	1773868069.105616
-6565.455000	1215.945000	12462.570000	14800.590000	-16636.320000	-19383.120000	8651.250000	15592.905000	14.109209	51.408781	37.682436	28.894557	23.719807	12.464623	-2.919183	-22.107073	3.235120	2.914660	0.228900	0.780332	0.403258	0.421325	-1.000000	-1.000000	-1.000000	-1.000000	-1.000000	-1.000000	-1.000000	73.241379	0.000000	-1.000000	-1.000000	1912634.000000	1773868069.105626
-6569.775000	1214.235000	12456.585000	14791.320000	-16638.390000	-19401.255000	8650.440000	15571.665000	18.020773	50.935501	41.157181	34.329841	33.472906	20.894626	1.611673	-17.358143	3.235120	2.914660	0.228900	0.780332	0.403258	0.421325	-1.000000	-1.000000	-1.000000	-1.000000	-1.000000	-1.000000	-1.000000	73.241379	0.000000	-1.000000	-1.000000	1912635.000000	1773868069.109618
-6542.280000	1274.220000	12522.555000	14856.705000	-16589.295000	-19344.690000	8665.335000	15551.505000	13.999179	31.714422	30.615010	28.892149	32.789138	23.205969	4.388967	-13.048319	3.235120	2.914660	0.228900	0.780332	0.403258	0.421325	-1.000000	-1.000000	-1.000000	-1.000000	-1.000000	-1.000000	-1.000000	73.241379	0.000000	-1.000000	-1.000000	1912636.000000	1773868069.109626
-6558.840000	1283.040000	12533.850000	14865.390000	-16585.380000	-19340.550000	8658.270000	15535.575000	8.324770	10.315442	16.477527	18.738059	23.786163	18.763816	5.322430	-7.827806	3.235120	2.914660	0.228900	0.780332	0.403258	0.421325	-1.000000	-1.000000	-1.000000	-1.000000	-1.000000	-1.000000	-1.000000	73.241379	0.000000	-1.000000	-1.000000	1912637.000000	1773868069.113812
-6567.840000	1272.420000	12518.100000	14839.200000	-16611.480000	-19373.625000	8660.205000	15537.060000	3.831152	-4.125455	4.545620	7.510754	9.930162	9.387188	4.554327	-0.799342	3.235120	2.914660	0.228900	0.780332	0.403258	0.421325	-1.000000	-1.000000	-1.000000	-1.000000	-1.000000	-1.000000	-1.000000	73.241379	0.000000	-1.000000	-1.000000	1912638.000000	1773868069.113828
-6534.720000	1281.375000	12520.845000	14842.260000	-16572.060000	-19339.245000	8669.025000	15561.270000	-0.451994	-13.793644	-6.135468	-4.432912	-4.185697	-1.540155	3.099203	7.529669	3.235120	2.914660	0.228900	0.780332	0.403258	0.421325	-1.000000	-1.000000	-1.000000	-1.000000	-1.000000	-1.000000	-1.000000	73.241379	0.000000	-1.000000	-1.000000	1912639.000000	1773868069.118970
-6573.915000	1234.305000	12478.680000	14812.200000	-16603.155000	-19356.120000	8662.680000	15571.710000	-5.799034	-24.062338	-18.022553	-16.668213	-14.852009	-10.440316	2.127370	17.056382	3.235120	2.914660	0.228900	0.780332	0.403258	0.421325	-1.000000	-1.000000	-1.000000	-1.000000	-1.000000	-1.000000	-1.000000	73.241379	0.000000	-1.000000	-1.000000	1912640.000000	1773868069.118977
-6575.490000	1210.185000	12453.795000	14783.175000	-16692.255000	-19398.915000	8672.670000	15590.250000	-13.036497	-35.622475	-30.711947	-27.620574	-22.785103	-16.559392	1.129650	25.353153	0.656180	3.296160	-1.541260	0.779417	0.410949	0.421264	-1.000000	-1.000000	-1.000000	-1.000000	-1.000000	-1.000000	-1.000000	73.241379	0.000000	-1.000000	-1.000000	1912641.000000	1773868069.121642
-6556.410000	1233.945000	12472.335000	14790.555000	-16661.430000	-19391.670000	8652.420000	15614.955000	-19.527007	-41.732219	-38.744378	-33.910666	-29.683009	-20.809966	-0.811329	27.583658	0.656180	3.296160	-1.541260	0.779417	0.410949	0.421264	-1.000000	-1.000000	-1.000000	-1.000000	-1.000000	-1.000000	-1.000000	73.241379	0.000000	-1.000000	-1.000000	1912642.000000	1773868069.121648
-6583.365000	1276.920000	12523.635000	14849.235000	-16578.810000	-19342.350000	8670.690000	15581.835000	-19.409666	-33.303532	-33.560885	-29.272886	-28.960140	-19.739696	-2.911269	20.899160	0.656180	3.296160	-1.541260	0.779417	0.410949	0.421264	-1.000000	-1.000000	-1.000000	-1.000000	-1.000000	-1.000000	-1.000000	73.241379	0.000000	-1.000000	-1.000000	1912643.000000	1773868069.125632
-6611.220000	1224.270000	12491.055000	14838.660000	-16583.805000	-19357.605000	8669.385000	15549.525000	-10.916698	-9.235445	-12.385574	-10.386783	-12.674648	-9.041556	-3.374627	6.292321	0.656180	3.296160	-1.541260	0.779417	0.410949	0.421264	-1.000000	-1.000000	-1.000000	-1.000000	-1.000000	-1.000000	-1.000000	73.241379	0.000000	-1.000000	-1.000000	1912644.000000	1773868069.125637
-6611.580000	1172.565000	12424.950000	14763.150000	-16657.425000	-19422.495000	8649.630000	15585.795000	1.202800	17.700389	13.287492	13.090807	11.196689	5.329069	-2.312913	-10.604973	0.656180	3.296160	-1.541260	0.779417	0.410949	0.421264	-1.000000	-1.000000	-1.000000	-1.000000	-1.000000	-1.000000	-1.000000	73.241379	0.000000	-1.000000	-1.000000	1912645.000000	1773868069.129607
-6621.030000	1158.705000	12397.905000	14720.310000	-16698.420000	-19453.995000	8640.630000	15606.270000	11.319954	31.189251	26.327312	24.407399	24.382226	11.474557	-1.875580	-21.116062	0.656180	3.296160	-1.541260	0.779417	0.410949	0.421264	-1.000000	-1.000000	-1.000000	-1.000000	-1.000000	-1.000000	-1.000000	73.241379	0.000000	-1.000000	-1.000000	1912646.000000	1773868069.129621
-6623.505000	1175.040000	12435.030000	14771.565000	-16634.205000	-19373.355000	8659.215000	15577.875000	16.530848	27.487302	22.492769	19.051526	20.445919	7.950231	-2.478889	-21.022208	0.656180	3.296160	-1.541260	0.779417	0.410949	0.421264	-1.000000	-1.000000	-1.000000	-1.000000	-1.000000	-1.000000	-1.000000	73.241379	0.000000	-1.000000	-1.000000	1912647.000000	1773868069.138142
-6564.870000	1237.680000	12511.260000	14852.025000	-16596.990000	-19336.095000	8695.935000	15577.290000	16.534485	15.929228	12.794714	8.978391	9.300620	4.563590	-1.637340	-14.211609	0.656180	3.296160	-1.541260	0.779417	0.410949	0.421264	-1.000000	-1.000000	-1.000000	-1.000000	-1.000000	-1.000000	-1.000000	73.241379	0.000000	-1.000000	-1.000000	1912648.000000	1773868069.138151
-6441.075000	1332.540000	12581.325000	14915.520000	-16531.875000	-19302.390000	8707.365000	15591.015000	15.229817	9.146838	10.215208	7.710063	3.768307	8.270344	2.457972	-6.708321	0.656180	3.296160	-1.541260	0.779417	0.410949	0.421264	-1.000000	-1.000000	-1.000000	-1.000000	-1.000000	-1.000000	-1.000000	73.241379	0.000000	-1.000000	-1.000000	1912649.000000	1773868069.138342
-6478.380000	1310.805000	12540.960000	14863.410000	-16588.890000	-19334.070000	8662.500000	15529.860000	16.605890	12.558334	16.601478	15.701476	7.677788	15.901368	7.190051	-2.207361	0.656180	3.296160	-1.541260	0.779417	0.410949	0.421264	-1.000000	-1.000000	-1.000000	-1.000000	-1.000000	-1.000000	-1.000000	73.241379	0.000000	-1.000000	-1.000000	1912650.000000	1773868069.138350
-6578.145000	1218.870000	12452.670000	14778.855000	-16659.540000	-19421.865000	8597.610000	15434.235000	15.044538	16.658780	19.477849	19.226473	11.656488	17.203221	6.689792	-3.469247	-4.059160	4.959500	-1.403920	0.784727	0.416930	0.421325	-1.000000	-1.000000	-1.000000	-1.000000	-1.000000	-1.000000	-1.000000	73.241379	0.000000	-1.000000	-1.000000	1912651.000000	1773868069.141688
-6567.390000	1224.540000	12460.680000	14785.560000	-16649.280000	-19389.330000	8612.820000	15402.735000	2.108043	7.543234	6.412798	6.029093	3.296789	4.917886	-1.440743	-9.860575	-4.059160	4.959500	-1.403920	0.784727	0.416930	0.421325	-1.000000	-1.000000	-1.000000	-1.000000	-1.000000	-1.000000	-1.000000	73.241379	0.000000	-1.000000	-1.000000	1912652.000000	1773868069.141698
-6561.675000	1251.540000	12494.970000	14821.290000	-16648.830000	-19376.370000	8629.605000	15509.610000	-17.660782	-12.669145	-17.057845	-17.955125	-15.522114	-14.503081	-11.314788	-12.593586	-4.059160	4.959500	-1.403920	0.784727	0.416930	0.421325	-1.000000	-1.000000	-1.000000	-1.000000	-1.000000	-1.000000	-1.000000	73.241379	0.000000	-1.000000	-1.000000	1912653.000000	1773868069.145705
-6575.085000	1249.920000	12478.050000	14790.780000	-16677.585000	-19406.115000	8646.705000	15628.005000	-30.909430	-27.745160	-32.446612	-33.809728	-29.506605	-26.111525	-13.637855	-0.656575	-4.059160	4.959500	-1.403920	0.784727	0.416930	0.421325	-1.000000	-1.000000	-1.000000	-1.000000	-1.000000	-1.000000	-1.000000	73.241379	0.000000	-1.000000	-1.000000	1912654.000000	1773868069.145714
-6592.545000	1228.050000	12450.600000	14774.535000	-16640.370000	-19447.920000	8656.785000	15766.695000	-30.264212	-27.419279	-29.467045	-30.345456	-26.841418	-23.089505	-5.221413	26.706048	-4.059160	4.959500	-1.403920	0.784727	0.416930	0.421325	-1.000000	-1.000000	-1.000000	-1.000000	-1.000000	-1.000000	-1.000000	73.241379	0.000000	-1.000000	-1.000000	1912655.000000	1773868069.152660
-6590.970000	1175.760000	12414.780000	14738.220000	-16631.595000	-19442.565000	8662.185000	15686.235000	-18.489228	-16.735438	-15.023339	-14.072910	-9.673576	-12.105691	7.930000	54.823016	-4.059160	4.959500	-1.403920	0.784727	0.416930	0.421325	-1.000000	-1.000000	-1.000000	-1.000000	-1.000000	-1.000000	-1.000000	73.241379	0.000000	-1.000000	-1.000000	1912656.000000	1773868069.152667
-6557.445000	1205.370000	12448.035000	14772.150000	-16591.455000	-19383.345000	8660.115000	15613.110000	-3.869739	-7.382140	-2.562065	0.546345	9.961191	-2.061152	16.096920	60.029026	-4.059160	4.959500	-1.403920	0.784727	0.416930	0.421325	-1.000000	-1.000000	-1.000000	-1.000000	-1.000000	-1.000000	-1.000000	73.241379	0.000000	-1.000000	-1.000000	1912657.000000	1773868069.153904
-6507.495000	1328.760000	12577.095000	14912.010000	-16541.820000	-19271.790000	8696.790000	15572.610000	6.827925	-2.708246	4.097434	8.458518	22.392020	7.116269	14.678045	29.445215	-4.059160	4.959500	-1.403920	0.784727	0.416930	0.421325	-1.000000	-1.000000	-1.000000	-1.000000	-1.000000	-1.000000	-1.000000	73.241379	0.000000	-1.000000	-1.000000	1912658.000000	1773868069.153915
-6477.660000	1367.010000	12628.665000	14971.410000	-16518.780000	-19253.160000	8716.680000	15620.670000	13.841364	5.062429	12.891102	17.604493	26.839436	20.222611	8.301687	-21.447786	-4.059160	4.959500	-1.403920	0.784727	0.416930	0.421325	-1.000000	-1.000000	-1.000000	-1.000000	-1.000000	-1.000000	-1.000000	73.241379	0.000000	-1.000000	-1.000000	1912659.000000	1773868069.157689
-6589.845000	1188.360000	12458.160000	14812.425000	-16605.495000	-19374.030000	8645.265000	15628.050000	19.857401	18.154788	25.698895	30.244400	24.645990	32.924127	3.279057	-58.923614	-4.059160	4.959500	-1.403920	0.784727	0.416930	0.421325	-1.000000	-1.000000	-1.000000	-1.000000	-1.000000	-1.000000	-1.000000	73.241379	0.000000	-1.000000	-1.000000	1912660.000000	1773868069.157699
-6649.515000	1111.545000	12366.045000	14706.720000	-16720.740000	-19460.565000	8626.635000	15610.455000	20.417601	23.189905	27.830171	31.022522	11.685052	29.869931	-1.568523	-61.848406	1.129240	2.746800	-5.493600	0.789244	0.413695	0.420348	-1.000000	-1.000000	-1.000000	-1.000000	-1.000000	-1.000000	-1.000000	73.241379	0.000000	-1.000000	-1.000000	1912661.000000	1773868069.163325
-6594.885000	1169.190000	12414.285000	14753.070000	-16684.605000	-19420.785000	8664.795000	15623.640000	10.429775	10.398881	8.821017	8.654569	-12.552548	4.691313	-9.189890	-38.286894	1.129240	2.746800	-5.493600	0.789244	0.413695	0.420348	-1.000000	-1.000000	-1.000000	-1.000000	-1.000000	-1.000000	-1.000000	73.241379	0.000000	-1.000000	-1.000000	1912662.000000	1773868069.163335
-6519.735000	1279.260000	12513.015000	14843.520000	-16608.330000	-19371.645000	8692.380000	15613.695000	-2.583128	-7.875920	-16.786124	-21.354624	-33.288216	-25.289887	-15.493317	-11.988483	1.129240	2.746800	-5.493600	0.789244	0.413695	0.420348	-1.000000	-1.000000	-1.000000	-1.000000	-1.000000	-1.000000	-1.000000	73.241379	0.000000	-1.000000	-1.000000	1912663.000000	1773868069.165616
-6547.635000	1321.335000	12535.920000	14851.620000	-16596.270000	-19355.940000	8699.940000	15598.665000	-6.630213	-11.245768	-24.942491	-32.986889	-33.587865	-36.414069	-14.583638	1.062490	1.129240	2.746800	-5.493600	0.789244	0.413695	0.420348	-1.000000	-1.000000	-1.000000	-1.000000	-1.000000	-1.000000	-1.000000	73.241379	0.000000	-1.000000	-1.000000	1912664.000000	1773868069.165626
-6676.830000	1180.710000	12442.005000	14770.755000	-16665.975000	-19407.870000	8656.875000	15580.845000	-3.686532	1.987258	-11.587273	-20.845158	-15.550058	-24.676500	-7.444446	3.185053	1.129240	2.746800	-5.493600	0.789244	0.413695	0.420348	-1.000000	-1.000000	-1.000000	-1.000000	-1.000000	-1.000000	-1.000000	73.241379	0.000000	-1.000000	-1.000000	1912665.000000	1773868069.169564
-6629.625000	1145.430000	12413.520000	14757.795000	-16661.835000	-19415.925000	8623.080000	15561.585000	-6.164836	11.613496	4.070126	-3.022309	3.350638	-6.321266	-1.027627	6.399455	1.129240	2.746800	-5.493600	0.789244	0.413695	0.420348	-1.000000	-1.000000	-1.000000	-1.000000	-1.000000	-1.000000	-1.000000	73.241379	0.000000	-1.000000	-1.000000	1912666.000000	1773868069.169570
-6581.250000	1150.515000	12400.920000	14743.125000	-16662.690000	-19419.525000	8630.730000	15555.555000	-15.799065	1.121768	3.491412	1.940204	10.686625	2.374778	-0.189062	16.251578	1.129240	2.746800	-5.493600	0.789244	0.413695	0.420348	-1.000000	-1.000000	-1.000000	-1.000000	-1.000000	-1.000000	-1.000000	73.241379	0.000000	-1.000000	-1.000000	1912667.000000	1773868069.173678
-6543.810000	1179.135000	12423.105000	14755.680000	-16666.380000	-19425.150000	8645.580000	15575.310000	-19.411003	-20.513548	-10.330984	-5.810589	8.497258	0.693408	-1.838136	27.627807	1.129240	2.746800	-5.493600	0.789244	0.413695	0.420348	-1.000000	-1.000000	-1.000000	-1.000000	-1.000000	-1.000000	-1.000000	73.241379	0.000000	-1.000000	-1.000000	1912668.000000	1773868069.173687
-6575.175000	1172.205000	12429.045000	14762.160000	-16662.240000	-19418.490000	8654.310000	15594.210000	-6.429745	-28.355649	-17.017549	-9.627114	6.717387	0.401411	1.216662	33.162170	1.129240	2.746800	-5.493600	0.789244	0.413695	0.420348	-1.000000	-1.000000	-1.000000	-1.000000	-1.000000	-1.000000	-1.000000	73.241379	0.000000	-1.000000	-1.000000	1912669.000000	1773868069.177697
-6570.045000	1242.450000	12486.645000	14811.345000	-16608.600000	-19380.195000	8655.660000	15586.380000	17.281836	-9.450592	-2.484677	3.569063	12.746954	10.267234	10.419975	29.072388	1.129240	2.746800	-5.493600	0.789244	0.413695	0.420348	-1.000000	-1.000000	-1.000000	-1.000000	-1.000000	-1.000000	-1.000000	73.241379	0.000000	-1.000000	-1.000000	1912670.000000	1773868069.177708
-6560.685000	1264.095000	12491.370000	14809.455000	-16633.395000	-19386.810000	8664.570000	15587.955000	33.998014	23.378204	24.456143	26.945542	23.342112	25.356668	18.526922	14.709262	1.480220	3.143560	-7.813120	0.787718	0.414428	0.417968	-1.000000	-1.000000	-1.000000	-1.000000	-1.000000	-1.000000	-1.000000	73.241379	0.000000	-1.000000	-1.000000	1912671.000000	1773868069.181632
-6586.650000	1168.965000	12425.580000	14756.400000	-16702.290000	-19427.580000	8668.890000	15584.085000	30.219803	42.827913	40.024883	39.514248	24.657164	31.388745	17.664826	-6.361754	1.480220	3.143560	-7.813120	0.787718	0.414428	0.417968	-1.000000	-1.000000	-1.000000	-1.000000	-1.000000	-1.000000	-1.000000	73.241379	0.000000	-1.000000	-1.000000	1912672.000000	1773868069.181639
-6583.095000	1203.435000	12459.150000	14797.305000	-16639.560000	-19392.525000	8655.795000	15553.755000	8.675374	32.302043	29.501988	28.513851	8.322682	19.994303	7.367877	-25.299114	1.480220	3.143560	-7.813120	0.787718	0.414428	0.417968	-1.000000	-1.000000	-1.000000	-1.000000	-1.000000	-1.000000	-1.000000	73.241379	0.000000	-1.000000	-1.000000	1912673.000000	1773868069.185618
-6566.130000	1233.900000	12481.605000	14815.170000	-16621.740000	-19376.190000	8644.005000	15537.105000	-14.357473	3.203629	2.497947	3.114208	-14.710898	-1.591343	-5.780651	-32.910411	1.480220	3.143560	-7.813120	0.787718	0.414428	0.417968	-1.000000	-1.000000	-1.000000	-1.000000	-1.000000	-1.000000	-1.000000	73.241379	0.000000	-1.000000	-1.000000	1912674.000000	1773868069.185625
-6554.340000	1248.795000	12491.820000	14820.210000	-16612.830000	-19355.175000	8644.230000	15565.725000	-25.353959	-19.834455	-20.070125	-18.483990	-27.093368	-19.148703	-14.190631	-25.637168	1.480220	3.143560	-7.813120	0.787718	0.414428	0.417968	-1.000000	-1.000000	-1.000000	-1.000000	-1.000000	-1.000000	-1.000000	73.241379	0.000000	-1.000000	-1.000000	1912675.000000	1773868069.189640
-6582.690000	1227.555000	12479.940000	14816.295000	-16599.330000	-19352.835000	8662.185000	15588.090000	-24.299786	-25.862781	-27.656779	-27.366327	-23.512384	-24.772098	-14.527010	-7.223298	1.480220	3.143560	-7.813120	0.787718	0.414428	0.417968	-1.000000	-1.000000	-1.000000	-1.000000	-1.000000	-1.000000	-1.000000	73.241379	0.000000	-1.000000	-1.000000	1912676.000000	1773868069.189652
-6608.475000	1209.420000	12466.485000	14805.720000	-16613.685000	-19365.255000	8665.020000	15574.320000	-17.784311	-19.659329	-22.425814	-24.308255	-9.848964	-18.897562	-8.216518	12.519663	1.480220	3.143560	-7.813120	0.787718	0.414428	0.417968	-1.000000	-1.000000	-1.000000	-1.000000	-1.000000	-1.000000	-1.000000	73.241379	0.000000	-1.000000	-1.000000	1912677.000000	1773868069.193739
-6601.455000	1221.615000	12482.775000	14828.040000	-16617.915000	-19364.670000	8656.515000	15548.670000	-9.096634	-9.141986	-10.812379	-13.495647	4.628209	-7.074527	0.410770	22.394633	1.480220	3.143560	-7.813120	0.787718	0.414428	0.417968	-1.000000	-1.000000	-1.000000	-1.000000	-1.000000	-1.000000	-1.000000	73.241379	0.000000	-1.000000	-1.000000	1912678.000000	1773868069.193748
-6638.265000	1229.760000	12510.540000	14860.530000	-16576.695000	-19331.820000	8669.115000	15494.535000	0.621565	-0.566523	0.667594	-0.589920	12.498182	3.519516	6.287447	16.750261	1.480220	3.143560	-7.813120	0.787718	0.414428	0.417968	-1.000000	-1.000000	-1.000000	-1.000000	-1.000000	-1.000000	-1.000000	73.241379	0.000000	-1.000000	-1.000000	1912679.000000	1773868069.197642
-6617.340000	1262.295000	12539.160000	14880.375000	-16560.540000	-19301.220000	8692.110000	15486.120000	8.145922	2.883203	7.828851	9.189982	12.545517	9.126923	6.956415	-0.759986	1.480220	3.143560	-7.813120	0.787718	0.414428	0.417968	-1.000000	-1.000000	-1.000000	-1.000000	-1.000000	-1.000000	-1.000000	73.241379	0.000000	-1.000000	-1.000000	1912680.000000	1773868069.197652
-6495.120000	1294.290000	12550.770000	14885.955000	-16548.030000	-19310.175000	8694.720000	15531.120000	13.237121	4.079499	10.775090	13.509500	8.629428	10.322386	3.969479	-17.842527	-7.141680	3.189340	-0.915600	0.783873	0.411193	0.421569	-1.000000	-1.000000	-1.000000	-1.000000	-1.000000	-1.000000	-1.000000	73.241379	0.000000	-1.000000	-1.000000	1912681.000000	1773868069.201711
-6419.745000	1334.160000	12574.305000	14902.425000	-16529.490000	-19295.415000	8722.620000	15558.930000	21.136932	7.916430	11.196563	12.292787	3.713565	7.836972	0.987239	-20.446740	-7.141680	3.189340	-0.915600	0.783873	0.411193	0.421569	-1.000000	-1.000000	-1.000000	-1.000000	-1.000000	-1.000000	-1.000000	73.241379	0.000000	-1.000000	-1.000000	1912682.000000	1773868069.201719
-6489.630000	1325.025000	12563.370000	14883.255000	-16549.515000	-19335.465000	8711.010000	15616.620000	30.180883	13.231651	8.798716	6.046562	-2.180987	1.228301	0.721207	-4.436474	-7.141680	3.189340	-0.915600	0.783873	0.411193	0.421569	-1.000000	-1.000000	-1.000000	-1.000000	-1.000000	-1.000000	-1.000000	73.241379	0.000000	-1.000000	-1.000000	1912683.000000	1773868069.205794
-6511.545000	1274.445000	12503.250000	14817.510000	-16628.220000	-19413.045000	8662.905000	15693.660000	27.457766	12.968888	1.754092	-4.428970	-10.080870	-9.566513	1.416252	20.530363	-7.141680	3.189340	-0.915600	0.783873	0.411193	0.421569	-1.000000	-1.000000	-1.000000	-1.000000	-1.000000	-1.000000	-1.000000	73.241379	0.000000	-1.000000	-1.000000	1912684.000000	1773868069.205803
-6533.820000	1190.835000	12430.980000	14761.260000	-16683.795000	-19420.965000	8644.860000	15709.905000	6.573360	2.215168	-10.157350	-16.860152	-19.813085	-21.430946	-1.667461	38.780386	-7.141680	3.189340	-0.915600	0.783873	0.411193	0.421569	-1.000000	-1.000000	-1.000000	-1.000000	-1.000000	-1.000000	-1.000000	73.241379	0.000000	-1.000000	-1.000000	1912685.000000	1773868069.209677
-6608.655000	1115.685000	12371.130000	14721.795000	-16700.220000	-19435.500000	8621.280000	15604.830000	-22.367533	-16.009243	-23.019240	-26.168310	-26.949999	-26.478331	-9.116225	37.309151	-7.141680	3.189340	-0.915600	0.783873	0.411193	0.421569	-1.000000	-1.000000	-1.000000	-1.000000	-1.000000	-1.000000	-1.000000	73.241379	0.000000	-1.000000	-1.000000	1912686.000000	1773868069.209685
-6604.020000	1133.955000	12381.345000	14721.255000	-16707.285000	-19456.740000	8615.475000	15591.735000	-43.727477	-32.175054	-30.107134	-26.901161	-24.769937	-19.082947	-15.670377	12.953061	-7.141680	3.189340	-0.915600	0.783873	0.411193	0.421569	-1.000000	-1.000000	-1.000000	-1.000000	-1.000000	-1.000000	-1.000000	73.241379	0.000000	-1.000000	-1.000000	1912687.000000	1773868069.220074
-6573.060000	1183.725000	12424.320000	14750.010000	-16684.065000	-19446.930000	8634.825000	15601.950000	-46.387618	-35.151888	-25.390551	-16.972291	-11.329892	-2.797123	-15.745070	-21.753225	-7.141680	3.189340	-0.915600	0.783873	0.411193	0.421569	-1.000000	-1.000000	-1.000000	-1.000000	-1.000000	-1.000000	-1.000000	73.241379	0.000000	-1.000000	-1.000000	1912688.000000	1773868069.220084
-6590.430000	1186.425000	12426.930000	14751.720000	-16670.160000	-19430.685000	8643.285000	15577.155000	-29.144985	-19.581257	-7.515539	1.417672	8.840852	14.302769	-7.877201	-46.516828	-7.141680	3.189340	-0.915600	0.783873	0.411193	0.421569	-1.000000	-1.000000	-1.000000	-1.000000	-1.000000	-1.000000	-1.000000	73.241379	0.000000	-1.000000	-1.000000	1912689.000000	1773868069.220095
-6603.750000	1199.745000	12443.490000	14773.005000	-16662.420000	-19404.045000	8629.830000	15504.615000	-3.988739	7.705810	16.873045	21.857134	27.714372	26.540366	4.406088	-51.025941	-7.141680	3.189340	-0.915600	0.783873	0.411193	0.421569	-1.000000	-1.000000	-1.000000	-1.000000	-1.000000	-1.000000	-1.000000	73.241379	0.000000	-1.000000	-1.000000	1912690.000000	1773868069.220100
-6637.725000	1195.110000	12449.115000	14772.510000	-16692.570000	-19378.215000	8635.860000	15452.370000	13.525598	31.639455	36.038270	35.781793	36.584823	31.532763	14.881050	-39.747419	-2.762060	8.560860	-2.563680	0.788755	0.407775	0.419249	-1.000000	-1.000000	-1.000000	-1.000000	-1.000000	-1.000000	-1.000000	73.241379	0.000000	-1.000000	-1.000000	1912691.000000	1773868069.221832
-6622.875000	1196.370000	12458.025000	14790.645000	-16632.855000	-19353.555000	8664.480000	15547.095000	18.903099	40.653620	41.534176	37.818850	32.267269	29.623523	19.780524	-21.038945	-2.762060	8.560860	-2.563680	0.788755	0.407775	0.419249	-1.000000	-1.000000	-1.000000	-1.000000	-1.000000	-1.000000	-1.000000	73.241379	0.000000	-1.000000	-1.000000	1912692.000000	1773868069.221842
-6572.250000	1215.000000	12467.025000	14793.300000	-16634.565000	-19385.100000	8675.955000	15668.460000	19.552400	34.539445	33.818778	29.579582	21.127592	22.717744	20.081105	2.436114	-2.762060	8.560860	-2.563680	0.788755	0.407775	0.419249	-1.000000	-1.000000	-1.000000	-1.000000	-1.000000	-1.000000	-1.000000	73.241379	0.000000	-1.000000	-1.000000	1912693.000000	1773868069.225758
-6542.865000	1272.825000	12514.635000	14838.435000	-16601.265000	-19348.515000	8669.970000	15597.720000	23.746786	22.843033	20.629415	17.491678	11.657660	12.008335	17.443954	29.086902	-2.762060	8.560860	-2.563680	0.788755	0.407775	0.419249	-1.000000	-1.000000	-1.000000	-1.000000	-1.000000	-1.000000	-1.000000	73.241379	0.000000	-1.000000	-1.000000	1912694.000000	1773868069.225768
-6520.140000	1326.555000	12569.175000	14900.850000	-16578.405000	-19321.695000	8662.320000	15543.180000	31.727123	15.093268	9.883500	7.441452	5.965924	-0.659181	11.271468	49.457647	-2.762060	8.560860	-2.563680	0.788755	0.407775	0.419249	-1.000000	-1.000000	-1.000000	-1.000000	-1.000000	-1.000000	-1.000000	73.241379	0.000000	-1.000000	-1.000000	1912695.000000	1773868069.229693
-6576.930000	1291.410000	12537.270000	14875.695000	-16557.255000	-19313.460000	8668.260000	15517.485000	34.574389	10.246716	1.902661	-0.139427	0.602860	-11.876051	1.085599	51.415843	-2.762060	8.560860	-2.563680	0.788755	0.407775	0.419249	-1.000000	-1.000000	-1.000000	-1.000000	-1.000000	-1.000000	-1.000000	73.241379	0.000000	-1.000000	-1.000000	1912696.000000	1773868069.229703
-6621.750000	1239.930000	12474.045000	14813.190000	-16583.535000	-19401.615000	8665.290000	15545.295000	21.295056	-1.763213	-10.529565	-10.880750	-8.544426	-20.976853	-11.156512	32.948836	-2.762060	8.560860	-2.563680	0.788755	0.407775	0.419249	-1.000000	-1.000000	-1.000000	-1.000000	-1.000000	-1.000000	-1.000000	73.241379	0.000000	-1.000000	-1.000000	1912697.000000	1773868069.233699
-6632.280000	1163.520000	12436.335000	14769.135000	-16649.865000	-19410.705000	8663.760000	15564.420000	-8.563201	-25.813683	-30.964003	-28.476594	-22.764667	-30.125125	-21.316342	5.511331	-2.762060	8.560860	-2.563680	0.788755	0.407775	0.419249	-1.000000	-1.000000	-1.000000	-1.000000	-1.000000	-1.000000	-1.000000	73.241379	0.000000	-1.000000	-1.000000	1912698.000000	1773868069.233706
-6579.180000	1192.500000	12456.720000	14789.295000	-16632.765000	-19379.745000	8632.800000	15608.475000	-39.709591	-52.289612	-50.703711	-46.392252	-37.787398	-36.967769	-25.263091	-14.404187	-2.762060	8.560860	-2.563680	0.788755	0.407775	0.419249	-1.000000	-1.000000	-1.000000	-1.000000	-1.000000	-1.000000	-1.000000	73.241379	0.000000	-1.000000	-1.000000	1912699.000000	1773868069.237697
-6525.225000	1264.365000	12501.090000	14822.685000	-16641.090000	-19394.190000	8620.830000	15657.930000	-51.444013	-62.178017	-54.555685	-51.019186	-43.898493	-34.262334	-21.966174	-17.918846	-2.762060	8.560860	-2.563680	0.788755	0.407775	0.419249	-1.000000	-1.000000	-1.000000	-1.000000	-1.000000	-1.000000	-1.000000	73.241379	0.000000	-1.000000	-1.000000	1912700.000000	1773868069.237704
-6523.290000	1253.430000	12495.060000	14827.590000	-16618.095000	-19394.235000	8644.005000	15592.860000	-35.698471	-43.142288	-34.706313	-34.054231	-33.796182	-18.771783	-13.221185	-12.318566	-2.960440	5.981920	-1.892240	0.790098	0.407164	0.423156	-1.000000	-1.000000	-1.000000	-1.000000	-1.000000	-1.000000	-1.000000	73.241379	0.000000	-1.000000	-1.000000	1912701.000000	1773868069.241668
-6547.635000	1232.640000	12491.190000	14839.335000	-16594.155000	-19355.355000	8692.155000	15447.825000	-5.204910	-3.447108	0.800863	-1.301479	-9.487976	5.301838	-0.552095	-14.930914	-2.960440	5.981920	-1.892240	0.790098	0.407164	0.423156	-1.000000	-1.000000	-1.000000	-1.000000	-1.000000	-1.000000	-1.000000	73.241379	0.000000	-1.000000	-1.000000	1912702.000000	1773868069.241676
-6512.715000	1278.450000	12527.010000	14861.385000	-16579.035000	-19340.280000	8705.880000	15502.905000	19.464967	34.284862	33.745180	30.893913	19.107770	29.045158	14.377966	-29.856898	-2.960440	5.981920	-1.892240	0.790098	0.407164	0.423156	-1.000000	-1.000000	-1.000000	-1.000000	-1.000000	-1.000000	-1.000000	73.241379	0.000000	-1.000000	-1.000000	1912703.000000	1773868069.248013
-6553.890000	1200.375000	12434.670000	14761.080000	-16653.780000	-19420.380000	8661.105000	15671.070000	27.437020	51.049940	47.871736	45.601112	38.053389	40.976502	26.019926	-36.390515	-2.960440	5.981920	-1.892240	0.790098	0.407164	0.423156	-1.000000	-1.000000	-1.000000	-1.000000	-1.000000	-1.000000	-1.000000	73.241379	0.000000	-1.000000	-1.000000	1912704.000000	1773868069.248024
-6588.720000	1198.935000	12437.550000	14765.895000	-16636.725000	-19410.570000	8646.705000	15620.715000	20.007646	41.654921	37.784502	35.816006	37.119014	33.849774	26.295099	-15.326638	-2.960440	5.981920	-1.892240	0.790098	0.407164	0.423156	-1.000000	-1.000000	-1.000000	-1.000000	-1.000000	-1.000000	-1.000000	73.241379	0.000000	-1.000000	-1.000000	1912705.000000	1773868069.249692
-6590.790000	1192.140000	12457.395000	14803.470000	-16610.355000	-19363.545000	8666.505000	15601.905000	5.093996	16.668507	13.798778	12.142382	20.208914	14.349961	13.437879	21.803357	-2.960440	5.981920	-1.892240	0.790098	0.407164	0.423156	-1.000000	-1.000000	-1.000000	-1.000000	-1.000000	-1.000000	-1.000000	73.241379	0.000000	-1.000000	-1.000000	1912706.000000	1773868069.249703
-6593.130000	1201.455000	12442.410000	14770.980000	-16680.690000	-19445.940000	8646.615000	15635.205000	-8.156351	-5.772107	-6.393834	-6.598970	1.377558	-3.697537	-4.328957	46.533166	-2.960440	5.981920	-1.892240	0.790098	0.407164	0.423156	-1.000000	-1.000000	-1.000000	-1.000000	-1.000000	-1.000000	-1.000000	73.241379	0.000000	-1.000000	-1.000000	1912707.000000	1773868069.258761
-6591.240000	1215.270000	12447.990000	14764.455000	-16699.410000	-19436.940000	8650.170000	15582.150000	-14.748371	-15.224373	-14.270300	-12.585676	-10.799935	-15.033622	-16.450493	43.408966	-2.960440	5.981920	-1.892240	0.790098	0.407164	0.423156	-1.000000	-1.000000	-1.000000	-1.000000	-1.000000	-1.000000	-1.000000	73.241379	0.000000	-1.000000	-1.000000	1912708.000000	1773868069.258775
-6616.395000	1173.735000	12457.530000	14813.910000	-16603.605000	-19343.340000	8662.635000	15472.530000	-15.055671	-14.380840	-12.802979	-10.002214	-14.777564	-19.090477	-17.850974	14.624604	-2.960440	5.981920	-1.892240	0.790098	0.407164	0.423156	-1.000000	-1.000000	-1.000000	-1.000000	-1.000000	-1.000000	-1.000000	73.241379	0.000000	-1.000000	-1.000000	1912709.000000	1773868069.258908
-6550.515000	1245.330000	12516.435000	14865.885000	-16552.845000	-19299.690000	8685.855000	15472.935000	-10.421042	-9.681310	-6.481912	-3.048113	-8.954011	-12.223484	-10.467461	-24.777089	-2.960440	5.981920	-1.892240	0.790098	0.407164	0.423156	-1.000000	-1.000000	-1.000000	-1.000000	-1.000000	-1.000000	-1.000000	73.241379	0.000000	-1.000000	-1.000000	1912710.000000	1773868069.258918
-6492.465000	1272.960000	12525.885000	14865.390000	-16568.730000	-19325.790000	8702.820000	15601.635000	0.163678	-2.536374	2.375941	5.663362	3.964330	2.856566	-0.470640	-48.124639	-1.617560	3.509800	-3.570840	0.791746	0.411376	0.425658	-1.000000	-1.000000	-1.000000	-1.000000	-1.000000	-1.000000	-1.000000	73.241379	0.000000	-1.000000	-1.000000	1912711.000000	1773868069.261692
-6573.195000	1217.385000	12468.510000	14801.895000	-16640.730000	-19399.455000	8663.445000	15626.070000	14.185667	5.498044	9.083673	10.329564	13.215282	13.222626	6.233428	-36.274980	-1.617560	3.509800	-3.570840	0.791746	0.411376	0.425658	-1.000000	-1.000000	-1.000000	-1.000000	-1.000000	-1.000000	-1.000000	73.241379	0.000000	-1.000000	-1.000000	1912712.000000	1773868069.261702
-6589.530000	1243.845000	12503.160000	14838.030000	-16596.045000	-19345.995000	8663.445000	15560.820000	22.214341	9.389596	8.871744	6.900022	10.684223	10.500845	7.227139	-1.286097	-1.617560	3.509800	-3.570840	0.791746	0.411376	0.425658	-1.000000	-1.000000	-1.000000	-1.000000	-1.000000	-1.000000	-1.000000	73.241379	0.000000	-1.000000	-1.000000	1912713.000000	1773868069.266382
-6499.170000	1328.310000	12574.845000	14903.730000	-16531.695000	-19290.105000	8705.610000	15636.240000	19.722432	8.989961	4.543543	0.107506	0.752192	0.860689	4.625099	28.013861	-1.617560	3.509800	-3.570840	0.791746	0.411376	0.425658	-1.000000	-1.000000	-1.000000	-1.000000	-1.000000	-1.000000	-1.000000	73.241379	0.000000	-1.000000	-1.000000	1912714.000000	1773868069.266392
-6539.040000	1229.940000	12466.305000	14792.445000	-16641.720000	-19391.220000	8675.280000	15701.760000	12.011561	7.788582	0.932248	-4.252559	-7.555532	-6.255411	2.106826	38.159958	-1.617560	3.509800	-3.570840	0.791746	0.411376	0.425658	-1.000000	-1.000000	-1.000000	-1.000000	-1.000000	-1.000000	-1.000000	73.241379	0.000000	-1.000000	-1.000000	1912715.000000	1773868069.271472
-6635.970000	1116.450000	12366.630000	14707.395000	-16706.205000	-19447.785000	8626.410000	15618.960000	1.728368	2.022780	-5.258739	-9.016399	-12.434767	-10.450711	0.044081	31.641600	-1.617560	3.509800	-3.570840	0.791746	0.411376	0.425658	-1.000000	-1.000000	-1.000000	-1.000000	-1.000000	-1.000000	-1.000000	73.241379	0.000000	-1.000000	-1.000000	1912716.000000	1773868069.271492
-6610.500000	1169.730000	12423.960000	14760.540000	-16663.095000	-19420.830000	8632.935000	15582.285000	-12.794816	-12.819229	-17.352637	-17.423569	-15.817650	-14.711424	-3.337709	12.762687	-1.617560	3.509800	-3.570840	0.791746	0.411376	0.425658	-1.000000	-1.000000	-1.000000	-1.000000	-1.000000	-1.000000	-1.000000	73.241379	0.000000	-1.000000	-1.000000	1912717.000000	1773868069.274451
-6607.890000	1207.125000	12470.580000	14800.500000	-16633.125000	-19410.030000	8657.055000	15580.530000	-26.418452	-27.280889	-26.721435	-23.141519	-16.314305	-17.534909	-7.034036	-10.534843	-1.617560	3.509800	-3.570840	0.791746	0.411376	0.425658	-1.000000	-1.000000	-1.000000	-1.000000	-1.000000	-1.000000	-1.000000	73.241379	0.000000	-1.000000	-1.000000	1912718.000000	1773868069.274462
-6629.130000	1189.260000	12454.290000	14784.300000	-16646.490000	-19395.675000	8657.010000	15580.710000	-30.704164	-27.696265	-22.604574	-18.432086	-11.987904	-15.265460	-8.051609	-26.347856	-1.617560	3.509800	-3.570840	0.791746	0.411376	0.425658	-1.000000	-1.000000	-1.000000	-1.000000	-1.000000	-1.000000	-1.000000	73.241379	0.000000	-1.000000	-1.000000	1912719.000000	1773868069.279233
-6663.015000	1156.545000	12428.640000	14768.730000	-16643.295000	-19396.620000	8658.045000	15580.080000	-24.418479	-14.146240	-6.581534	-4.441149	-3.135363	-5.642729	-5.303328	-29.838911	-1.617560	3.509800	-3.570840	0.791746	0.411376	0.425658	-1.000000	-1.000000	-1.000000	-1.000000	-1.000000	-1.000000	-1.000000	73.241379	0.000000	-1.000000	-1.000000	1912720.000000	1773868069.279243
-6614.505000	1193.535000	12446.550000	14776.830000	-16618.005000	-19391.805000	8663.490000	15563.160000	-9.899659	4.310246	12.011669	12.315129	9.276211	10.296979	0.642561	-25.112298	-1.922760	4.547480	-3.387720	0.797544	0.414000	0.423034	-1.000000	-1.000000	-1.000000	-1.000000	-1.000000	-1.000000	-1.000000	73.241379	0.000000	-1.000000	-1.000000	1912721.000000	1773868069.281851
-6506.595000	1303.245000	12542.355000	14859.180000	-16563.645000	-19345.995000	8674.695000	15583.545000	12.082554	21.587773	26.332444	26.025195	22.002501	25.952691	7.995720	-15.729717	-1.922760	4.547480	-3.387720	0.797544	0.414000	0.423034	-1.000000	-1.000000	-1.000000	-1.000000	-1.000000	-1.000000	-1.000000	73.241379	0.000000	-1.000000	-1.000000	1912722.000000	1773868069.281858
-6482.430000	1318.185000	12549.195000	14868.000000	-16589.115000	-19348.875000	8661.780000	15612.480000	36.108539	34.256309	33.214087	32.536674	28.411451	32.473615	12.558180	-2.770417	-1.922760	4.547480	-3.387720	0.797544	0.414000	0.423034	-1.000000	-1.000000	-1.000000	-1.000000	-1.000000	-1.000000	-1.000000	73.241379	0.000000	-1.000000	-1.000000	1912723.000000	1773868069.285821
-6506.820000	1290.555000	12530.565000	14855.625000	-16613.505000	-19348.965000	8648.595000	15576.975000	49.935443	38.517216	31.806063	30.677576	24.766303	27.423292	11.124520	9.869902	-1.922760	4.547480	-3.387720	0.797544	0.414000	0.423034	-1.000000	-1.000000	-1.000000	-1.000000	-1.000000	-1.000000	-1.000000	73.241379	0.000000	-1.000000	-1.000000	1912724.000000	1773868069.285828
-6529.770000	1264.995000	12499.200000	14824.485000	-16627.230000	-19360.710000	8666.370000	15573.240000	44.134181	31.309980	22.550020	21.557170	13.640316	15.462426	5.705582	17.816813	-1.922760	4.547480	-3.387720	0.797544	0.414000	0.423034	-1.000000	-1.000000	-1.000000	-1.000000	-1.000000	-1.000000	-1.000000	73.241379	0.000000	-1.000000	-1.000000	1912725.000000	1773868069.289907
-6540.120000	1195.605000	12434.805000	14772.510000	-16657.020000	-19383.345000	8688.105000	15598.125000	19.239130	10.881279	4.300180	4.237371	-2.017275	0.062456	0.649198	21.530284	-1.922760	4.547480	-3.387720	0.797544	0.414000	0.423034	-1.000000	-1.000000	-1.000000	-1.000000	-1.000000	-1.000000	-1.000000	73.241379	0.000000	-1.000000	-1.000000	1912726.000000	1773868069.289916
-6591.510000	1155.420000	12421.485000	14772.195000	-16652.430000	-19401.345000	8669.385000	15590.610000	-15.448904	-20.311697	-22.253476	-20.803367	-20.162170	-17.753495	-2.819607	22.811604	-1.922760	4.547480	-3.387720	0.797544	0.414000	0.423034	-1.000000	-1.000000	-1.000000	-1.000000	-1.000000	-1.000000	-1.000000	73.241379	0.000000	-1.000000	-1.000000	1912727.000000	1773868069.293821
-6604.560000	1173.375000	12426.975000	14764.860000	-16665.570000	-19409.760000	8629.560000	15542.730000	-45.864744	-49.806840	-46.442887	-43.488786	-34.099080	-33.281132	-6.813626	18.893004	-1.922760	4.547480	-3.387720	0.797544	0.414000	0.423034	-1.000000	-1.000000	-1.000000	-1.000000	-1.000000	-1.000000	-1.000000	73.241379	0.000000	-1.000000	-1.000000	1912728.000000	1773868069.293827
-6563.520000	1225.395000	12458.835000	14792.490000	-16641.000000	-19398.420000	8624.250000	15503.715000	-57.680311	-58.812116	-51.806593	-48.823076	-34.824254	-38.011903	-12.070212	5.513409	-1.922760	4.547480	-3.387720	0.797544	0.414000	0.423034	-1.000000	-1.000000	-1.000000	-1.000000	-1.000000	-1.000000	-1.000000	73.241379	0.000000	-1.000000	-1.000000	1912729.000000	1773868069.297800
-6548.040000	1272.105000	12492.045000	14815.485000	-16627.005000	-19398.195000	8659.170000	15528.105000	-44.629757	-38.756755	-32.085889	-31.330085	-20.366300	-27.556490	-14.876074	-13.764083	-1.922760	4.547480	-3.387720	0.797544	0.414000	0.423034	-1.000000	-1.000000	-1.000000	-1.000000	-1.000000	-1.000000	-1.000000	73.241379	0.000000	-1.000000	-1.000000	1912730.000000	1773868069.297810
-6608.475000	1165.140000	12436.695000	14771.610000	-16670.790000	-19440.990000	8668.980000	15620.175000	-16.909725	-3.546354	0.006940	-2.242225	0.391440	-8.139573	-10.802495	-26.514865	1.556520	8.255660	-1.297100	0.795835	0.414855	0.421325	-1.000000	-1.000000	-1.000000	-1.000000	-1.000000	-1.000000	-1.000000	73.241379	0.000000	-1.000000	-1.000000	1912731.000000	1773868069.301840
-6610.995000	1155.780000	12416.805000	14749.335000	-16683.615000	-19420.155000	8657.370000	15619.320000	7.104535	22.532391	24.142460	20.368195	15.847121	9.419968	-0.366027	-23.260170	1.556520	8.255660	-1.297100	0.795835	0.414855	0.421325	-1.000000	-1.000000	-1.000000	-1.000000	-1.000000	-1.000000	-1.000000	73.241379	0.000000	-1.000000	-1.000000	1912732.000000	1773868069.301850
-6571.755000	1198.755000	12449.565000	14782.680000	-16643.205000	-19385.685000	8655.840000	15620.355000	20.070541	30.192097	31.942421	28.743330	22.811330	20.957664	11.052687	-6.610664	1.556520	8.255660	-1.297100	0.795835	0.414855	0.421325	-1.000000	-1.000000	-1.000000	-1.000000	-1.000000	-1.000000	-1.000000	73.241379	0.000000	-1.000000	-1.000000	1912733.000000	1773868069.305752
-6544.350000	1233.945000	12480.570000	14808.060000	-16635.015000	-19363.455000	8664.480000	15607.440000	27.160891	28.503687	29.560749	27.837060	24.693000	27.816924	17.247388	12.251808	1.556520	8.255660	-1.297100	0.795835	0.414855	0.421325	-1.000000	-1.000000	-1.000000	-1.000000	-1.000000	-1.000000	-1.000000	73.241379	0.000000	-1.000000	-1.000000	1912734.000000	1773868069.305762
-6556.365000	1233.675000	12482.730000	14806.260000	-16657.920000	-19362.195000	8675.055000	15578.145000	31.975132	26.968544	24.710929	23.814515	22.316074	29.463540	15.059585	21.621800	1.556520	8.255660	-1.297100	0.795835	0.414855	0.421325	-1.000000	-1.000000	-1.000000	-1.000000	-1.000000	-1.000000	-1.000000	73.241379	0.000000	-1.000000	-1.000000	1912735.000000	1773868069.311226
-6586.605000	1203.705000	12447.675000	14770.305000	-16684.830000	-19420.740000	8670.600000	15579.450000	31.372604	25.038669	18.172832	16.968767	13.308521	22.842296	6.699803	16.521354	1.556520	8.255660	-1.297100	0.795835	0.414855	0.421325	-1.000000	-1.000000	-1.000000	-1.000000	-1.000000	-1.000000	-1.000000	73.241379	0.000000	-1.000000	-1.000000	1912736.000000	1773868069.311236
-6580.620000	1222.200000	12464.145000	14797.620000	-16618.365000	-19390.230000	8659.935000	15571.035000	21.693049	16.714998	7.012653	5.620839	-0.662575	7.378808	-2.137177	2.426800	1.556520	8.255660	-1.297100	0.795835	0.414855	0.421325	-1.000000	-1.000000	-1.000000	-1.000000	-1.000000	-1.000000	-1.000000	73.241379	0.000000	-1.000000	-1.000000	1912737.000000	1773868069.313811
-6558.120000	1264.905000	12512.925000	14845.275000	-16573.815000	-19345.635000	8680.680000	15549.930000	4.401160	0.327499	-7.549420	-7.295551	-11.770643	-10.281439	-7.142714	-10.399942	1.556520	8.255660	-1.297100	0.795835	0.414855	0.421325	-1.000000	-1.000000	-1.000000	-1.000000	-1.000000	-1.000000	-1.000000	73.241379	0.000000	-1.000000	-1.000000	1912738.000000	1773868069.313821
-6563.430000	1289.295000	12548.070000	14881.365000	-16540.155000	-19320.570000	8682.840000	15471.540000	-14.180349	-17.824850	-19.108631	-15.553067	-13.756210	-20.152773	-7.982907	-17.627670	1.556520	8.255660	-1.297100	0.795835	0.414855	0.421325	-1.000000	-1.000000	-1.000000	-1.000000	-1.000000	-1.000000	-1.000000	73.241379	0.000000	-1.000000	-1.000000	1912739.000000	1773868069.317876
-6569.865000	1306.845000	12553.065000	14869.080000	-16565.715000	-19339.290000	8687.745000	15485.670000	-26.464372	-27.578857	-21.613047	-15.636700	-7.698560	-18.305428	-6.615947	-22.238850	1.556520	8.255660	-1.297100	0.795835	0.414855	0.421325	-1.000000	-1.000000	-1.000000	-1.000000	-1.000000	-1.000000	-1.000000	73.241379	0.000000	-1.000000	-1.000000	1912740.000000	1773868069.317887
-6566.085000	1258.920000	12514.140000	14849.820000	-16577.415000	-19335.195000	8669.835000	15617.925000	-27.616132	-23.818369	-14.791350	-9.575462	-0.005509	-9.622124	-4.402021	-22.174402	-3.860780	6.683880	-1.632820	0.794248	0.411986	0.420775	-1.000000	-1.000000	-1.000000	-1.000000	-1.000000	-1.000000	-1.000000	73.241379	0.000000	-1.000000	-1.000000	1912741.000000	1773868069.321866
-6563.970000	1204.110000	12465.180000	14811.660000	-16613.370000	-19371.600000	8650.665000	15649.020000	-18.904165	-13.516835	-6.180835	-4.042078	1.895735	-2.806550	-2.358289	-8.120514	-3.860780	6.683880	-1.632820	0.794248	0.411986	0.420775	-1.000000	-1.000000	-1.000000	-1.000000	-1.000000	-1.000000	-1.000000	73.241379	0.000000	-1.000000	-1.000000	1912742.000000	1773868069.321876
-6558.030000	1184.715000	12427.830000	14758.470000	-16677.720000	-19441.755000	8643.915000	15627.060000	-6.405202	-7.914662	-4.518481	-5.298840	-5.501369	-4.021416	-2.080802	18.614168	-3.860780	6.683880	-1.632820	0.794248	0.411986	0.420775	-1.000000	-1.000000	-1.000000	-1.000000	-1.000000	-1.000000	-1.000000	73.241379	0.000000	-1.000000	-1.000000	1912743.000000	1773868069.325808
-6567.120000	1205.730000	12439.845000	14758.605000	-16694.730000	-19453.320000	8641.845000	15614.010000	4.589400	-8.245430	-9.477740	-12.372298	-17.857888	-11.955711	-3.564626	40.856483	-3.860780	6.683880	-1.632820	0.794248	0.411986	0.420775	-1.000000	-1.000000	-1.000000	-1.000000	-1.000000	-1.000000	-1.000000	73.241379	0.000000	-1.000000	-1.000000	1912744.000000	1773868069.325816
-6571.710000	1240.155000	12472.470000	14792.220000	-16652.610000	-19384.695000	8630.775000	15559.335000	11.924363	-6.171373	-11.655314	-16.350234	-24.673347	-16.575762	-4.153708	42.253715	-3.860780	6.683880	-1.632820	0.794248	0.411986	0.420775	-1.000000	-1.000000	-1.000000	-1.000000	-1.000000	-1.000000	-1.000000	73.241379	0.000000	-1.000000	-1.000000	1912745.000000	1773868069.329808
-6605.865000	1171.755000	12441.285000	14789.205000	-16626.150000	-19362.420000	8644.275000	15514.380000	13.864829	2.198599	-4.627893	-9.933725	-18.234175	-8.265576	-1.401944	20.413874	-3.860780	6.683880	-1.632820	0.794248	0.411986	0.420775	-1.000000	-1.000000	-1.000000	-1.000000	-1.000000	-1.000000	-1.000000	73.241379	0.000000	-1.000000	-1.000000	1912746.000000	1773868069.329820
-6602.580000	1194.390000	12450.015000	14787.810000	-16629.975000	-19399.095000	8659.980000	15554.205000	8.677118	10.034239	6.599068	3.376141	-1.571556	9.299330	4.114807	-11.619351	-3.860780	6.683880	-1.632820	0.794248	0.411986	0.420775	-1.000000	-1.000000	-1.000000	-1.000000	-1.000000	-1.000000	-1.000000	73.241379	0.000000	-1.000000	-1.000000	1912747.000000	1773868069.333920
-6598.845000	1193.985000	12441.510000	14771.610000	-16648.875000	-19407.735000	8679.105000	15651.405000	-0.884365	11.104731	13.174960	13.963682	14.998423	22.452737	9.521758	-32.688769	-3.860780	6.683880	-1.632820	0.794248	0.411986	0.420775	-1.000000	-1.000000	-1.000000	-1.000000	-1.000000	-1.000000	-1.000000	73.241379	0.000000	-1.000000	-1.000000	1912748.000000	1773868069.333930
-6597.720000	1247.220000	12488.760000	14808.870000	-16624.755000	-19383.930000	8675.820000	15622.470000	-7.669921	8.899998	13.787187	17.572844	24.231961	23.390333	12.300401	-30.920887	-3.860780	6.683880	-1.632820	0.794248	0.411986	0.420775	-1.000000	-1.000000	-1.000000	-1.000000	-1.000000	-1.000000	-1.000000	73.241379	0.000000	-1.000000	-1.000000	1912749.000000	1773868069.337775
-6600.915000	1211.805000	12466.845000	14798.520000	-16639.830000	-19382.580000	8655.705000	15624.855000	-7.388589	9.855767	13.414151	17.097781	25.511161	15.389203	11.188103	-15.315216	-3.860780	6.683880	-1.632820	0.794248	0.411986	0.420775	-1.000000	-1.000000	-1.000000	-1.000000	-1.000000	-1.000000	-1.000000	73.241379	0.000000	-1.000000	-1.000000	1912750.000000	1773868069.337784
-6591.465000	1155.195000	12431.160000	14785.920000	-16634.835000	-19381.905000	8645.805000	15640.110000	-1.985896	13.242294	13.967960	15.372984	20.945633	5.688214	5.906001	-2.207628	-2.121140	5.615680	1.297100	0.793455	0.409789	0.423705	-1.000000	-1.000000	-1.000000	-1.000000	-1.000000	-1.000000	-1.000000	73.241379	0.000000	-1.000000	-1.000000	1912751.000000	1773868069.341799
-6533.820000	1214.595000	12480.120000	14826.150000	-16593.255000	-19345.320000	8675.685000	15626.655000	4.956696	13.190679	12.784393	12.689439	14.020023	0.202726	-1.674010	3.109763	-2.121140	5.615680	1.297100	0.793455	0.409789	0.423705	-1.000000	-1.000000	-1.000000	-1.000000	-1.000000	-1.000000	-1.000000	73.241379	0.000000	-1.000000	-1.000000	1912752.000000	1773868069.341805
-6541.470000	1237.320000	12491.505000	14830.380000	-16581.105000	-19327.950000	8687.070000	15566.175000	11.636285	8.085502	8.526798	8.989799	8.227013	0.786359	-7.236094	3.840958	-2.121140	5.615680	1.297100	0.793455	0.409789	0.423705	-1.000000	-1.000000	-1.000000	-1.000000	-1.000000	-1.000000	-1.000000	73.241379	0.000000	-1.000000	-1.000000	1912753.000000	1773868069.345883
-6596.145000	1216.125000	12464.100000	14790.555000	-16632.315000	-19391.040000	8662.455000	15534.675000	14.802692	0.618778	1.429322	2.546749	1.645105	1.803286	-8.017165	2.695428	-2.121140	5.615680	1.297100	0.793455	0.409789	0.423705	-1.000000	-1.000000	-1.000000	-1.000000	-1.000000	-1.000000	-1.000000	73.241379	0.000000	-1.000000	-1.000000	1912754.000000	1773868069.345890
-6574.275000	1261.215000	12507.795000	14829.885000	-16612.965000	-19395.270000	8672.625000	15553.170000	10.183038	-6.515450	-7.727581	-8.272071	-10.480185	-4.896805	-6.019019	1.818400	-2.121140	5.615680	1.297100	0.793455	0.409789	0.423705	-1.000000	-1.000000	-1.000000	-1.000000	-1.000000	-1.000000	-1.000000	73.241379	0.000000	-1.000000	-1.000000	1912755.000000	1773868069.349847
-6581.475000	1251.720000	12503.700000	14826.375000	-16581.015000	-19366.065000	8677.080000	15564.420000	-0.949519	-10.899638	-15.418218	-19.360173	-24.751555	-17.345562	-4.690951	2.728326	-2.121140	5.615680	1.297100	0.793455	0.409789	0.423705	-1.000000	-1.000000	-1.000000	-1.000000	-1.000000	-1.000000	-1.000000	73.241379	0.000000	-1.000000	-1.000000	1912756.000000	1773868069.349856
-6582.195000	1203.750000	12453.930000	14790.375000	-16551.720000	-19371.015000	8644.725000	15591.780000	-12.046562	-12.755985	-18.654159	-24.231220	-29.997444	-24.158474	-5.184164	3.964564	-2.121140	5.615680	1.297100	0.793455	0.409789	0.423705	-1.000000	-1.000000	-1.000000	-1.000000	-1.000000	-1.000000	-1.000000	73.241379	0.000000	-1.000000	-1.000000	1912757.000000	1773868069.353818
-6574.770000	1143.360000	12386.925000	14717.835000	-16739.055000	-19433.565000	8638.110000	15617.700000	-17.329005	-15.414935	-19.177067	-22.287027	-22.921560	-19.860916	-6.471869	3.996992	-2.121140	5.615680	1.297100	0.793455	0.409789	0.423705	-1.000000	-1.000000	-1.000000	-1.000000	-1.000000	-1.000000	-1.000000	73.241379	0.000000	-1.000000	-1.000000	1912758.000000	1773868069.353838
-6584.625000	1163.385000	12406.995000	14731.425000	-16758.180000	-19443.240000	8645.805000	15589.485000	-15.035411	-18.283216	-18.271913	-16.862297	-13.521597	-9.696178	-5.810450	3.286019	-2.121140	5.615680	1.297100	0.793455	0.409789	0.423705	-1.000000	-1.000000	-1.000000	-1.000000	-1.000000	-1.000000	-1.000000	73.241379	0.000000	-1.000000	-1.000000	1912759.000000	1773868069.357761
-6565.725000	1210.545000	12469.005000	14810.310000	-16627.905000	-19387.755000	8643.285000	15577.785000	-7.732346	-14.150397	-11.374179	-7.218130	-7.061642	1.015458	-1.148212	1.618700	-2.121140	5.615680	1.297100	0.793455	0.409789	0.423705	-1.000000	-1.000000	-1.000000	-1.000000	-1.000000	-1.000000	-1.000000	73.241379	0.000000	-1.000000	-1.000000	1912760.000000	1773868069.357772
-6552.045000	1239.390000	12493.890000	14824.845000	-16608.465000	-19377.540000	8648.910000	15565.770000	0.196893	0.413455	4.556681	8.728833	3.585269	11.601322	5.474861	-0.819636	0.106820	4.425400	0.381500	0.790830	0.419310	0.421874	-1.000000	-1.000000	-1.000000	-1.000000	-1.000000	-1.000000	-1.000000	73.241379	0.000000	-1.000000	-1.000000	1912761.000000	1773868069.361783
-6575.490000	1225.980000	12480.210000	14814.360000	-16600.320000	-19371.285000	8657.640000	15547.275000	6.014208	17.693520	22.630754	25.593307	20.649713	20.296408	10.156187	-1.398505	0.106820	4.425400	0.381500	0.790830	0.419310	0.421874	-1.000000	-1.000000	-1.000000	-1.000000	-1.000000	-1.000000	-1.000000	73.241379	0.000000	-1.000000	-1.000000	1912762.000000	1773868069.361791
-6611.355000	1217.700000	12484.755000	14822.865000	-16605.225000	-19371.690000	8654.130000	15537.195000	8.746836	26.424655	31.558722	33.331522	34.545817	23.454442	11.260261	1.468307	0.106820	4.425400	0.381500	0.790830	0.419310	0.421874	-1.000000	-1.000000	-1.000000	-1.000000	-1.000000	-1.000000	-1.000000	73.241379	0.000000	-1.000000	-1.000000	1912763.000000	1773868069.365660
-6678.855000	1198.485000	12472.380000	14813.730000	-16621.965000	-19381.860000	8649.720000	15507.045000	6.693560	21.234793	25.544160	26.595812	34.722206	19.273569	8.732412	4.541133	0.106820	4.425400	0.381500	0.790830	0.419310	0.421874	-1.000000	-1.000000	-1.000000	-1.000000	-1.000000	-1.000000	-1.000000	73.241379	0.000000	-1.000000	-1.000000	1912764.000000	1773868069.365671
-6620.580000	1229.040000	12487.365000	14818.680000	-16639.335000	-19368.900000	8654.895000	15480.405000	-0.119415	5.970194	8.198049	8.684915	18.262764	8.612108	3.224351	2.120739	0.106820	4.425400	0.381500	0.790830	0.419310	0.421874	-1.000000	-1.000000	-1.000000	-1.000000	-1.000000	-1.000000	-1.000000	73.241379	0.000000	-1.000000	-1.000000	1912765.000000	1773868069.369778
-6495.660000	1278.450000	12506.355000	14824.845000	-16637.400000	-19372.320000	8676.585000	15597.585000	-4.138197	-7.542769	-9.058202	-9.984472	-6.647244	-4.353951	-2.192253	-5.522310	0.106820	4.425400	0.381500	0.790830	0.419310	0.421874	-1.000000	-1.000000	-1.000000	-1.000000	-1.000000	-1.000000	-1.000000	73.241379	0.000000	-1.000000	-1.000000	1912766.000000	1773868069.369795
-6470.055000	1259.055000	12458.835000	14770.665000	-16682.130000	-19404.090000	8677.485000	15690.690000	3.267679	-9.138059	-16.033417	-19.595077	-24.139346	-13.554869	-3.799751	-8.494494	0.106820	4.425400	0.381500	0.790830	0.419310	0.421874	-1.000000	-1.000000	-1.000000	-1.000000	-1.000000	-1.000000	-1.000000	73.241379	0.000000	-1.000000	-1.000000	1912767.000000	1773868069.375832
-6563.475000	1197.450000	12457.080000	14788.080000	-16638.750000	-19384.695000	8661.645000	15610.275000	16.894878	-1.896878	-13.268493	-19.165238	-24.540126	-15.898184	-1.927678	-0.029702	0.106820	4.425400	0.381500	0.790830	0.419310	0.421874	-1.000000	-1.000000	-1.000000	-1.000000	-1.000000	-1.000000	-1.000000	73.241379	0.000000	-1.000000	-1.000000	1912768.000000	1773868069.375842
-6610.860000	1201.680000	12483.045000	14829.255000	-16593.615000	-19357.425000	8648.955000	15530.580000	19.624225	1.367458	-8.637889	-14.053019	-12.963650	-12.761465	-0.726119	10.945624	0.106820	4.425400	0.381500	0.790830	0.419310	0.421874	-1.000000	-1.000000	-1.000000	-1.000000	-1.000000	-1.000000	-1.000000	73.241379	0.000000	-1.000000	-1.000000	1912769.000000	1773868069.377850
-6505.875000	1290.645000	12551.985000	14884.110000	-16554.420000	-19304.685000	8686.170000	15446.115000	4.680223	-4.509360	-5.900548	-7.248673	-0.170875	-6.505136	-2.486380	10.133036	0.106820	4.425400	0.381500	0.790830	0.419310	0.421874	-1.000000	-1.000000	-1.000000	-1.000000	-1.000000	-1.000000	-1.000000	73.241379	0.000000	-1.000000	-1.000000	1912770.000000	1773868069.377860
-6451.515000	1336.500000	12583.485000	14906.565000	-16531.245000	-19279.530000	8730.990000	15492.465000	-13.102136	-10.175733	-1.666197	1.995147	8.345608	1.832078	-4.194740	-3.449064	-8.286180	1.892240	2.563680	0.787535	0.425048	0.418700	-1.000000	-1.000000	-1.000000	-1.000000	-1.000000	-1.000000	-1.000000	73.241379	0.000000	-1.000000	-1.000000	1912771.000000	1773868069.381819
-6564.735000	1197.090000	12443.985000	14772.330000	-16654.230000	-19412.055000	8665.335000	15671.250000	-17.463108	-7.965395	4.187694	10.162158	10.140835	8.530721	-2.793135	-14.173206	-8.286180	1.892240	2.563680	0.787535	0.425048	0.418700	-1.000000	-1.000000	-1.000000	-1.000000	-1.000000	-1.000000	-1.000000	73.241379	0.000000	-1.000000	-1.000000	1912772.000000	1773868069.381830
-6621.930000	1131.165000	12382.920000	14710.770000	-16720.515000	-19480.815000	8647.380000	15695.010000	-11.363294	-4.690491	3.213133	7.913805	1.689408	5.455002	-1.187771	-6.086884	-8.286180	1.892240	2.563680	0.787535	0.425048	0.418700	-1.000000	-1.000000	-1.000000	-1.000000	-1.000000	-1.000000	-1.000000	73.241379	0.000000	-1.000000	-1.000000	1912773.000000	1773868069.385810
-6607.620000	1170.855000	12427.470000	14755.320000	-16679.340000	-19427.130000	8670.285000	15657.390000	-7.933961	-8.109481	-7.557804	-5.802365	-14.082690	-8.398957	-2.772242	15.662144	-8.286180	1.892240	2.563680	0.787535	0.425048	0.418700	-1.000000	-1.000000	-1.000000	-1.000000	-1.000000	-1.000000	-1.000000	73.241379	0.000000	-1.000000	-1.000000	1912774.000000	1773868069.385820
-6567.480000	1214.505000	12473.100000	14796.360000	-16642.980000	-19363.995000	8669.520000	15639.930000	-12.048230	-12.507271	-16.189522	-16.773496	-22.758128	-19.050408	-5.215093	26.882442	-8.286180	1.892240	2.563680	0.787535	0.425048	0.418700	-1.000000	-1.000000	-1.000000	-1.000000	-1.000000	-1.000000	-1.000000	73.241379	0.000000	-1.000000	-1.000000	1912775.000000	1773868069.389844
-6575.040000	1205.955000	12463.605000	14793.525000	-16627.320000	-19367.505000	8637.390000	15603.660000	-16.500586	-7.160804	-9.895177	-11.285801	-12.262952	-12.322423	-5.078372	11.803681	-8.286180	1.892240	2.563680	0.787535	0.425048	0.418700	-1.000000	-1.000000	-1.000000	-1.000000	-1.000000	-1.000000	-1.000000	73.241379	0.000000	-1.000000	-1.000000	1912776.000000	1773868069.389850
-6609.870000	1186.470000	12446.775000	14785.470000	-16625.340000	-19404.990000	8617.320000	15569.640000	-11.502768	8.644654	8.330982	7.040396	10.897672	7.557013	-2.538492	-19.046943	-8.286180	1.892240	2.563680	0.787535	0.425048	0.418700	-1.000000	-1.000000	-1.000000	-1.000000	-1.000000	-1.000000	-1.000000	73.241379	0.000000	-1.000000	-1.000000	1912777.000000	1773868069.393792
-6627.105000	1185.795000	12444.750000	14780.880000	-16637.895000	-19405.395000	8639.640000	15559.965000	3.204803	23.650953	22.850257	21.608266	27.217685	22.546132	0.721143	-40.347588	-8.286180	1.892240	2.563680	0.787535	0.425048	0.418700	-1.000000	-1.000000	-1.000000	-1.000000	-1.000000	-1.000000	-1.000000	73.241379	0.000000	-1.000000	-1.000000	1912778.000000	1773868069.393802
-6611.355000	1242.270000	12470.175000	14780.655000	-16659.540000	-19423.665000	8650.035000	15552.855000	17.190446	26.075693	22.098905	20.529276	23.915613	20.416180	3.653760	-35.810866	-8.286180	1.892240	2.563680	0.787535	0.425048	0.418700	-1.000000	-1.000000	-1.000000	-1.000000	-1.000000	-1.000000	-1.000000	73.241379	0.000000	-1.000000	-1.000000	1912779.000000	1773868069.397780
-6595.830000	1264.410000	12484.845000	14795.055000	-16644.825000	-19418.175000	8656.155000	15547.050000	21.913997	16.012135	9.157735	6.902794	5.476708	4.990127	5.617945	-11.391718	-8.286180	1.892240	2.563680	0.787535	0.425048	0.418700	-1.000000	-1.000000	-1.000000	-1.000000	-1.000000	-1.000000	-1.000000	73.241379	0.000000	-1.000000	-1.000000	1912780.000000	1773868069.397789
-6605.865000	1166.670000	12444.345000	14786.145000	-16639.920000	-19396.890000	8670.960000	15571.935000	20.052604	3.457458	-3.038038	-5.480513	-11.182647	-8.303082	7.355322	12.192477	-2.533160	0.686700	-1.403920	0.788572	0.415160	0.415343	-1.000000	-1.000000	-1.000000	-1.000000	-1.000000	-1.000000	-1.000000	73.241379	0.000000	-1.000000	-1.000000	1912781.000000	1773868069.404393
-6559.200000	1231.200000	12493.620000	14820.300000	-16617.870000	-19374.570000	8678.970000	15612.795000	18.393135	-4.068166	-5.264959	-6.008040	-12.401097	-7.110194	9.954117	21.355471	-2.533160	0.686700	-1.403920	0.788572	0.415160	0.415343	-1.000000	-1.000000	-1.000000	-1.000000	-1.000000	-1.000000	-1.000000	73.241379	0.000000	-1.000000	-1.000000	1912782.000000	1773868069.404403
-6564.240000	1205.280000	12469.770000	14809.005000	-16617.555000	-19372.545000	8661.915000	15611.445000	16.514588	-6.690736	-0.034583	2.409163	-0.544290	4.817319	11.062947	19.079051	-2.533160	0.686700	-1.403920	0.788572	0.415160	0.415343	-1.000000	-1.000000	-1.000000	-1.000000	-1.000000	-1.000000	-1.000000	73.241379	0.000000	-1.000000	-1.000000	1912783.000000	1773868069.410536
-6560.595000	1183.095000	12436.875000	14774.130000	-16643.115000	-19410.795000	8644.635000	15589.710000	8.455958	-8.820623	2.867967	7.966400	10.787749	12.677874	6.795618	13.003761	-2.533160	0.686700	-1.403920	0.788572	0.415160	0.415343	-1.000000	-1.000000	-1.000000	-1.000000	-1.000000	-1.000000	-1.000000	73.241379	0.000000	-1.000000	-1.000000	1912784.000000	1773868069.410547
-6557.040000	1223.280000	12473.145000	14798.160000	-16615.350000	-19391.580000	8645.355000	15548.490000	-6.020703	-12.037438	-1.741927	3.463175	11.140136	7.633952	-2.017785	6.660682	-2.533160	0.686700	-1.403920	0.788572	0.415160	0.415343	-1.000000	-1.000000	-1.000000	-1.000000	-1.000000	-1.000000	-1.000000	73.241379	0.000000	-1.000000	-1.000000	1912785.000000	1773868069.410662
-6551.055000	1279.530000	12544.920000	14881.185000	-16557.165000	-19325.520000	8666.685000	15495.795000	-18.516885	-11.378021	-8.218595	-6.331966	1.664899	-4.535907	-9.610555	1.312921	-2.533160	0.686700	-1.403920	0.788572	0.415160	0.415343	-1.000000	-1.000000	-1.000000	-1.000000	-1.000000	-1.000000	-1.000000	73.241379	0.000000	-1.000000	-1.000000	1912786.000000	1773868069.410672
-6569.820000	1288.755000	12556.620000	14894.865000	-16575.255000	-19343.520000	8705.340000	15510.780000	-22.290612	-3.680084	-8.446380	-11.170863	-8.491895	-12.207651	-11.257917	-2.080806	-2.533160	0.686700	-1.403920	0.788572	0.415160	0.415343	-1.000000	-1.000000	-1.000000	-1.000000	-1.000000	-1.000000	-1.000000	73.241379	0.000000	-1.000000	-1.000000	1912787.000000	1773868069.415662
-6596.550000	1240.245000	12486.960000	14810.850000	-16655.805000	-19401.390000	8696.070000	15577.920000	-19.366295	4.419444	-3.767746	-8.726133	-13.867633	-12.176804	-7.346374	-1.777573	-2.533160	0.686700	-1.403920	0.788572	0.415160	0.415343	-1.000000	-1.000000	-1.000000	-1.000000	-1.000000	-1.000000	-1.000000	73.241379	0.000000	-1.000000	-1.000000	1912788.000000	1773868069.415674
-6563.790000	1247.985000	12479.535000	14797.755000	-16638.795000	-19351.755000	8653.590000	15509.025000	-13.999538	5.129393	-1.713850	-5.794194	-15.584972	-8.712043	-2.502631	1.378298	-2.533160	0.686700	-1.403920	0.788572	0.415160	0.415343	-1.000000	-1.000000	-1.000000	-1.000000	-1.000000	-1.000000	-1.000000	73.241379	0.000000	-1.000000	-1.000000	1912789.000000	1773868069.417942
-6513.210000	1273.140000	12508.875000	14831.775000	-16572.060000	-19340.955000	8631.270000	15544.575000	-5.477130	1.455999	-3.281444	-5.669129	-12.744017	-3.650844	-1.540671	1.376566	-2.533160	0.686700	-1.403920	0.788572	0.415160	0.415343	-1.000000	-1.000000	-1.000000	-1.000000	-1.000000	-1.000000	-1.000000	73.241379	0.000000	-1.000000	-1.000000	1912790.000000	1773868069.417949
-6575.670000	1225.035000	12496.500000	14837.085000	-16571.970000	-19333.215000	8649.180000	15629.580000	5.572865	-0.268388	-3.757723	-4.805395	-2.753407	2.490219	-4.688324	-3.405425	0.839300	3.860780	1.205540	0.787901	0.406066	0.417113	-1.000000	-1.000000	-1.000000	-1.000000	-1.000000	-1.000000	-1.000000	73.241379	0.000000	-1.000000	-1.000000	1912791.000000	1773868069.422187
-6650.955000	1144.395000	12416.490000	14759.505000	-16668.315000	-19398.645000	8651.025000	15631.470000	10.842788	-2.005757	-2.586740	-1.784725	9.303453	5.804169	-6.886043	-6.071113	0.839300	3.860780	1.205540	0.787901	0.406066	0.417113	-1.000000	-1.000000	-1.000000	-1.000000	-1.000000	-1.000000	-1.000000	73.241379	0.000000	-1.000000	-1.000000	1912792.000000	1773868069.422193
-6589.350000	1173.600000	12427.785000	14760.810000	-16669.395000	-19425.465000	8661.285000	15622.740000	5.195906	-7.075375	-2.544574	0.522584	13.251731	2.679627	-3.222823	-2.129503	0.839300	3.860780	1.205540	0.787901	0.406066	0.417113	-1.000000	-1.000000	-1.000000	-1.000000	-1.000000	-1.000000	-1.000000	73.241379	0.000000	-1.000000	-1.000000	1912793.000000	1773868069.425739
-6498.090000	1273.995000	12523.545000	14850.945000	-16594.290000	-19359.720000	8672.715000	15548.085000	-2.256129	-10.514705	-2.555943	1.433653	6.790156	-4.514086	5.712523	4.760742	0.839300	3.860780	1.205540	0.787901	0.406066	0.417113	-1.000000	-1.000000	-1.000000	-1.000000	-1.000000	-1.000000	-1.000000	73.241379	0.000000	-1.000000	-1.000000	1912794.000000	1773868069.425750
-6526.845000	1273.455000	12536.505000	14878.755000	-16544.790000	-19304.865000	8673.165000	15522.660000	0.389671	-5.491864	1.085144	3.695297	-1.500333	-8.157476	13.895380	7.707880	0.839300	3.860780	1.205540	0.787901	0.406066	0.417113	-1.000000	-1.000000	-1.000000	-1.000000	-1.000000	-1.000000	-1.000000	73.241379	0.000000	-1.000000	-1.000000	1912795.000000	1773868069.437379
-6618.060000	1202.220000	12456.135000	14794.335000	-16633.260000	-19402.650000	8634.330000	15600.780000	9.991425	4.951476	6.873230	7.175347	-3.422653	-3.885185	14.196694	3.948009	0.839300	3.860780	1.205540	0.787901	0.406066	0.417113	-1.000000	-1.000000	-1.000000	-1.000000	-1.000000	-1.000000	-1.000000	73.241379	0.000000	-1.000000	-1.000000	1912796.000000	1773868069.437391
-6591.060000	1139.670000	12379.410000	14707.485000	-16731.945000	-19480.635000	8627.985000	15683.985000	13.739460	10.449703	8.208949	7.201031	-0.926578	2.837796	4.957802	-1.574237	0.839300	3.860780	1.205540	0.787901	0.406066	0.417113	-1.000000	-1.000000	-1.000000	-1.000000	-1.000000	-1.000000	-1.000000	73.241379	0.000000	-1.000000	-1.000000	1912797.000000	1773868069.437404
-6592.860000	1142.280000	12383.055000	14710.185000	-16720.110000	-19454.220000	8648.505000	15618.465000	6.920852	6.457000	2.421858	1.207103	-1.404849	3.724257	-6.589266	-2.922606	0.839300	3.860780	1.205540	0.787901	0.406066	0.417113	-1.000000	-1.000000	-1.000000	-1.000000	-1.000000	-1.000000	-1.000000	73.241379	0.000000	-1.000000	-1.000000	1912798.000000	1773868069.437409
-6591.780000	1240.560000	12454.380000	14764.365000	-16664.265000	-19425.150000	8647.965000	15591.780000	-4.875974	-0.409701	-4.820619	-6.445149	-5.965292	-0.755929	-11.054453	-3.035194	0.839300	3.860780	1.205540	0.787901	0.406066	0.417113	-1.000000	-1.000000	-1.000000	-1.000000	-1.000000	-1.000000	-1.000000	73.241379	0.000000	-1.000000	-1.000000	1912799.000000	1773868069.437857
-6555.420000	1292.985000	12526.785000	14825.880000	-16561.440000	-19384.380000	8654.670000	15569.460000	-12.610954	1.086902	-3.889155	-7.158606	-6.102948	-2.413048	-6.563704	-9.278893	0.839300	3.860780	1.205540	0.787901	0.406066	0.417113	-1.000000	-1.000000	-1.000000	-1.000000	-1.000000	-1.000000	-1.000000	73.241379	0.000000	-1.000000	-1.000000	1912800.000000	1773868069.437877
-6588.135000	1204.695000	12467.925000	14793.750000	-16559.190000	-19378.260000	8660.790000	15556.860000	-9.848947	13.261076	8.619263	3.491872	6.477681	4.739053	1.638697	-20.205985	4.913720	5.371520	-1.113980	0.785765	0.404784	0.419127	-1.000000	-1.000000	-1.000000	-1.000000	-1.000000	-1.000000	-1.000000	73.241379	0.000000	-1.000000	-1.000000	1912801.000000	1773868069.441764
-6606.405000	1127.385000	12394.035000	14729.625000	-16744.320000	-19450.620000	8658.630000	15598.260000	-0.862013	21.535167	20.968384	16.959764	23.193031	16.246653	7.596887	-24.147053	4.913720	5.371520	-1.113980	0.785765	0.404784	0.419127	-1.000000	-1.000000	-1.000000	-1.000000	-1.000000	-1.000000	-1.000000	73.241379	0.000000	-1.000000	-1.000000	1912802.000000	1773868069.441779
-6608.745000	1112.760000	12373.335000	14710.545000	-16774.065000	-19461.465000	8667.945000	15609.420000	3.157354	9.231567	15.480126	16.755727	21.190990	18.516578	8.030650	-10.848149	4.913720	5.371520	-1.113980	0.785765	0.404784	0.419127	-1.000000	-1.000000	-1.000000	-1.000000	-1.000000	-1.000000	-1.000000	73.241379	0.000000	-1.000000	-1.000000	1912803.000000	1773868069.445752
-6570.855000	1185.345000	12440.970000	14772.915000	-16686.990000	-19385.280000	8647.335000	15582.195000	0.077200	-18.437414	-7.878289	-0.650635	-4.782048	5.860613	3.143763	15.288683	4.913720	5.371520	-1.113980	0.785765	0.404784	0.419127	-1.000000	-1.000000	-1.000000	-1.000000	-1.000000	-1.000000	-1.000000	73.241379	0.000000	-1.000000	-1.000000	1912804.000000	1773868069.445774
-6570.180000	1230.255000	12485.610000	14816.295000	-16630.065000	-19373.670000	8649.720000	15573.510000	-1.143151	-35.793123	-26.713771	-17.221402	-28.600319	-8.414997	-3.616708	34.679145	4.913720	5.371520	-1.113980	0.785765	0.404784	0.419127	-1.000000	-1.000000	-1.000000	-1.000000	-1.000000	-1.000000	-1.000000	73.241379	0.000000	-1.000000	-1.000000	1912805.000000	1773868069.450422
-6600.240000	1210.320000	12463.560000	14783.580000	-16665.795000	-19416.960000	8678.520000	15584.805000	3.878369	-24.985132	-21.518626	-14.579779	-24.578954	-9.813508	-7.293402	31.627594	4.913720	5.371520	-1.113980	0.785765	0.404784	0.419127	-1.000000	-1.000000	-1.000000	-1.000000	-1.000000	-1.000000	-1.000000	73.241379	0.000000	-1.000000	-1.000000	1912806.000000	1773868069.450446
-6578.955000	1214.010000	12463.110000	14785.695000	-16641.270000	-19377.855000	8662.770000	15576.705000	8.870223	4.488078	1.847058	3.254902	2.003472	-1.388419	-5.438836	10.855935	4.913720	5.371520	-1.113980	0.785765	0.404784	0.419127	-1.000000	-1.000000	-1.000000	-1.000000	-1.000000	-1.000000	-1.000000	73.241379	0.000000	-1.000000	-1.000000	1912807.000000	1773868069.453727
-6558.390000	1239.120000	12503.340000	14845.905000	-16584.030000	-19334.880000	8638.785000	15558.975000	8.245176	27.678777	21.220978	17.567321	25.991877	5.329374	-1.090765	-10.929859	4.913720	5.371520	-1.113980	0.785765	0.404784	0.419127	-1.000000	-1.000000	-1.000000	-1.000000	-1.000000	-1.000000	-1.000000	73.241379	0.000000	-1.000000	-1.000000	1912808.000000	1773868069.453737
-6544.395000	1320.030000	12564.360000	14889.285000	-16557.705000	-19319.940000	8618.715000	15543.360000	3.762322	30.873640	23.519641	18.009708	30.480003	5.306693	0.573918	-22.051846	4.913720	5.371520	-1.113980	0.785765	0.404784	0.419127	-1.000000	-1.000000	-1.000000	-1.000000	-1.000000	-1.000000	-1.000000	73.241379	0.000000	-1.000000	-1.000000	1912809.000000	1773868069.457704
-6582.015000	1268.460000	12538.980000	14878.935000	-16554.870000	-19314.180000	8644.230000	15527.115000	-0.896021	20.194181	13.544665	8.829228	17.474662	0.881920	-1.569508	-20.515715	4.913720	5.371520	-1.113980	0.785765	0.404784	0.419127	-1.000000	-1.000000	-1.000000	-1.000000	-1.000000	-1.000000	-1.000000	73.241379	0.000000	-1.000000	-1.000000	1912810.000000	1773868069.457714
-6645.960000	1131.750000	12422.970000	14768.865000	-16673.355000	-19391.265000	8676.900000	15568.335000	-5.912007	4.428287	-0.170118	-3.414144	-1.065615	-4.535824	-3.427229	-10.137921	-3.341940	6.058220	-3.738700	0.784666	0.412352	0.416198	-1.000000	-1.000000	-1.000000	-1.000000	-1.000000	-1.000000	-1.000000	73.241379	0.000000	-1.000000	-1.000000	1912811.000000	1773868069.461868
-6646.680000	1124.370000	12383.955000	14712.435000	-16742.970000	-19419.930000	8675.955000	15624.405000	-12.858302	-15.451814	-16.196267	-18.191860	-18.319892	-11.365185	-1.045346	4.608759	-3.341940	6.058220	-3.738700	0.784666	0.412352	0.416198	-1.000000	-1.000000	-1.000000	-1.000000	-1.000000	-1.000000	-1.000000	73.241379	0.000000	-1.000000	-1.000000	1912812.000000	1773868069.461877
-6577.200000	1170.990000	12416.175000	14745.915000	-16687.080000	-19430.820000	8637.975000	15546.015000	-17.577435	-34.837446	-32.032808	-33.333574	-32.968970	-20.082401	4.232634	18.032996	-3.341940	6.058220	-3.738700	0.784666	0.412352	0.416198	-1.000000	-1.000000	-1.000000	-1.000000	-1.000000	-1.000000	-1.000000	73.241379	0.000000	-1.000000	-1.000000	1912813.000000	1773868069.465782
-6582.150000	1217.295000	12464.415000	14797.620000	-16612.965000	-19408.230000	8647.695000	15489.045000	-12.562545	-40.616470	-37.053030	-37.800205	-37.412015	-24.507357	7.424620	20.324065	-3.341940	6.058220	-3.738700	0.784666	0.412352	0.416198	-1.000000	-1.000000	-1.000000	-1.000000	-1.000000	-1.000000	-1.000000	73.241379	0.000000	-1.000000	-1.000000	1912814.000000	1773868069.465793
-6625.755000	1192.320000	12456.045000	14794.380000	-16618.275000	-19388.970000	8672.310000	15560.055000	1.446727	-24.989701	-22.654447	-21.976422	-22.728827	-16.572304	5.971322	7.751165	-3.341940	6.058220	-3.738700	0.784666	0.412352	0.416198	-1.000000	-1.000000	-1.000000	-1.000000	-1.000000	-1.000000	-1.000000	73.241379	0.000000	-1.000000	-1.000000	1912815.000000	1773868069.471763
-6658.245000	1161.315000	12440.610000	14780.115000	-16638.390000	-19396.125000	8663.085000	15563.925000	13.475431	2.822931	4.645776	7.505654	4.549996	2.047228	2.113472	-8.492954	-3.341940	6.058220	-3.738700	0.784666	0.412352	0.416198	-1.000000	-1.000000	-1.000000	-1.000000	-1.000000	-1.000000	-1.000000	73.241379	0.000000	-1.000000	-1.000000	1912816.000000	1773868069.471773
-6617.250000	1174.455000	12447.405000	14785.200000	-16637.715000	-19392.075000	8655.570000	15583.905000	14.743846	24.039968	26.972486	31.224214	25.134015	19.392098	-0.773546	-14.652477	-3.341940	6.058220	-3.738700	0.784666	0.412352	0.416198	-1.000000	-1.000000	-1.000000	-1.000000	-1.000000	-1.000000	-1.000000	73.241379	0.000000	-1.000000	-1.000000	1912817.000000	1773868069.473845
-6590.970000	1184.580000	12457.485000	14796.360000	-16627.905000	-19378.755000	8662.005000	15581.925000	8.227639	28.293586	32.069732	35.683713	27.039964	25.579337	-1.658271	-7.952087	-3.341940	6.058220	-3.738700	0.784666	0.412352	0.416198	-1.000000	-1.000000	-1.000000	-1.000000	-1.000000	-1.000000	-1.000000	73.241379	0.000000	-1.000000	-1.000000	1912818.000000	1773868069.473851
-6567.390000	1189.935000	12464.685000	14803.920000	-16621.920000	-19371.240000	8673.075000	15597.405000	3.543862	21.011870	23.147399	24.243295	16.030365	21.275004	-1.710032	4.455259	-3.341940	6.058220	-3.738700	0.784666	0.412352	0.416198	-1.000000	-1.000000	-1.000000	-1.000000	-1.000000	-1.000000	-1.000000	73.241379	0.000000	-1.000000	-1.000000	1912819.000000	1773868069.477811
-6543.990000	1205.460000	12465.315000	14799.735000	-16626.060000	-19385.820000	8667.810000	15607.575000	6.111450	14.495705	12.418271	10.303737	6.780269	13.514640	-2.646635	12.513333	-3.341940	6.058220	-3.738700	0.784666	0.412352	0.416198	-1.000000	-1.000000	-1.000000	-1.000000	-1.000000	-1.000000	-1.000000	73.241379	0.000000	-1.000000	-1.000000	1912820.000000	1773868069.477821
-6537.870000	1214.415000	12459.195000	14786.325000	-16645.590000	-19398.780000	8665.695000	15591.465000	12.169856	13.432664	7.032642	2.725363	6.145847	6.763739	-4.441285	10.346452	-3.509800	6.683880	0.045780	0.782286	0.416747	0.417663	-1.000000	-1.000000	-1.000000	-1.000000	-1.000000	-1.000000	-1.000000	73.241379	0.000000	-1.000000	-1.000000	1912821.000000	1773868069.481882
-6513.255000	1280.205000	12523.320000	14838.210000	-16609.095000	-19369.755000	8695.395000	15567.030000	12.839906	12.051864	4.354000	-0.083256	7.686628	0.999152	-4.323783	0.426916	-3.509800	6.683880	0.045780	0.782286	0.416747	0.417663	-1.000000	-1.000000	-1.000000	-1.000000	-1.000000	-1.000000	-1.000000	73.241379	0.000000	-1.000000	-1.000000	1912822.000000	1773868069.481892
-6551.055000	1309.140000	12570.255000	14900.895000	-16532.595000	-19304.415000	8737.425000	15549.300000	3.791511	5.422607	0.628396	-2.152173	4.117799	-3.275367	0.031664	-9.857904	-3.509800	6.683880	0.045780	0.782286	0.416747	0.417663	-1.000000	-1.000000	-1.000000	-1.000000	-1.000000	-1.000000	-1.000000	73.241379	0.000000	-1.000000	-1.000000	1912823.000000	1773868069.485999
-6568.830000	1268.100000	12536.910000	14877.675000	-16547.220000	-19309.635000	8703.405000	15544.980000	-10.694722	-4.873780	-4.085875	-3.968141	-2.955773	-4.670435	6.265587	-15.833549	-3.509800	6.683880	0.045780	0.782286	0.416747	0.417663	-1.000000	-1.000000	-1.000000	-1.000000	-1.000000	-1.000000	-1.000000	73.241379	0.000000	-1.000000	-1.000000	1912824.000000	1773868069.486013
-6586.875000	1208.025000	12464.955000	14789.655000	-16648.650000	-19396.035000	8634.330000	15523.470000	-22.898948	-16.424739	-10.711588	-7.448533	-10.572186	-6.043816	7.990204	-16.987235	-3.509800	6.683880	0.045780	0.782286	0.416747	0.417663	-1.000000	-1.000000	-1.000000	-1.000000	-1.000000	-1.000000	-1.000000	73.241379	0.000000	-1.000000	-1.000000	1912825.000000	1773868069.490820
-6597.855000	1157.310000	12407.400000	14733.810000	-16687.215000	-19431.945000	8608.545000	15580.080000	-27.960563	-28.490997	-21.541862	-16.795296	-20.239962	-12.762738	1.080321	-12.731678	-3.509800	6.683880	0.045780	0.782286	0.416747	0.417663	-1.000000	-1.000000	-1.000000	-1.000000	-1.000000	-1.000000	-1.000000	73.241379	0.000000	-1.000000	-1.000000	1912826.000000	1773868069.490831
-6565.815000	1165.995000	12407.355000	14731.605000	-16675.020000	-19437.750000	8628.975000	15608.205000	-24.568020	-37.149047	-33.156897	-29.591946	-29.673784	-23.513921	-10.653605	-1.746641	-3.509800	6.683880	0.045780	0.782286	0.416747	0.417663	-1.000000	-1.000000	-1.000000	-1.000000	-1.000000	-1.000000	-1.000000	73.241379	0.000000	-1.000000	-1.000000	1912827.000000	1773868069.493795
-6563.655000	1195.470000	12433.320000	14758.875000	-16673.040000	-19435.860000	8629.560000	15648.345000	-12.921964	-33.731153	-34.833958	-34.141687	-29.299872	-28.576821	-18.096072	13.471274	-3.509800	6.683880	0.045780	0.782286	0.416747	0.417663	-1.000000	-1.000000	-1.000000	-1.000000	-1.000000	-1.000000	-1.000000	73.241379	0.000000	-1.000000	-1.000000	1912828.000000	1773868069.493804
-6557.940000	1220.535000	12450.285000	14767.830000	-16681.770000	-19427.940000	8617.095000	15620.985000	3.605908	-13.659343	-18.615350	-20.554067	-13.244108	-19.547900	-15.325310	24.884551	-3.509800	6.683880	0.045780	0.782286	0.416747	0.417663	-1.000000	-1.000000	-1.000000	-1.000000	-1.000000	-1.000000	-1.000000	73.241379	0.000000	-1.000000	-1.000000	1912829.000000	1773868069.498022
-6583.680000	1204.785000	12452.535000	14776.830000	-16662.825000	-19417.005000	8637.345000	15604.020000	17.341491	14.506958	9.943929	7.252612	11.973604	1.876860	-3.646737	24.929225	-3.509800	6.683880	0.045780	0.782286	0.416747	0.417663	-1.000000	-1.000000	-1.000000	-1.000000	-1.000000	-1.000000	-1.000000	73.241379	0.000000	-1.000000	-1.000000	1912830.000000	1773868069.498032
-6594.480000	1177.335000	12436.290000	14766.480000	-16685.910000	-19435.365000	8657.010000	15610.770000	21.386582	33.480568	33.795162	32.671961	31.526029	24.012624	10.617044	13.799768	-4.455920	7.446880	0.045780	0.782896	0.414184	0.419860	-1.000000	-1.000000	-1.000000	-1.000000	-1.000000	-1.000000	-1.000000	73.241379	0.000000	-1.000000	-1.000000	1912831.000000	1773868069.501888
-6573.150000	1206.360000	12460.095000	14786.460000	-16649.730000	-19386.270000	8665.560000	15598.305000	16.489757	32.994147	39.051307	40.407559	33.895641	33.929200	20.092527	-1.546015	-4.455920	7.446880	0.045780	0.782896	0.414184	0.419860	-1.000000	-1.000000	-1.000000	-1.000000	-1.000000	-1.000000	-1.000000	73.241379	0.000000	-1.000000	-1.000000	1912832.000000	1773868069.501901
-6550.020000	1242.900000	12504.870000	14834.430000	-16595.145000	-19342.350000	8679.285000	15599.565000	10.147723	19.806436	27.811717	30.262635	21.879669	29.330640	21.572383	-14.035012	-4.455920	7.446880	0.045780	0.782896	0.414184	0.419860	-1.000000	-1.000000	-1.000000	-1.000000	-1.000000	-1.000000	-1.000000	73.241379	0.000000	-1.000000	-1.000000	1912833.000000	1773868069.507865
-6562.710000	1224.000000	12483.765000	14810.085000	-16627.140000	-19372.365000	8664.975000	15593.400000	7.411960	8.248064	13.273277	14.772536	9.044601	18.641300	17.651208	-19.792304	-4.455920	7.446880	0.045780	0.782896	0.414184	0.419860	-1.000000	-1.000000	-1.000000	-1.000000	-1.000000	-1.000000	-1.000000	73.241379	0.000000	-1.000000	-1.000000	1912834.000000	1773868069.507877
-6583.635000	1191.780000	12443.670000	14773.635000	-16653.645000	-19401.255000	8639.685000	15573.735000	5.798358	3.836055	3.544955	3.282477	2.729262	8.203101	10.846770	-19.107882	-4.455920	7.446880	0.045780	0.782896	0.414184	0.419860	-1.000000	-1.000000	-1.000000	-1.000000	-1.000000	-1.000000	-1.000000	73.241379	0.000000	-1.000000	-1.000000	1912835.000000	1773868069.510849
-6596.190000	1207.710000	12457.260000	14786.280000	-16648.830000	-19401.615000	8655.615000	15569.190000	0.277452	1.856224	-3.124191	-4.727070	-0.904039	-2.317180	0.723049	-15.465892	-4.455920	7.446880	0.045780	0.782896	0.414184	0.419860	-1.000000	-1.000000	-1.000000	-1.000000	-1.000000	-1.000000	-1.000000	73.241379	0.000000	-1.000000	-1.000000	1912836.000000	1773868069.510859
-6600.330000	1240.875000	12473.190000	14793.660000	-16640.775000	-19391.265000	8661.960000	15564.195000	-9.420549	-2.285005	-9.662872	-11.783901	-5.930901	-12.739712	-10.981150	-11.194506	-4.455920	7.446880	0.045780	0.782896	0.414184	0.419860	-1.000000	-1.000000	-1.000000	-1.000000	-1.000000	-1.000000	-1.000000	73.241379	0.000000	-1.000000	-1.000000	1912837.000000	1773868069.513908
-6588.315000	1227.465000	12483.540000	14809.320000	-16621.245000	-19382.040000	8657.010000	15546.735000	-17.730500	-8.293797	-15.041720	-16.882492	-10.936358	-19.550621	-18.955264	-5.334182	-4.455920	7.446880	0.045780	0.782896	0.414184	0.419860	-1.000000	-1.000000	-1.000000	-1.000000	-1.000000	-1.000000	-1.000000	73.241379	0.000000	-1.000000	-1.000000	1912838.000000	1773868069.513920
-6589.755000	1212.885000	12492.405000	14824.485000	-16609.680000	-19359.675000	8679.150000	15534.270000	-18.411287	-13.957728	-16.949755	-17.752935	-13.118866	-19.686700	-19.710373	3.421573	-4.455920	7.446880	0.045780	0.782896	0.414184	0.419860	-1.000000	-1.000000	-1.000000	-1.000000	-1.000000	-1.000000	-1.000000	73.241379	0.000000	-1.000000	-1.000000	1912839.000000	1773868069.517888
-6572.745000	1240.020000	12504.015000	14830.830000	-16602.885000	-19351.530000	8703.495000	15587.685000	-9.865328	-16.791531	-14.577199	-14.040881	-12.112776	-13.594509	-14.040837	13.900177	-4.455920	7.446880	0.045780	0.782896	0.414184	0.419860	-1.000000	-1.000000	-1.000000	-1.000000	-1.000000	-1.000000	-1.000000	73.241379	0.000000	-1.000000	-1.000000	1912840.000000	1773868069.517899
-6567.120000	1221.705000	12472.920000	14790.645000	-16651.665000	-19406.430000	8671.590000	15609.420000	3.548344	-14.749476	-9.547695	-8.477866	-10.470545	-6.363038	-5.341063	23.373489	-3.189340	6.897520	1.373400	0.784605	0.411620	0.419494	-1.000000	-1.000000	-1.000000	-1.000000	-1.000000	-1.000000	-1.000000	73.241379	0.000000	-1.000000	-1.000000	1912841.000000	1773868069.521957
-6563.295000	1208.835000	12459.870000	14785.200000	-16650.495000	-19395.495000	8642.880000	15601.320000	14.413268	-8.684225	-5.045963	-4.723440	-10.661741	-3.498240	2.016830	28.076311	-3.189340	6.897520	1.373400	0.784605	0.411620	0.419494	-1.000000	-1.000000	-1.000000	-1.000000	-1.000000	-1.000000	-1.000000	73.241379	0.000000	-1.000000	-1.000000	1912842.000000	1773868069.521967
-6580.080000	1180.125000	12429.180000	14754.555000	-16672.680000	-19413.540000	8639.010000	15584.085000	17.337723	-1.374852	-2.109375	-2.768049	-10.400795	-3.556042	5.470340	23.579239	-3.189340	6.897520	1.373400	0.784605	0.411620	0.419494	-1.000000	-1.000000	-1.000000	-1.000000	-1.000000	-1.000000	-1.000000	73.241379	0.000000	-1.000000	-1.000000	1912843.000000	1773868069.525862
-6614.505000	1168.155000	12426.075000	14748.030000	-16701.075000	-19459.395000	8648.280000	15580.260000	11.575342	5.113858	1.178277	0.380003	-5.602497	-1.428105	6.095355	9.030445	-3.189340	6.897520	1.373400	0.784605	0.411620	0.419494	-1.000000	-1.000000	-1.000000	-1.000000	-1.000000	-1.000000	-1.000000	73.241379	0.000000	-1.000000	-1.000000	1912844.000000	1773868069.525873
-6605.505000	1207.935000	12477.780000	14811.390000	-16627.275000	-19401.075000	8649.045000	15565.860000	0.492544	9.438628	6.270914	6.241440	3.954251	4.056519	5.921928	-10.148921	-3.189340	6.897520	1.373400	0.784605	0.411620	0.419494	-1.000000	-1.000000	-1.000000	-1.000000	-1.000000	-1.000000	-1.000000	73.241379	0.000000	-1.000000	-1.000000	1912845.000000	1773868069.530050
-6547.815000	1277.910000	12537.135000	14867.190000	-16562.385000	-19308.870000	8669.070000	15517.170000	-9.036210	11.817864	12.985033	14.389258	16.351500	12.360458	5.735417	-25.906883	-3.189340	6.897520	1.373400	0.784605	0.411620	0.419494	-1.000000	-1.000000	-1.000000	-1.000000	-1.000000	-1.000000	-1.000000	73.241379	0.000000	-1.000000	-1.000000	1912846.000000	1773868069.530060
-6521.400000	1329.615000	12578.850000	14900.310000	-16524.180000	-19274.130000	8676.450000	15443.370000	-10.179639	14.599904	19.661487	22.253561	28.040046	22.544704	5.707673	-32.959603	-3.189340	6.897520	1.373400	0.784605	0.411620	0.419494	-1.000000	-1.000000	-1.000000	-1.000000	-1.000000	-1.000000	-1.000000	73.241379	0.000000	-1.000000	-1.000000	1912847.000000	1773868069.533822
-6602.220000	1222.605000	12481.695000	14811.975000	-16602.480000	-19356.975000	8660.430000	15515.460000	-3.711054	16.628353	21.032984	23.196879	31.115837	27.731397	4.623655	-29.532523	-3.189340	6.897520	1.373400	0.784605	0.411620	0.419494	-1.000000	-1.000000	-1.000000	-1.000000	-1.000000	-1.000000	-1.000000	73.241379	0.000000	-1.000000	-1.000000	1912848.000000	1773868069.533832
-6615.540000	1160.055000	12405.330000	14724.270000	-16680.960000	-19420.920000	8633.880000	15662.205000	1.368007	9.940345	9.757238	9.936659	17.474217	17.737428	0.284153	-13.973067	-3.189340	6.897520	1.373400	0.784605	0.411620	0.419494	-1.000000	-1.000000	-1.000000	-1.000000	-1.000000	-1.000000	-1.000000	73.241379	0.000000	-1.000000	-1.000000	1912849.000000	1773868069.537935
-6567.435000	1221.885000	12471.885000	14791.140000	-16608.645000	-19372.995000	8636.265000	15637.320000	-0.429396	-7.719696	-12.235016	-14.212164	-9.308762	-6.498185	-6.087346	11.923107	-3.189340	6.897520	1.373400	0.784605	0.411620	0.419494	-1.000000	-1.000000	-1.000000	-1.000000	-1.000000	-1.000000	-1.000000	73.241379	0.000000	-1.000000	-1.000000	1912850.000000	1773868069.537945
-6563.745000	1196.010000	12451.005000	14777.910000	-16645.365000	-19419.300000	8625.060000	15576.750000	-4.296677	-24.014011	-29.399752	-32.453330	-31.870525	-29.434471	-9.271968	35.164328	-0.091560	5.981920	-0.274680	0.785948	0.407775	0.419982	-1.000000	-1.000000	-1.000000	-1.000000	-1.000000	-1.000000	-1.000000	73.241379	0.000000	-1.000000	-1.000000	1912851.000000	1773868069.541908
-6550.740000	1210.500000	12455.550000	14769.315000	-16696.215000	-19426.365000	8636.580000	15567.615000	-3.335015	-25.666940	-28.318475	-30.939024	-36.340031	-36.588758	-6.111594	39.413190	-0.091560	5.981920	-0.274680	0.785948	0.407775	0.419982	-1.000000	-1.000000	-1.000000	-1.000000	-1.000000	-1.000000	-1.000000	73.241379	0.000000	-1.000000	-1.000000	1912852.000000	1773868069.541919
-6563.205000	1219.095000	12487.005000	14823.180000	-16612.065000	-19369.215000	8653.725000	15539.895000	3.131360	-12.198424	-10.755340	-11.833788	-23.301494	-24.951267	1.232307	21.639000	-0.091560	5.981920	-0.274680	0.785948	0.407775	0.419982	-1.000000	-1.000000	-1.000000	-1.000000	-1.000000	-1.000000	-1.000000	73.241379	0.000000	-1.000000	-1.000000	1912853.000000	1773868069.545867
-6572.610000	1266.525000	12511.665000	14819.175000	-16626.195000	-19351.575000	8676.855000	15598.845000	9.420979	6.185885	10.600696	11.294852	-2.062934	-1.911711	8.275898	-5.176795	-0.091560	5.981920	-0.274680	0.785948	0.407775	0.419982	-1.000000	-1.000000	-1.000000	-1.000000	-1.000000	-1.000000	-1.000000	73.241379	0.000000	-1.000000	-1.000000	1912854.000000	1773868069.545877
-6654.015000	1191.195000	12447.720000	14764.230000	-16674.930000	-19399.230000	8684.910000	15632.460000	7.551342	16.599713	21.494867	23.049679	14.139938	17.425427	11.493261	-21.942217	-0.091560	5.981920	-0.274680	0.785948	0.407775	0.419982	-1.000000	-1.000000	-1.000000	-1.000000	-1.000000	-1.000000	-1.000000	73.241379	0.000000	-1.000000	-1.000000	1912855.000000	1773868069.549973
-6668.640000	1131.840000	12410.550000	14754.195000	-16656.570000	-19422.675000	8659.665000	15568.020000	-4.896645	11.454110	14.776827	16.348462	15.984373	20.412343	8.958173	-19.281827	-0.091560	5.981920	-0.274680	0.785948	0.407775	0.419982	-1.000000	-1.000000	-1.000000	-1.000000	-1.000000	-1.000000	-1.000000	73.241379	0.000000	-1.000000	-1.000000	1912856.000000	1773868069.549983
-6592.455000	1137.375000	12418.695000	14761.035000	-16672.320000	-19422.540000	8647.650000	15571.530000	-17.622276	-3.684015	-2.116940	0.064325	8.232255	9.591222	1.060429	-7.610795	-0.091560	5.981920	-0.274680	0.785948	0.407775	0.419982	-1.000000	-1.000000	-1.000000	-1.000000	-1.000000	-1.000000	-1.000000	73.241379	0.000000	-1.000000	-1.000000	1912857.000000	1773868069.553968
-6572.610000	1180.215000	12456.720000	14794.695000	-16636.545000	-19377.855000	8662.860000	15572.430000	-16.119517	-13.173137	-12.465058	-9.014536	3.254800	-0.774800	-7.843856	-3.948748	-0.091560	5.981920	-0.274680	0.785948	0.407775	0.419982	-1.000000	-1.000000	-1.000000	-1.000000	-1.000000	-1.000000	-1.000000	73.241379	0.000000	-1.000000	-1.000000	1912858.000000	1773868069.553978
-6592.545000	1172.070000	12453.345000	14793.255000	-16631.595000	-19374.435000	8670.195000	15578.370000	-0.101943	-7.980614	-7.867616	-4.209811	5.938830	-0.956292	-11.526567	-10.488772	-0.091560	5.981920	-0.274680	0.785948	0.407775	0.419982	-1.000000	-1.000000	-1.000000	-1.000000	-1.000000	-1.000000	-1.000000	73.241379	0.000000	-1.000000	-1.000000	1912859.000000	1773868069.566163
-6594.165000	1185.840000	12444.210000	14773.950000	-16656.975000	-19403.235000	8654.400000	15592.410000	16.466613	6.607428	5.267881	6.846628	11.605724	6.457293	-7.906016	-14.692485	-0.091560	5.981920	-0.274680	0.785948	0.407775	0.419982	-1.000000	-1.000000	-1.000000	-1.000000	-1.000000	-1.000000	-1.000000	73.241379	0.000000	-1.000000	-1.000000	1912860.000000	1773868069.566174
-6569.865000	1201.590000	12446.505000	14771.835000	-16651.710000	-19399.185000	8649.045000	15564.285000	22.339441	19.694138	15.495977	13.205381	13.730001	12.492873	-1.244229	-7.326763	0.671440	5.966660	-7.034860	0.789060	0.409362	0.413512	-1.000000	-1.000000	-1.000000	-1.000000	-1.000000	-1.000000	-1.000000	73.241379	0.000000	-1.000000	-1.000000	1912861.000000	1773868069.566186
-6556.455000	1245.915000	12487.050000	14797.620000	-16612.065000	-19374.795000	8653.860000	15510.825000	17.341116	23.498960	15.823444	9.533600	8.704923	10.300632	2.621931	6.703443	0.671440	5.966660	-7.034860	0.789060	0.409362	0.413512	-1.000000	-1.000000	-1.000000	-1.000000	-1.000000	-1.000000	-1.000000	73.241379	0.000000	-1.000000	-1.000000	1912862.000000	1773868069.566192
-6548.310000	1255.995000	12495.780000	14801.220000	-16620.615000	-19376.820000	8663.805000	15550.830000	7.488308	16.300561	7.078620	-1.344389	-2.065730	-0.185646	1.764239	15.866843	0.671440	5.966660	-7.034860	0.789060	0.409362	0.413512	-1.000000	-1.000000	-1.000000	-1.000000	-1.000000	-1.000000	-1.000000	73.241379	0.000000	-1.000000	-1.000000	1912863.000000	1773868069.566198
-6550.065000	1213.605000	12471.300000	14799.510000	-16651.440000	-19398.555000	8671.140000	15619.095000	-1.110359	2.441200	-4.101381	-11.192698	-13.135936	-12.597317	-1.215679	16.893267	0.671440	5.966660	-7.034860	0.789060	0.409362	0.413512	-1.000000	-1.000000	-1.000000	-1.000000	-1.000000	-1.000000	-1.000000	73.241379	0.000000	-1.000000	-1.000000	1912864.000000	1773868069.566203
-6545.340000	1261.485000	12522.555000	14852.655000	-16598.970000	-19327.320000	8688.645000	15583.680000	-5.600035	-9.970749	-10.295970	-12.754182	-18.836320	-18.142209	-2.027727	15.293203	0.671440	5.966660	-7.034860	0.789060	0.409362	0.413512	-1.000000	-1.000000	-1.000000	-1.000000	-1.000000	-1.000000	-1.000000	73.241379	0.000000	-1.000000	-1.000000	1912865.000000	1773868069.570049
-6620.715000	1214.325000	12491.145000	14832.315000	-16600.365000	-19356.480000	8661.510000	15542.820000	-8.953247	-14.900744	-8.368925	-4.950158	-15.421926	-12.078520	1.132631	11.770898	0.671440	5.966660	-7.034860	0.789060	0.409362	0.413512	-1.000000	-1.000000	-1.000000	-1.000000	-1.000000	-1.000000	-1.000000	73.241379	0.000000	-1.000000	-1.000000	1912866.000000	1773868069.570060
-6624.945000	1177.155000	12447.000000	14780.655000	-16653.015000	-19392.705000	8616.735000	15543.810000	-16.028999	-14.783973	-3.547745	4.507239	-5.647971	-0.369186	4.621057	2.024088	0.671440	5.966660	-7.034860	0.789060	0.409362	0.413512	-1.000000	-1.000000	-1.000000	-1.000000	-1.000000	-1.000000	-1.000000	73.241379	0.000000	-1.000000	-1.000000	1912867.000000	1773868069.574032
-6600.870000	1184.355000	12456.315000	14794.785000	-16641.225000	-19388.205000	8604.540000	15556.815000	-23.781849	-15.338348	-3.454507	6.033140	2.053362	6.181006	3.317271	-11.129527	0.671440	5.966660	-7.034860	0.789060	0.409362	0.413512	-1.000000	-1.000000	-1.000000	-1.000000	-1.000000	-1.000000	-1.000000	73.241379	0.000000	-1.000000	-1.000000	1912868.000000	1773868069.574042
-6601.770000	1180.440000	12459.600000	14800.095000	-16623.540000	-19375.155000	8657.280000	15637.140000	-22.927384	-15.932882	-7.369571	-0.035838	4.684652	5.354719	-1.550833	-17.660745	0.671440	5.966660	-7.034860	0.789060	0.409362	0.413512	-1.000000	-1.000000	-1.000000	-1.000000	-1.000000	-1.000000	-1.000000	73.241379	0.000000	-1.000000	-1.000000	1912869.000000	1773868069.578040
-6600.240000	1202.445000	12468.735000	14797.755000	-16640.280000	-19421.595000	8702.505000	15607.755000	-10.520078	-12.627407	-9.320491	-6.332748	5.016428	1.507078	-2.951691	-10.939630	0.671440	5.966660	-7.034860	0.789060	0.409362	0.413512	-1.000000	-1.000000	-1.000000	-1.000000	-1.000000	-1.000000	-1.000000	73.241379	0.000000	-1.000000	-1.000000	1912870.000000	1773868069.578049
-6605.415000	1225.710000	12474.270000	14791.275000	-16661.835000	-19407.555000	8675.055000	15498.630000	6.725823	-4.840847	-7.141548	-8.926892	3.035879	-3.458747	2.017092	2.872322	-2.197440	5.783540	-3.113040	0.788572	0.410216	0.416503	-1.000000	-1.000000	-1.000000	-1.000000	-1.000000	-1.000000	-1.000000	73.241379	0.000000	-1.000000	-1.000000	1912871.000000	1773868069.584799
-6594.345000	1186.695000	12441.195000	14777.595000	-16638.390000	-19373.670000	8638.560000	15548.175000	20.169122	4.827767	-2.617269	-7.970217	-1.253705	-7.228047	7.118719	9.150305	-2.197440	5.783540	-3.113040	0.788572	0.410216	0.416503	-1.000000	-1.000000	-1.000000	-1.000000	-1.000000	-1.000000	-1.000000	73.241379	0.000000	-1.000000	-1.000000	1912872.000000	1773868069.584810
-6519.915000	1186.920000	12437.685000	14771.385000	-16658.235000	-19410.570000	8662.095000	15692.130000	26.357143	13.089724	2.166287	-4.490686	-3.862778	-5.704153	5.364762	4.531218	-2.197440	5.783540	-3.113040	0.788572	0.410216	0.416503	-1.000000	-1.000000	-1.000000	-1.000000	-1.000000	-1.000000	-1.000000	73.241379	0.000000	-1.000000	-1.000000	1912873.000000	1773868069.587469
-6519.915000	1205.460000	12453.165000	14780.610000	-16647.615000	-19392.840000	8655.345000	15643.710000	26.743974	17.661519	6.113146	0.047708	-2.537270	0.158837	-1.850197	0.319066	-2.197440	5.783540	-3.113040	0.788572	0.410216	0.416503	-1.000000	-1.000000	-1.000000	-1.000000	-1.000000	-1.000000	-1.000000	73.241379	0.000000	-1.000000	-1.000000	1912874.000000	1773868069.587479
-6522.660000	1226.295000	12472.200000	14798.655000	-16626.330000	-19379.655000	8630.055000	15599.655000	22.384738	18.457790	9.551766	5.020531	1.436734	6.119922	-7.917656	1.989081	-2.197440	5.783540	-3.113040	0.788572	0.410216	0.416503	-1.000000	-1.000000	-1.000000	-1.000000	-1.000000	-1.000000	-1.000000	73.241379	0.000000	-1.000000	-1.000000	1912875.000000	1773868069.592101
-6540.930000	1242.945000	12491.730000	14810.310000	-16633.350000	-19381.725000	8633.430000	15579.045000	12.243000	16.922662	13.393554	10.902533	6.713955	10.534663	-8.410985	2.966611	-2.197440	5.783540	-3.113040	0.788572	0.410216	0.416503	-1.000000	-1.000000	-1.000000	-1.000000	-1.000000	-1.000000	-1.000000	73.241379	0.000000	-1.000000	-1.000000	1912876.000000	1773868069.592112
-6613.245000	1186.695000	12458.385000	14791.275000	-16641.855000	-19381.005000	8649.270000	15564.060000	-4.466813	12.482244	15.883050	15.884201	10.987992	12.525308	-3.346708	-2.513559	-2.197440	5.783540	-3.113040	0.788572	0.410216	0.416503	-1.000000	-1.000000	-1.000000	-1.000000	-1.000000	-1.000000	-1.000000	73.241379	0.000000	-1.000000	-1.000000	1912877.000000	1773868069.595598
-6610.995000	1163.745000	12430.980000	14769.405000	-16650.540000	-19393.695000	8656.560000	15574.815000	-24.712835	2.030750	12.097298	15.092679	10.463920	10.344772	3.159698	-12.448746	-2.197440	5.783540	-3.113040	0.788572	0.410216	0.416503	-1.000000	-1.000000	-1.000000	-1.000000	-1.000000	-1.000000	-1.000000	73.241379	0.000000	-1.000000	-1.000000	1912878.000000	1773868069.595611
-6572.925000	1197.405000	12449.295000	14774.805000	-16657.380000	-19409.625000	8667.720000	15603.120000	-38.836352	-13.641113	0.095106	6.106845	3.803998	3.614171	5.984792	-17.804676	-2.197440	5.783540	-3.113040	0.788572	0.410216	0.416503	-1.000000	-1.000000	-1.000000	-1.000000	-1.000000	-1.000000	-1.000000	73.241379	0.000000	-1.000000	-1.000000	1912879.000000	1773868069.599315
-6577.245000	1218.690000	12475.890000	14804.010000	-16627.185000	-19375.020000	8657.370000	15573.870000	-36.518790	-26.078193	-13.770546	-6.230314	-5.078975	-5.205240	4.237061	-10.380555	-2.197440	5.783540	-3.113040	0.788572	0.410216	0.416503	-1.000000	-1.000000	-1.000000	-1.000000	-1.000000	-1.000000	-1.000000	73.241379	0.000000	-1.000000	-1.000000	1912880.000000	1773868069.599325
-6553.755000	1244.610000	12499.335000	14828.355000	-16600.770000	-19355.670000	8655.975000	15571.755000	-17.791970	-25.368269	-19.130099	-13.126555	-9.693186	-11.314404	1.076836	4.703617	4.059160	7.263760	-0.503580	0.784300	0.413756	0.422057	-1.000000	-1.000000	-1.000000	-1.000000	-1.000000	-1.000000	-1.000000	73.241379	0.000000	-1.000000	-1.000000	1912881.000000	1773868069.601984
-6545.295000	1240.335000	12497.220000	14826.870000	-16597.080000	-19357.290000	8655.030000	15590.385000	6.219983	-10.311925	-12.100292	-10.562061	-7.061181	-10.983972	-1.152715	13.242223	4.059160	7.263760	-0.503580	0.784300	0.413756	0.422057	-1.000000	-1.000000	-1.000000	-1.000000	-1.000000	-1.000000	-1.000000	73.241379	0.000000	-1.000000	-1.000000	1912882.000000	1773868069.601995
-6568.920000	1204.380000	12472.515000	14804.190000	-16627.635000	-19374.165000	8655.705000	15584.850000	23.037643	8.465916	0.325946	-3.106597	-0.970947	-5.735984	-1.989649	10.561618	4.059160	7.263760	-0.503580	0.784300	0.413756	0.422057	-1.000000	-1.000000	-1.000000	-1.000000	-1.000000	-1.000000	-1.000000	73.241379	0.000000	-1.000000	-1.000000	1912883.000000	1773868069.607225
-6613.785000	1192.545000	12470.310000	14806.845000	-16621.065000	-19367.910000	8649.495000	15526.755000	26.367962	17.653007	7.747898	1.747085	2.121999	-0.593007	-0.998967	3.847186	4.059160	7.263760	-0.503580	0.784300	0.413756	0.422057	-1.000000	-1.000000	-1.000000	-1.000000	-1.000000	-1.000000	-1.000000	73.241379	0.000000	-1.000000	-1.000000	1912884.000000	1773868069.607235
-6589.980000	1228.410000	12498.570000	14831.100000	-16589.880000	-19347.480000	8635.860000	15506.685000	18.054191	13.738025	6.653921	1.511126	0.804927	1.949551	1.162963	-1.060698	4.059160	7.263760	-0.503580	0.784300	0.413756	0.422057	-1.000000	-1.000000	-1.000000	-1.000000	-1.000000	-1.000000	-1.000000	73.241379	0.000000	-1.000000	-1.000000	1912885.000000	1773868069.609998
-6522.390000	1260.405000	12510.630000	14837.895000	-16578.990000	-19343.430000	8637.075000	15546.060000	7.615591	5.163827	2.138651	-0.305138	-0.740114	3.076675	1.746355	-3.184198	4.059160	7.263760	-0.503580	0.784300	0.413756	0.422057	-1.000000	-1.000000	-1.000000	-1.000000	-1.000000	-1.000000	-1.000000	73.241379	0.000000	-1.000000	-1.000000	1912886.000000	1773868069.610008
-6521.355000	1268.685000	12514.950000	14841.540000	-16592.625000	-19339.785000	8663.580000	15583.590000	4.015303	1.294882	0.257983	0.017843	0.202466	4.201880	-0.720885	-1.451179	4.059160	7.263760	-0.503580	0.784300	0.413756	0.422057	-1.000000	-1.000000	-1.000000	-1.000000	-1.000000	-1.000000	-1.000000	73.241379	0.000000	-1.000000	-1.000000	1912887.000000	1773868069.614028
-6536.655000	1242.045000	12499.425000	14824.305000	-16616.520000	-19363.050000	8680.410000	15629.760000	5.392238	1.605246	0.903851	1.766353	1.480986	4.622431	-3.588471	5.326002	4.059160	7.263760	-0.503580	0.784300	0.413756	0.422057	-1.000000	-1.000000	-1.000000	-1.000000	-1.000000	-1.000000	-1.000000	73.241379	0.000000	-1.000000	-1.000000	1912888.000000	1773868069.614038
-6550.245000	1242.135000	12514.455000	14835.420000	-16610.895000	-19334.655000	8687.655000	15586.290000	3.399114	-0.373874	0.204312	1.552586	-0.329583	2.285460	-2.966839	13.929823	4.059160	7.263760	-0.503580	0.784300	0.413756	0.422057	-1.000000	-1.000000	-1.000000	-1.000000	-1.000000	-1.000000	-1.000000	73.241379	0.000000	-1.000000	-1.000000	1912889.000000	1773868069.618010
-6588.990000	1211.445000	12473.190000	14790.555000	-16664.895000	-19353.735000	8668.530000	15547.185000	-6.061654	-6.814877	-3.419892	-2.295229	-5.899570	-2.763855	1.100779	15.250502	4.059160	7.263760	-0.503580	0.784300	0.413756	0.422057	-1.000000	-1.000000	-1.000000	-1.000000	-1.000000	-1.000000	-1.000000	73.241379	0.000000	-1.000000	-1.000000	1912890.000000	1773868069.618020
-6597.855000	1230.435000	12461.130000	14772.960000	-16690.500000	-19401.030000	8652.105000	15495.480000	-19.565621	-13.601533	-8.423355	-8.284866	-12.656180	-8.125050	4.291453	2.749146	-2.060100	6.561800	0.305200	0.786436	0.416137	0.422606	-1.000000	-1.000000	-1.000000	-1.000000	-1.000000	-1.000000	-1.000000	73.241379	0.000000	-1.000000	-1.000000	1912891.000000	1773868069.626431
-6577.335000	1294.785000	12539.025000	14852.430000	-16569.900000	-19339.965000	8671.410000	15520.455000	-27.603714	-13.565076	-10.300564	-11.241923	-14.164962	-10.775173	3.665677	-17.004043	-2.060100	6.561800	0.305200	0.786436	0.416137	0.422606	-1.000000	-1.000000	-1.000000	-1.000000	-1.000000	-1.000000	-1.000000	73.241379	0.000000	-1.000000	-1.000000	1912892.000000	1773868069.626440
-6591.015000	1264.500000	12542.445000	14865.300000	-16549.110000	-19327.995000	8672.940000	15564.105000	-21.738828	-3.412568	-4.206658	-5.327756	-3.540849	-7.249223	1.093274	-27.458723	-2.060100	6.561800	0.305200	0.786436	0.416137	0.422606	-1.000000	-1.000000	-1.000000	-1.000000	-1.000000	-1.000000	-1.000000	73.241379	0.000000	-1.000000	-1.000000	1912893.000000	1773868069.626451
-6595.335000	1131.300000	12405.960000	14742.585000	-16665.750000	-19451.790000	8659.170000	15693.930000	-4.291437	8.100624	5.658890	6.033064	14.106758	0.502718	-0.656905	-16.852619	-2.060100	6.561800	0.305200	0.786436	0.416137	0.422606	-1.000000	-1.000000	-1.000000	-1.000000	-1.000000	-1.000000	-1.000000	73.241379	0.000000	-1.000000	-1.000000	1912894.000000	1773868069.626456
-6605.550000	1114.830000	12396.600000	14740.740000	-16670.070000	-19479.015000	8651.520000	15633.630000	12.842693	7.381830	7.531703	10.821436	22.380603	3.497142	-1.921580	9.122219	-2.060100	6.561800	0.305200	0.786436	0.416137	0.422606	-1.000000	-1.000000	-1.000000	-1.000000	-1.000000	-1.000000	-1.000000	73.241379	0.000000	-1.000000	-1.000000	1912895.000000	1773868069.630010
-6590.745000	1184.760000	12448.395000	14788.080000	-16608.870000	-19391.400000	8640.810000	15595.020000	19.917593	-4.993072	-0.712372	5.231428	15.024837	-0.365781	-4.453479	28.882485	-2.060100	6.561800	0.305200	0.786436	0.416137	0.422606	-1.000000	-1.000000	-1.000000	-1.000000	-1.000000	-1.000000	-1.000000	73.241379	0.000000	-1.000000	-1.000000	1912896.000000	1773868069.630020
-6554.205000	1215.990000	12469.320000	14801.310000	-16638.435000	-19383.165000	8671.545000	15586.110000	17.439206	-13.120488	-7.693375	-1.613777	2.192030	-1.724111	-7.459538	25.122909	-2.060100	6.561800	0.305200	0.786436	0.416137	0.422606	-1.000000	-1.000000	-1.000000	-1.000000	-1.000000	-1.000000	-1.000000	73.241379	0.000000	-1.000000	-1.000000	1912897.000000	1773868069.634036
-6518.925000	1253.925000	12501.360000	14821.830000	-16604.280000	-19335.915000	8677.395000	15623.910000	12.635036	-5.237418	-3.955870	-1.404427	-5.629334	5.366808	-7.197227	2.742652	-2.060100	6.561800	0.305200	0.786436	0.416137	0.422606	-1.000000	-1.000000	-1.000000	-1.000000	-1.000000	-1.000000	-1.000000	73.241379	0.000000	-1.000000	-1.000000	1912898.000000	1773868069.634047
-6565.725000	1180.170000	12432.960000	14758.695000	-16654.365000	-19381.680000	8629.605000	15599.295000	9.806133	13.320364	7.980502	4.757260	-5.951008	16.093920	-2.133387	-18.634179	-2.060100	6.561800	0.305200	0.786436	0.416137	0.422606	-1.000000	-1.000000	-1.000000	-1.000000	-1.000000	-1.000000	-1.000000	73.241379	0.000000	-1.000000	-1.000000	1912899.000000	1773868069.643615
-6539.715000	1235.745000	12477.780000	14792.085000	-16663.815000	-19398.915000	8622.900000	15582.960000	6.909851	26.765838	17.759348	9.800570	-2.655808	21.165093	3.984021	-25.116992	-2.060100	6.561800	0.305200	0.786436	0.416137	0.422606	-1.000000	-1.000000	-1.000000	-1.000000	-1.000000	-1.000000	-1.000000	73.241379	0.000000	-1.000000	-1.000000	1912900.000000	1773868069.643627
-6577.155000	1158.840000	12442.455000	14792.760000	-16630.605000	-19388.025000	8663.265000	15564.960000	1.010273	24.017999	16.898268	8.061928	-2.310538	14.417361	7.253708	-17.445411	1.678600	5.859840	-2.243220	0.786985	0.415954	0.421813	-1.000000	-1.000000	-1.000000	-1.000000	-1.000000	-1.000000	-1.000000	73.241379	0.000000	-1.000000	-1.000000	1912901.000000	1773868069.643639
-6580.215000	1167.525000	12432.330000	14764.410000	-16636.185000	-19424.115000	8668.350000	15579.945000	-7.524702	6.964543	5.440687	0.100745	-6.059932	-1.572350	8.116653	-5.493854	1.678600	5.859840	-2.243220	0.786985	0.415954	0.421813	-1.000000	-1.000000	-1.000000	-1.000000	-1.000000	-1.000000	-1.000000	73.241379	0.000000	-1.000000	-1.000000	1912902.000000	1773868069.643645
